0.0048963
0.00431942
0.0036299
0.00305793
0.00252379
0.00206752
0.00171582
0.0014495
9.67334e-05
0.000163774
0.000245866
0.000174837
0.000261095
0.00022781
0.000211265
0.000193189
0.00015185
0.00010385
6.41465e-05
3.25845e-05
5.08435e-08
2.60524e-05
9.91973e-05
0.000236688
0.000389341
0.000418089
0.000722676
0.000982856
0.00109254
0.000941674
0.000791022
0.000486685
0.000429853
0.000170149
0.00012068
6.72893e-05
2.12442e-05
3.05198e-05
1.00477e-05
6.17994e-06
2.83755e-06
4.04787e-07
8.7011e-06
6.14923e-09
6.08176e-07
1.46213e-06
1.05527e-09
3.88605e-07
3.36114e-07
3.92492e-07
6.64977e-06
8.02971e-08
6.31909e-07
3.3223e-06
6.97904e-06
1.36061e-05
1.49691e-05
4.97053e-05
3.87386e-05
4.87443e-05
0.000100337
6.29346e-05
5.02935e-05
0.000171846
0.000286581
4.66626e-05
0.000176351
0.000349114
0.000155652
0.000267262
0.000367832
0.000855416
0.000540229
0.000786884
0.000971652
0.000914583
0.000908817
0.000632896
0.000510829
0.00127918
0.00146025
0.000614465
0.000525739
0.000858371
0.000794978
0.000743838
0.000741028
0.000710386
0.0006433
0.00080959
0.000698422
0.000676924
0.000630587
0.000624385
0.000645911
0.000511162
0.000674152
0.00061622
0.000583695
0.000510377
0.000553385
0.000460757
0.000463961
0.000543367
0.000463313
0.000355204
0.000358708
0.000311883
0.000321131
0.000327573
0.000257078
0.000306288
0.000239601
0.000207768
0.000163404
0.000163249
0.000134538
0.000115343
7.60408e-05
7.9047e-05
6.52366e-05
2.89473e-05
4.23227e-05
2.221e-05
2.32984e-05
1.06235e-05
5.64385e-06
5.34985e-06
8.2381e-07
3.19227e-07
8.20946e-08
3.63777e-07
1.88651e-06
3.46825e-06
2.41842e-06
5.10918e-06
2.81294e-06
1.41804e-06
1.0615e-06
3.37037e-06
2.51241e-06
2.61954e-06
2.55917e-06
1.76958e-06
7.25746e-07
3.964e-06
1.53351e-06
2.03879e-06
4.68094e-06
5.78192e-06
2.52609e-06
3.41916e-06
4.76347e-06
3.69646e-06
7.13802e-06
7.39551e-06
1.63581e-06
1.07153e-05
3.98489e-06
8.44539e-07
9.02619e-06
9.61683e-05
9.77974e-05
0.000101779
0.000103644
0.000139082
6.57548e-05
0.000449373
0.0017034
0.00322005
0.000346838
0.00229734
7.05488e-05
0.000255657
0.000306733
9.34642e-05
7.91273e-05
0.000227635
0.000198353
9.38739e-05
4.68567e-06
2.75783e-05
8.79545e-05
0.000363038
0.000732751
0.00089643
0.00144118
0.00185204
0.00223734
0.00219552
0.00197496
0.00187956
0.00157942
0.00166774
0.0013151
0.000888759
0.000611581
0.000438289
0.000476064
0.000633368
0.000801504
0.000283986
3.71863e-06
1.65754e-06
7.90436e-06
6.02221e-07
2.61694e-05
2.78087e-05
2.95342e-05
6.44365e-05
8.95648e-06
1.57381e-05
1.80886e-05
9.3967e-06
2.62442e-06
3.61718e-06
1.05483e-06
3.05457e-06
6.88195e-08
1.66933e-05
2.44833e-05
1.34535e-06
6.8794e-08
9.54589e-06
6.09873e-08
4.87632e-06
0.000270919
0.000440002
0.0054757
0.00363975
0.00245479
0.00182039
0.00120382
0.00079301
0.000468309
0.000325315
0.000178253
0.000158756
6.63063e-05
0.00274103
0.00281582
0.00282505
0.00258112
0.00227645
0.00235333
0.00208247
0.00189147
0.00166431
0.00129836
0.000948976
0.000511087
0.000141538
5.64564e-06
6.21868e-05
0.000599032
0.00116887
0.000910108
0.000696998
0.000557971
0.000442741
0.000437071
0.000355239
0.00026071
0.00021643
0.000154732
8.31514e-05
6.11023e-05
3.98485e-05
8.10428e-08
2.90359e-07
3.10528e-06
6.41465e-05
4.05096e-05
4.41469e-05
4.2489e-05
5.52643e-05
0.000125453
0.00015516
9.67577e-05
0.000114155
8.92206e-05
8.30412e-05
0.000124457
1.92822e-05
0.000109474
7.46923e-05
0.000155701
0.000179847
0.000130199
0.000152164
0.000146726
0.000185323
0.000253611
0.000239981
0.0002959
0.000269669
0.000449929
0.000378928
0.000577751
0.000598537
0.000506494
0.00117862
0.00137164
0.000770261
0.000814955
0.00055413
0.000201864
0.000186056
0.000385459
0.000309976
0.00040113
0.000397763
0.000498317
0.000274259
0.000268583
0.000546509
0.000172661
0.000261244
0.000364693
0.000344376
0.000339745
0.000279847
0.000251498
0.000148506
0.000195162
0.000163351
0.000190833
0.000183015
0.000141401
0.000135306
0.00017128
0.000141519
0.000109072
9.03799e-05
8.09177e-05
8.88723e-05
8.39277e-05
7.31994e-05
7.09538e-05
5.52724e-05
4.41071e-05
3.87016e-05
3.53697e-05
3.14229e-05
3.0326e-05
1.60559e-05
1.42336e-05
1.27239e-05
6.81166e-06
1.42281e-06
4.89479e-07
2.56528e-06
5.68456e-07
4.2323e-08
5.45318e-07
5.99754e-07
3.59035e-08
5.0394e-06
2.54893e-06
8.42811e-06
1.58791e-05
4.16491e-06
2.43438e-07
1.71912e-06
8.60239e-07
3.91748e-07
3.58845e-07
3.1396e-06
6.16177e-07
7.69965e-07
9.48709e-07
5.99525e-07
1.79352e-06
3.58383e-06
3.10871e-06
2.16428e-06
6.24662e-07
3.59996e-06
3.5948e-06
4.43697e-06
1.71037e-05
2.60821e-06
9.55183e-07
3.69556e-07
8.17201e-07
9.20948e-05
9.29272e-05
9.40245e-05
9.42784e-05
9.44563e-05
9.07345e-05
7.34047e-05
7.66207e-05
0.000203471
0.00105273
0.00263766
0.000284397
0.00440583
0.000618371
0.000452248
0.000379419
0.00418241
0.00345233
0.00230193
0.00156971
0.000861466
0.000379462
0.000296478
7.09052e-05
8.06272e-05
2.74121e-05
1.28804e-06
9.50222e-06
3.8148e-05
3.79907e-07
3.81951e-07
2.85952e-06
1.92931e-06
4.63114e-06
4.46344e-05
8.05605e-06
2.4586e-05
2.18161e-06
7.03694e-06
4.86961e-05
6.30373e-05
2.04481e-05
6.31069e-05
0.000158728
9.96932e-05
0.00215258
0.00123851
0.00329874
0.00220582
0.00166894
0.0012463
0.000620171
0.00113167
0.00166693
0.00183503
0.000918381
0.000576798
0.000592825
0.000159338
0.000375325
0.000154842
4.38008e-05
7.17347e-05
4.28013e-05
9.21478e-06
7.04913e-09
7.90817e-07
4.14944e-07
8.77787e-06
3.90498e-06
2.27385e-06
4.32464e-07
2.00157e-06
8.09411e-06
3.31163e-06
7.06717e-06
5.34879e-06
9.59771e-07
0.00385754
0.00182875
0.000821283
0.000374782
0.000130442
5.51673e-05
4.8082e-05
2.36439e-06
0.00674356
0.00624466
0.00578351
0.00531627
0.00468029
0.00398076
0.00351497
0.00212416
0.0017032
0.00106074
0.000479656
9.49175e-05
9.32677e-08
0.000172922
0.0006502
0.000602873
0.000426771
0.000368435
0.000275572
0.00028368
0.000228516
0.000171569
9.03418e-05
5.99186e-05
3.04644e-05
1.46632e-05
2.31201e-06
5.85798e-06
1.56416e-05
2.40297e-05
0.00014582
0.00012103
0.000186214
0.00019126
0.000200522
0.000217934
0.000194148
0.000235046
0.000250517
0.000244894
0.000386673
0.000250575
0.000380745
0.000390527
0.000457328
0.000554535
0.000545574
0.000637102
0.000621854
0.000576044
0.000610956
0.000693164
0.000772997
0.000708902
0.000693814
0.000905045
0.00115231
0.000734924
0.000835036
0.000789967
0.00021933
8.7502e-05
0.000148335
0.000464396
0.000434509
0.000677126
0.000902203
0.00101212
0.00058696
0.000520709
0.00111583
0.000969694
0.000560285
0.000566803
0.000498807
0.000467237
0.000440649
0.000406665
0.000467401
0.000357917
0.000440052
0.000411452
0.000507198
0.000405868
0.000429703
0.000340345
0.000402951
0.000414946
0.000362807
0.000324388
0.000301875
0.000371353
0.000390688
0.000336536
0.000376689
0.000351255
0.000328936
0.000367488
0.000277319
0.00035053
0.000244443
0.000285395
0.000238568
0.000217552
0.000228081
0.000208604
0.000189524
0.000159286
0.000117864
0.000127387
0.000113571
8.60284e-05
6.58228e-05
4.47496e-05
2.43823e-05
1.55307e-05
2.46683e-05
9.50042e-06
1.74419e-06
1.44396e-09
1.41481e-06
9.26337e-06
2.30776e-05
2.82528e-05
3.57758e-05
4.59761e-05
5.47489e-05
6.32224e-05
8.2744e-05
8.03691e-05
9.94064e-05
0.000104676
0.000110238
0.000118902
0.000126037
0.000126371
0.000126954
0.000136661
0.00012701
0.000129455
0.000132539
0.000131768
0.000139533
0.000141559
0.000136411
0.000130692
0.000167243
7.00258e-05
7.00346e-05
7.00329e-05
7.00276e-05
7.00305e-05
7.00096e-05
7.00099e-05
0.00142484
4.05657e-09
0.0010422
0.00511249
0.00452083
0.00410549
0.00341886
0.00280808
0.00226673
0.00148548
0.000933269
0.000672627
0.00256859
0.00346828
0.00250252
0.00214521
0.0015538
0.00111473
0.000941929
0.000493593
0.000292046
0.000314829
0.000128261
5.99432e-05
3.97105e-05
8.25503e-06
2.58966e-06
1.23428e-05
9.30101e-06
1.20103e-05
0.00193051
0.0015106
0.00105817
0.000810804
0.000516693
0.000412889
0.000208309
0.000129391
6.66349e-05
3.9419e-05
8.88817e-06
0.00207204
0.00126545
0.00101452
0.000639993
0.00031206
0.000111741
6.54798e-05
6.33311e-05
8.57827e-05
9.64887e-06
4.05914e-05
9.39191e-06
1.4194e-05
6.02784e-05
7.91017e-06
2.01704e-07
1.52343e-05
1.11482e-05
0.00302862
0.00180454
0.000917826
0.00162861
0.00072729
0.000424287
0.000236722
0.000220436
9.3839e-05
0.00850671
0.0077053
0.00719819
0.00607337
0.00549442
0.00360781
0.00272867
0.00171308
2.71409e-05
0.000199049
8.91776e-05
8.73115e-05
6.04563e-05
5.46137e-05
5.05995e-05
3.20321e-05
1.53721e-05
4.28366e-06
1.62995e-06
1.1732e-05
2.75453e-05
8.80311e-05
7.97991e-05
6.8007e-05
0.000118391
0.000120542
0.000153963
0.000111103
0.000204546
0.000272873
0.000346579
0.000464657
0.000310872
0.000295508
0.000363994
0.000441174
0.000860043
0.00090727
0.000724463
0.00111672
0.000880401
0.000744021
0.000954218
0.000657355
0.000103153
0.000192836
4.59213e-07
1.26073e-05
0.00011824
0.000216552
0.000295938
0.000408949
0.000654624
0.000732329
0.000885373
0.000962125
0.000903917
0.000881176
0.000866435
0.000935266
0.000949181
0.00094462
0.000876178
0.000863947
0.000886637
0.00092823
0.000927246
0.000976652
0.000929633
0.000963672
0.000883803
0.000884307
0.000892319
0.000799243
0.000809089
0.000811389
0.000883682
0.000828699
0.00079512
0.000792525
0.000722083
0.000630595
0.000554663
0.000466712
0.000350134
0.000307044
0.000221144
0.000144442
9.15166e-05
4.80278e-05
1.54652e-05
2.99644e-06
2.20143e-08
4.27356e-06
1.00833e-05
2.62671e-05
4.60714e-05
5.06129e-05
8.21044e-05
6.96213e-05
8.67368e-05
0.000113552
8.84843e-05
0.000122217
0.000126595
0.000110888
0.000140272
0.00013191
0.000143955
0.000154619
0.000137742
0.00013298
0.000140367
0.000174782
0.000173093
0.000165605
0.000140936
0.000173837
7.70283e-05
0.000126292
9.07382e-05
0.00016603
5.90981e-05
5.91209e-05
5.91113e-05
5.9087e-05
5.89826e-05
5.89799e-05
0.00024227
0.000241905
0.00406693
0.00323632
0.0102922
0.00931818
0.00772172
0.00692011
0.00554609
0.00542885
0.00449467
0.00337646
0.00290556
0.00114815
0.00068658
0.00050767
0.000348304
0.000158701
8.64516e-05
5.76394e-06
3.13804e-06
4.72431e-07
2.24543e-06
2.86021e-05
8.99219e-05
3.25169e-05
3.63882e-05
9.68843e-05
7.96087e-05
0.000188233
6.00358e-05
6.30237e-05
1.09932e-06
1.9244e-06
0.000364062
0.000197947
0.00017278
8.93936e-05
6.95153e-06
7.48269e-09
1.61367e-06
3.827e-06
1.74317e-05
3.75076e-06
1.80907e-05
9.9472e-06
0.00289581
0.00162862
0.000939725
0.000571788
0.000362791
0.000128931
6.08704e-05
4.4444e-05
1.01248e-05
1.36679e-05
1.54597e-05
1.01065e-06
6.14517e-07
1.26935e-07
1.03407e-07
3.4371e-06
4.33521e-06
1.17207e-05
8.38478e-06
2.20494e-06
2.93827e-06
2.6163e-05
2.36566e-05
1.04144e-07
0.00661988
0.00628853
0.00547718
0.0050935
0.00441846
0.0033123
0.00264326
0.00190767
0.00105875
0.00038351
6.12051e-05
3.30898e-05
0.000251809
0.000141661
0.000132819
8.68324e-05
7.39051e-05
0.000102086
7.42114e-05
7.28287e-05
6.34133e-05
5.6682e-05
2.96208e-05
6.3231e-06
7.51542e-07
1.09181e-06
1.52061e-06
1.67368e-05
6.67141e-05
9.76326e-05
0.000101109
9.12791e-05
0.000135464
0.000118435
0.000172229
0.000151829
0.000149578
0.000101167
9.66048e-05
0.000182054
0.000193394
0.000397959
0.000374526
0.000509791
0.000622516
0.00052915
0.000675436
0.000703681
0.000930731
0.000693601
0.00079352
0.00098536
0.00107023
0.00115635
0.000920197
0.000893746
0.00106333
4.80058e-05
0.000203939
0.000353875
0.000441829
0.000500616
0.000658472
0.000697477
0.000695129
0.000626619
0.00062404
0.000770787
0.000745779
0.000656382
0.000679768
0.000688239
0.00062781
0.000626391
0.000527652
0.000472786
0.000571282
0.000493815
0.00040783
0.000377114
0.000402244
0.00040591
0.00041352
0.000410808
0.000418262
0.000381939
0.000398179
0.000362127
0.000327462
0.000319302
0.000258611
0.000268679
0.000271222
0.000256703
0.000242853
0.00019784
0.000192356
0.000175963
0.000151768
0.00015071
0.000119292
0.00011033
7.01811e-05
6.27951e-05
4.06306e-05
3.15936e-05
2.43765e-05
6.46863e-06
5.66539e-06
2.07684e-06
1.77367e-06
3.74178e-07
5.94641e-07
1.89294e-06
1.43736e-06
1.38441e-06
2.63899e-06
5.41976e-06
7.58917e-06
1.21237e-05
1.06575e-05
1.90926e-05
1.73009e-05
2.06063e-05
1.96535e-05
2.60115e-05
2.97138e-05
2.72187e-05
2.90449e-05
6.7428e-05
3.01003e-05
6.33989e-05
6.3735e-05
6.38908e-05
6.4311e-05
6.48764e-05
6.5508e-05
6.13754e-05
0.000706988
0.00286615
0.00022713
0.00016847
0.000386767
0.000313864
0.000250729
0.000205141
0.000146857
1.87344e-06
2.62642e-05
0.000172917
9.26772e-05
0.0268385
0.0212226
0.0168353
0.012681
0.00903161
0.00656491
0.00427948
0.00282275
0.00188059
0.00117381
0.000580662
0.000561992
0.000201889
6.26344e-06
7.32269e-06
0.000318782
0.000244638
0.000194751
0.000321249
0.000225584
0.000171289
0.000296785
0.000393097
0.000117929
0.000111062
0.000152444
9.04658e-05
0.000109661
9.5562e-05
6.44024e-05
0.000198052
0.000146252
0.000160636
0.00422691
0.00356506
0.00234022
0.00220085
0.0018178
0.00148715
0.00137745
0.0010608
0.000876882
0.000819484
0.000672102
0.00064703
0.000501628
0.000520299
0.000460854
0.000542652
0.000409184
0.000420634
0.000398288
0.000304971
0.00028654
8.48035e-05
6.35767e-05
6.73215e-05
6.99353e-05
0.000107247
0.000100654
6.53354e-05
1.6572e-06
6.49473e-05
0.000135712
0.000272283
0.000363837
0.000345866
0.000266429
4.28177e-06
5.94463e-05
0.000316372
0.00100106
0.00135281
0.000966823
0.000630938
0.000384377
0.000403555
0.000292633
0.000207766
0.000138628
7.52953e-05
9.6971e-05
6.53468e-05
4.8066e-05
4.11028e-06
6.66568e-08
3.21884e-05
5.83124e-05
0.000108179
7.6895e-05
0.000173875
0.00014891
0.000235278
0.000183117
0.000125767
0.000107981
0.000137514
0.000143959
6.39127e-05
5.39528e-05
0.000119307
0.000222649
0.000368868
0.000354807
0.000518345
0.00045608
0.000490154
0.000608698
0.000488288
0.00048291
0.000510259
0.000724818
0.00046653
0.00053214
0.000833968
0.000561566
0.000723962
0.00085274
0.000425498
0.000564034
0.000769284
0.000549315
2.51103e-05
0.000200346
0.00022327
0.000201278
0.000251415
0.000235866
0.000233273
0.000161037
0.000178986
0.000193671
0.000106856
9.58012e-05
0.000134746
0.000162511
0.000154744
0.000167983
0.000195291
0.000167469
0.000186368
0.000199007
0.000191602
0.000172796
0.000115587
0.000110944
0.000101627
9.65952e-05
9.53771e-05
0.000110759
0.000113314
8.62145e-05
8.01423e-05
6.19435e-05
5.9301e-05
5.07893e-05
5.84628e-05
3.89054e-05
2.98835e-05
4.82166e-05
2.61444e-05
3.07788e-05
2.66062e-05
2.45818e-05
1.11461e-05
1.0029e-05
2.29822e-06
7.11959e-07
4.38031e-07
3.09662e-06
6.28121e-07
1.09103e-05
4.51152e-06
6.0691e-06
2.0242e-05
1.16857e-05
1.36518e-05
3.92261e-05
4.52019e-05
2.06592e-05
3.67152e-05
2.54846e-05
9.48921e-06
8.60733e-06
9.83261e-06
8.05167e-06
8.71649e-06
5.53219e-06
9.76539e-06
4.03313e-06
6.97707e-06
7.4007e-06
1.92144e-06
4.11028e-06
4.81878e-06
5.80448e-06
6.47609e-06
4.5323e-09
8.49352e-07
8.28875e-05
8.53458e-05
8.69334e-05
8.93035e-05
9.11117e-05
8.64068e-05
6.99343e-05
7.00106e-05
0.00184979
8.80929e-05
0.00271962
0.00797052
0.00695942
0.00678476
0.00595538
0.00447406
0.0031337
0.00275271
0.00157943
0.000974147
0.000763237
0.000346087
0.00025943
0.000107498
0.000126173
8.58427e-05
2.59371e-06
1.64764e-10
1.65269e-06
1.10351e-06
1.61193e-05
1.92079e-05
2.37164e-05
0.000121282
6.10694e-06
1.61171e-05
4.11485e-06
1.78976e-05
2.03859e-05
0.000105736
6.44245e-05
7.34934e-05
0.00392864
0.00242012
0.00179607
0.000977733
0.0034987
0.00240735
0.00134482
0.00152343
0.00140516
0.00141971
0.00486644
0.00418132
0.00422899
0.00267843
0.00106387
0.000539557
0.000760344
0.000526409
0.000115785
0.000130789
6.00711e-06
1.39766e-07
0.000444893
0.000602697
0.000734778
0.000610579
0.000322302
0.000363514
0.00032007
0.000145289
0.000167308
0.00107613
0.0195933
0.0121236
0.00674232
0.00336573
0.00155247
0.000804635
0.000261685
0.000138877
5.78145e-05
0.00858091
0.00795556
0.00752954
0.00694776
0.00603576
0.00541531
0.00479194
0.00391911
0.00308642
0.00237123
0.0013814
0.000645336
0.000640152
0.000190752
5.82034e-06
0.00012003
0.000525026
0.000426047
0.000277684
0.000277147
0.000249109
0.000171836
0.00014921
8.42203e-05
4.40288e-05
3.23869e-05
6.37376e-06
2.75571e-06
4.99291e-07
1.76079e-05
3.96472e-05
8.84201e-05
0.00010468
0.000168762
0.000137215
0.000208103
0.000224242
0.000297318
0.000264595
0.000312651
0.000216376
0.000311477
0.000258094
0.000437701
0.00045692
0.000437136
0.000417042
0.000500187
0.000517007
0.000537502
0.00057353
0.000567127
0.000532255
0.000578216
0.000793598
0.000902255
0.0011235
0.000816747
0.000976761
0.00135625
0.000828528
0.000473302
0.000260185
0.000177728
0.000571461
0.0005969
0.000813151
0.000956947
0.00100524
0.00129914
0.00107845
0.000312399
0.000354499
0.000389399
0.000437481
0.000468505
0.000396532
0.000404941
0.000516234
0.000494408
0.000515477
0.000442458
0.000599407
0.000512013
0.000652282
0.000541436
0.000616252
0.000496297
0.000595852
0.000587972
0.000588298
0.000646324
0.000543677
0.0005691
0.000542609
0.000588716
0.000555329
0.000626604
0.000602831
0.000514655
0.000604122
0.000504806
0.000452348
0.000485059
0.000466456
0.000414998
0.000387653
0.000381159
0.000404732
0.000369597
0.000332816
0.000290461
0.000288628
0.000267956
0.000233983
0.000219257
0.00020687
0.000134871
0.000105285
8.83692e-05
6.22716e-05
4.96723e-05
3.05324e-05
1.8473e-05
1.27911e-05
3.88149e-06
3.95373e-06
2.8016e-07
1.96114e-06
5.69318e-06
1.1244e-05
1.67435e-05
2.58863e-05
2.88811e-05
3.99523e-05
4.5578e-05
5.48338e-05
5.52198e-05
6.00621e-05
6.62243e-05
6.77296e-05
7.7427e-05
7.56661e-05
8.39797e-05
7.28402e-05
8.23616e-05
8.54379e-05
8.55719e-05
8.27017e-05
8.191e-05
0.000127392
8.14534e-05
7.70813e-05
6.90646e-05
6.9375e-05
6.93739e-05
6.90704e-05
6.90669e-05
6.90453e-05
9.9096e-05
0.00384304
0.000475388
0.000832171
0.00206357
0.00234415
0.00234022
0.00190841
0.00144252
0.00123216
0.000887784
0.000498808
0.00026632
8.62474e-05
5.33555e-05
7.54584e-09
4.08639e-05
0.000920621
0.000690481
0.000128348
0.000473164
0.000350862
0.000268763
0.000102283
1.38914e-05
1.20864e-05
2.11804e-06
3.22304e-07
2.69163e-05
2.61874e-05
3.50064e-05
0.000129084
3.446e-05
4.47116e-05
0.000138744
8.27711e-05
0.000101041
0.00177105
0.00106086
0.00101614
0.000760662
0.000567704
0.000549778
0.000287098
0.000206158
0.00016711
7.38281e-05
0.0018887
0.00117498
0.000836546
0.00068097
0.000320813
0.000196354
0.00014597
7.4893e-05
1.7669e-05
8.94679e-06
7.48019e-06
1.8316e-06
2.4568e-06
1.69972e-06
2.7549e-06
9.40827e-07
4.06713e-06
8.5939e-06
1.10933e-08
4.85924e-06
4.39595e-05
8.74582e-07
2.08796e-06
2.44657e-07
1.20649e-05
0.00286942
0.00167108
0.000823123
0.000720124
0.00088192
0.000473414
0.000252461
0.000139277
8.25602e-05
7.18058e-05
0.00778361
0.00694395
0.00638397
0.00550074
0.00435842
0.00352919
0.0024587
0.00157243
0.00120272
0.00126962
0.000486172
3.81773e-06
4.51972e-05
0.00040155
0.000293102
0.000180237
0.00016912
0.000118749
0.00013075
9.77989e-05
8.01064e-05
7.1872e-05
3.5146e-05
4.33391e-05
2.24349e-05
1.90475e-06
3.69459e-05
1.83892e-05
1.4638e-05
2.59517e-05
4.9146e-05
7.94409e-05
0.000221362
0.000221607
0.000229538
0.000215289
0.000225984
0.000240748
0.000271111
0.000154501
0.000228805
0.000276805
0.000224295
0.000276229
0.000302759
0.000365892
0.000549269
0.000420191
0.000611988
0.000661809
0.000599063
0.000591917
0.000644943
0.000891514
0.000565633
0.000511439
0.000538421
0.000434026
7.92286e-05
6.48329e-06
0.000492476
2.11441e-05
8.65777e-05
0.000194888
0.000275173
0.000471058
0.000473398
0.000670687
0.000809668
0.000839193
0.000963439
0.00090516
0.000932299
0.000813671
0.000893
0.000898223
0.000897306
0.000890098
0.0009094
0.000884443
0.000866284
0.000894621
0.00085741
0.000863639
0.000895374
0.000865885
0.000785685
0.000947827
0.0007332
0.000761462
0.000696946
0.000683881
0.000645966
0.000630958
0.000544805
0.000478738
0.000439336
0.000409624
0.000373241
0.000266848
0.000230084
0.000179395
0.000127775
9.87186e-05
6.7386e-05
4.51049e-05
2.12682e-05
2.77141e-06
4.30998e-07
2.15022e-06
1.73004e-05
1.65209e-05
2.61596e-05
4.22439e-05
5.3329e-05
6.03592e-05
8.6671e-05
6.44496e-05
9.25233e-05
0.000109261
0.000100549
0.000127492
0.000111079
0.000134888
0.000148507
0.000116165
0.000145001
0.000136857
0.000145569
0.000157842
0.00018203
0.000146886
9.55655e-05
9.27676e-05
8.13482e-05
8.7064e-05
8.88312e-05
9.66506e-05
9.52099e-05
6.7126e-05
6.71272e-05
6.71243e-05
6.70598e-05
6.69532e-05
6.69459e-05
6.69389e-05
0.000196256
0.00133023
0.00402658
0.00951711
0.0102386
0.00879539
0.00676728
0.00691672
0.00502685
0.00436869
0.00343323
0.00225767
0.00146523
0.000800314
0.000563889
0.000203599
0.00029868
0.000197331
1.08727e-05
1.78311e-06
1.67297e-05
7.02928e-05
6.16402e-05
4.84961e-05
0.000148988
0.000128146
3.56747e-05
5.25303e-05
2.04984e-05
2.64044e-05
4.08128e-05
2.27125e-05
5.16001e-05
5.31473e-05
5.18686e-05
6.98639e-05
2.20513e-05
9.23761e-05
1.12667e-05
0.000232642
0.000255898
0.00016
0.000138195
5.46098e-05
8.8048e-06
3.17548e-06
1.73175e-06
3.95715e-06
4.27345e-06
3.82976e-06
7.07831e-07
7.94695e-09
0.00271057
0.00159755
0.00100448
0.000651678
0.00029343
0.000201658
9.57381e-05
3.69637e-05
7.19249e-05
2.82169e-05
4.97277e-05
2.20416e-05
1.02371e-06
4.18094e-07
7.09132e-07
4.06476e-06
4.06703e-06
8.53118e-07
2.9509e-06
6.97005e-07
3.28638e-06
1.1842e-07
8.53545e-08
3.90098e-07
1.13678e-06
0.00596771
0.00564907
0.00537814
0.00466573
0.00386919
0.00277663
0.00230465
0.00129277
0.000663271
0.00027471
1.46831e-05
0.000134604
0.000348675
0.000198411
0.000156605
0.000160743
0.000140115
0.000103858
0.00010878
9.40255e-05
6.52894e-05
6.76629e-05
7.46299e-05
5.12117e-05
4.03484e-05
1.35297e-06
2.40373e-06
3.04885e-07
9.94949e-06
2.19776e-06
3.70687e-05
3.04144e-05
9.59077e-06
7.53092e-05
1.24366e-05
3.65512e-05
5.25766e-05
0.000118473
0.000119245
0.000105822
8.82627e-05
6.14504e-05
7.48822e-05
4.22506e-05
0.000134201
0.000153775
0.000222981
0.000191979
0.000330436
0.000382756
0.00037755
0.000423582
0.000365651
0.000527689
0.000431068
0.000330996
0.000372924
0.000343566
2.33557e-05
4.97837e-05
0.000237653
0.000167203
0.000269156
0.000288602
0.000408113
0.000579253
0.000587629
0.000664451
0.00079076
0.000745616
0.00071807
0.000661511
0.000656863
0.000628505
0.000584556
0.000639312
0.000551431
0.00057346
0.000502847
0.000597438
0.000523866
0.000534329
0.000637272
0.000526653
0.000563843
0.000508215
0.000486195
0.000408835
0.000497523
0.000441214
0.000384715
0.000313162
0.000354785
0.000315552
0.000289009
0.000265117
0.000248545
0.000192961
0.000177468
0.000145333
0.000152239
0.000127291
8.40436e-05
6.89127e-05
5.27854e-05
3.85038e-05
1.95016e-05
1.37575e-05
6.63845e-06
3.11557e-06
7.03365e-09
1.22445e-06
6.14716e-07
7.06672e-06
1.08325e-05
1.4113e-05
2.19828e-05
2.72464e-05
2.6901e-05
4.00152e-05
4.06839e-05
4.28808e-05
5.16629e-05
5.82029e-05
5.61481e-05
6.75546e-05
5.43885e-05
5.81855e-05
4.95838e-05
3.72255e-05
6.83449e-05
5.53389e-05
6.22891e-05
6.30494e-05
7.53922e-05
7.64738e-05
7.68037e-05
7.70517e-05
7.81388e-05
7.80124e-05
7.03348e-05
0.000122933
0.000123317
0.00277601
0.00226198
0.00144668
0.0214241
0.0238226
0.0200488
0.0168713
0.0150557
0.0137802
0.0116914
0.00903111
0.0064011
0.00499551
0.00279952
0.00195125
0.00123529
0.000822585
0.000367642
0.000251208
0.000126121
6.07678e-05
3.27543e-05
4.12969e-05
0.000125378
4.92418e-05
6.23958e-05
0.000100436
7.94561e-05
6.96681e-05
0.000138369
1.79325e-05
1.69636e-05
4.07274e-05
4.23036e-05
3.70639e-05
4.68214e-05
3.57061e-05
0.000104799
0.000111487
5.53809e-05
0.000139787
0.00114925
0.00160562
0.0013649
0.00128734
0.00104331
0.000907438
0.000534093
0.000482854
0.000686926
0.000509206
0.000501455
0.000553202
0.000522992
0.000397722
0.000490687
0.000473006
0.000391606
0.000432493
0.000400353
0.00035965
0.000309829
0.000409322
0.000333457
0.000284615
0.000279158
0.000244493
0.000341389
0.000257126
0.000241159
0.000235478
0.000290536
0.000245628
0.000238765
0.000174095
0.000126749
0.000263753
0.000398635
0.000379597
0.000307446
0.000192227
7.81277e-05
3.95276e-05
2.97842e-06
0.000138568
0.00115275
0.00121593
0.000817639
0.000597722
0.000535893
0.000422875
0.000307535
0.000199358
0.000139742
7.91977e-05
2.52985e-05
4.82866e-05
2.30038e-05
5.38689e-06
3.24949e-06
7.39846e-08
1.11566e-05
1.28757e-05
2.5622e-05
1.54043e-05
2.48525e-06
1.45102e-05
3.89902e-06
4.72393e-07
3.21252e-07
3.67661e-06
3.40445e-05
7.24272e-05
2.55309e-05
0.000139955
0.000131029
0.000246119
0.00026179
0.000184617
0.000360491
0.000476745
0.000273188
0.00043811
0.000408507
0.000404237
0.000358253
0.000475952
0.000833425
0.000481951
0.000595818
0.000786503
0.000627591
0.000352061
0.000353407
0.00102222
0.000999949
0.000116582
0.000128159
8.04755e-05
7.83013e-05
0.000110088
0.000164319
0.000188963
0.000160133
0.000211624
0.000227015
0.000213634
0.00023792
0.000307157
0.000260245
0.000284387
0.000243181
0.00026545
0.000258938
0.000271972
0.000285111
0.000340708
0.000314079
0.000262255
0.00033476
0.000267202
0.000263891
0.000238217
0.000243504
0.0002471
0.000271133
0.000222278
0.000297853
0.000208209
0.000167412
0.000145823
0.000158779
0.000144424
0.000102162
8.0946e-05
6.60441e-05
5.47132e-05
5.00255e-05
4.53283e-05
3.17977e-05
3.21823e-05
1.95844e-05
2.03957e-05
4.97818e-06
6.51931e-06
9.53379e-06
9.41388e-07
3.10683e-06
8.03893e-08
3.98518e-07
1.06017e-06
2.57066e-06
7.92796e-06
1.17623e-05
3.6639e-06
1.25671e-05
1.46464e-05
1.86219e-05
7.30491e-06
2.80026e-05
1.07546e-05
2.9473e-05
9.05614e-06
5.14203e-06
3.26046e-05
1.20618e-05
1.40397e-05
5.2034e-06
5.41422e-06
1.36401e-05
2.41207e-05
4.93755e-06
3.63699e-05
1.23992e-05
1.92216e-06
7.2166e-05
7.37922e-05
7.39742e-05
7.17296e-05
7.40572e-05
7.20541e-05
7.4866e-05
7.53654e-05
8.16072e-05
0.00279254
0.00281071
0.00402033
5.38901e-06
0.00675909
0.00554353
0.00459024
0.00406026
0.00408301
0.00389067
0.00313064
0.00282075
0.00188497
0.00136676
0.000787644
0.00066722
0.000272705
0.000141165
9.65865e-05
0.000158961
4.78653e-05
5.45149e-05
6.53753e-07
2.519e-06
5.9965e-05
9.64616e-05
1.70875e-05
5.26239e-05
0.000220966
0.000121307
0.00013399
3.12952e-05
0.000145628
0.00015204
0.00029106
0.000285801
0.00171169
0.0019663
0.0011273
0.000605888
0.00185219
0.00169192
0.000666486
0.000445709
0.000242841
0.00051533
0.000217636
0.000143191
0.00019311
5.27766e-05
3.05008e-05
3.04688e-05
1.7705e-05
3.2215e-06
1.02953e-05
1.39173e-06
3.87376e-06
1.70722e-05
9.92237e-06
5.34447e-05
2.51732e-05
0.0116922
0.00708458
0.00137007
0.00480005
0.00254418
0.00150655
0.00066642
0.000277447
7.83461e-05
3.40041e-05
4.5733e-05
7.04035e-06
2.48408e-06
1.14121e-05
3.06675e-07
0.00845812
0.00792905
0.00751929
0.00669433
0.00584826
0.00513545
0.00450535
0.00369483
0.00244388
0.00190228
0.00125038
0.00115742
0.000623658
0.000109099
6.54032e-06
0.000233835
0.000630274
0.000350274
0.000298931
0.000241999
0.000229316
0.000184641
0.000125295
9.54113e-05
6.1644e-05
5.60063e-05
1.47618e-05
2.99841e-08
5.23452e-08
9.9689e-06
2.22011e-05
5.90185e-05
7.85065e-05
0.000108707
0.000162568
0.000184035
0.000185614
0.000223403
0.00017024
0.000255761
0.000392136
0.000336098
0.000404274
0.000351677
0.000266856
0.000270893
0.000392741
0.000411501
0.00045058
0.000663702
0.000884896
0.00072008
0.000927584
0.000759601
0.00111575
0.000834227
0.000674443
0.000419478
0.000383527
0.000328777
0.000438653
0.000644864
0.000960101
0.000855968
0.00049028
0.000684501
0.000929104
0.00109214
0.000903047
0.00096486
0.000397944
0.000432895
0.000424496
0.000463565
0.000437068
0.000451832
0.00048303
0.000468194
0.000515386
0.000550134
0.000516533
0.000499301
0.000571987
0.000432159
0.000565737
0.000567381
0.000550125
0.000596723
0.000550689
0.000626065
0.000566054
0.000444519
0.000575169
0.000610525
0.000606006
0.000510712
0.00052299
0.000479325
0.000605495
0.000491924
0.000501207
0.000459447
0.000446977
0.000479652
0.000459283
0.000476557
0.000434787
0.000412301
0.000311983
0.000318116
0.000282618
0.000211094
0.000245266
0.000182514
0.000146418
0.000124175
0.000116154
9.67292e-05
8.20348e-05
5.44044e-05
3.57338e-05
3.77429e-05
1.35938e-05
8.65556e-06
1.83586e-06
2.43117e-08
4.49429e-07
3.03263e-06
6.76737e-06
9.72996e-06
1.60634e-05
3.18685e-05
3.73507e-05
4.41937e-05
5.00628e-05
5.68766e-05
6.34429e-05
8.35793e-05
8.16081e-05
8.56617e-05
9.21045e-05
9.31991e-05
9.32627e-05
9.44618e-05
9.83836e-05
0.000104963
0.000104233
0.000102989
0.000106432
0.000106522
0.000106934
0.000151757
7.59109e-05
7.50221e-05
7.49916e-05
7.60415e-05
7.51478e-05
7.50863e-05
7.27129e-05
8.81076e-05
0.00317781
0.000271806
8.51775e-05
0.00181852
0.00277539
0.00283764
0.00247538
0.00169263
0.00141123
0.000911763
0.000527102
0.000221458
0.000143241
3.56578e-05
9.40011e-06
0.0017657
0.00103107
0.000608863
0.000565941
0.000404408
0.000297919
0.000214013
8.73752e-05
2.57809e-05
1.57023e-05
2.9065e-06
6.50667e-06
7.71751e-06
1.40588e-07
9.20654e-07
2.46155e-05
4.14556e-06
2.80154e-06
6.11044e-05
3.66657e-09
0.00217127
0.00132184
0.000935542
0.00089301
0.000652494
0.000471617
0.0001663
0.000205165
4.18272e-05
1.34285e-05
0.000139824
0.000183707
7.3097e-05
0.000149418
0.000142323
0.000392664
0.000161992
0.000245835
4.39594e-05
0.000224686
0.000176661
0.000277499
0.000260817
0.000191324
0.000277702
0.000175261
0.00022321
0.000209136
0.000188473
4.96754e-05
5.65116e-05
0.000135916
0.000197267
0.000178634
0.000189817
4.17564e-05
0.000210675
0.000197593
0.000196138
3.226e-09
1.1502e-06
8.60077e-07
0.0194779
0.00128014
0.00138354
0.00148989
0.00139281
0.00109931
0.000911509
0.000805663
0.000645948
0.000209683
0.00014497
2.12555e-06
8.57405e-05
0.000452269
0.00111592
0.000683819
0.000490657
0.000405729
0.000383808
0.000254766
0.000218191
0.000119593
8.36062e-05
4.32902e-05
8.83009e-06
4.09053e-07
1.08888e-06
3.51688e-06
2.76658e-06
3.7698e-05
3.55815e-05
0.000132191
0.000113809
0.000125978
0.00018509
0.000151997
0.000140659
0.000221475
0.000147229
0.000190922
0.00015758
0.000158836
0.000299955
0.000217192
0.000328765
0.000468752
0.000501946
0.000628576
0.000734741
0.000765822
0.000839259
0.00100776
0.000808887
0.000760852
0.00071853
0.000654475
0.000389598
0.000333133
0.000740128
0.0005617
0.000739932
0.000683333
6.77308e-05
8.26736e-07
7.91856e-06
8.23775e-05
0.000237025
0.000333838
0.000378216
0.000470211
0.000442681
0.000437107
0.000509882
0.000590013
0.000614991
0.000526632
0.000571424
0.000602725
0.000628431
0.000717596
0.000582346
0.000485899
0.000678041
0.000698942
0.000604723
0.000605627
0.000648279
0.00081977
0.000593906
0.000583243
0.000617403
0.000607171
0.000607918
0.000477557
0.000534851
0.000475935
0.000369803
0.000378547
0.000359346
0.000274033
0.000216522
0.000199483
0.000115207
7.91473e-05
5.7588e-05
2.08533e-05
7.87855e-06
4.86834e-07
3.38582e-08
9.85325e-07
1.18142e-05
2.99748e-05
2.26272e-05
5.05976e-05
5.91697e-05
5.55781e-05
7.56016e-05
6.60105e-05
8.79537e-05
0.000105444
9.72869e-05
0.000124433
0.000112203
0.000125044
0.00013639
0.000132401
0.000118098
0.00014479
0.000121272
7.8114e-05
6.36522e-05
6.75077e-05
7.82194e-05
7.91131e-05
8.31116e-05
8.95916e-05
8.7311e-05
0.000110638
7.36764e-05
7.36755e-05
7.36779e-05
7.36613e-05
7.36069e-05
7.35409e-05
7.34743e-05
0.000231791
0.00159615
0.00201369
0.0113145
0.0079602
0.00687883
0.00840827
0.00530489
0.00512857
0.00374798
0.00285973
0.00200119
0.00141451
0.00103305
0.000369593
0.000126376
0.000114391
8.06736e-05
1.85106e-05
1.80538e-07
9.05286e-06
0.000121557
0.00011605
4.39977e-05
7.19837e-06
9.19815e-05
5.34118e-05
7.16452e-05
6.81911e-05
0.000130275
0.000251866
5.18222e-05
0.000232348
6.73012e-05
6.29156e-05
5.6844e-06
6.26496e-05
0.000300625
0.000222351
0.000193754
7.94535e-05
5.37714e-05
6.0499e-06
2.8317e-05
1.17196e-05
1.34629e-05
5.98037e-07
6.70904e-06
0.00116041
0.000675898
0.000434647
0.000322968
0.000139057
8.86584e-05
5.883e-05
2.5125e-05
1.55948e-06
8.02077e-06
3.90572e-06
4.45923e-06
2.28602e-07
7.42184e-07
1.73045e-06
1.57424e-06
3.8444e-06
8.62734e-07
2.1306e-05
1.04275e-06
8.61849e-06
5.98368e-06
5.11623e-06
1.41246e-06
1.4792e-05
0.00398201
0.0038985
0.00387639
0.00353544
0.00284989
0.00252781
0.00166871
0.00104647
0.000698996
0.000156304
2.00195e-06
0.000108372
0.000551379
0.000618526
0.000390545
0.000272305
0.000219633
0.000157289
0.000121396
7.68118e-05
4.66815e-05
6.91667e-05
1.6381e-05
3.78247e-06
2.84338e-07
4.15782e-06
1.75145e-05
5.7604e-05
8.45598e-05
0.000101177
0.000134293
8.627e-05
7.66842e-05
0.000178254
0.00028435
0.00024231
0.000212994
0.000178268
0.0002287
0.000193687
0.000259607
0.000162505
0.000292422
0.000493905
0.000550608
0.000419121
0.000458893
0.000469973
0.000539416
0.000487255
0.000536551
0.00043396
0.00053248
0.000543669
0.000404735
9.14563e-05
0.000850457
0.000207331
0.000196404
0.000305757
0.000359063
0.000397687
0.000405921
0.000487949
0.000441817
0.000357716
0.000427165
0.00035729
0.0003313
0.000393486
0.000407081
0.000462822
0.00039238
0.000515463
0.00040791
0.000404983
0.000375772
0.000394447
0.000405729
0.000384575
0.000428626
0.00038477
0.000358358
0.000409833
0.000351692
0.000308791
0.000294077
0.000224398
0.000255008
0.000215698
0.000190822
0.000172537
0.000195547
0.000191476
0.000121877
0.000127301
9.40121e-05
0.000100206
7.20869e-05
4.5336e-05
4.8177e-05
1.16526e-05
1.53615e-05
6.27309e-06
2.85945e-06
2.12429e-06
2.60254e-08
1.13701e-06
2.38756e-06
9.51114e-06
1.46138e-05
1.31719e-05
3.03983e-05
3.27668e-05
3.88113e-05
5.13627e-05
5.41153e-05
6.43677e-05
6.16447e-05
6.94846e-05
7.37692e-05
7.20215e-05
7.20947e-05
7.34811e-05
8.89611e-05
8.79739e-05
9.05992e-05
8.54979e-05
8.42122e-05
8.07982e-05
7.14912e-05
7.7237e-05
7.72928e-05
7.73844e-05
7.74322e-05
7.7665e-05
7.79721e-05
7.79444e-05
7.48107e-05
0.00126528
0.00121056
0.000135265
0.0285933
0.0186177
0.0161057
0.0131741
0.0135958
0.0141653
0.0130639
0.011906
0.00978343
0.00772505
0.00546508
0.00398119
0.00235834
0.0016107
0.000763336
0.00042392
0.000190593
0.00011328
0.000125797
2.21571e-05
1.26335e-05
5.14703e-05
3.3474e-05
0.000117849
0.000111491
0.000154349
0.000132219
0.000118774
6.39919e-05
5.09985e-05
0.00012298
6.27017e-05
3.59478e-05
6.97541e-05
8.56026e-05
7.20639e-05
7.5815e-05
9.64831e-05
0.000108779
1.86616e-05
0.000109449
0.000101077
3.30696e-05
3.32902e-05
0.0014573
0.00132936
0.00113726
0.00119339
0.00118008
0.00105284
0.00109684
0.000948907
0.000932717
0.000863613
0.00074836
0.000719169
0.000635816
0.000628192
0.000480486
0.000509094
0.000621854
0.0005116
0.000444534
0.00042215
0.000391188
0.00031594
0.000371758
0.000366467
0.000257257
0.000233925
0.000214307
0.000250066
0.00042701
0.000196274
0.00019753
1.61848e-06
6.33567e-05
0.000335516
0.000804057
0.00142108
0.00130351
0.000713391
0.000719771
0.000468967
0.000287364
0.00028076
0.000210102
0.000127277
9.16337e-05
3.1506e-05
1.36851e-05
1.99001e-05
5.25173e-07
6.9421e-06
4.2254e-05
2.67763e-05
1.81056e-06
3.47193e-06
2.5315e-06
2.81743e-05
1.53183e-05
2.46234e-05
7.47408e-05
3.05725e-05
0.000103766
4.7844e-05
0.000247513
0.000266316
0.000319897
0.000332692
0.000370546
0.000326927
0.000310144
0.000403557
0.000416058
0.000582478
0.000802365
0.000628243
0.000575265
0.000489469
0.000373983
0.000630809
0.000706257
0.000753147
0.000790146
0.000994197
0.00053232
0.000489964
0.00046129
0.000390017
0.00046375
0.000381523
0.000444317
0.000420169
0.000367139
0.000376215
0.000336565
0.000276883
0.000316676
0.000305599
0.000297243
0.000273848
0.000278868
0.000288428
0.000192572
0.000267554
0.000199143
0.000242474
0.000243207
0.000230616
0.000188688
0.000190677
0.000131905
0.000106236
0.00014171
0.000126369
0.000115346
0.00014437
0.000146672
0.000101309
8.9872e-05
8.94924e-05
9.36629e-05
5.42437e-05
4.42015e-05
6.31808e-05
4.68312e-05
5.00894e-05
3.94824e-05
4.73099e-05
3.95243e-05
1.26578e-05
1.35111e-05
1.26105e-05
6.34375e-06
8.76599e-07
4.24547e-06
1.49573e-06
1.16107e-06
2.83526e-06
3.3235e-07
6.6278e-07
9.55837e-08
1.65462e-10
2.39383e-08
3.54359e-07
6.13131e-07
7.68928e-07
1.14033e-06
1.71913e-06
2.05123e-06
1.00106e-05
1.1751e-05
1.06874e-05
1.30802e-05
1.30892e-05
2.04667e-05
2.60901e-05
3.98411e-05
2.64668e-05
2.98941e-06
9.16626e-06
2.6174e-05
3.0756e-05
1.77012e-05
1.8488e-05
4.64601e-05
3.29675e-05
7.62913e-05
0.000140065
0.00240738
0.00233825
0.0025537
0.00271839
0.00349589
0.000112652
0.000118619
0.00012334
0.000127753
0.000696189
0.00368557
0.000244313
0.00211216
0.00170975
0.00168133
0.00133921
0.000879862
0.000671439
0.000353212
6.74085e-05
1.59739e-05
8.92801e-06
6.62713e-08
2.92957e-05
2.26527e-05
2.29919e-05
2.87861e-05
7.94685e-05
9.80684e-05
0.000128703
0.000246257
0.00041301
0.000152887
0.000320012
0.000375506
0.00028273
0.000244897
0.000197855
0.000370306
0.000266232
0.000357559
0.00119304
0.000524939
0.000537499
0.000990558
0.000495638
0.000328754
0.000450971
0.000157148
0.000282263
0.000128562
4.69271e-05
3.10284e-05
9.01456e-06
9.14857e-06
2.47195e-06
3.45227e-05
1.27162e-05
1.111e-06
2.62464e-06
3.4068e-06
7.40896e-06
1.12933e-05
6.25921e-05
5.37686e-06
9.74011e-06
8.93825e-06
1.03627e-07
2.99485e-05
2.32345e-05
7.88716e-06
5.54986e-06
6.96215e-06
0.00842088
0.00527927
0.00323775
0.00144012
0.000560857
0.000271517
0.000122958
5.76326e-05
2.43639e-05
1.44572e-05
7.03759e-06
0.00545234
0.0053528
0.00488793
0.00434995
0.00381212
0.00328383
0.00280341
0.00208085
0.00153101
0.00045623
0.000165572
0.000192461
0.000243273
0.000892587
0.000824854
0.000613117
0.000507888
0.000462139
0.000416536
0.000329313
0.000235711
0.000161895
7.76585e-05
5.93467e-05
8.17601e-05
1.02282e-05
3.91122e-07
3.2631e-07
6.99399e-05
7.39132e-05
0.000117011
0.00014874
0.000167581
0.000272659
0.000213529
0.000450102
0.000392456
0.000341702
0.000464352
0.000422796
0.000315715
0.000516182
0.000337533
0.00040167
0.000385488
0.000670934
0.000902036
0.000656446
0.000560129
0.000515384
0.000301043
0.000238594
0.000555499
0.000500676
0.000777289
0.000563581
0.000573629
0.000511493
0.000693742
0.000401485
0.000924058
0.00112239
0.000299605
0.000344275
0.000291902
0.00030299
0.000286527
0.000274982
0.000350389
0.000269934
0.000351454
0.000281512
0.00030324
0.000345766
0.000308907
0.000300484
0.000295022
0.000310802
0.000301332
0.000291479
0.000267944
0.000344697
0.000266866
0.000305044
0.000232511
0.00031169
0.00030717
0.000263473
0.000303728
0.000262062
0.000293744
0.000239337
0.000293414
0.000225384
0.000215635
0.000188724
0.000150707
0.000146078
8.24979e-05
6.32682e-05
5.34924e-05
2.98161e-05
2.39105e-05
1.0656e-05
4.20318e-06
9.56751e-08
2.3465e-06
3.28799e-06
1.38462e-05
2.33228e-05
2.94724e-05
5.13744e-05
6.57915e-05
6.66095e-05
7.40946e-05
9.53315e-05
0.000105628
0.000112608
0.000123355
0.000125296
0.000131869
0.000130961
0.000140015
0.000145634
0.000149856
0.000145877
0.000148398
0.000151349
0.000145767
0.000148275
0.000152598
0.000154809
0.00015854
0.000173016
8.6861e-05
8.7701e-05
8.69296e-05
8.79064e-05
8.76234e-05
8.68461e-05
8.40647e-05
0.000997244
0.00137139
0.00101173
0.00512061
0.00491596
0.00441718
0.00402767
0.00307314
0.00240695
0.00146616
0.0011009
0.00392944
0.00314338
0.00182994
0.00143263
0.00131798
0.000837572
0.000813399
0.000593876
0.000359052
0.000157685
0.000201247
0.000113447
3.72534e-05
5.29454e-06
3.56288e-06
1.14614e-06
1.41042e-06
0.00187959
0.0010865
0.000839497
0.000682737
0.000607562
2.23176e-05
2.75363e-06
5.50676e-06
1.74979e-07
4.42941e-06
8.04295e-06
3.40256e-05
1.71642e-05
6.90254e-05
9.44038e-05
0.000198067
0.000187163
9.30729e-05
0.000187807
0.000197699
0.000243712
0.000199861
0.00024198
6.61089e-05
0.000113705
0.00022126
0.000232589
0.000221086
6.90715e-05
0.000127943
0.000280844
2.56495e-05
1.76395e-05
0.000518693
0.000663556
0.000896797
0.000744195
0.000751585
0.00068915
0.000521821
0.0003498
0.000201079
5.0041e-05
1.82924e-05
0.000184893
0.00120418
0.000953319
0.000580335
0.000428478
0.000312713
0.000220913
0.000165745
7.83248e-05
0.000134178
4.67778e-05
3.43387e-05
7.47396e-08
4.25974e-06
6.18209e-06
5.65628e-05
0.0002112
0.00018195
0.000247692
0.000232546
0.000280615
0.000330835
0.000364571
0.000447931
0.00027956
0.00036712
0.00035956
0.000733743
0.000607834
0.000810724
0.000678108
0.000551193
0.00070439
0.000810186
0.000911364
0.00115058
0.00091384
0.000642627
0.000438178
0.000502956
0.000451161
9.42049e-05
4.20701e-06
1.96021e-05
0.000128825
0.000245883
0.000298823
0.000346615
0.00040804
0.000424923
0.0005029
0.000548796
0.000594775
0.000668796
0.000639717
0.000689297
0.000639666
0.000587285
0.000678304
0.000494034
0.000683314
0.000652166
0.000589563
0.000577588
0.000707531
0.000653568
0.000600599
0.000615959
0.000563967
0.000604765
0.000612768
0.000563626
0.000469564
0.000440434
0.000403941
0.000348277
0.000307148
0.000287727
0.000175123
0.00010566
6.97918e-05
3.98903e-05
2.32189e-05
1.09532e-05
1.61823e-07
9.03667e-08
3.73627e-06
1.14527e-05
3.01101e-05
5.61546e-05
5.4849e-05
8.80713e-05
8.24812e-05
9.30507e-05
0.000115982
0.000103056
0.000140071
0.000125453
0.000136163
0.000150101
0.000166095
0.000138645
0.000176651
0.000162924
0.00017825
0.000154244
0.000176885
0.000162223
0.000177662
9.62915e-05
9.56794e-05
0.000100295
0.000146058
0.000146541
0.000157663
0.000162553
7.58943e-05
7.59259e-05
7.59161e-05
7.59065e-05
7.58836e-05
7.57612e-05
0.000670366
0.00587705
0.0184984
0.0140763
0.00985524
0.00859668
0.00798631
0.00614342
0.00518928
0.00344964
0.0025533
0.00172829
0.00102918
0.000473526
0.000193782
0.000287323
0.000201255
0.000155592
4.40894e-08
7.54082e-06
8.69906e-06
1.39082e-05
2.5949e-05
1.71376e-05
1.40494e-06
1.17853e-05
2.97786e-06
2.59536e-05
5.67698e-05
4.78721e-05
1.24642e-05
7.81869e-06
7.2155e-05
0.000464504
0.000319932
0.000116116
6.75755e-05
2.35178e-05
1.57841e-06
1.36119e-05
2.44382e-09
1.63692e-05
0.00138069
0.000790528
0.000565916
0.000249365
0.000159146
0.000106192
2.39811e-05
2.99872e-05
1.29159e-05
2.56505e-06
3.77509e-10
3.07187e-06
1.79929e-06
1.81005e-06
4.15437e-06
7.29428e-06
5.04115e-07
2.79104e-07
3.62974e-06
7.39294e-06
2.28568e-05
2.20896e-05
0.00436423
0.00435217
0.00417199
0.00372425
0.00340495
0.00285627
0.00213108
0.00155098
0.00109743
0.000528205
7.88994e-05
4.55633e-10
6.51241e-06
0.000463065
0.000406036
0.000279769
0.000209144
0.00012416
0.000130371
5.81372e-05
3.61399e-05
1.61012e-05
6.86398e-06
7.11902e-06
4.51737e-10
3.7609e-06
8.43523e-06
1.91813e-05
3.86282e-05
6.5136e-05
6.00137e-05
0.000105085
4.58062e-05
9.55453e-05
0.000260193
0.000253457
0.000218501
0.000181519
0.000171207
0.000190465
0.000112289
0.000128485
5.42294e-05
0.000212365
0.000468903
0.000469381
0.000435832
0.000416715
0.000410667
0.000442225
0.000487396
0.000745571
0.000674954
0.000569795
0.000646685
0.000571008
0.000476136
0.000548443
0.000919452
0.000149196
0.000210896
0.000244726
0.000283353
0.000372626
0.000337666
0.000350207
0.000289721
0.000461188
0.000366372
0.000405172
0.000382613
0.000408129
0.000419935
0.00047453
0.000422946
0.000410187
0.000431319
0.000461171
0.000392982
0.000410837
0.000429015
0.00042585
0.000358562
0.000356042
0.000399993
0.000462605
0.000394293
0.000444587
0.000460074
0.00041914
0.000347031
0.000355772
0.000275075
0.000325761
0.000339332
0.000300949
0.000297402
0.000241802
0.000257857
0.000174375
0.000202609
0.000169761
0.000116317
9.92428e-05
7.67689e-05
6.9995e-05
4.5827e-05
3.16267e-05
2.44264e-05
1.87393e-05
1.41166e-05
8.85306e-06
1.29064e-06
4.92248e-07
8.09812e-08
1.76973e-06
3.56206e-06
4.41659e-06
6.28237e-06
1.72969e-05
1.9348e-05
2.01574e-05
1.85294e-05
2.92747e-05
3.16505e-05
3.40817e-05
3.8377e-05
5.49589e-05
3.34865e-05
4.37423e-05
3.6358e-05
9.06035e-05
7.2133e-05
7.2211e-05
7.23597e-05
7.21891e-05
7.23084e-05
7.25161e-05
0.00224218
0.00311328
2.52557e-05
0.0147047
0.0121039
0.00856983
0.00927467
0.0108618
0.00960165
0.0098601
0.00831284
0.00683869
0.00486022
0.00355259
0.00193552
0.00123053
0.000451327
0.000364962
0.000127274
7.60685e-05
2.02211e-05
2.03344e-05
1.88452e-06
5.06434e-08
6.17734e-06
8.45859e-06
0.00010226
7.5162e-05
7.66284e-05
0.000210707
0.000163776
9.76958e-05
0.000134986
0.000391722
0.000306128
0.000317967
0.000268007
0.000292977
0.000249313
0.000198676
0.000207763
0.000179141
0.000155758
9.82229e-05
8.78932e-05
8.68087e-05
0.00010665
3.07869e-05
0.000210495
0.000212156
0.000165981
0.000130385
9.12532e-05
2.1389e-05
5.5146e-05
0.000180746
0.000159147
0.00016019
0.000183015
0.000729631
0.000476154
0.000356929
0.00028187
0.000173544
0.000136048
6.96526e-05
0.000722236
0.000625513
0.000415965
0.000299492
0.000198074
0.00010237
6.90267e-05
4.75242e-05
3.10353e-05
0.00267854
0.00270048
0.00270185
0.00236693
0.00179011
0.00118211
0.000663746
0.000586735
8.92706e-07
0.000137767
0.000509798
0.000713301
0.00046613
0.00034146
0.000281195
0.000188379
0.000202802
0.000107567
6.05535e-05
4.43686e-05
1.27433e-05
1.24064e-06
5.00631e-06
6.96102e-06
1.08682e-05
1.19203e-05
8.05643e-06
4.58461e-06
1.13655e-05
2.58696e-05
1.54111e-05
1.18878e-05
3.51726e-05
8.27852e-05
4.88541e-05
3.00464e-05
9.45742e-05
1.47488e-05
4.33395e-05
1.39474e-05
8.13697e-05
8.69932e-05
0.000526957
0.000187188
0.000174286
0.000313322
0.000314558
0.000502678
0.00046925
0.000412014
0.000341922
0.000575106
0.000850768
0.000902618
0.00066655
0.000737366
0.000317211
0.00060731
0.000588975
0.000513597
0.000505142
0.000481625
0.000446361
0.000439461
0.00044313
0.000355211
0.000405512
0.000352311
0.00032432
0.000381783
0.000373627
0.000365514
0.000389075
0.000340566
0.000308883
0.000319675
0.000299605
0.000259426
0.000300667
0.000219501
0.000156348
0.00020059
0.000201151
0.000188904
0.000179836
0.000155939
0.000160522
0.000156259
8.93617e-05
9.54931e-05
8.41645e-05
9.73825e-05
6.61347e-05
6.45083e-05
5.65831e-05
5.28389e-05
2.34768e-05
4.08521e-05
1.18906e-05
2.30657e-05
1.61248e-05
1.35728e-05
6.12414e-06
6.27557e-06
3.88656e-06
3.94341e-06
3.06996e-06
1.64005e-06
2.37809e-06
8.76882e-07
2.29397e-07
4.42388e-07
2.9014e-07
6.20682e-07
1.61621e-09
4.72587e-08
2.19309e-06
4.50962e-07
6.76392e-07
2.10756e-06
7.21051e-07
2.27899e-07
6.69161e-07
6.38807e-07
1.56349e-06
6.22869e-07
4.73e-07
5.31275e-07
6.90113e-07
1.36745e-07
1.14989e-07
2.40611e-08
7.48163e-07
6.52548e-06
9.51836e-05
9.68982e-05
9.92882e-05
0.000101869
0.000105263
0.000109551
0.000114268
0.000117658
0.00327461
0.00466859
4.40365e-06
0.000331693
0.00342018
0.00270694
0.00286441
0.00261304
0.00229514
0.00199252
0.000896439
0.000365564
0.000154812
3.95892e-05
2.46415e-05
2.48647e-06
1.68544e-06
1.23912e-06
7.97777e-06
4.82776e-05
6.70854e-05
0.000103128
0.000103198
0.000105723
0.000146625
0.000215433
0.000317465
0.000135575
0.000243301
0.000185203
0.00013547
4.98705e-05
3.74341e-05
0.000162568
0.00187253
0.00198456
0.0014373
0.000684505
0.0018615
0.00132731
0.000741622
0.000575893
0.000280862
8.51128e-05
6.12686e-05
2.57712e-05
1.27485e-06
6.24273e-07
8.14277e-09
5.17007e-06
1.2509e-05
4.28527e-06
1.71699e-06
1.79605e-05
2.22126e-06
1.74217e-05
1.04331e-05
1.60613e-05
2.61931e-05
9.54431e-06
7.78052e-08
5.28079e-06
2.10743e-05
6.79745e-09
0.0116851
0.00631909
0.00350761
0.00228545
0.000990764
0.000473042
0.000188326
7.78815e-05
5.00422e-05
2.43369e-05
1.59874e-05
2.14202e-08
0.00725522
0.00671432
0.00626433
0.00574194
0.00499348
0.00451867
0.00378773
0.00289868
0.00178307
0.00116766
0.000416855
0.000220714
0.000241554
0.000502155
0.000377433
0.000321651
0.00023796
0.000215768
0.000169956
0.000114847
9.5523e-05
3.2508e-05
1.54243e-05
1.69091e-07
7.27894e-07
4.91954e-06
1.64463e-05
2.3736e-05
8.00936e-05
5.05933e-05
9.19444e-05
0.000171956
0.00016212
0.000141905
0.000159104
0.000256089
0.000165306
0.0003059
0.000204598
0.000306189
0.000173662
0.000278372
0.000169439
0.000237444
0.0002466
0.000192718
0.000372534
0.000350686
0.000404742
0.000398803
0.000559947
0.000423474
0.000302452
0.00040563
0.000354563
0.000341667
0.000520517
0.000377146
0.000346875
0.000404788
0.000430545
0.000330452
0.000334054
0.000360222
0.000385492
0.000303773
0.00029939
0.000374305
0.000371954
0.000277745
0.000391786
0.000343784
0.000304466
0.000383371
0.000459704
0.000347744
0.000387504
0.000342566
0.000331829
0.000317433
0.000311942
0.000405547
0.000356841
0.000304763
0.000357288
0.000372876
0.000413075
0.000451262
0.000369055
0.000393809
0.000349031
0.000318285
0.000402965
0.000305525
0.000244066
0.000259937
0.000370658
0.000358573
0.000335555
0.00025216
0.000278065
0.000327344
0.000330622
0.000263967
0.000366514
0.000266121
0.000332307
0.000312929
0.000455314
0.000289924
0.000267964
0.000328348
0.000358582
0.00024911
0.000299533
0.000269825
0.000235384
0.000207319
0.000192935
0.000166377
0.000146802
0.000125289
0.000111059
9.97465e-05
8.29666e-05
6.85438e-05
0.000294799
0.000153564
0.000127288
0.000190863
0.000156427
0.000132627
0.000109298
9.14165e-05
6.73908e-05
5.66554e-05
4.46466e-05
3.51993e-05
2.70753e-05
2.25167e-05
2.16399e-05
1.59042e-05
1.31308e-05
1.15353e-05
8.27082e-06
5.53257e-06
4.19858e-06
2.17548e-06
1.08321e-06
0.000485157
0.000459499
0.000438155
0.000400931
0.000383027
0.0003646
0.000362771
0.000335485
0.000310506
0.000271237
0.000245043
0.000227978
0.000207014
0.000190931
0.000169897
0.000155425
0.000133297
0.000112262
8.56519e-05
7.11296e-05
6.75936e-05
2.84429e-05
1.25604e-05
6.0366e-06
9.43755e-06
3.87772e-06
9.62518e-07
5.10005e-06
2.36213e-06
7.51007e-06
1.23388e-05
3.25042e-05
5.30795e-05
8.05137e-05
0.00010452
7.66707e-05
0.000106646
0.0001396
0.00018094
0.000151425
5.84378e-05
2.1534e-05
2.16396e-05
1.56801e-06
4.07995e-07
1.44823e-05
1.42756e-05
3.49923e-06
1.32579e-06
2.40977e-05
6.12821e-05
2.18061e-05
3.29432e-05
0.00011139
0.00018368
9.35624e-05
6.63926e-05
0.000114061
0.000171692
0.000240799
0.000176446
0.000149218
0.000234925
0.00051716
0.000528654
0.000718932
0.000517613
0.000702051
0.000544989
0.000666831
0.000589931
0.000965312
0.000526227
0.000626236
0.000689842
0.00102899
0.000665457
0.00088433
0.00104472
0.000870996
0.00104442
0.000673046
0.000782754
0.000470924
0.000593715
0.000576643
0.000498301
0.000601572
0.000873513
0.0010596
0.00101425
0.00124378
0.000734859
0.00108078
0.00106027
0.000997572
0.000987577
0.000956249
0.000783727
0.000912474
0.000857342
0.00100626
0.000996081
0.000963979
0.000996429
0.000986755
0.00093351
0.000739418
0.000880295
0.000874555
0.000845868
0.000831092
0.000789176
0.000763595
0.000694943
0.000648022
0.000712576
0.000631992
0.00063335
0.000613436
0.000621143
0.000536047
0.000539441
0.000520211
0.000528646
0.000521764
0.000533357
0.000500349
0.00047512
0.000479096
0.000463834
0.000418318
0.000423049
0.000416345
0.000453213
0.000469894
0.000473319
0.000455356
0.000442936
0.000435967
0.000407574
0.000367494
0.000262825
0.000261955
0.000252533
0.000423655
0.000427147
0.000408977
0.000392763
0.000382493
0.000271914
0.000381964
0.000386627
0.000366302
0.000317992
0.000320414
0.00035904
0.000330694
0.000313681
0.000328307
0.000331495
0.00031793
0.000320495
0.000308408
0.000257537
0.000255664
0.000244295
0.000246841
0.000244971
0.000228495
0.000225883
0.000211
0.00021329
0.000210752
0.000193503
0.000168887
0.000157068
0.000141993
0.000112775
0.000107061
9.32777e-05
9.50584e-05
8.63605e-05
8.29669e-05
7.85766e-05
6.18478e-05
4.63518e-05
4.1809e-05
3.61555e-05
3.54719e-05
3.20696e-05
2.70731e-05
1.09216e-05
6.58787e-06
1.2803e-05
9.9119e-06
1.31374e-06
4.99177e-07
1.25621e-09
3.24673e-07
1.19964e-06
1.62337e-06
2.97386e-06
8.63499e-06
1.12663e-05
1.63492e-05
1.74518e-05
2.04227e-05
2.74729e-05
2.64282e-05
3.53216e-05
4.54818e-05
5.26649e-05
5.73819e-05
6.52065e-05
6.60822e-05
7.02668e-05
7.96711e-05
8.62379e-05
8.95347e-05
9.603e-05
0.000100519
0.000103769
0.000108457
0.00011276
0.000122073
0.000122009
0.000123622
0.000130392
0.00013352
0.000133217
0.000152687
0.00015304
0.000165122
0.000173487
0.000171823
0.000173509
0.000180529
0.000179195
0.000188534
0.000185356
0.000186635
0.000195823
0.000193232
0.000185251
0.000195918
0.00019225
0.00019186
0.000209055
0.000204204
0.000192522
0.000209005
0.00018701
0.000183268
0.000184169
0.000201208
0.000198744
0.000195273
0.000197164
0.000192189
0.000220317
0.000224156
0.00023605
0.000215233
9.21022e-05
9.20872e-05
9.20687e-05
9.20563e-05
9.204e-05
9.20284e-05
9.20284e-05
9.20056e-05
9.21445e-05
9.21092e-05
9.27265e-05
0.000167429
0.00016645
0.00016681
0.000989383
6.92692e-05
8.43845e-05
0.000102339
8.49856e-05
0.0015336
0.00133398
0.00158778
0.00140858
0.00151793
0.00135143
0.000995068
0.000862132
0.000437167
0.000359175
0.000332677
0.000135378
0.000104626
4.60423e-06
7.86251e-07
3.37305e-05
4.27072e-05
3.82588e-05
6.86603e-05
7.33977e-05
6.81799e-05
2.04591e-05
0.000120546
0.00012786
0.000212211
0.000216813
0.000279043
0.000281954
0.000173105
0.000170791
0.00011942
8.28235e-05
8.60265e-05
7.72356e-05
4.52595e-05
4.56173e-05
5.89687e-05
5.79995e-05
5.09475e-05
9.93087e-05
0.000102039
9.81133e-05
8.61233e-05
0.000156187
0.0001142
0.000101939
5.61329e-05
3.55802e-05
3.85029e-05
2.46726e-05
5.96387e-07
4.47497e-07
3.62208e-06
2.66261e-06
2.2191e-05
1.08575e-05
3.24079e-06
1.11253e-07
2.77396e-05
3.20669e-05
7.02669e-05
6.4028e-05
1.8147e-05
2.03478e-05
1.97973e-05
1.05823e-05
9.36529e-06
2.11061e-05
2.25246e-05
2.47187e-05
2.44033e-05
2.23397e-05
1.46871e-06
6.08332e-06
8.18436e-05
8.17684e-05
4.05256e-05
6.4119e-05
0.000159434
0.000196341
0.000228843
0.000293077
0.000237595
0.000293161
0.000400512
0.000553134
0.000329074
0.000311088
0.000395863
0.000380936
0.000442775
0.000388876
0.000483856
0.000786523
0.000679251
0.000372597
0.00074876
0.000477047
0.000898139
0.000471844
0.000891667
0.00075003
0.000632109
0.00111202
0.000939707
0.000672906
0.000756282
0.000630989
0.000811931
0.000896215
0.0215235
0.0139777
0.0080901
0.00423832
0.00216545
0.00114012
0.000510623
0.000243898
8.43882e-05
4.00174e-05
2.20847e-05
6.17878e-06
3.87078e-06
1.14682e-06
1.91271e-07
1.44276e-07
3.11581e-07
1.4322e-08
6.41617e-08
9.91499e-07
1.31376e-07
8.54693e-07
1.53599e-06
7.09037e-07
5.14557e-06
0.00010402
7.72269e-05
2.55487e-05
1.68424e-05
1.24901e-05
7.85764e-06
1.53841e-06
2.40697e-06
5.65616e-06
0.00574343
0.00539706
0.00509227
0.00478637
0.00371111
0.00334732
0.0029412
0.00273925
0.00259226
0.00251091
0.0022628
0.00205484
0.00172102
0.00161415
0.00132124
0.00107288
0.000913552
0.000873193
0.000615413
0.000529983
0.000251595
0.000266476
8.73051e-05
6.15764e-05
1.43885e-06
7.2975e-06
5.45789e-06
7.95591e-05
9.20848e-05
0.000373318
0.000412693
0.000456499
0.0011012
0.00113854
0.000764211
0.00105193
0.00113531
0.000963334
0.000985877
0.000857548
0.000586291
0.000693769
0.000554048
0.000498804
0.000387921
0.000421542
0.000421803
0.000368015
0.000386282
0.000345345
0.000291007
0.000325828
0.000231719
0.00018013
0.000202874
0.000208799
0.000149157
0.00016858
0.000103697
8.9735e-05
7.0097e-05
9.62221e-07
3.65704e-06
6.53842e-10
1.11028e-05
3.20989e-06
1.76319e-07
1.25341e-06
1.6087e-06
1.52695e-05
6.59735e-06
3.12675e-05
3.62802e-05
2.63787e-05
4.33229e-05
2.56044e-05
2.32483e-05
8.39638e-05
6.2577e-05
0.000123722
3.98478e-05
6.41956e-05
0.000101498
7.89269e-05
4.9123e-05
5.41327e-05
2.74027e-05
8.73273e-05
7.1955e-05
0.000165321
0.000158904
0.000112914
0.000158179
0.000165139
0.000131775
0.000293793
0.000154622
0.000194784
0.000233213
0.000238379
0.00016971
0.000128194
0.000274618
0.000440508
0.000269067
0.000282253
0.000378863
0.00046406
0.000394835
0.000557006
0.000306149
0.000490081
0.000388172
0.000497451
0.000555054
0.000312769
0.000489692
0.000653648
0.00044178
0.00055908
0.000595563
0.000489192
0.000345248
0.000526826
0.000408253
0.000157419
4.71945e-05
0.000188474
0.000320594
0.000430869
0.000523817
0.000224964
0.00032402
0.000159328
0.000248361
0.000219359
0.000296912
0.000318973
0.000481031
0.00032493
0.000434589
0.000388675
0.000528916
0.000758014
6.03269e-05
0.000937056
0.000130618
0.0001583
0.000236354
0.000253888
0.000290874
0.000224438
0.00026622
0.000379602
0.000383901
0.000404367
0.000418154
0.000407526
0.000406475
0.000320173
0.000327029
0.000366147
0.000362109
0.000376166
0.000379293
0.000383444
0.000378348
0.000337896
0.000353938
0.00040329
0.000373752
0.000445749
0.000444732
0.000362342
0.000356254
0.000343024
0.000355968
0.00032413
0.000359766
0.000372091
0.000357348
0.000371985
0.000366168
0.000342649
0.000331445
0.000342632
0.000330859
0.000282917
0.000268768
0.000327326
0.000337562
0.000321659
0.00033795
0.000347579
0.000343543
0.000259906
0.000263333
0.000372281
0.000380574
0.000369524
0.000295998
0.000304667
0.000300447
0.00033079
0.000324042
0.000321325
0.000328916
0.000320232
0.000262295
0.000251005
0.000275897
0.000278122
0.000273592
0.000258665
0.000259225
0.000243576
0.000241603
0.000176853
0.000161622
0.000149336
0.000180509
0.000177655
0.000170221
0.000129599
0.000124445
0.000112321
0.000102357
8.66514e-05
0.000114855
0.000112137
0.000102693
7.74381e-05
7.3307e-05
6.33422e-05
7.21046e-05
6.9297e-05
5.73315e-05
2.98405e-05
2.39248e-05
2.18696e-05
1.88277e-05
1.09883e-05
8.99499e-06
5.84571e-06
3.76186e-06
2.75095e-06
3.56322e-08
2.58029e-07
1.2883e-06
2.41925e-06
4.60993e-06
6.22881e-06
8.04872e-06
8.18266e-06
1.83123e-05
2.13921e-05
2.44747e-05
2.41734e-05
3.08036e-05
3.3195e-05
3.76654e-05
4.22918e-05
5.35239e-05
5.68315e-05
6.38173e-05
6.27623e-05
6.45547e-05
6.65858e-05
7.20681e-05
7.27872e-05
7.36289e-05
7.9294e-05
8.63566e-05
9.64078e-05
9.91087e-05
9.62087e-05
9.78712e-05
9.48434e-05
9.38893e-05
9.5938e-05
0.000107106
0.000107794
0.000119795
0.000122145
0.000127462
0.000127406
0.00013224
0.000184573
0.000173716
0.000167572
0.000160689
0.000159209
0.000154952
0.000153523
0.000154345
0.000153937
0.000152263
0.00015018
0.000150455
0.000157916
0.000159698
0.000145093
0.000142491
0.000145532
0.00014514
0.000143751
0.000141351
0.000141186
0.00014073
0.000143364
0.000156041
0.000161618
0.000148692
0.000146167
0.000147738
0.000145801
0.000173128
0.000178025
8.92649e-05
8.92774e-05
8.92748e-05
8.9262e-05
8.92865e-05
8.92395e-05
8.91695e-05
8.91724e-05
8.91782e-05
8.92542e-05
9.10106e-05
9.10062e-05
9.13201e-05
0.00391347
0.00365894
0.00058377
0.000582656
0.000753584
0.000621799
0.00182059
0.00163624
0.00169945
0.00155715
0.00142963
0.00128776
0.000889413
0.000821936
0.00072321
0.000305549
0.00024598
0.000115319
8.65373e-05
1.92652e-05
1.17644e-05
1.66004e-05
8.50396e-06
7.92882e-08
8.26411e-07
8.89756e-06
1.33059e-05
1.13794e-05
1.58639e-05
3.74697e-05
3.96563e-05
9.15858e-05
9.52369e-05
0.000172696
0.000172083
0.000157958
0.000155716
0.000162558
0.000162983
0.000152908
0.000124057
0.000121478
0.000222722
0.000198207
0.00011057
8.71632e-05
6.637e-07
0.00165061
0.00131896
0.000924774
0.000716535
0.000562678
0.000433243
0.000646787
0.000494764
0.000438243
0.000326272
0.000285395
0.0002207
0.000158033
9.15333e-05
6.26316e-05
9.9412e-05
2.59064e-05
1.25816e-05
5.08478e-05
3.06362e-05
1.18448e-05
4.71398e-06
2.70084e-05
1.35512e-05
4.91045e-06
5.26042e-07
2.78854e-07
1.39235e-07
1.49052e-05
1.74756e-05
8.63228e-07
3.15101e-08
2.59552e-08
1.8871e-05
0.00375758
0.0030982
0.00175894
0.00134657
0.00112241
0.000816448
0.000630054
0.000927325
0.000687962
0.000572203
0.00058464
0.000420963
0.000353222
0.000243934
0.000209319
2.00628e-05
8.01233e-06
1.49443e-06
2.08276e-06
4.02724e-06
9.60648e-06
8.14146e-05
4.94705e-05
4.60987e-05
2.51513e-07
2.81103e-06
2.22021e-06
2.66601e-05
3.62219e-05
2.84559e-05
2.13547e-05
2.69813e-05
1.36533e-07
2.37748e-06
5.33596e-05
3.11493e-05
3.10091e-06
1.22e-07
5.34836e-07
2.31288e-05
3.0816e-05
2.17982e-05
6.13122e-05
3.61839e-05
5.6226e-06
1.05563e-05
3.96295e-06
4.45408e-07
8.01815e-07
1.27026e-07
1.68519e-06
6.13338e-06
1.01005e-06
8.0017e-07
2.2934e-07
0.000333413
0.000965963
0.000700011
0.000557472
1.38527e-05
0.000256428
0.00194252
0.00138599
0.00107022
0.00068281
0.000463438
0.000380476
0.000257881
0.000140724
9.90892e-05
0.000135332
8.22405e-05
6.52824e-05
7.07748e-05
4.39287e-05
1.01762e-05
4.87799e-06
2.72119e-06
1.85186e-07
7.84829e-07
2.82592e-06
2.13763e-07
1.08098e-06
1.02729e-05
3.51935e-06
5.74131e-06
2.99201e-06
1.05608e-06
3.5857e-06
3.21457e-06
7.92554e-07
3.15821e-06
4.20551e-07
1.22395e-06
1.44496e-06
3.46973e-06
1.11971e-05
3.44597e-06
1.00169e-05
1.93304e-05
1.3435e-05
0.00148197
0.001128
0.000756171
0.00276628
0.0024623
0.00122959
0.00154621
0.000669287
0.000624893
0.000362542
4.91161e-05
5.82238e-07
4.60212e-05
3.85208e-05
0.000189844
8.39561e-05
9.97499e-05
9.87816e-05
7.59473e-05
8.94467e-05
6.18761e-05
5.09426e-05
5.89495e-05
4.52571e-05
3.70662e-05
4.83517e-05
6.10741e-05
4.91604e-05
5.67973e-05
4.22548e-05
3.44468e-05
3.77226e-05
4.69342e-05
2.31704e-05
3.02378e-05
2.74052e-05
1.16524e-06
1.61707e-06
6.86933e-06
2.25297e-07
9.46047e-07
2.69821e-06
2.60843e-07
4.87335e-06
2.38487e-06
1.10423e-05
1.99908e-05
3.66789e-05
2.12227e-05
3.25466e-05
6.68803e-05
6.28844e-05
7.0829e-05
3.1385e-05
4.92863e-05
8.5325e-05
0.000198308
5.25423e-05
0.000198881
0.000188688
0.000174171
0.000242189
0.000243613
0.000340201
0.000702587
0.00054982
0.00046442
0.000319
0.000298991
0.000247081
0.00017632
0.000128733
9.84678e-05
5.97644e-05
3.26824e-05
2.03799e-05
5.98051e-06
1.51414e-06
2.85637e-08
2.04139e-06
1.47002e-06
2.65875e-05
4.86715e-05
5.52497e-05
6.64812e-05
9.95145e-05
0.000135727
0.000175847
0.000224829
0.000224537
0.000350914
0.000375629
0.000431595
0.000435802
0.000460199
0.000547688
0.00065916
0.000687411
0.000780217
0.000721989
0.000745264
0.000805862
0.000759503
0.000834691
0.000976433
0.00109041
0.0012023
0.00118813
0.00121207
0.00128631
0.00136552
0.00140882
0.00148037
0.00143922
0.00125251
0.00124743
0.00131391
0.00127951
0.00151859
0.00150011
0.00139666
0.00139969
0.00141052
0.00158418
0.00151273
0.00142014
0.0014318
0.00135197
0.00145799
0.00134401
0.00109135
0.00111173
0.00104938
0.00118228
0.00109025
0.000975039
0.000933865
0.00106166
0.000996464
0.000867155
0.000807977
0.00075694
0.000845058
0.000757751
0.000708888
0.000731462
0.000674449
0.000773013
0.000696592
0.000621665
0.000633817
0.000589801
0.000494814
0.000490876
0.000439576
0.000544745
0.000494823
0.000449348
0.000332843
0.000318288
0.00027812
0.000312758
0.000254379
0.000209182
0.000178148
0.000166762
0.000151369
0.000111961
9.37361e-05
8.25623e-05
5.80885e-05
3.34741e-05
2.15524e-05
1.98096e-05
1.49421e-05
4.48198e-06
2.18743e-06
1.42985e-07
2.73992e-06
3.70725e-06
7.98506e-06
1.70466e-05
2.32215e-05
3.69211e-05
4.27454e-05
5.40386e-05
6.54815e-05
7.5506e-05
8.03929e-05
8.87361e-05
9.20331e-05
0.000104891
0.000108713
0.000120034
0.000124863
0.000133694
0.000134677
0.00016097
0.000164696
0.000156598
0.000157348
0.000171229
0.000172799
0.000189552
0.000197867
0.000206568
0.000222472
0.00022268
0.000227618
0.000172266
0.000180932
0.000181219
0.000144079
3.84944e-05
5.80566e-05
0.000618744
0.000563493
0.00171802
0.00045819
0.000339513
0.000315609
0.000686907
0.00019752
0.000116541
0.000285113
0.000487244
0.000505911
2.04904e-05
3.16656e-05
0.000527804
0.000389937
0.000343025
0.000276134
0.000197229
0.000524034
0.00041108
0.00048652
0.000384335
0.000162235
0.000130043
0.00021636
0.000208492
0.000190278
6.38074e-05
4.27671e-05
8.56234e-07
7.30792e-08
1.89772e-07
1.95447e-06
1.16503e-06
5.86436e-06
1.70173e-05
1.59917e-05
2.13682e-05
8.14066e-06
7.12282e-06
4.03571e-06
6.36215e-06
7.95536e-06
4.73389e-06
7.03815e-06
4.44341e-06
1.24009e-05
1.1359e-05
2.85989e-05
2.7812e-05
7.82717e-06
7.02628e-06
8.61766e-05
8.48447e-05
7.60511e-05
3.28423e-06
7.29499e-06
1.34592e-06
4.3442e-06
3.80073e-06
1.40293e-06
1.2994e-07
9.4354e-09
2.77963e-06
4.7311e-07
7.88271e-05
4.31643e-05
8.97178e-05
4.97868e-05
7.38664e-06
1.06918e-05
6.97338e-06
5.03976e-07
1.02719e-06
8.05507e-07
1.57039e-05
7.51246e-06
1.14595e-05
1.16488e-05
7.87393e-05
6.84088e-05
6.33455e-05
0.000128215
9.46329e-05
7.01777e-05
6.41075e-05
5.6374e-05
3.13526e-05
2.23038e-05
9.81174e-06
6.04764e-06
2.37414e-07
5.8291e-06
1.29803e-05
1.34436e-05
2.46029e-05
1.67132e-05
1.05581e-05
2.13239e-05
4.47325e-08
1.06412e-06
2.48506e-05
9.12097e-05
0.00014243
9.23757e-05
9.0876e-05
0.000109314
3.02302e-05
4.22904e-05
6.75813e-05
8.38318e-05
7.02764e-05
4.71819e-05
5.87532e-05
5.24323e-05
5.68125e-05
3.76878e-05
5.05644e-05
4.69177e-05
8.50534e-05
8.75979e-05
9.86013e-05
5.54289e-05
6.79283e-05
8.89441e-05
0.000102779
6.81264e-05
7.86615e-05
0.000101417
0.000113051
5.4639e-05
6.29847e-05
0.000101712
0.000100603
0.00011224
0.00011775
8.94527e-05
9.45499e-05
8.45671e-05
8.86384e-05
5.21841e-05
5.55753e-05
4.71605e-05
6.86049e-05
7.00699e-05
5.13244e-05
4.08472e-05
3.95805e-05
3.72787e-05
4.19528e-05
3.98686e-05
2.23196e-05
2.05797e-05
1.7049e-05
1.17601e-05
1.06597e-05
9.14821e-06
7.94371e-06
7.4019e-06
4.39408e-06
4.28927e-07
6.17367e-07
9.24954e-07
0.000275403
0.0165716
0.0146418
0.0131664
0.0111924
0.00886652
0.0114818
0.00629367
0.00741113
0.00607432
0.00027501
0.000347242
0.000592181
0.000929581
0.000744161
0.00057716
0.000717117
0.000619464
0.000723359
0.000721643
0.000721452
0.000616425
0.000539112
0.000621379
0.000517468
0.000424024
0.000360737
0.000231092
0.000168157
0.000183203
4.377e-05
2.33179e-05
1.00706e-05
1.94834e-05
1.01929e-07
0.000165472
0.000164876
0.000678256
0.00070611
0.000419005
0.000933671
0.000969252
0.00100057
0.000948144
0.000646604
0.000555306
0.000439733
0.000450038
0.000323476
0.000282191
0.000322181
0.000280757
0.000232688
0.000157997
0.000126078
0.000120387
0.000114805
0.000130303
5.34691e-05
5.79635e-05
4.28355e-05
4.20886e-05
9.80677e-06
1.10989e-05
6.60584e-06
5.36199e-06
4.52695e-07
6.59893e-06
3.34466e-07
6.41969e-07
1.74304e-05
1.99802e-05
9.07405e-06
6.38093e-06
3.4375e-05
1.83271e-05
1.08737e-05
2.05134e-05
2.40574e-05
1.60252e-05
2.21332e-05
5.08116e-05
7.3268e-05
0.000107445
7.77992e-05
3.2233e-05
3.57965e-05
0.000115262
6.57296e-05
0.000168371
0.000145789
0.000252772
0.000244936
0.000158406
9.40398e-05
0.000132278
0.000160201
0.000211878
0.000274899
0.000366839
0.000430709
0.000372738
0.000416081
0.000529317
0.000615857
0.000353517
0.000610491
0.000446341
0.000787959
0.000512267
0.000639366
0.000732887
0.000471211
0.00067021
0.000591956
0.000840411
0.000762477
0.000829991
0.000677503
0.000825964
0.000681005
0.00076936
0.00104781
0.000712858
0.000857923
0.000675842
0.00109812
0.000725033
0.000995192
0.000615189
0.000683554
0.000878345
0.000723795
0.000716279
0.000475628
0.000485773
0.000473438
0.000590662
0.000651989
0.000828062
0.00100838
0.000941185
0.000512906
0.000459908
0.00055068
0.000948973
0.000534151
0.000806484
0.000369552
0.000355299
0.00081383
0.000428423
0.000417864
0.000418618
0.000480194
0.000475556
0.00041631
0.000430109
0.000426714
0.00037295
0.000216677
0.000433859
0.000256113
0.000255544
0.000211361
0.000220203
0.000474726
0.000276227
0.000431843
0.000262579
0.00043407
0.000433571
0.000403823
0.000406193
0.00034756
0.000209104
0.000428295
0.000282859
0.000281041
0.000412346
0.000278538
0.0003598
0.000357433
0.000310894
0.000256244
0.000321548
0.000311453
0.000279963
0.000283096
0.000260102
0.000266508
0.000255054
0.000179039
0.000184222
0.000266797
0.000270952
0.000259428
0.000252786
0.000262453
0.000258828
0.00028658
0.000286341
0.000283712
0.000284292
0.00028773
0.000270705
0.000299925
0.000308025
0.000292294
0.000260832
0.000245344
0.000240407
0.000234962
0.000188501
0.000182413
0.000214264
0.000203175
0.000233343
0.000234847
0.000221458
0.000172282
0.000169718
0.000164267
0.000176728
0.000177266
0.000170801
0.000165396
0.000146287
0.00013346
0.000115128
0.000112781
0.000104946
9.85653e-05
9.55893e-05
9.10564e-05
8.60572e-05
6.48793e-05
5.34449e-05
5.14858e-05
4.70493e-05
3.96146e-05
3.2873e-05
2.88439e-05
2.41068e-05
1.52492e-05
1.13442e-05
1.37729e-05
1.07285e-05
8.11551e-06
5.77036e-06
3.69405e-06
2.74494e-06
1.24111e-06
1.33295e-06
9.14119e-07
1.52851e-07
1.00791e-06
2.1043e-06
2.11052e-06
4.32586e-06
6.23453e-06
7.4714e-06
1.021e-05
1.16145e-05
1.42168e-05
1.84562e-05
2.07956e-05
3.4498e-05
3.76461e-05
4.22828e-05
3.26588e-05
3.35563e-05
3.65645e-05
4.57989e-05
4.71869e-05
4.65658e-05
5.1288e-05
5.20759e-05
5.61444e-05
6.15554e-05
6.23065e-05
6.67264e-05
7.7334e-05
7.87385e-05
8.41213e-05
8.5748e-05
8.81327e-05
0.000102573
0.000105004
9.03093e-05
8.96617e-05
9.13609e-05
9.70048e-05
9.89447e-05
0.000100332
0.00010078
9.21536e-05
9.14002e-05
9.3713e-05
6.75963e-05
6.78487e-05
6.99513e-05
6.76831e-05
6.94623e-05
7.05831e-05
6.81829e-05
6.77366e-05
7.02073e-05
6.92918e-05
6.9954e-05
7.5235e-05
7.38691e-05
7.30649e-05
7.23637e-05
7.42679e-05
6.45282e-05
6.35142e-05
6.45618e-05
6.80617e-05
6.71938e-05
6.99738e-05
6.35265e-05
6.25891e-05
6.32744e-05
6.06024e-05
6.2226e-05
6.46618e-05
6.45012e-05
5.83705e-05
5.90098e-05
6.35365e-05
6.35933e-05
6.94102e-05
7.34663e-05
5.70213e-05
6.04172e-05
5.19423e-05
5.27364e-05
5.68382e-05
5.69443e-05
5.75561e-05
0.00012232
0.000120738
0.000124115
0.000125337
0.000125172
0.000125306
0.000127545
0.000122172
0.000125533
8.98836e-05
8.97174e-05
7.91816e-05
7.97948e-05
7.86216e-05
0.000119552
0.00011877
1.28178e-05
3.18622e-06
4.04885e-05
5.63338e-05
0.0016734
0.00145672
0.00231072
0.0021045
0.00160625
0.00147308
0.00264681
0.00236552
0.000653495
0.000562193
0.000367178
0.000309367
0.000295018
0.000248495
0.000234463
9.46108e-05
7.68979e-05
0.000135471
9.23424e-05
5.42757e-06
8.70983e-06
7.0549e-06
1.04619e-05
1.27631e-05
8.95775e-06
9.32875e-05
9.02378e-05
4.20856e-05
4.15073e-05
2.96503e-06
1.224e-07
1.90992e-07
9.05837e-05
8.34043e-05
6.95808e-05
5.76606e-05
2.08701e-06
5.8084e-06
2.82811e-05
4.19508e-05
4.10059e-05
6.03638e-06
2.38245e-05
4.75505e-06
1.18288e-05
8.3129e-05
8.66535e-05
0.000159513
0.000169303
0.000180005
2.91485e-06
1.52983e-08
5.57615e-10
4.78164e-06
1.39084e-05
1.06573e-05
2.34922e-06
7.26563e-06
8.23955e-06
3.79164e-08
8.50922e-07
1.35812e-06
6.96816e-06
1.63848e-06
1.42979e-06
1.62996e-05
2.4685e-05
4.61543e-06
7.63104e-06
7.06906e-05
8.10056e-05
7.0449e-05
4.65637e-05
4.95473e-05
8.7886e-05
9.02424e-05
7.08405e-06
8.93865e-06
3.07258e-05
3.11561e-05
3.1219e-05
3.33242e-05
2.9107e-05
7.54722e-05
7.50736e-05
7.09155e-05
7.42849e-05
6.87086e-05
5.64103e-05
7.3917e-06
5.81719e-06
4.56999e-06
9.56525e-06
6.6256e-06
5.11324e-06
1.2308e-07
1.74801e-06
6.68024e-07
3.23791e-07
1.04201e-06
8.22465e-08
9.3572e-08
2.56192e-06
9.60504e-06
2.13377e-05
4.00982e-05
2.41179e-05
4.96911e-05
4.63682e-05
7.96432e-05
0.000106475
0.000121681
0.000180345
0.000176531
8.76269e-05
0.000144417
0.000145881
0.000223648
0.000248189
0.000360284
0.00035567
0.000299977
0.000267902
0.0017931
5.95224e-05
0.00165537
0.00125279
0.000982832
0.000896964
0.00112218
0.000874285
0.000787133
0.000501044
0.000368817
0.000326422
0.000312437
0.000210695
0.000197993
0.000160717
9.9485e-05
9.46983e-05
8.45909e-05
4.72606e-05
1.7824e-05
6.45389e-06
1.75295e-05
4.13275e-06
5.98459e-06
8.92822e-07
2.39664e-07
6.29597e-06
2.62366e-07
4.14112e-07
2.94566e-09
3.13817e-06
1.4095e-06
3.6693e-11
1.98556e-05
3.1453e-05
4.93883e-05
3.59034e-05
3.47077e-06
1.19346e-05
8.74832e-06
2.30477e-05
3.86897e-05
2.50633e-05
2.98055e-05
3.75614e-05
5.25668e-05
5.71261e-05
1.71349e-05
2.97881e-05
2.32926e-05
1.00188e-05
9.41917e-06
6.56369e-06
0.036108
0.0323434
0.0286527
0.0252549
0.0219363
0.0183061
0.0153775
0.012345
0.00980655
0.00757539
0.0056676
0.00427763
0.00513611
0.00429604
0.00392479
0.00265822
0.00261204
0.00158757
0.00136835
0.000699071
0.000571669
0.000538724
4.61025e-05
0.000160885
1.95976e-07
1.37618e-06
7.53718e-06
3.25505e-07
6.4425e-06
2.11988e-06
3.70929e-06
1.88071e-06
6.20202e-06
8.32868e-06
3.97533e-06
5.23741e-07
2.2693e-06
1.78776e-06
5.19599e-07
3.03423e-06
4.89756e-06
6.78887e-06
1.27769e-06
3.07279e-06
1.32145e-06
4.85182e-06
2.03279e-06
1.70916e-05
1.38414e-05
1.71099e-05
1.92567e-05
2.32099e-05
4.06305e-05
5.64002e-05
7.91201e-05
7.89462e-05
4.87239e-05
0.000101707
0.000183086
0.000172719
0.000155343
0.000230448
0.000228581
0.000264783
0.00022243
0.00029473
0.000326792
0.000342755
0.000316755
0.000373481
0.000305474
0.000370473
0.000293953
0.000309907
0.000348464
0.000291981
0.000399459
0.000351955
0.000417352
0.000331924
0.00176141
0.00155026
0.00130609
0.00103964
0.000808558
0.000562923
0.000470377
0.000363727
0.000250831
0.000252343
0.000174781
0.000111315
5.45302e-05
5.16774e-05
2.16789e-05
1.94858e-06
2.34461e-06
1.29368e-08
6.40802e-06
1.34308e-05
3.27234e-05
3.75274e-05
5.05036e-05
6.48992e-05
8.44753e-05
0.000108352
0.000175073
0.000198069
0.000241973
0.000235202
0.000257671
0.000316398
0.000303989
0.000326037
0.000376717
0.000420176
0.000444454
0.000518138
0.000531454
0.000556461
0.000641934
0.000677489
0.000702671
0.000802766
0.000812299
0.000905612
0.000997744
0.00102908
0.0010552
0.00115615
0.0012822
0.00141626
0.00133004
0.00147465
0.00150452
0.00141005
0.00149016
0.00139711
0.0013027
0.00133396
0.00122326
0.0012319
0.00117189
0.00113471
0.0010616
0.00106628
0.000996883
0.00106234
0.000923176
0.000869525
0.000750366
0.000669838
0.000841299
0.000819733
0.000694246
0.000654807
0.000636029
0.000614363
0.000525811
0.000635319
0.000603065
0.000410522
0.000497634
0.000385255
0.000344234
0.000272389
0.000225179
0.00023541
0.000204885
0.000173422
0.000136888
0.000120655
0.000109573
7.96119e-05
5.87061e-05
3.68197e-05
3.80673e-05
3.2198e-05
1.65366e-05
1.4827e-05
6.00638e-06
1.51164e-06
1.10271e-07
2.01775e-07
2.14932e-06
8.28576e-06
1.25717e-05
1.82069e-05
2.31549e-05
3.14539e-05
3.75025e-05
4.31999e-05
5.50318e-05
6.5296e-05
6.81162e-05
7.62772e-05
8.15903e-05
8.38196e-05
9.38034e-05
0.000108847
0.000106177
0.000123073
0.000125363
0.000129525
0.000139891
0.000150784
0.000152904
0.00015795
0.000157472
0.000162572
0.000170904
0.000173053
0.00017362
0.000173794
0.000182885
0.000195466
0.000198993
0.000216328
0.000217562
0.000223592
0.000204263
0.0002035
0.000208079
0.000202765
0.000114923
0.000106403
0.000947618
0.00112518
0.0023701
0.000448163
0.000483307
0.000350865
0.00144336
0.00143297
0.0013083
0.00153128
0.00155457
0.00117227
0.00118428
0.000286607
7.35133e-05
3.92247e-05
0.000545229
0.000411651
0.000609245
0.000466658
0.000421048
0.000325275
0.000152768
0.000105875
8.29551e-05
4.56293e-05
1.00095e-05
6.22725e-05
8.43322e-05
0.000111944
9.79739e-05
0.000218626
0.000230138
1.26782e-06
5.98147e-06
8.15695e-05
0.000100407
5.48013e-06
1.41402e-05
1.07336e-05
4.14645e-05
5.68243e-05
5.48477e-05
0.000195959
0.000204921
0.000185535
0.000197651
9.13945e-05
0.000106452
0.000180829
0.000187727
0.000100298
7.78017e-05
4.69501e-05
5.00753e-05
6.45482e-05
3.11595e-05
7.81419e-05
5.02747e-05
0.000111316
7.43495e-05
6.34166e-05
4.14074e-05
3.21259e-05
7.09419e-06
6.89254e-07
5.49654e-07
1.81665e-06
1.3603e-06
1.20512e-07
3.65765e-08
2.24264e-06
1.98962e-06
2.52737e-06
7.99628e-06
6.89025e-06
5.38651e-06
4.27381e-08
2.14921e-06
3.00614e-06
5.37747e-06
2.48731e-05
1.49559e-05
6.42387e-05
0.00012742
0.000136424
0.000108548
0.000126272
0.00041466
0.000423702
0.000182139
0.000356975
0.000257614
0.000453433
0.000191363
0.000270127
0.00024862
0.000263378
0.000279676
0.000377607
0.000362886
0.000496492
0.000459218
0.000387239
0.000621493
0.00062447
0.000817969
0.000735327
0.000528608
0.000646327
0.000567484
0.000542399
0.00114126
0.00101949
0.000568084
0.00076142
0.000646849
0.000944465
0.00112682
0.000894827
0.00110034
0.00112932
0.00144119
0.00122169
0.00117216
0.00138344
0.0011407
0.000946506
0.00188297
0.0015568
0.000910341
0.00189711
0.00153663
0.000698236
0.000950851
0.000835468
0.0321796
0.0234244
0.0152878
0.00903866
0.00471414
0.00240351
0.00128162
0.000564459
0.000246712
9.67983e-05
1.20106e-05
1.73928e-06
2.08617e-06
2.68026e-05
5.92528e-06
1.73692e-06
3.88766e-06
4.44783e-07
8.12388e-06
8.49386e-06
4.16552e-06
3.57066e-06
6.37998e-07
5.49399e-06
7.5055e-07
2.07851e-09
0.000118026
0.000104906
0.000139505
7.3882e-05
4.84967e-05
3.94308e-05
1.14624e-05
1.245e-05
9.27022e-06
4.48133e-06
6.9279e-06
8.14655e-07
1.81966e-06
1.36715e-09
2.29692e-08
9.07844e-07
4.23198e-08
4.00414e-06
6.29246e-06
1.51088e-06
0.0130876
0.0123501
0.0109176
0.0093245
0.00919855
0.00803787
0.00709785
0.00688894
0.00610561
0.00569356
0.00532862
0.00511808
0.00467034
0.00404724
0.00352329
0.00310842
0.0026917
0.00233235
0.00211028
0.00170678
0.00148194
0.00134711
0.000890535
0.000744777
0.000774423
0.000319117
0.000396013
0.000236947
0.000229971
2.01238e-05
6.27451e-06
2.22896e-05
5.4164e-05
4.26034e-05
0.000243114
0.000281789
0.000334672
0.000337625
0.000200731
0.000218378
0.000258906
0.00016178
0.000136167
0.000148384
0.000137273
0.000122573
0.00012028
0.000111615
0.000104666
8.44838e-05
9.14456e-05
6.72676e-05
5.09124e-05
5.10328e-05
4.50281e-05
2.5763e-05
2.38428e-05
2.05164e-05
3.24203e-05
1.51901e-05
1.03905e-05
6.56888e-06
2.10462e-05
1.27913e-05
1.12155e-07
9.9091e-07
7.90318e-07
5.19797e-06
1.95719e-05
6.20938e-05
2.53554e-05
7.22764e-05
9.09733e-05
9.38837e-05
9.35875e-05
0.000118371
9.03429e-05
8.87753e-05
6.7658e-05
0.000109775
0.000169387
0.000261673
0.000117161
0.000275124
0.000311089
0.000262473
0.000288491
0.000177178
0.000286775
0.00024385
0.000299607
0.00024532
0.000256981
0.000444869
0.000318126
0.000383162
0.000372628
0.000282225
0.000309943
0.000225478
0.000328769
0.000379912
0.000580449
0.000284314
0.000425153
0.000414686
0.00059853
0.000440864
0.00075848
0.000519873
0.00073247
0.00055538
0.000505291
0.000335418
0.000362338
0.000814931
0.000661447
0.000820344
0.000528455
0.000694011
0.000850942
0.000391603
0.00049708
0.000420058
0.000533775
0.000439282
0.000560363
0.000645478
0.000592483
0.000807357
0.000489882
0.000674144
0.000521193
0.000654715
0.000748296
0.000509841
0.000628888
0.000701918
0.00055003
0.000743358
4.42537e-05
1.83427e-05
0.000612512
9.05979e-07
2.9116e-06
1.37109e-05
3.69885e-05
6.19246e-05
0.000142112
0.000171269
0.000219717
0.000208318
0.000273505
0.000420604
0.000458942
0.000525253
0.000543744
0.000580272
0.000635674
0.000614665
0.000702161
0.000687323
0.000719974
0.000713843
0.000701122
0.000702712
0.000772382
0.000799604
0.000784881
0.000760681
0.000763584
0.000698252
0.000724423
0.000713427
0.000655084
0.000680515
0.000673776
0.000840343
0.00082703
0.000777319
0.000578383
0.00060185
0.000597901
0.000641358
0.000643315
0.000708293
0.000657233
0.000630483
0.000599769
0.000708171
0.000724201
0.000706928
0.000578975
0.000550053
0.000536219
0.000481271
0.000474919
0.000547004
0.000539659
0.000536864
0.000539409
0.000541901
0.000546334
0.000419077
0.000405974
0.000441237
0.000433928
0.000414784
0.000396817
0.000412752
0.000400499
0.000389517
0.000276891
0.000261234
0.000291862
0.000286731
0.000269986
0.000254281
0.000248359
0.00021693
0.000209531
0.000180438
0.000158233
0.000144456
0.00014156
0.000109458
9.54257e-05
9.18533e-05
8.03084e-05
7.18441e-05
5.70644e-05
5.11418e-05
3.57883e-05
2.99927e-05
2.2563e-05
1.85543e-05
1.53188e-05
1.04334e-05
3.13417e-06
1.38191e-06
6.02547e-07
6.79061e-09
5.85465e-07
1.35557e-06
2.72464e-06
4.42109e-06
7.48778e-06
9.18973e-06
1.21446e-05
1.78735e-05
2.00998e-05
2.23409e-05
2.08495e-05
3.68344e-05
3.29761e-05
3.53078e-05
4.34565e-05
4.54427e-05
5.1508e-05
4.68092e-05
4.72097e-05
4.94788e-05
6.00222e-05
6.09915e-05
6.55062e-05
7.25972e-05
7.06214e-05
7.49936e-05
7.61453e-05
7.25298e-05
7.43422e-05
7.96368e-05
8.10964e-05
9.25281e-05
9.26472e-05
9.3412e-05
9.51941e-05
8.97792e-05
8.82907e-05
9.03904e-05
0.000106592
9.81581e-05
0.000176215
0.000159709
0.000102892
0.000161038
0.000155368
0.000150924
0.000145708
0.000146452
0.00014476
0.000145682
0.00013478
0.000131573
0.000139446
0.000140286
0.000138436
0.000132965
0.000131889
0.000131355
0.000130259
0.000127802
0.000129961
0.000116729
0.000149783
0.000155531
7.78318e-05
7.78288e-05
7.78295e-05
7.77682e-05
7.77385e-05
7.77374e-05
7.77348e-05
7.77579e-05
7.89399e-05
7.84247e-05
7.95258e-05
7.94658e-05
7.98561e-05
0.000438708
0.000477992
0.00244952
0.00234146
0.00208175
0.000283735
0.000234573
0.000696823
0.000519038
0.000450572
0.00016163
0.000124874
0.000117388
0.000115234
2.47963e-06
4.82074e-07
0.000170922
0.000179871
0.000165502
0.000120262
0.000131069
0.000105551
0.000108662
0.000116677
9.58555e-05
0.000186045
0.000196462
0.00033702
0.000330861
0.000406464
0.000390182
0.000276558
0.000262678
0.000554317
0.000402643
0.000380111
0.000388259
0.000372246
0.000324618
0.000232649
0.00031154
0.000294475
0.000257754
0.00023449
0.000219945
0.000357217
0.000331634
0.000289668
0.000155149
0.00169254
0.00130069
0.00131775
0.00106239
0.000765243
0.000591399
0.000446881
0.000401152
0.000336327
0.000248361
0.00030779
0.000221031
0.000202387
0.000175949
0.000125006
0.000102104
7.19905e-05
8.48494e-05
5.29519e-05
4.51531e-05
6.15455e-05
3.60773e-05
3.6348e-05
4.90176e-07
5.46461e-07
5.8481e-07
2.47909e-06
7.19875e-06
5.16484e-06
4.05895e-06
2.46154e-07
9.89265e-07
2.14422e-07
7.41294e-05
8.78388e-05
7.02869e-05
3.51439e-05
2.40037e-05
4.00057e-05
3.41066e-05
2.72149e-05
1.02302e-05
0.00414596
0.00272968
0.00213786
0.00163844
0.00136899
0.000872448
0.00064885
0.000258321
0.000176424
0.000202091
0.000360688
0.000262557
0.000493356
0.000353474
0.00029075
4.53568e-05
2.48997e-05
2.20427e-05
0.000150783
0.000206951
0.000140835
1.56925e-05
5.67355e-06
4.80759e-06
1.54908e-05
2.53498e-05
3.17447e-05
5.67133e-05
6.47482e-05
7.66892e-05
7.76633e-05
7.45971e-06
2.41305e-06
2.98007e-06
1.20922e-07
2.65687e-07
4.85185e-07
1.11652e-05
3.46135e-06
4.31052e-06
2.61093e-07
1.2415e-08
1.19545e-06
7.43177e-07
1.10123e-05
0.000237852
0.000198123
9.34693e-06
4.28425e-06
0.000804298
0.000599979
0.00137456
0.00154094
0.00125902
0.000905376
0.000568529
0.00038323
0.000301358
0.00032736
0.000221085
9.66206e-05
5.71264e-05
5.09612e-05
4.13734e-05
2.44945e-05
4.42528e-05
2.79456e-05
2.4481e-06
1.3981e-07
6.48365e-07
9.83695e-07
2.03298e-07
3.44478e-07
2.68836e-07
3.71547e-07
3.42266e-07
7.08346e-06
1.86154e-06
2.94672e-06
1.66842e-05
1.06237e-05
1.72267e-07
1.35704e-07
6.23312e-06
5.3878e-06
8.6291e-07
6.90226e-07
2.28722e-06
2.81294e-06
1.07913e-05
1.11857e-06
0.000485613
0.000413444
0.000739674
0.00270477
0.00175326
0.00145465
0.00125446
0.000587271
0.000335223
4.5592e-05
2.34018e-05
7.01896e-05
1.51786e-05
0.00016005
0.000188876
0.000125044
0.00011195
5.82844e-05
7.7158e-05
6.68421e-05
7.58492e-05
5.52008e-05
4.50025e-05
5.29039e-05
6.51977e-05
5.77107e-05
4.56083e-05
5.81694e-05
3.50975e-05
5.07536e-05
5.05871e-05
2.09022e-05
3.19517e-05
2.89109e-05
8.20351e-06
4.29337e-06
3.58525e-06
1.87013e-07
1.38792e-08
1.79413e-06
2.87762e-07
2.76727e-05
8.72473e-06
1.50707e-05
1.83925e-05
4.00586e-05
4.94735e-05
3.16032e-05
6.41971e-05
2.04132e-05
4.38918e-05
6.73056e-05
9.79447e-05
0.000107633
6.19141e-05
8.9618e-05
0.000120965
7.97399e-05
0.000104773
9.23554e-05
0.000141662
0.000186777
0.000251297
0.00023719
0.000159906
0.000246911
0.000661147
0.000575904
0.000333183
0.000377811
0.000268835
0.000236848
0.000150764
9.57947e-05
6.92436e-05
3.90395e-05
7.15253e-06
5.57151e-08
1.48519e-06
8.76485e-07
3.09955e-06
7.86996e-06
2.09914e-05
3.06467e-05
6.38844e-05
9.65717e-05
0.000109677
0.000154559
0.000123826
0.000140335
0.00018518
0.000253435
0.000336207
0.000332543
0.000393167
0.000458197
0.000482535
0.000636686
0.000750708
0.000705423
0.000726776
0.000832255
0.00086875
0.000936926
0.000945203
0.00100917
0.00112671
0.00115361
0.00124866
0.00128681
0.00137143
0.00134721
0.00136928
0.00142235
0.0015298
0.00118907
0.00122015
0.00120628
0.00143534
0.00141659
0.0014205
0.00115702
0.00116882
0.00123711
0.00126221
0.00126755
0.00157262
0.0014676
0.00149722
0.00119023
0.00126144
0.00120021
0.00130038
0.00131554
0.00120558
0.00113712
0.0011537
0.00105533
0.00109666
0.0010137
0.000906066
0.000842748
0.000921331
0.000861307
0.000796165
0.000697948
0.000749593
0.000673958
0.000696808
0.000649602
0.000691149
0.00062136
0.00067928
0.000623686
0.000552526
0.000454176
0.000389145
0.000458081
0.000344626
0.000350709
0.000315731
0.000243946
0.000226879
0.000189774
0.000202393
0.00019021
0.000152117
0.000100939
8.74726e-05
6.22414e-05
5.99403e-05
3.05497e-05
2.02395e-05
1.40142e-05
5.31072e-06
2.60737e-06
6.84371e-09
3.82172e-07
1.4208e-06
4.46688e-06
8.29376e-06
1.47313e-05
2.30025e-05
2.78778e-05
3.57405e-05
3.9051e-05
4.21346e-05
4.79444e-05
5.90419e-05
6.78705e-05
7.46158e-05
7.76072e-05
8.27904e-05
8.9335e-05
9.61677e-05
0.000102098
0.000121715
0.000125287
0.000121703
0.000128587
0.000132261
0.000138204
0.000139327
0.000146636
0.000162038
0.000164112
0.000171263
0.000180276
0.000182835
0.000184123
0.000186421
0.000195459
0.000196709
0.000196265
0.00022138
0.000223301
0.000232678
0.000250533
0.000253662
0.000191882
0.000193338
0.00020494
0.00020536
0.000186781
0.000177433
0.000175471
0.000248349
4.27289e-07
0.00400623
1.5468e-06
9.51353e-05
0.000116354
0.000106439
0.00108684
0.000498775
0.000839117
0.000807329
0.000428941
0.000467789
3.1767e-06
1.72004e-07
4.56967e-08
0.000565195
0.000411665
0.000382331
0.00193062
0.00159001
0.00142126
0.00201269
0.0017484
0.00159765
0.00189445
0.00164578
0.00152916
0.00110036
0.000917502
0.000668745
0.000573606
0.000386847
0.000350502
0.00023386
0.000208477
5.13617e-05
2.77058e-05
2.54697e-05
4.23447e-05
2.67409e-05
2.55268e-05
8.27544e-06
2.1127e-06
3.84175e-06
1.19905e-05
2.41226e-05
2.47106e-05
7.86685e-05
9.35562e-05
3.42009e-05
2.87997e-05
9.54752e-05
7.73521e-05
0.000211798
0.000204263
0.000170695
0.000106948
8.48728e-05
6.86796e-05
7.63216e-05
5.87333e-05
5.44756e-05
4.23119e-06
1.4544e-06
6.74699e-07
1.58993e-05
1.65748e-05
1.41309e-05
8.34812e-06
1.87636e-05
7.02451e-07
1.37342e-06
3.17578e-05
1.20905e-05
8.27049e-06
4.05421e-07
1.53953e-06
2.02765e-06
3.47665e-06
3.47659e-06
3.22781e-06
3.69485e-06
2.90779e-06
3.63841e-06
1.05571e-05
5.15288e-06
2.54291e-06
1.32194e-06
2.66182e-08
1.04619e-05
2.11938e-05
2.00077e-05
5.10761e-06
1.12066e-05
1.17182e-05
1.92259e-06
2.88975e-07
2.00679e-07
1.07555e-05
2.57857e-06
6.95111e-08
1.79413e-06
1.12508e-06
3.51836e-07
8.38353e-07
8.2575e-06
1.90059e-05
1.46949e-05
3.20802e-06
7.98797e-08
1.43153e-05
2.2975e-05
2.35772e-05
3.47926e-05
0.000116369
0.000139503
0.000124739
5.88297e-05
6.79113e-05
7.75783e-05
5.31837e-05
6.51769e-05
4.00362e-05
5.46708e-05
5.07095e-05
4.69825e-05
5.74e-05
5.34629e-05
6.4129e-05
5.70669e-05
7.04918e-05
3.79144e-05
5.17193e-05
4.5733e-05
7.18359e-05
8.19422e-05
2.8851e-05
4.02307e-05
3.45561e-05
6.69132e-05
7.91268e-05
0.000101227
0.000107138
7.59857e-05
8.98025e-05
8.30712e-05
0.000155799
0.000157973
9.21911e-05
9.28206e-05
6.78073e-05
7.73881e-05
6.90099e-05
4.64649e-05
5.04917e-05
5.47372e-05
7.50316e-05
7.99046e-05
3.67808e-05
4.08487e-05
3.21176e-05
5.61698e-05
5.67545e-05
5.44122e-05
4.97242e-05
4.49325e-05
3.09618e-05
2.62846e-05
1.17787e-05
7.95692e-06
2.54856e-05
2.35775e-05
1.7256e-05
5.99766e-06
3.32627e-06
1.07038e-05
4.84172e-05
1.29722e-05
0.0179327
0.0153423
0.0144009
0.011581
0.0108677
0.0122669
0.00999013
0.00837134
0.000120073
0.000348889
0.00031595
0.00058707
0.000473899
0.000409913
0.000647337
0.000555943
0.000558517
0.00070007
0.000552756
0.000565627
0.000422866
0.000444143
0.000350117
0.000410209
0.000283174
0.000282038
0.000134157
3.77442e-05
2.37678e-05
3.54149e-05
1.34855e-05
1.79084e-05
0.000199915
0.000119551
0.000221013
0.00045111
0.000604982
0.0006473
0.000975811
0.000824221
0.000876657
0.000520044
0.000536611
0.000590649
0.000333129
0.000277568
0.000294747
0.000211526
0.000173762
0.000182966
0.00022189
0.000182202
0.000168039
0.000132076
0.000157782
0.000120297
8.83028e-05
0.00012266
0.000119156
5.84695e-05
6.5175e-05
5.84283e-05
3.4055e-05
2.75086e-05
4.13167e-05
1.03165e-05
1.22631e-05
1.96053e-06
7.00094e-07
4.65382e-07
2.2595e-07
8.25558e-06
7.26981e-06
2.17576e-05
2.09967e-06
2.4455e-05
3.09641e-05
1.46347e-05
2.42645e-05
8.11106e-06
3.62506e-05
9.75656e-05
0.00013517
0.000100157
3.15314e-05
9.58448e-05
0.000106808
5.86082e-05
8.51294e-05
9.90353e-05
0.000105603
0.000185193
0.00011477
0.000161859
8.27548e-05
0.000158653
9.11438e-05
0.000140148
0.000237827
0.000324466
0.000377463
0.000224991
0.000365063
0.000185234
0.000328585
0.000224939
0.000379176
0.000362709
0.000274858
0.000377914
0.0004678
0.000293146
0.00047249
0.000449298
0.000646868
0.000328888
0.000399135
0.000533706
0.000411009
0.000699883
0.000560154
0.000652155
0.000389312
0.000769039
0.000428336
0.000453492
0.000538443
0.000789661
0.000588668
0.000759864
0.000610954
0.000789
0.000829749
0.00100392
0.00103768
0.000642663
0.000780147
0.000840805
0.000463293
0.000588411
0.000659614
0.000939707
0.000595499
0.000829886
0.000986328
0.000994078
0.000615841
0.000787919
0.00111477
0.000607042
0.000759915
0.000729181
0.000870748
0.00024591
0.000258972
0.000356246
0.000185392
0.000898125
0.000332222
0.000264338
0.000266666
0.000256935
0.000260348
0.000378162
0.000372432
0.000340079
0.000352484
0.000351624
0.000371437
0.000211751
0.000169628
0.000182274
0.000339697
0.000339502
0.000401962
0.000262936
0.000208488
0.000222441
0.000217126
0.000264245
0.000250698
0.000248667
0.000231803
0.000244007
0.000245156
0.0002957
0.000305587
0.00029344
0.000227136
0.000229747
0.000270691
0.000266487
0.000183386
0.000182561
0.000272319
0.000265166
0.000240083
0.00023152
0.000238985
0.000242456
0.000256294
0.000248552
0.000206863
0.000215741
0.000213511
0.000244464
0.000252862
0.000246684
0.000230303
0.000236752
0.000233779
0.000249141
0.000249822
0.000231255
0.000220695
0.000218957
0.00021085
0.000200042
0.000186649
0.000211197
0.000213304
0.000200355
0.000188565
0.000183788
0.000177535
0.000137608
0.000125882
0.000124569
0.000118814
0.00011451
0.000131627
0.00011985
9.98243e-05
9.90181e-05
7.81065e-05
6.96023e-05
6.31362e-05
5.53871e-05
3.74485e-05
3.414e-05
2.81668e-05
1.7201e-05
1.2623e-05
1.81804e-05
1.35916e-05
1.29068e-05
1.04836e-05
6.94651e-06
1.55041e-06
1.58771e-06
5.5403e-07
2.65013e-07
1.13439e-06
2.45401e-06
3.58237e-06
6.04246e-06
8.06255e-06
9.62286e-06
1.18706e-05
1.83185e-05
2.18087e-05
2.31874e-05
2.47656e-05
2.61308e-05
2.7764e-05
3.20991e-05
4.18313e-05
3.38584e-05
5.1046e-05
5.58816e-05
6.14617e-05
6.46194e-05
6.5261e-05
7.01525e-05
7.12238e-05
7.3281e-05
6.81596e-05
6.82375e-05
7.36737e-05
7.50984e-05
7.94953e-05
5.05417e-05
5.2718e-05
5.29226e-05
5.31425e-05
5.5521e-05
4.6344e-05
4.58651e-05
4.73173e-05
5.42651e-05
5.46514e-05
5.59262e-05
5.54776e-05
5.73029e-05
5.55322e-05
5.50131e-05
5.58991e-05
5.25279e-05
5.15576e-05
5.81974e-05
5.76775e-05
5.98584e-05
5.30121e-05
5.26944e-05
5.59713e-05
5.62459e-05
4.95375e-05
4.95522e-05
4.39744e-05
4.33723e-05
4.38873e-05
4.86058e-05
4.89716e-05
4.1748e-05
4.38368e-05
4.19485e-05
4.17627e-05
4.31414e-05
4.70548e-05
4.71092e-05
4.81287e-05
4.80401e-05
5.16368e-05
5.11626e-05
5.21962e-05
2.36771e-05
2.48562e-05
2.50852e-05
0.000111251
0.000110926
0.000113522
0.000113531
0.000114857
0.000118546
0.000118559
0.000118748
0.000112979
0.000114086
8.60496e-05
8.59555e-05
0.000107463
8.44901e-05
8.39271e-05
8.37759e-05
