0.0437473
0.0306793
0.0206513
0.0132109
0.00846695
0.00570125
0.00395295
0.00294184
0.00157167
0.00146378
0.00126215
0.00137295
0.00122233
0.00134803
0.00161334
0.0018498
0.00231873
0.00284149
0.0035528
0.00423138
0.00603302
0.00795609
0.00993625
0.0122176
0.0143834
0.0154079
0.0181119
0.0212966
0.0227972
0.018457
0.0162895
0.0110415
0.00924302
0.00496176
0.00326039
0.0021317
0.00123635
0.00185469
0.00116562
0.00141005
0.000967539
0.00163365
0.000886661
0.00163067
0.00201934
0.00214515
0.00234806
0.00256257
0.00295407
0.00393575
0.00383236
0.00527439
0.00564525
0.00392008
0.00452546
0.00406879
0.00496612
0.00274013
0.003975
0.00451564
0.00293099
0.00406431
0.00509021
0.00324018
0.00156363
0.00649333
0.0036596
0.00143213
0.00757736
0.00567432
0.00489463
0.00106467
0.00285243
0.00240342
0.00254003
0.00411484
0.0047305
0.00885097
0.0117641
0.00365394
0.00242915
0.0114237
0.00922985
0.00997568
0.00799595
0.00745433
0.00663536
0.00593526
0.00517281
0.00514544
0.004576
0.0042232
0.00387264
0.00363197
0.00346557
0.00309204
0.00316215
0.00294486
0.00278192
0.00237032
0.00254158
0.00190015
0.00182487
0.00209782
0.00168897
0.00238835
0.00214771
0.00278205
0.00233972
0.0020308
0.00346845
0.0019581
0.00343231
0.00423313
0.0060076
0.00522006
0.00642336
0.00704841
0.0105127
0.00847418
0.00909678
0.015954
0.00971482
0.0137396
0.0110821
0.0149945
0.0162706
0.0139603
0.018087
0.0173914
0.0190693
0.0187328
0.0212945
0.0213643
0.0184532
0.0209063
0.0190162
0.0173633
0.0166219
0.0200791
0.0171462
0.016055
0.0149417
0.0120067
0.00757783
0.00804293
0.00380288
0.00272438
0.00298159
0.00260874
0.000766591
0.000372491
0.000604176
0.000177693
0.00013675
0.000162914
0.000488895
0.000455515
2.29361e-05
8.1242e-05
0.00473313
2.71861e-05
2.76515e-05
2.91049e-05
2.9706e-05
4.03858e-05
0.000314186
0.000959444
0.00267317
0.00460034
0.0206291
0.0253271
0.011641
0.00542799
0.00192708
0.00123648
0.0014034
0.00217456
0.00264945
0.00346209
0.00440591
0.00545886
0.00617805
0.0085777
0.0115253
0.0136548
0.0180461
0.0240989
0.0282778
0.030237
0.0244301
0.0227018
0.0195648
0.0240692
0.0158242
0.0106726
0.0071071
0.004794
0.00293337
0.00169134
0.0010083
0.000570831
0.000174869
9.83834e-05
6.70114e-05
6.01393e-05
4.40622e-05
4.14025e-05
4.11898e-05
4.50924e-05
4.26033e-05
4.60684e-05
4.93581e-05
5.01947e-05
4.94991e-05
5.46269e-05
5.50035e-05
5.23172e-05
5.7262e-05
5.18074e-05
5.18516e-05
5.68771e-05
6.3842e-05
5.68232e-05
6.88157e-05
7.07128e-05
5.47462e-05
5.88385e-05
0.00022624
0.00015863
0.000119352
9.61929e-05
8.15367e-05
7.34351e-05
6.75634e-05
6.64526e-05
6.50744e-05
6.68565e-05
6.69533e-05
0.000152191
0.00012114
0.000113754
0.000118385
0.000124225
0.000163124
0.000290947
0.000338204
0.000598311
0.00104277
0.00152172
0.00238174
0.00322303
0.00445818
0.00560802
0.0083526
0.00919637
0.00605695
0.00369149
0.0023844
0.00209866
0.00196515
0.0020899
0.00239399
0.00249452
0.00280314
0.00344195
0.00349129
0.00352589
0.0048798
0.00435235
0.00443736
0.00589643
0.00461342
0.00371836
0.00256273
0.00234306
0.00235471
0.002032
0.00157352
0.00110914
0.000585786
0.000260111
0.000212888
0.000413056
0.000165541
0.00034736
0.000385485
0.000472429
0.000984429
0.00175424
0.00178519
0.00237921
0.00208676
0.00510853
0.00473756
0.00612249
0.00445487
0.0102912
0.00778358
0.0111468
0.0146787
0.00435946
0.00386555
0.0107076
0.009337
0.0137454
0.0250033
0.0241403
0.0144577
0.0147985
0.0122055
0.0119243
0.00888864
0.00683419
0.00612203
0.0070248
0.00523416
0.00497286
0.00447634
0.0041733
0.00400035
0.00375937
0.00370018
0.00331293
0.00314255
0.00303009
0.00296324
0.00248184
0.00214192
0.00217994
0.00195044
0.002036
0.00285269
0.00369494
0.00396525
0.00326265
0.00384263
0.00476754
0.00461616
0.00580719
0.00672619
0.00689766
0.00667027
0.00676749
0.00618936
0.00920579
0.00920516
0.00902807
0.0103025
0.0106698
0.0109299
0.0107245
0.0110361
0.0118546
0.0103952
0.012988
0.00938851
0.0115929
0.0132796
0.0120821
0.0162956
0.0115706
0.00917601
0.00585373
0.00605041
0.00619597
0.00558762
0.0024651
0.00372299
0.00311172
0.00250953
0.00225848
0.00105322
0.000482937
0.000324891
0.000388402
0.000450982
0.00017144
0.000170792
0.000187211
0.000921684
0.000396391
0.000830453
0.000857212
0.00309704
1.55396e-05
1.57525e-05
1.58877e-05
1.61674e-05
1.61642e-05
1.27178e-05
8.35819e-06
9.51193e-06
0.000577618
0.0104804
0.00538891
0.00275712
0.00477966
0.00156589
0.0011469
0.00108591
0.00185147
0.00173352
0.00194309
0.00193059
0.00174141
0.00164025
0.0013688
0.0011768
0.00097619
0.000823486
0.00074431
0.000566655
0.000483103
0.000407481
0.000341742
0.00024455
0.000256678
0.00022019
0.000181578
0.000168912
0.000145058
0.000137654
0.000124173
0.000122254
0.000116568
0.000115089
0.000109627
0.000106855
0.000105114
0.000395086
0.000291468
0.00067398
0.000469691
0.000319705
0.000244002
0.000186245
0.000271778
0.000342841
0.000353601
0.00014129
0.000120176
0.000170388
9.34705e-05
0.000120757
0.000105756
9.35377e-05
9.12783e-05
8.98654e-05
8.8015e-05
8.53927e-05
8.66657e-05
8.82999e-05
8.95488e-05
9.03e-05
8.95124e-05
9.18179e-05
9.94555e-05
9.34674e-05
9.11082e-05
9.11606e-05
9.36337e-05
9.5623e-05
0.000959557
0.00048763
0.000251305
0.000156673
0.000121461
0.000105485
0.000105099
9.93127e-05
0.000931425
0.000706251
0.000472848
0.000324356
0.000246559
0.000251974
0.000357126
0.000959458
0.00109848
0.00162347
0.00249005
0.00355016
0.00486653
0.0067621
0.00848227
0.00522926
0.00305192
0.00179923
0.0014995
0.00128351
0.00143706
0.00168133
0.00256901
0.00263539
0.00315248
0.00327468
0.00366305
0.00400922
0.00364344
0.00315003
0.00496834
0.00424207
0.00359046
0.00303636
0.00213932
0.00196599
0.00100676
0.00101744
0.000453029
0.000340442
0.000574827
0.000352741
0.0004475
0.000710734
0.000613664
0.00104402
0.00108728
0.00115448
0.00143413
0.00203827
0.00235296
0.00284254
0.00312692
0.00349726
0.00492802
0.00631152
0.00455965
0.00614348
0.00694365
0.00895055
0.0161546
0.0227616
0.0215163
0.0136642
0.0140545
0.00993905
0.00728916
0.00555966
0.0125658
0.00750855
0.00439026
0.00552569
0.00636397
0.00554319
0.00475271
0.00421856
0.00380519
0.00346924
0.00334131
0.00298763
0.00295434
0.00278815
0.00277986
0.00257212
0.00250799
0.00236188
0.0023546
0.00230691
0.00221992
0.00215073
0.00208177
0.00210954
0.00208718
0.00171855
0.00202481
0.00147108
0.00111932
0.00143536
0.000935297
0.0011708
0.00114783
0.00082455
0.00101052
0.00114748
0.000898057
0.00101792
0.00116095
0.00167102
0.00290948
0.00178047
0.00192596
0.00283943
0.00362715
0.00478136
0.00686768
0.00677725
0.00282349
0.00575824
0.00884393
0.00960362
0.0112255
0.0153475
0.0202907
0.0161767
0.0148396
0.0155441
0.0153784
0.0156038
0.0232971
0.0163111
0.0224768
0.0204069
0.0191472
0.0208189
0.0209968
0.0190651
0.0170899
0.0189311
0.0124337
0.0127292
0.0130626
0.0107969
0.0140411
0.0127655
0.00772177
0.00602523
0.0207174
6.51588e-06
6.57032e-06
6.58319e-06
6.55539e-06
6.58453e-06
6.43797e-06
6.45861e-06
0.015175
0.0312323
0.0185597
0.00878756
0.0066563
0.00659299
0.00658286
0.00586753
0.00569052
0.00571313
0.00526808
0.00497332
0.00702087
0.00724446
0.00668261
0.00552329
0.00487863
0.00422332
0.00355322
0.00305718
0.00267462
0.00215657
0.00186707
0.0015873
0.00132509
0.00110644
0.000943712
0.000787675
0.000690986
0.00064178
0.00287558
0.0020042
0.00166206
0.00124773
0.00101976
0.000790633
0.000642877
0.000544832
0.000469699
0.00040273
0.000354497
0.00155393
0.000963289
0.000823976
0.000641255
0.000475292
0.000358608
0.000326326
0.000320391
0.00032075
0.000292037
0.000306607
0.000298296
0.000286487
0.000277021
0.000302738
0.000306453
0.000297123
0.000312208
0.00177942
0.00112342
0.000717443
0.000976575
0.00066959
0.000495362
0.000410331
0.000385929
0.000361533
0.00280437
0.00222097
0.00171314
0.00133793
0.0010699
0.00119946
0.00148501
0.00223698
0.00839344
0.0098621
0.00420256
0.00234597
0.000968222
0.000264586
0.000307869
0.000272954
0.000544921
0.000743847
0.00138329
0.00144314
0.00173703
0.00206031
0.00146256
0.00118044
0.00115426
0.000771915
0.000806357
0.000355434
0.000578204
0.00069695
0.000649758
0.00090973
0.00055917
0.00124639
0.00124584
0.00198488
0.00172526
0.00231397
0.00267628
0.00272485
0.00408658
0.00482186
0.00544856
0.0129078
0.0295189
0.00409314
0.00438617
0.00439556
0.00460022
0.00461477
0.00453815
0.00456919
0.00498549
0.00476264
0.00483909
0.00478912
0.00471638
0.00465677
0.00460295
0.00455697
0.00448064
0.00442647
0.00438923
0.00435218
0.0042966
0.00423604
0.00418513
0.00412247
0.00408412
0.00402923
0.0039937
0.00394663
0.00390012
0.00387246
0.00336914
0.00279418
0.00333165
0.0022616
0.00187642
0.00188902
0.00138111
0.00103791
0.000929975
0.000940077
0.00135705
0.0010374
0.00159462
0.00240669
0.00264982
0.00335691
0.00486698
0.00443143
0.00451848
0.00554829
0.00532875
0.0109837
0.0108462
0.0105074
0.00710425
0.00939528
0.00708488
0.00829483
0.00641465
0.00808
0.00468555
0.00471571
0.00318895
0.00887502
0.00232252
0.00337818
0.00177062
0.00297987
0.00276643
0.00123368
0.0012412
0.000258402
0.00276315
0.000507281
0.0163638
0.0338471
0.00665586
0.0437496
4.47371e-06
4.49606e-06
4.49595e-06
4.49705e-06
4.58495e-06
4.63526e-06
0.00401846
0.00367958
0.0566627
0.0379402
0.0262774
0.0175733
0.0128572
0.0114003
0.00949836
0.00867105
0.00734225
0.00638211
0.00604341
0.00486884
0.003926
0.00364169
0.00287671
0.00200732
0.0015991
0.00126382
0.00108442
0.000960533
0.00104351
0.000683341
0.00061063
0.000614927
0.00058828
0.000542428
0.000541695
0.000488908
0.000536335
0.00053556
0.000568514
0.000551465
0.000905321
0.00077195
0.000696503
0.000641532
0.000556273
0.00051954
0.000523189
0.000495007
0.000478113
0.000548889
0.00056087
0.00054732
0.00237237
0.00164882
0.00120044
0.000951586
0.000760223
0.000622427
0.000573301
0.000551616
0.000529216
0.000535245
0.000540994
0.000508636
0.000529193
0.000529918
0.000543811
0.000533339
0.00053542
0.000534564
0.000531328
0.000555092
0.000554936
0.000569556
0.000557408
0.000579492
0.00276646
0.00231108
0.00195531
0.00165107
0.00147759
0.00158554
0.00180223
0.00223645
0.00314235
0.00452805
0.00628178
0.00861551
0.00987764
0.00592265
0.00371266
0.00153535
0.00103854
0.00105423
0.00053254
0.000217386
7.75204e-05
4.71594e-05
0.000204644
0.000572747
0.000825242
0.0012631
0.000945852
0.00142707
0.00200935
0.00234085
0.0017661
0.00129071
0.00126527
0.000888638
0.00123722
0.000737405
0.000621826
0.000405746
0.000448823
0.000664884
0.000698012
0.00109266
0.00132939
0.00104415
0.00148999
0.00174116
0.00242185
0.00234936
0.00267314
0.00431775
0.00359719
0.00258545
0.00335066
0.00398781
0.00504927
0.00561201
0.00809842
0.00658052
0.00705521
0.00725966
0.00718809
0.00704527
0.00715201
0.00697892
0.00680216
0.00656177
0.00640548
0.00639434
0.00623601
0.00605581
0.0059494
0.00584211
0.00571373
0.00563213
0.00549802
0.00540128
0.00535334
0.0051897
0.00507163
0.00501609
0.00494113
0.00488328
0.00482523
0.00490461
0.00481497
0.00467688
0.00454301
0.00303135
0.00204309
0.00178274
0.00130561
0.00129636
0.00128728
0.00124918
0.00122464
0.00154626
0.0015057
0.0016103
0.00196863
0.00175065
0.00262941
0.00261556
0.00483064
0.00459833
0.00653205
0.0067099
0.00698991
0.0123065
0.00996901
0.0110806
0.00911001
0.014702
0.0123495
0.012356
0.0137521
0.0134426
0.0135304
0.0144765
0.0141705
0.0154514
0.0120824
0.016091
0.012765
0.0127022
0.0104471
0.0121406
0.0121154
0.00934835
0.00879058
0.0253709
0.00583427
6.65803e-06
6.74357e-06
6.78837e-06
6.9156e-06
7.0689e-06
7.24852e-06
6.07945e-06
0.00323701
0.00679631
0.0049887
0.00461717
0.00449569
0.00432421
0.00417045
0.00403992
0.00387347
0.003577
0.00339462
0.00318562
0.00292566
0.0261279
0.0217549
0.017597
0.0140999
0.0110002
0.00850924
0.00630589
0.0045068
0.00327014
0.00242653
0.00177336
0.00138244
0.00104812
0.000674782
0.00056828
0.000618855
0.000714569
0.000696488
0.00062219
0.000637429
0.000643948
0.00059047
0.000547511
0.000644436
0.000643713
0.000615695
0.000635432
0.000626972
0.000634586
0.000649938
0.000572336
0.000607133
0.000579638
0.00114945
0.00109039
0.00113131
0.000978528
0.000941106
0.000883078
0.000853011
0.000766783
0.000745307
0.000731733
0.00068937
0.000664535
0.000676691
0.000663617
0.000664861
0.000656694
0.000696202
0.000678719
0.000672845
0.000661334
0.000620335
0.000607719
0.000630278
0.000639616
0.000687938
0.000677014
0.000689359
0.000666935
0.000671698
0.000675604
0.000792855
0.000917959
0.00113135
0.00144656
0.00158727
0.00445502
0.00648441
0.00899915
0.0126159
0.0131599
0.00800203
0.00422468
0.00164277
0.00161514
0.00063115
0.000231866
0.00011375
9.82818e-05
5.61235e-05
0.000110722
8.17923e-05
0.00106619
0.000496599
0.00123579
0.00150262
0.0019931
0.00105686
0.00178252
0.00125305
0.00113625
0.000652432
0.000338392
0.000376324
0.000710832
0.000965378
0.00211779
0.00302839
0.00202911
0.00381139
0.00313992
0.00488194
0.00468588
0.00574794
0.0063775
0.00558861
0.0103291
0.0111485
0.012793
0.0109424
0.0168916
0.0190414
0.0112394
0.0184496
0.0204819
0.016149
0.0285436
0.0211234
0.0143339
0.0186919
0.00436888
0.00514306
0.00504889
0.00485377
0.00482537
0.0046601
0.0045293
0.00421525
0.00416129
0.00406497
0.00383199
0.00376852
0.00374188
0.00370898
0.00365994
0.00362888
0.00359788
0.00355123
0.00352509
0.00348354
0.00346101
0.00209415
0.0011692
0.00110305
0.00101487
0.00101872
0.00125859
0.0009815
0.000966251
0.00110475
0.00107299
0.00177441
0.00172932
0.00221617
0.00167146
0.0031102
0.00361872
0.00240107
0.00515496
0.00359603
0.0039703
0.00380202
0.00699973
0.00596346
0.0101122
0.0102595
0.00924892
0.0127586
0.0107143
0.0140368
0.0119122
0.0117372
0.0129658
0.0123506
0.0117371
0.0165424
0.0167609
0.0102974
0.0138434
0.0122859
0.00828827
0.00673103
0.00649515
0.00470092
0.00436157
0.00246162
0.00355694
0.00125106
0.00182832
0.00159406
0.000264208
0.000510194
0.000450351
0.000445899
0.000361017
0.00133503
0.0028179
8.55647e-06
9.31538e-06
9.78951e-06
1.01982e-05
1.05182e-05
8.11563e-06
5.80312e-06
5.81678e-06
0.00650836
0.00632402
0.0136776
0.00695095
0.00618471
0.00574597
0.00521622
0.00421369
0.00423134
0.00349307
0.00336742
0.00286826
0.00244878
0.00208143
0.00163894
0.00143825
0.00133202
0.00111558
0.000801878
0.000833462
0.000705732
0.000591613
0.000509062
0.000451717
0.000424478
0.00036913
0.000402376
0.000385508
0.000388567
0.000377235
0.000374366
0.000350226
0.000344265
0.00035965
0.00226481
0.00161332
0.00126328
0.000878542
0.00217165
0.00166116
0.00447557
0.00390589
0.000829019
0.000820192
0.00110903
0.000881236
0.000934
0.001082
0.000960723
0.00074347
0.000717682
0.000641247
0.00053185
0.000451956
0.000405976
0.000332388
0.000347834
0.000398808
0.000451239
0.000402887
0.000366004
0.000365517
0.000359286
0.000329767
0.000338127
0.000678512
0.0104869
0.00632382
0.00356967
0.00194624
0.00105153
0.000643493
0.000465825
0.000403057
0.000380311
0.00442622
0.00370097
0.00301867
0.00238577
0.00215031
0.00173511
0.00131286
0.0011421
0.00104294
0.00116101
0.00161135
0.0024904
0.00232717
0.00346545
0.00492759
0.00690474
0.00919769
0.0054451
0.00271097
0.0021464
0.000791419
0.000348357
0.000256107
0.000479356
0.000902518
0.000895329
0.00129284
0.0011699
0.00178622
0.00199701
0.00274152
0.0030297
0.00290364
0.00272508
0.00220497
0.00226097
0.00176048
0.00145682
0.000996769
0.00122704
0.000566891
0.000630981
0.000843671
0.000768089
0.000887918
0.000984335
0.00100608
0.00139411
0.00194701
0.00216611
0.00211964
0.00329536
0.00322827
0.00471153
0.00584306
0.00584388
0.00430998
0.00517565
0.00561924
0.00710948
0.00960116
0.00999708
0.0182252
0.0209411
0.0113871
0.0121652
0.0119801
0.00754567
0.00819675
0.0065746
0.00933911
0.00560983
0.00524672
0.00494776
0.00473456
0.00452414
0.00424439
0.0041063
0.00408413
0.00394927
0.00386698
0.00374214
0.00375035
0.00363918
0.00363829
0.00353272
0.00350903
0.00342787
0.00341173
0.00336797
0.0033289
0.00330277
0.00324921
0.00321809
0.00318402
0.00315781
0.00312363
0.00310015
0.00306783
0.00303485
0.00301068
0.00298085
0.00187089
0.00215797
0.00171927
0.00114034
0.000986929
0.000964087
0.00111027
0.000917236
0.000862382
0.000970361
0.000872166
0.000905214
0.00112306
0.00112764
0.00111074
0.00277031
0.00335422
0.0032874
0.00423944
0.00403009
0.00514077
0.00567147
0.00517468
0.00707389
0.0044758
0.0101049
0.00916327
0.00946927
0.00995291
0.0096468
0.0109646
0.00905064
0.011529
0.0105101
0.0118155
0.00916671
0.00919518
0.00976867
0.0085089
0.0106134
0.00779776
0.00927557
0.00507352
0.00709832
0.00641252
0.00630267
0.0047538
0.00419336
0.0188881
0.00120573
0.00111773
4.56828e-06
5.39711e-06
5.40678e-06
4.60865e-06
4.59958e-06
4.53245e-06
6.22281e-05
0.0242929
0.0141001
0.00844598
0.0059285
0.00458019
0.00389157
0.00352574
0.0034001
0.00308194
0.00293902
0.00271292
0.00259875
0.00238418
0.00209052
0.00186096
0.00162575
0.0043327
0.00357142
0.00180127
0.0026347
0.00217178
0.00175991
0.00146061
0.00122313
0.00100456
0.000825435
0.000650565
0.000572753
0.000497168
0.000442498
0.000386053
0.000384268
0.000361762
0.000324526
0.000325254
0.000312194
0.00205003
0.00157636
0.00120295
0.000955984
0.00076124
0.000639754
0.000534237
0.000471631
0.000437175
0.000395177
0.00160943
0.00120053
0.0010467
0.000810981
0.000642967
0.00051408
0.000453114
0.000391974
0.000359229
0.000356257
0.000357524
0.000355434
0.000337193
0.000346049
0.000348495
0.000349923
0.000332728
0.000331065
0.00035703
0.000408266
0.00037206
0.000357039
0.000359664
0.000379538
0.000377958
0.00242229
0.00167977
0.000951988
0.000958067
0.000967491
0.000689052
0.000542098
0.000476625
0.000451439
0.000451778
0.00415225
0.00328253
0.00258712
0.00202513
0.00163262
0.00137655
0.00144511
0.00173968
0.00191277
0.00180763
0.00266837
0.00538515
0.00600952
0.00765909
0.00488113
0.00153594
0.000638502
0.000150469
0.000116139
0.000224075
0.000356495
0.000439185
0.000873449
0.000434451
0.00101735
0.00149271
0.00284097
0.00213325
0.00164862
0.00155201
0.00150803
0.00105835
0.00187881
0.00153864
0.00127876
0.0010004
0.000748387
0.000678378
0.000709466
0.000980914
0.00130589
0.00131941
0.00153023
0.00195865
0.00227326
0.00292678
0.00213048
0.00293012
0.00260764
0.00294165
0.00343432
0.0047544
0.00493341
0.00823345
0.00893637
0.00937992
0.00920561
0.0100562
0.00433146
0.00425809
0.0101311
0.00412814
0.00420816
0.00433087
0.00426093
0.00450747
0.0042618
0.0044874
0.00464158
0.00458228
0.00453612
0.00446477
0.0044088
0.00435556
0.00429975
0.00424801
0.00419892
0.0041512
0.00410007
0.00405753
0.00401248
0.00396374
0.00391999
0.00387686
0.00383022
0.00379193
0.0037618
0.00370151
0.00368169
0.00364024
0.00327369
0.00251187
0.00183208
0.00164553
0.00107423
0.000939105
0.00089228
0.000859489
0.000824594
0.00138912
0.00118056
0.00141978
0.00181587
0.00167462
0.00202184
0.00210562
0.00306948
0.00607964
0.00379663
0.00597477
0.00470584
0.00670777
0.00629038
0.00707082
0.00694299
0.00452742
0.00579538
0.00585603
0.00488674
0.00719217
0.0067882
0.00287459
0.00611719
0.00586567
0.00200592
0.00342792
0.0027492
0.00112673
0.0048483
0.0042102
0.00169893
0.00187699
0.00977522
0.0147349
0.00695489
0.00673798
0.00572837
0.0073203
0.0060031
3.79371e-06
3.78801e-06
3.79872e-06
3.76179e-06
3.74917e-06
3.75847e-06
3.76079e-06
0.000844714
0.0184336
0.058518
0.0244217
0.0173727
0.0150498
0.0117927
0.0127686
0.00855244
0.0076706
0.00714441
0.00633544
0.00534016
0.00456098
0.00363079
0.00278114
0.00262328
0.00205158
0.0013175
0.00109272
0.000851066
0.000668489
0.000578211
0.000564187
0.00044706
0.000409438
0.000431476
0.000408897
0.000422112
0.000415565
0.000414426
0.000429328
0.000403058
0.000407179
0.000410603
0.000416588
0.000440987
0.000408495
0.000405406
0.000717553
0.000648609
0.00055448
0.000517007
0.000460851
0.000418479
0.000403427
0.000397931
0.000378317
0.000381547
0.000389194
0.000401556
0.000401022
0.00288811
0.00190057
0.00129133
0.000916526
0.000686401
0.000563763
0.000478757
0.000434546
0.0004495
0.00043059
0.000445016
0.000427717
0.000402548
0.000403116
0.000407091
0.000420639
0.000397585
0.000419102
0.000421033
0.000432743
0.000454526
0.000451636
0.000446105
0.000456197
0.000469993
0.00388762
0.00340456
0.00241814
0.0018953
0.00155882
0.0014815
0.00144223
0.00188474
0.0025112
0.00328538
0.004744
0.00681394
0.00786675
0.00363812
0.00150269
0.000982679
0.000391495
0.000139937
0.000147834
0.00027217
0.000626769
0.000590862
0.00043599
0.000647319
0.000849147
0.00199117
0.00168867
0.00185769
0.00231842
0.00159188
0.00207042
0.00162459
0.000695505
0.00149749
0.000437742
0.000641047
0.000686905
0.000788426
0.000676706
0.000576351
0.000461985
0.000570333
0.000903042
0.00137176
0.00148182
0.00171765
0.00274258
0.00410524
0.00287306
0.00288401
0.00422991
0.00441505
0.00464242
0.00553933
0.00693226
0.00802411
0.00799212
0.010913
0.00529618
0.00523618
0.00580813
0.0052918
0.00541876
0.00525823
0.00539216
0.00570884
0.00559126
0.00552319
0.00548032
0.00535952
0.00524201
0.00513719
0.00505103
0.00497414
0.00489352
0.00484241
0.00476792
0.00471082
0.00465862
0.00460095
0.0045519
0.00449886
0.00444651
0.00439631
0.00434347
0.00430555
0.00426165
0.00268238
0.004171
0.00259332
0.00164944
0.00118741
0.0013415
0.0011762
0.00118482
0.00127578
0.00131883
0.00211553
0.00217775
0.00288999
0.00210679
0.00269876
0.00485451
0.00514243
0.0057853
0.0064149
0.00919116
0.00859296
0.00934996
0.0100532
0.0134831
0.0142378
0.0106223
0.0155526
0.0150634
0.0131329
0.016454
0.0158482
0.0118913
0.0180935
0.0146054
0.0139111
0.0152984
0.0153923
0.0126492
0.0148947
0.0133098
0.0127598
0.0120275
0.00813569
0.0198525
0.0114544
0.0122557
0.0106668
1.15557e-05
1.20412e-05
1.21579e-05
1.22698e-05
1.27796e-05
1.28729e-05
8.78224e-06
9.69464e-05
9.74761e-05
0.0101153
0.00553324
0.00592663
0.0362049
0.034708
0.0275477
0.0223392
0.0179279
0.015023
0.0128899
0.0106917
0.008533
0.00647883
0.00504056
0.00364784
0.00271745
0.00203411
0.00153855
0.00123092
0.000956836
0.000808189
0.000724024
0.000546078
0.000516381
0.000560176
0.00054312
0.000528383
0.000532307
0.000532095
0.000494008
0.000561808
0.00056841
0.000553675
0.000552694
0.000546433
0.000546679
0.000558252
0.0005148
0.000509359
0.000533757
0.000494036
0.00108101
0.00105314
0.000985784
0.000922236
0.000874835
0.000834909
0.000857241
0.000825514
0.000733674
0.000744482
0.000722119
0.000674111
0.000655893
0.00065142
0.000620851
0.00060984
0.000593418
0.000575967
0.000570253
0.000572498
0.000596391
0.00055058
0.00062226
0.000635134
0.000634224
0.000644608
0.000619635
0.000661508
0.000654272
0.000655247
0.000656153
0.000678409
0.000687216
0.000653394
0.000704906
0.000785845
0.000882132
0.00111827
0.00148708
0.00214396
0.00301176
0.00297283
0.00430764
0.00621566
0.0115014
0.00935686
0.00501255
0.00223671
0.0017877
0.000863056
0.000301399
0.000140717
0.000130997
0.000373058
0.000564646
0.000221102
0.000381198
0.000623042
0.000595062
0.000507167
0.00104336
0.00067975
0.000600059
0.000318621
0.000141997
0.000189539
0.000377293
0.00106285
0.00181123
0.00171521
0.00100749
0.000615359
0.00172028
0.00252969
0.00426826
0.00309482
0.00502059
0.00639811
0.00581126
0.00402565
0.00645584
0.00737694
0.0111708
0.00942708
0.0165411
0.0158675
0.00899808
0.0157914
0.0159154
0.0168012
0.0165676
0.0280466
0.0268014
0.00936643
0.00932787
0.00421513
0.00412705
0.00387696
0.00382269
0.00378671
0.00377971
0.00373923
0.00366888
0.00365788
0.00361906
0.00358126
0.0035459
0.0035215
0.00348008
0.00344679
0.00341024
0.00338
0.00338833
0.00331957
0.0033005
0.00331857
0.00328697
0.00227548
0.00323931
0.00185862
0.00164994
0.00125213
0.00124849
0.00123808
0.00146424
0.0010609
0.00174943
0.00106641
0.00170731
0.0021176
0.00152645
0.00151053
0.00184923
0.00276329
0.00360533
0.00400209
0.00395157
0.00381618
0.0049663
0.00492372
0.00701995
0.00618585
0.00875854
0.0069843
0.00625512
0.00784344
0.00722394
0.0110572
0.00829511
0.012715
0.0130994
0.0107144
0.0115437
0.00907541
0.0101949
0.00992721
0.00930568
0.00732108
0.00699115
0.008655
0.00638249
0.00623079
0.00337615
0.00685533
0.00615877
0.00645344
0.00216515
0.00218526
0.00558142
0.00343139
0.0016655
0.00924888
0.00344158
0.00034627
4.93624e-06
5.33535e-06
5.37465e-06
4.808e-06
5.40155e-06
4.91594e-06
5.5454e-06
5.63915e-06
1.54987e-05
0.00947975
0.00929219
0.00343546
0.00361525
0.00877096
0.00606483
0.00519921
0.00469941
0.00455734
0.00449056
0.00413849
0.00391975
0.00376819
0.00311632
0.00298903
0.00235219
0.0021134
0.00183678
0.00155507
0.00146686
0.00113109
0.00113142
0.000880694
0.000733246
0.000591932
0.000527238
0.000528629
0.000497309
0.000381905
0.00038456
0.000365338
0.000388089
0.000340654
0.000323953
0.000299433
0.000289586
0.00219872
0.00220561
0.00150372
0.00099172
0.00205567
0.00154942
0.000943484
0.000720654
0.000541913
0.000542068
0.000418209
0.000378276
0.000410657
0.000334877
0.000325739
0.000327614
0.000317507
0.000319389
0.000306797
0.000314988
0.000310791
0.000286893
0.000301462
0.000322977
0.000334783
0.00895166
0.00586688
0.00128398
0.00395042
0.00225796
0.00153755
0.000815031
0.000515281
0.000391428
0.000348868
0.000356843
0.00034532
0.00034561
0.000368234
0.000368194
0.00546409
0.00426283
0.00372513
0.00300067
0.00229464
0.00170622
0.00167348
0.00132445
0.00120149
0.00122087
0.00146311
0.00146679
0.00198024
0.0030819
0.00451118
0.00640566
0.00761705
0.00301358
0.00132575
0.000828058
0.000322535
0.000224915
0.000554896
0.000827653
0.00112155
0.000983616
0.00198038
0.00280596
0.00230447
0.00301369
0.00284079
0.00307235
0.00291125
0.00206755
0.00187588
0.00164025
0.000800575
0.000679174
0.000498817
0.00063776
0.000881558
0.000688472
0.000771039
0.00102405
0.0017478
0.00277166
0.0025156
0.00228687
0.00318358
0.00259189
0.00227702
0.00398623
0.00392665
0.00582143
0.00737573
0.00820042
0.010166
0.0158269
0.0111003
0.0154646
0.00971244
0.0089138
0.0052979
0.00527349
0.0126534
0.011946
0.0074396
0.00557686
0.0115676
0.0100137
0.00493628
0.0046811
0.00439732
0.00424699
0.00404458
0.00392491
0.00383529
0.0037267
0.00366984
0.00361267
0.00351985
0.00345615
0.00342904
0.00333423
0.00333236
0.00328992
0.0032454
0.00322256
0.00317299
0.0031536
0.00310989
0.00306771
0.0030478
0.00302196
0.00299358
0.00295898
0.00293363
0.0029072
0.00288547
0.0028008
0.00258564
0.00168991
0.00144878
0.00176015
0.00142707
0.00156205
0.00112089
0.000974759
0.00102476
0.000870222
0.00100408
0.00193226
0.000925293
0.00174617
0.00235836
0.00256287
0.0020834
0.00231644
0.00238835
0.00366277
0.00454923
0.00276932
0.00634573
0.00569434
0.00759895
0.00790791
0.00769809
0.00848996
0.00818673
0.00743539
0.00848141
0.0134691
0.011967
0.0109677
0.0105487
0.0106587
0.0108679
0.0167474
0.0113303
0.0108017
0.0111017
0.00893577
0.00824747
0.00770714
0.0074789
0.00882363
0.00712565
0.00590327
0.00595089
0.00490326
0.00445054
0.0200989
8.49347e-06
7.50562e-06
7.47303e-06
8.63705e-06
7.65471e-06
7.58129e-06
4.3825e-06
2.30448e-05
0.0153252
0.0143222
0.0103788
0.00739286
0.00537602
0.00433122
0.00393408
0.00394477
0.00350188
0.00303771
0.00269359
0.0025634
0.00216783
0.00190644
0.00169828
0.00460094
0.00376063
0.00315095
0.00255171
0.00208226
0.00169629
0.00146631
0.00116761
0.000935919
0.00078215
0.000649338
0.000563497
0.000524621
0.00046196
0.000441339
0.000453978
0.00042635
0.000394067
0.000345741
0.000394315
0.00229437
0.00177327
0.00136343
0.00115146
0.000909533
0.000747318
0.000586831
0.000538783
0.000362868
0.000391107
0.000509335
0.00048074
0.000364959
0.000484303
0.000502547
0.000431788
0.000472931
0.00044429
0.000372326
0.000441698
0.000483751
0.000455835
0.000457158
0.000493412
0.000457689
0.000475046
0.000488322
0.000488289
0.000485117
0.000372119
0.000392097
0.000490973
0.00044593
0.000477428
0.000479665
0.000394136
0.000431065
0.000466007
0.000465921
0.000389092
0.000410173
0.000390839
0.0139612
0.000936064
0.000901764
0.000840888
0.000830401
0.000937582
0.00108034
0.00106937
0.00117113
0.00199621
0.00212469
0.00321402
0.00460859
0.00658494
0.00894133
0.00431974
0.00198602
0.000702661
0.000507827
0.000190912
0.000226495
0.000837886
0.00117786
0.00152011
0.00244588
0.00279117
0.002605
0.00226109
0.00187485
0.00202688
0.00157361
0.00277997
0.00179584
0.00142277
0.00143346
0.00105235
0.00059155
0.00062876
0.000532791
0.00057194
0.000790359
0.00122607
0.000910605
0.00162097
0.00130038
0.00138947
0.00149496
0.0018724
0.0021151
0.00264297
0.00353992
0.00297724
0.00453283
0.0050997
0.00786675
0.00874996
0.0153267
0.0139587
0.0106164
0.00853479
0.0062924
0.00798236
0.00781276
0.00686653
0.0072816
0.00560745
0.00546086
0.00520571
0.00501389
0.00477647
0.00469503
0.00464094
0.00448838
0.00436085
0.00427409
0.00426909
0.00418706
0.0040726
0.00400896
0.00393433
0.00394489
0.0039428
0.00380365
0.00375568
0.00374542
0.00369206
0.00363832
0.00357852
0.00357056
0.00352659
0.00348497
0.00279984
0.00245381
0.00105611
0.00166162
0.00112988
0.000866711
0.00083686
0.000786807
0.000747482
0.00114252
0.00085028
0.00206359
0.00189376
0.00164529
0.00381326
0.00345529
0.00410658
0.00291422
0.00314092
0.00604253
0.00499595
0.00431235
0.00544817
0.00564381
0.00491906
0.00308559
0.00665729
0.00458803
0.00448623
0.00796142
0.00286647
0.00555856
0.00478231
0.00155622
0.00156072
0.00405749
0.00131052
0.00228617
0.00777997
0.0101161
0.00789733
0.00897551
0.0065524
0.00632596
0.00721785
0.00520518
0.0116634
3.96321e-06
3.95973e-06
3.96778e-06
3.96339e-06
3.94372e-06
3.99397e-06
3.89749e-06
0.00056578
0.0123925
0.0397507
0.0241393
0.0198356
0.0113828
0.0101055
0.00618866
0.0060411
0.00485475
0.00410518
0.00352019
0.00333703
0.00264842
0.00179146
0.00135277
0.00116056
0.00111929
0.000741102
0.000589336
0.000512763
0.000413366
0.00039457
0.00039098
0.000422395
0.000347922
0.000364511
0.000365748
0.000368887
0.000356787
0.000317449
0.000362566
0.000314136
0.000360907
0.000364319
0.000348394
0.000315455
0.000709176
0.000557521
0.000512003
0.00043409
0.00039453
0.000355527
0.000372715
0.000315852
0.000318732
0.000340196
0.000328562
0.00142995
0.00103036
0.000752721
0.000603111
0.000473578
0.000421564
0.000390314
0.000367826
0.000342855
0.000354781
0.000355145
0.000355509
0.000383707
0.000379566
0.000375242
0.000381386
0.000381609
0.000376796
0.000368807
0.000406537
0.000391974
0.000386116
0.000391424
0.000387411
0.000406104
0.00289879
0.00254793
0.00217695
0.0016111
0.00137206
0.00117276
0.00122993
0.00145985
0.00178518
0.00275852
0.0041918
0.00532484
0.00735358
0.00723562
0.00327879
0.00127197
0.000345052
0.000219485
0.000526798
0.00129755
0.00188516
0.00125255
0.00245478
0.00288249
0.00338647
0.00340154
0.00382059
0.00462481
0.00480886
0.00397338
0.00378654
0.00225832
0.00178882
0.0016729
0.00189085
0.00141579
0.000852077
0.000691092
0.00069388
0.000636476
0.0012592
0.00207073
0.0014712
0.00159584
0.00212574
0.00353809
0.00376084
0.00365403
0.00552916
0.00671987
0.00928242
0.0107488
0.0123307
0.0112297
0.0150357
0.00535893
0.0110483
0.00545338
0.00522357
0.00538722
0.00535675
0.00536224
0.00527326
0.00522467
0.00512009
0.00503856
0.00497559
0.00491316
0.00485746
0.00479033
0.00472914
0.00467105
0.00462023
0.00456003
0.00451555
0.00446433
0.0044177
0.00436454
0.00431513
0.00427403
0.00422011
0.00418438
0.0041483
0.00408903
0.00406127
0.00256658
0.0020015
0.00111385
0.00132656
0.00107428
0.00113266
0.00123887
0.00102792
0.00101423
0.00219327
0.00162359
0.00262382
0.00187488
0.00307043
0.00506708
0.00370607
0.0103792
0.00663864
0.00836975
0.00860659
0.00671256
0.0106191
0.0113248
0.00983782
0.0137445
0.0146401
0.0103443
0.0188452
0.015625
0.0167859
0.0186054
0.0155263
0.0191731
0.0143136
0.0130513
0.0126415
0.0114088
0.00931237
0.0086232
0.0143478
0.0108872
0.0107668
0.00778862
0.00704521
0.00528109
0.00303553
9.34219e-06
9.37363e-06
9.41091e-06
9.43512e-06
9.586e-06
9.74852e-06
9.75127e-06
6.90965e-06
0.00340414
0.00555955
0.00463316
0.0383472
0.0306803
0.0241835
0.0197717
0.0161653
0.0135901
0.0115339
0.0100723
0.00866521
0.00690684
0.0055821
0.00421689
0.00312588
0.00230726
0.0016853
0.00117728
0.000895199
0.000724491
0.00065384
0.000534921
0.00048629
0.000418714
0.000428823
0.000411188
0.000414269
0.000387711
0.000387118
0.000387874
0.000402664
0.000408824
0.000385638
0.000392158
0.000408268
0.000395737
0.000388716
0.000386069
0.0003812
0.000372037
0.000383078
0.000412486
0.000386609
0.000378108
0.000407014
0.000410136
0.00111772
0.00105903
0.000987732
0.000928054
0.000871277
0.000823355
0.000788375
0.000753731
0.000712649
0.000673442
0.000652099
0.000628739
0.000613613
0.000589075
0.000598553
0.000571965
0.00054791
0.000549569
0.000547017
0.000542984
0.000541658
0.000553354
0.000537061
0.000533355
0.000558493
0.000566681
0.000622267
0.000693892
0.000773743
0.00113372
0.00143204
0.00312111
0.00456857
0.00630694
0.00840513
0.00965421
0.0083323
0.00276919
0.00255059
0.000723631
0.000275845
0.000246028
0.000319342
0.000568857
0.000802105
0.00130365
0.00165383
0.00105582
0.00165489
0.00199634
0.00185136
0.00104858
0.00037984
0.000114804
0.000322314
0.000207806
0.000207911
0.000301192
0.000446404
0.00117357
0.00066855
0.00206492
0.00248004
0.00276649
0.00281363
0.00349027
0.00444824
0.00654864
0.00750592
0.00971769
0.00968166
0.0121397
0.00909145
0.0134989
0.0122922
0.0183301
0.0263177
0.0173457
0.0158
0.0137675
0.0130214
0.00886092
0.00521727
0.00506812
0.00495399
0.00479875
0.00482012
0.00468218
0.00469411
0.00462515
0.00454136
0.00447885
0.00441854
0.00439603
0.00435595
0.00436259
0.0043494
0.00429319
0.00435488
0.00434268
0.00432852
0.00429686
0.00433882
0.00432984
0.0043413
0.00420309
0.00364971
0.00361301
0.00152361
0.00270591
0.00261686
0.00155156
0.00153004
0.00199407
0.0016643
0.000871318
0.00086348
0.000824971
0.000801675
0.00156707
0.00262453
0.00100498
0.00168907
0.00161281
0.00241651
0.00175614
0.00218681
0.00639283
0.00546323
0.00535633
0.00727547
0.0112941
0.00684998
0.0084198
0.0079731
0.00566019
0.00781168
0.00619844
0.00674182
0.00670845
0.00618943
0.00601017
0.00449239
0.00329272
0.00290488
0.00235104
0.00147216
0.000853396
0.000610027
7.80856e-05
6.64442e-05
0.000437491
0.000823905
0.0021745
0.00227426
0.00427365
0.00229503
0.00116637
0.000989589
0.000758921
0.0018045
0.00150364
0.00198645
0.000332287
0.00129787
0.0026783
0.00377198
0.00368318
0.00396754
0.0041831
0.00517908
9.29055e-06
9.76537e-06
1.01154e-05
1.04423e-05
0.00129206
0.0013908
0.000874129
0.00219363
0.00149573
0.00145745
0.00122583
0.00116277
0.00127097
0.00106958
0.000939614
0.000797625
0.000662516
0.000614151
0.00046483
0.000391642
0.000396984
0.000267704
0.000256241
0.000217467
0.000186853
0.000151742
0.000128575
0.000144765
0.000114607
0.00010704
0.000108302
0.000107279
0.000107646
9.44775e-05
0.000101918
0.000101187
0.00129939
0.000772174
0.000681468
0.00102635
0.000776354
0.00055316
0.000474595
0.000256303
0.000293589
0.000189524
0.000122416
0.000112098
0.000103896
0.000102452
9.90595e-05
0.000122467
0.000104914
9.77033e-05
9.87393e-05
0.000102663
0.000106713
0.000104645
9.84261e-05
9.19398e-05
9.80938e-05
0.000114798
0.000101024
9.58834e-05
9.94378e-05
0.000107787
0.000102317
0.000105171
0.00590642
0.00405436
0.00229762
0.00106764
0.000499927
0.000249054
0.00016054
0.000125945
0.000115289
0.000113267
0.000113765
0.00336342
0.00279509
0.00225756
0.00174609
0.00128908
0.00092031
0.000595263
0.000438263
0.000403773
0.000908215
0.00134183
0.00364092
0.00374769
0.00549258
0.00328648
0.001477
0.000921898
0.000987069
0.00118242
0.00201038
0.00311061
0.00410977
0.00540829
0.00552029
0.00414439
0.00605664
0.00628661
0.00591085
0.00751546
0.00697539
0.00566917
0.00526442
0.00485971
0.00406429
0.00333168
0.00485977
0.00278149
0.00229117
0.00195698
0.00119628
0.000556709
0.000738224
0.0010734
0.000722377
0.00120836
0.00302402
0.00216184
0.0047812
0.00675024
0.0089289
0.0124907
0.013102
0.00539342
0.0056879
0.00419037
0.00726388
0.00853529
0.0113408
0.0116992
0.0159722
0.00784993
0.0052543
0.00422336
0.00404954
0.00371033
0.00356128
0.00338768
0.00326024
0.00325439
0.00307758
0.0030895
0.00296449
0.00292695
0.00290761
0.00284083
0.00279899
0.00275918
0.00273637
0.00269934
0.00266766
0.00263346
0.00263026
0.00258602
0.00256927
0.00254081
0.00252724
0.00250567
0.00239867
0.00246518
0.00172723
0.00218515
0.00103415
0.00184912
0.000823952
0.0007788
0.000775526
0.00109087
0.000966204
0.00324961
0.00361462
0.00345415
0.00536908
0.00458255
0.00635158
0.00709209
0.011584
0.011497
0.00815258
0.0124972
0.0127541
0.0112124
0.0170958
0.0171989
0.011637
0.0110697
0.0169858
0.0163625
0.0152101
0.0161652
0.0135597
0.0140732
0.0107672
0.0124891
0.0127095
0.0117587
0.00825581
0.00835879
0.00894631
0.00604999
0.00640409
0.00649359
0.00599981
0.00699378
0.00917738
8.30845e-06
9.10343e-06
8.38862e-06
9.31374e-06
9.05012e-06
8.33241e-06
5.12505e-06
0.00331149
0.015166
0.0126436
0.00823651
0.00637783
0.00506202
0.00474729
0.00471728
0.0044006
0.00403956
0.0034327
0.00748056
0.00610983
0.00519352
0.00433348
0.00350362
0.00295127
0.00248749
0.00203035
0.00168936
0.00138078
0.00119112
0.0010062
0.000829347
0.000709389
0.00060467
0.000515109
0.000524657
0.0030467
0.00210033
0.00161853
0.00127761
0.00100268
0.000395919
0.000360203
0.000362045
0.000348507
0.000336475
0.000336503
0.000319384
0.000354776
0.000345642
0.000342184
0.000371637
0.000380175
0.000417341
0.000389297
0.000399016
0.0003984
0.00040304
0.00040541
0.000328689
0.00033226
0.000447519
0.000450499
0.000449005
0.000387159
0.000413529
0.000472828
0.000376011
0.000410111
0.000594875
0.000627804
0.000645036
0.000705998
0.000710699
0.000794932
0.000969021
0.00134568
0.00178672
0.00253829
0.00383832
0.00522436
0.00859853
0.00593954
0.00209602
0.0005688
0.000258265
0.000292766
0.000486117
0.00117862
0.000521706
0.00141328
0.00139608
0.00287321
0.00163198
0.00232862
0.00329518
0.004988
0.00393144
0.00420578
0.00294683
0.00234398
0.00195657
0.00184722
0.00167235
0.000570027
0.000848512
0.00110269
0.00100517
0.00140267
0.00173807
0.00291276
0.00455151
0.00393903
0.00422272
0.00457351
0.00464055
0.00771016
0.0121449
0.0160791
0.0170017
0.01557
0.0120302
0.00928016
0.00777583
0.00697411
0.00628477
0.00585715
0.00549379
0.00520741
0.00503826
0.00482781
0.00468563
0.00457155
0.0044655
0.00440264
0.00432764
0.00428762
0.00424796
0.00416145
0.00417767
0.00405554
0.00400839
0.00398549
0.00394205
0.00386197
0.00382004
0.00379815
0.00375122
0.00335236
0.00346847
0.00303079
0.00200588
0.00119184
0.00110741
0.00104132
0.000935338
0.000887576
0.000847932
0.00192896
0.00318508
0.00296978
0.00309739
0.00242775
0.00237713
0.00622543
0.00278961
0.00419206
0.00470316
0.0051217
0.00696862
0.00664212
0.00519361
0.00678658
0.00433524
0.00541173
0.00700674
0.003793
0.00625459
0.00513963
0.00406873
0.00160986
0.00390656
0.00199465
0.00296314
0.00101075
0.00336598
0.000120793
0.00348132
0.000597894
0.0118489
0.00874732
0.00681444
0.0208588
0.0130546
0.0123408
0.0145813
4.40815e-06
4.43439e-06
4.43568e-06
4.43651e-06
4.42715e-06
4.4502e-06
0.00390179
0.0384842
0.0340923
0.021162
0.0143206
0.0124493
0.0116018
0.00934631
0.00892193
0.00715971
0.00599051
0.0048476
0.00391631
0.0031078
0.00242477
0.00190534
0.00149307
0.00149759
0.000838247
0.000693567
0.000601321
0.000529512
0.000478869
0.000461143
0.000502465
0.000452018
0.000469162
0.000429201
0.000421442
0.000428552
0.000456539
0.000421824
0.000383435
0.000889268
0.000736724
0.00059313
0.00052371
0.000466208
0.000421177
0.000437125
0.000405199
0.00037824
0.00147126
0.00099277
0.000815413
0.000636983
0.000556478
0.00050927
0.000455236
0.000465143
0.000458612
0.000453455
0.000439227
0.000461784
0.000438215
0.000461501
0.000467362
0.000464594
0.000485858
0.000485235
0.000467564
0.00048883
0.000477629
0.00047928
0.00288462
0.00254239
0.00219683
0.00184341
0.00157062
0.0013834
0.00136393
0.00148539
0.00179103
0.00241658
0.00376033
0.00487414
0.00512411
0.00717731
0.00573409
0.00305905
0.00125953
0.000140034
0.000126818
0.000790842
0.00110062
0.00146852
0.00183632
0.00149167
0.00195667
0.00203964
0.00205486
0.00210224
0.00216913
0.0022533
0.00149494
0.00187749
0.00100516
0.00127506
0.00254375
0.00189631
0.00119484
0.000634879
0.00052873
0.000560699
0.000837818
0.00126251
0.00237563
0.00181798
0.00175497
0.0030248
0.00337252
0.00400888
0.00586233
0.00614327
0.0073488
0.00734275
0.0077998
0.00932205
0.00976912
0.0119525
0.0152578
0.0143597
0.0079051
0.00550185
0.0055196
0.005426
0.00550566
0.0054402
0.00536246
0.00528675
0.00522553
0.00515053
0.00507637
0.00500955
0.00495011
0.00488529
0.00482293
0.00475984
0.00470961
0.0046596
0.00460089
0.00454242
0.00450715
0.00445117
0.00439615
0.00435099
0.00432806
0.00428298
0.0042202
0.00415943
0.00413411
0.00407631
0.00403136
0.00400283
0.00253668
0.00241049
0.00120782
0.0017517
0.0018596
0.00131125
0.00125052
0.00105536
0.0010384
0.00166942
0.00108177
0.00142351
0.00294565
0.00328416
0.00419387
0.00393632
0.00559189
0.00680548
0.0066954
0.00666529
0.00654389
0.00740086
0.0107329
0.00947986
0.0109811
0.0126886
0.0116839
0.0105592
0.0106338
0.0167792
0.014201
0.0117591
0.00936026
0.0129868
0.0117805
0.0114304
0.0119279
0.0176024
0.00633806
0.00915172
0.00561331
0.00256462
5.17587e-06
5.20612e-06
5.24299e-06
5.20529e-06
5.24083e-06
5.30913e-06
0.00481292
0.00141183
0.0019647
0.015024
0.016749
0.0140406
0.011634
0.0101405
0.00858637
0.00800505
0.00668423
0.00575642
0.00494053
0.00377088
0.00286133
0.00209961
0.00146649
0.00105615
0.000755811
0.000584487
0.00045318
0.000395115
0.000327073
0.000312091
0.00028805
0.000279785
0.000239487
0.00024159
0.000278961
0.000320479
0.000310169
0.000313935
0.000298823
0.000496891
0.000490524
0.000442578
0.000412443
0.000378248
0.000365114
0.000352742
0.000333464
0.000336587
0.000329739
0.000329215
0.000331346
0.000320254
0.000315412
0.000332133
0.000294919
0.000293057
0.000301862
0.000306805
0.000306711
0.000334568
0.000323285
0.000308865
0.000321138
0.000326146
0.000302741
0.000611652
0.000498538
0.000421983
0.000371593
0.000331214
0.000310411
0.000288259
0.000663668
0.000523902
0.000445941
0.000389082
0.000349633
0.000316222
0.000304131
0.000298629
0.000296215
0.00139544
0.00120675
0.00101044
0.000873346
0.000879064
0.0011817
0.00174641
0.00174191
0.00417427
0.00604685
0.00791886
0.00845709
0.00424244
0.00172345
0.000666987
0.000342851
0.000296913
0.000735451
0.0010159
0.00124712
0.00193856
0.00213851
0.00133872
0.0026269
0.00206023
0.00179248
0.00101286
0.000828366
0.000823002
0.000719917
0.000242085
0.000127054
0.000349733
0.000350273
0.000190995
0.000288536
0.000319345
0.0014358
0.00101083
0.00203261
0.00139656
0.00378517
0.00350851
0.00467827
0.00568206
0.00411932
0.00858484
0.00645055
0.0077276
0.0138038
0.0170465
0.0151355
0.0103614
0.00901925
0.0162923
0.0182377
0.0309531
0.0187461
0.00510616
0.00483451
0.00470065
0.00454806
0.00440315
0.00430575
0.00423324
0.00406415
0.00405323
0.00394732
0.00387036
0.00387088
0.00381926
0.00376752
0.00374855
0.00367899
0.00363465
0.00360982
0.00306109
0.0019708
0.00263851
0.00133977
0.00163786
0.00123319
0.00120974
0.00120901
0.00123202
0.00147557
0.00134604
0.00135132
0.00378558
0.00305698
0.00349642
0.00244464
0.00435301
0.00407816
0.00444903
0.00439403
0.00892093
0.00469027
0.0110697
0.00632604
0.00740891
0.00737573
0.00976844
0.00854505
0.00904731
0.00794529
0.00761839
0.00802947
0.00641517
0.00714626
0.00748658
0.00610102
0.00562856
0.00850362
0.00528429
0.00492177
0.00758168
0.00432164
0.00394555
0.0046302
0.00274123
0.00165324
0.00176281
0.00129271
0.00142365
0.00066396
0.000405891
0.000251397
0.000202984
0.000163537
0.000306746
0.000506317
0.00198145
0.00545652
8.45443e-06
8.61558e-06
8.78486e-06
8.99968e-06
9.27286e-06
9.6184e-06
9.97226e-06
1.02226e-05
0.00848582
0.00108664
0.00144356
0.00119002
0.00291734
0.00259179
0.00260608
0.00230841
0.00208941
0.00196768
0.00183404
0.00152996
0.00141096
0.00109742
0.000964855
0.000840869
0.000651618
0.000593098
0.000477332
0.000375813
0.000323138
0.000287478
0.000264543
0.000260149
0.000225725
0.000209407
0.000186108
0.000207099
0.000190734
0.000195475
0.000195
0.000226674
0.00021442
0.000215009
0.00140435
0.0013479
0.0010195
0.000588092
0.00132153
0.000978609
0.000594687
0.000506458
0.000387949
0.000277314
0.000242971
0.000213456
0.000189943
0.000187279
0.000185979
0.0001957
0.000200785
0.000199557
0.00019377
0.000204876
0.000197972
0.000211084
0.000213423
0.000209735
0.000227767
0.000206813
0.000207723
0.000216529
0.000202139
0.000222003
0.00750288
0.00405777
0.00227715
0.00151603
0.000745636
0.000444029
0.000302204
0.000260244
0.000253652
0.00025201
0.000257442
0.000246609
0.00401069
0.00335502
0.00273891
0.00218916
0.00167295
0.00124693
0.000926164
0.00079008
0.000931706
0.00115597
0.00210769
0.00244763
0.00608724
0.00716789
0.00195315
0.000838772
0.000489008
0.000495302
0.000766251
0.00119706
0.00142497
0.00223122
0.00245125
0.00298891
0.00304833
0.00298765
0.0026037
0.00215828
0.00240857
0.00151459
0.00142579
0.00219483
0.00145093
0.000842071
0.000742501
0.000548096
0.000348178
0.000463047
0.000614045
0.000941027
0.00147368
0.000925382
0.00265364
0.00202762
0.00352213
0.00485577
0.00232492
0.00170294
0.00174706
0.00124531
0.00169524
0.00192891
0.00202225
0.00149267
0.00136234
0.00142355
0.00115916
0.00112765
0.00180667
0.00163737
0.000966889
0.00129712
0.00138857
0.000919302
0.00112341
0.000966088
0.00125283
0.00117568
0.0015036
0.00127989
0.000960433
0.0011061
0.00101186
0.000882273
0.000968644
0.000797547
0.000837448
0.00096758
0.00112967
0.000688366
0.000856329
0.000814104
0.000980002
0.000648492
0.000815332
0.00109595
0.000855879
0.000545216
0.000559091
0.000705591
0.000495545
0.000686693
0.000575629
0.000564768
0.000770917
0.000488296
0.000777102
0.00062231
0.000486594
0.00090415
0.000497949
0.000464266
0.00055442
0.0005375
0.000664672
0.000456689
0.000532382
0.000574941
0.000558524
0.00068916
0.000802574
0.000538909
0.000454309
0.000386186
0.00129392
0.00115722
0.00105559
0.000971926
0.000884847
0.000837341
0.000833125
0.000796694
0.000762485
0.000717386
0.000699296
0.000663056
0.000545513
0.000564276
0.000562084
0.000543953
0.000545539
0.000578096
0.000562381
0.00055158
0.000577564
0.000552695
0.000550967
0.000571176
0.000569412
0.000572004
0.000516382
0.000514761
0.000518696
0.000554204
0.000516437
0.00051746
0.00053693
0.000545342
0.000543823
0.00119103
0.00116741
0.00113675
0.00122733
0.0012056
0.00120565
0.00106046
0.00108845
0.00110552
0.00123265
0.00137255
0.0014121
0.0014121
0.00146861
0.00161439
0.00171448
0.00177335
0.00179349
0.00204798
0.00214548
0.00235023
0.00262897
0.00338437
0.00359083
0.00353806
0.00377636
0.00425302
0.00453866
0.00461293
0.00497754
0.00597912
0.00716167
0.0077029
0.0082709
0.00905641
0.00931648
0.00996363
0.0119019
0.0127152
0.011707
0.0111022
0.00816822
0.00454594
0.00298391
0.00364558
0.00222544
0.00135786
0.00446235
0.00517425
0.0034257
0.00169021
0.00328166
0.00328763
0.000733391
0.000324522
0.00116336
0.00226618
0.00115138
0.000931955
0.000455599
0.0018435
0.00233767
0.00137017
0.000438658
0.000789604
0.000599111
0.000583035
0.000570717
0.00194537
0.00112274
0.00147163
0.000769264
0.00289649
0.00203818
0.00204278
0.000835112
0.00298064
0.00324617
0.00207386
0.00273786
0.00185479
0.00571975
0.00394685
0.0073215
0.00491811
0.00485207
0.00755769
0.00520727
0.00198891
0.00229622
0.00218392
0.00226155
0.00241964
0.00207543
0.00199639
0.00189993
0.00184853
0.00178022
0.00162374
0.00167997
0.00161781
0.00165879
0.0016261
0.00157639
0.00156626
0.00153996
0.00148647
0.0013599
0.00140852
0.00139091
0.00135755
0.00133239
0.00130279
0.00128057
0.00123455
0.00120652
0.0012231
0.00118027
0.00117329
0.00115377
0.00114754
0.00111138
0.00110691
0.00109043
0.00108385
0.00107659
0.00107264
0.00105729
0.00104013
0.00103725
0.00102521
0.00100717
0.00100492
0.000996487
0.000999272
0.000999235
0.000997069
0.000986058
0.000978477
0.000974001
0.000961542
0.000950188
0.000548477
0.000513588
0.000423615
0.000950981
0.000949571
0.000943473
0.000937268
0.000932912
0.000474987
0.000925591
0.000921955
0.000916265
0.000871312
0.000851558
0.000901804
0.000897282
0.000662881
0.0008192
0.000818494
0.000637413
0.000652821
0.000518611
0.000317285
0.000317414
0.000332663
0.000311379
0.00031146
0.000363818
0.000362853
0.000444528
0.000382649
0.000382183
0.000513048
0.000846826
0.00102248
0.00132737
0.00231332
0.00229826
0.00274607
0.00224675
0.00247775
0.00228283
0.0022673
0.00320879
0.00431406
0.00428177
0.00437695
0.00388863
0.00385943
0.00404556
0.00754407
0.00837171
0.00441123
0.00469608
0.00926664
0.00917932
0.00998455
0.00993152
0.0102434
0.00906595
0.00932605
0.012324
0.0121811
0.0130897
0.0117472
0.0115983
0.0131706
0.0101679
0.0126787
0.0160413
0.0171637
0.016881
0.0176014
0.0146185
0.0149167
0.0173489
0.0179382
0.0175564
0.0180136
0.0184906
0.0183553
0.0176099
0.018364
0.0207268
0.0192691
0.0186461
0.0196851
0.0144717
0.0142195
0.0179775
0.0173599
0.0172246
0.01569
0.0147349
0.0141923
0.0121354
0.0116919
0.00985528
0.00901073
0.00877225
0.00797262
0.00717359
0.00426864
0.00413228
0.003701
0.00336896
0.00174598
0.00132225
0.00184443
0.000709139
0.000505497
0.000482587
0.0005897
0.000704865
0.000664283
0.000341258
0.000106672
9.63979e-05
0.00137057
0.00163831
0.000658469
0.00183614
8.00824e-06
8.0078e-06
8.00736e-06
8.0111e-06
8.01181e-06
8.02204e-06
8.04884e-06
8.03789e-06
8.19961e-06
8.18906e-06
8.55205e-06
0.000166997
0.000152164
0.000153165
0.0206631
0.0158685
0.0142389
0.0127783
0.0117051
0.00795446
0.007464
0.00649309
0.00614414
0.00576367
0.00547183
0.00550688
0.00519794
0.00516228
0.00483394
0.00459581
0.00464505
0.00429889
0.0041928
0.00384263
0.00366263
0.00333192
0.00308999
0.00280921
0.00256324
0.0023762
0.00219451
0.00199456
0.00184566
0.00169621
0.00156884
0.0014385
0.00133744
0.00127495
0.00120139
0.00116757
0.00114608
0.00111027
0.00105832
0.00102163
0.00100328
0.0009126
0.000885682
0.000851937
0.000784729
0.000720349
0.00070178
0.000678585
0.000615405
0.000562887
0.000544986
0.000584917
0.000547772
0.000526292
0.000505807
0.000549172
0.000533665
0.0004769
0.000473079
0.000449879
0.00042614
0.000445065
0.000432418
0.000460132
0.000451275
0.000429167
0.000423025
0.000411566
0.000404282
0.000401392
0.000371588
0.000354011
0.000347472
0.000346581
0.000339956
0.000336161
0.000333088
0.000301393
0.000298725
0.000336495
0.00033328
0.000306837
0.000308805
0.000334455
0.000341257
0.000347618
0.00036357
0.000350929
0.00036893
0.000390398
0.000448534
0.000368056
0.000386576
0.000423129
0.000408849
0.00043761
0.000430677
0.000481232
0.000669801
0.000604569
0.00045736
0.000719426
0.000486869
0.000772204
0.000539034
0.000872961
0.00075869
0.000587375
0.000968456
0.000835317
0.000617593
0.000700536
0.000682996
0.000848404
0.000913295
0.0206383
0.0153553
0.010691
0.00657142
0.00374988
0.00202131
0.00106196
0.000639556
0.000426654
0.0003393
0.000311539
0.000294764
0.000292056
0.000288674
0.00028671
0.000289949
0.000292008
0.000292396
0.000294489
0.000301028
0.000302897
0.000294292
0.000294209
0.000292755
0.000282781
0.000431061
0.000395189
0.000342076
0.000324989
0.000308395
0.000305579
0.000300708
0.000299778
0.000286488
0.00684242
0.00599912
0.00529965
0.00459787
0.00407249
0.00360846
0.00321715
0.0028731
0.00244698
0.00208427
0.00167034
0.0015461
0.00139057
0.0013011
0.0010456
0.000854181
0.000841028
0.000819016
0.0007692
0.000779537
0.000891417
0.000871095
0.00115097
0.00114967
0.00170963
0.00175826
0.00147238
0.00228419
0.00226026
0.00322648
0.00329524
0.0034537
0.00495037
0.00502502
0.00419889
0.00317823
0.00370143
0.00252702
0.00255284
0.00257407
0.000722934
0.00086096
0.000243798
0.000241852
0.000414398
0.000361274
0.000293993
0.000531295
0.000485085
0.000782097
0.00130485
0.000899771
0.00191907
0.00249889
0.00196515
0.00171884
0.00230343
0.00204641
0.00267704
0.00282279
0.00307214
0.00502114
0.00446636
0.00442623
0.003687
0.00355583
0.00418841
0.00346017
0.00345064
0.0041996
0.00310332
0.00397631
0.00340805
0.0029604
0.00241641
0.00246093
0.00230671
0.00239857
0.00156483
0.00197423
0.00125012
0.00140544
0.00147701
0.000906787
0.000451954
0.000620838
0.000376308
0.000479671
0.000425859
0.000703281
0.000720741
0.000507825
0.000564395
0.000606324
0.000507512
0.000724323
0.000723191
0.000781863
0.000650279
0.000700939
0.00100575
0.00164305
0.00135446
0.00105982
0.0014855
0.00140033
0.000994587
0.00108969
0.00204766
0.00150198
0.00264985
0.00184863
0.00283434
0.00194139
0.00198327
0.00412348
0.00333652
0.00230082
0.00359655
0.00247361
0.00246501
0.00381023
0.00591527
0.00313799
0.00285774
0.00432394
0.00892665
0.00457412
0.00444834
0.00295095
0.00305971
0.00525639
0.00369417
0.00862859
0.0061676
0.00883063
0.00655345
0.00638098
0.00284602
0.00799275
0.0056018
0.00819845
0.00598901
0.00293856
0.0030343
0.00306545
0.00317324
0.00317951
0.00331374
0.00327935
0.00329262
0.00306538
0.00310015
0.0033048
0.00326805
0.00323756
0.00320733
0.00316363
0.00313076
0.00307463
0.00304777
0.00302522
0.00299745
0.00296839
0.00294315
0.00291765
0.00289255
0.00286313
0.00284006
0.00281934
0.00279478
0.00277552
0.00275358
0.00272488
0.00270433
0.00268287
0.00266169
0.00264389
0.00261993
0.00260001
0.00258059
0.00255907
0.00254112
0.00252546
0.00250853
0.00248934
0.00247252
0.00246546
0.00245251
0.00241989
0.00240155
0.00238717
0.00236684
0.00234934
0.00233329
0.00234011
0.00232254
0.00228146
0.0022661
0.00225134
0.00224995
0.00223271
0.00221889
0.0021969
0.00218436
0.00217036
0.00215524
0.00198359
0.000894677
0.000756262
0.0010556
0.00105139
0.000966593
0.000778768
0.000777244
0.000637521
0.000627178
0.000725202
0.000866176
0.000986318
0.000524237
0.000521544
0.000528733
0.00104408
0.00102991
0.00118859
0.00130256
0.0017428
0.000619999
0.000615531
0.000709874
0.00137966
0.00135929
0.00160862
0.00095627
0.000944762
0.001311
0.00353265
0.00378698
0.00328391
0.00322143
0.00434317
0.00410901
0.004173
0.00433572
0.00395445
0.00674971
0.00738226
0.00768931
0.00748583
0.00766054
0.00714637
0.0069409
0.00550042
0.00911191
0.0087715
0.00847031
0.00653201
0.00751393
0.00723946
0.00730166
0.00746735
0.0101617
0.00970475
0.0101218
0.00790838
0.00751678
0.00679442
0.00740823
0.00673906
0.00636377
0.0068501
0.00762974
0.00955515
0.00913525
0.00641045
0.00631258
0.00415326
0.00385886
0.00374532
0.00486636
0.00463809
0.00634839
0.00621303
0.00518656
0.00471045
0.00485163
0.00020917
0.000217488
0.000303028
0.000296191
0.000384652
0.000369348
0.000332362
0.000323687
0.000461814
0.000297643
0.000291821
0.00026576
0.000806481
0.000908524
3.16694e-05
3.15365e-05
5.52474e-05
0.000129381
0.000136888
5.1086e-05
0.000244809
0.000244587
0.000276631
0.00128169
0.00165703
3.67991e-05
4.19642e-05
7.5483e-05
0.000285612
0.00546153
0.00480328
5.74822e-06
5.77252e-06
5.77894e-06
5.78212e-06
5.83437e-06
5.78338e-06
5.75518e-06
5.76672e-06
5.78029e-06
5.88214e-06
6.48659e-06
6.43081e-06
6.51993e-06
0.0123482
0.0113238
0.00735911
0.00632153
0.00604639
0.00554022
0.00536577
0.00508794
0.00515512
0.0049534
0.00465373
0.00446936
0.00400688
0.0038413
0.00367453
0.00329434
0.00311683
0.00288182
0.00272629
0.0025021
0.00236935
0.00227867
0.00217403
0.00201233
0.00193576
0.0018157
0.00175611
0.00169217
0.00165065
0.00154049
0.0015213
0.0013667
0.00134705
0.00123981
0.00123701
0.00118829
0.00119113
0.00112707
0.00114171
0.00115872
0.00115011
0.00117632
0.00104772
0.00108767
0.00115142
0.00101584
0.000716543
0.00207542
0.00176057
0.00152494
0.00129482
0.00116189
0.000998834
0.00100977
0.000887823
0.000836112
0.000748942
0.000713821
0.00068796
0.000626446
0.00057577
0.000537926
0.000556048
0.000491023
0.000472219
0.000512611
0.000502069
0.000474549
0.000468681
0.000498997
0.00049564
0.000485882
0.000484809
0.000481813
0.000453889
0.000433797
0.000436735
0.000478125
0.000478885
0.000481055
0.000432574
0.00392221
0.00328141
0.00194905
0.00156777
0.00135655
0.00105569
0.000885642
0.00107804
0.000896206
0.000813614
0.000949638
0.000790367
0.000719924
0.000619263
0.000584456
0.000423453
0.000425795
0.000425104
0.000426454
0.000414974
0.000419292
0.000477679
0.000452887
0.000451175
0.000479223
0.00048448
0.000476747
0.000438572
0.000445053
0.000438285
0.000424994
0.000431754
0.000406255
0.000406406
0.000460178
0.000439419
0.000412028
0.000408402
0.000410963
0.000416134
0.000420867
0.00041814
0.00047844
0.000437565
0.000433621
0.000440349
0.000404884
0.000399419
0.000400849
0.000397704
0.000400198
0.000403569
0.00039683
0.0003955
0.000392572
0.000748053
0.00146251
0.00115965
0.00099261
0.000465249
0.000575172
0.00237998
0.00180612
0.0014675
0.00114586
0.000905006
0.00078654
0.000663307
0.000576353
0.000523176
0.00053836
0.000502299
0.000493939
0.000501624
0.000489053
0.000458752
0.000456964
0.000451893
0.000449228
0.000452665
0.000459539
0.000458449
0.00046274
0.000483094
0.000482123
0.000487883
0.000494441
0.000471772
0.000473421
0.000473746
0.000484265
0.000486272
0.000489857
0.000492871
0.000506845
0.000510829
0.000529653
0.000526435
0.000520253
0.000538247
0.000529665
0.00232646
0.00183236
0.0014586
0.00222427
0.00217075
0.00229266
0.00213303
0.00253192
0.00250698
0.00279715
0.00367124
0.00425216
0.003591
0.00494817
0.00452141
0.00120565
0.00124557
0.00149448
0.000820274
0.000849836
6.14891e-05
2.6474e-07
1.50649e-08
2.34547e-05
0.000172366
0.000150504
3.88326e-05
0.000214247
0.000189735
0.000386048
0.000695033
0.000662514
0.000438582
0.00125228
0.000948996
0.000904125
0.00198542
0.0016275
0.00174953
0.00202717
0.00154636
0.00281906
0.00226991
0.00225352
0.00157329
0.00215685
0.0023883
0.00208144
0.00154421
0.00152249
0.00210973
0.00167962
0.00119557
0.000594504
0.000615686
0.000722688
0.00121549
0.00043117
0.00102449
0.00068833
0.000631749
0.000735864
0.00100828
0.00100544
0.00359275
0.00368357
0.00366481
0.00377277
0.00362483
0.00354631
0.00363223
0.00367846
0.00360596
0.00368684
0.00374081
0.00367452
0.0037617
0.00375118
0.00368852
0.00373584
0.00356942
0.00388734
0.00393783
0.003854
0.00379574
0.00389828
0.00397461
0.00404102
0.00410889
0.0039745
0.00430458
0.0042421
0.00430382
0.00420913
0.00415016
0.00429441
0.00447586
0.00441348
0.00452561
0.00427126
0.00421483
0.00426411
0.00407699
0.00414782
0.00436569
0.00448467
0.00458875
0.00447472
0.00441941
0.00447073
0.00452118
0.00450797
0.00457017
0.00451508
0.00447213
0.00441945
0.00436198
0.00431392
0.00425521
0.00420675
0.00415945
0.00411377
0.0040682
0.00402264
0.00397933
0.00393563
0.00389366
0.0038529
0.00381125
0.00377484
0.00375569
0.00371401
0.0036846
0.00363022
0.00360368
0.00358659
0.00355922
0.00350045
0.00347623
0.00346988
0.00345217
0.00343546
0.0033749
0.00336847
0.0033558
0.00331457
0.0033067
0.00323991
0.00323558
0.00208786
0.00206804
0.00143695
0.000744404
0.000736046
0.000656433
0.00111642
0.000769332
0.000643743
0.00124001
0.00121147
0.00160165
0.000825799
0.00150372
0.00223993
0.00276727
0.00255425
0.00258858
0.00399717
0.00430553
0.00416817
0.00547671
0.00770163
0.00844181
0.00654908
0.00629146
0.00927569
0.00886974
0.0126052
0.0146106
0.0119468
0.0129967
0.0158567
0.0158536
0.0194628
0.0180242
0.0188154
0.0203025
0.0201138
0.0181782
0.01748
0.015651
0.0172899
0.0156022
0.016193
0.0149781
0.0144687
0.012137
0.0198228
0.0172073
0.00984961
0.00862044
0.011026
0.00965671
0.0133361
0.0134229
0.0148282
0.0189116
0.0175531
0.0172941
0.00714963
0.00703696
0.00640202
7.79329e-05
0.0561505
0.048965
0.0297734
0.0262898
0.0103856
0.010521
0.00943844
0.00870225
0.00944681
0.00749861
0.00695504
0.00581728
0.00460636
0.00379543
0.00396909
0.00334786
0.00390577
0.00342364
0.00313609
0.00285597
0.00253025
0.00269569
0.00245486
0.00243182
0.00225038
0.00192031
0.00180561
0.00187593
0.00181755
0.00175588
0.00152482
0.00145701
0.00126169
0.00121801
0.00118076
0.00114606
0.00113221
0.00107249
0.00104184
0.00124779
0.00124813
0.00122688
0.00121315
0.00119801
0.00118756
0.00118879
0.00120586
0.00119804
0.00105602
0.00105125
0.00104367
0.000978665
0.00097587
0.00100945
0.00101254
0.000854102
0.000851789
0.000847273
0.000963375
0.000973321
0.000961169
0.000965411
0.000949942
0.000946651
0.000964212
0.000967834
0.000909556
0.00090703
0.000784692
0.00077581
0.000753854
0.000742838
0.000780438
0.00077858
0.000783022
0.000818607
0.000811451
0.00080654
0.000809781
0.000799145
0.000795067
0.000794995
0.000859155
0.000860247
0.000864537
0.000870528
0.000868689
0.000860348
0.000857349
0.000825583
0.000822442
0.000816319
0.000817619
0.000818748
0.000815035
0.000769126
0.000777207
0.000778537
0.00078342
0.000789474
0.000795689
0.000801579
0.000821608
0.000830595
0.000767507
0.000733779
0.000751491
0.000775079
0.000777959
0.000786568
0.000846528
0.000860746
0.000822485
0.000832028
0.00083232
0.000847741
0.000859044
0.000843459
0.000868228
0.000884732
0.000896692
0.000890359
0.000838181
0.000859079
0.000877491
0.000912999
0.000927372
0.000876848
0.000892772
0.000944562
0.000962225
0.000908324
0.000927681
0.00102022
0.0010461
0.000966326
0.00100124
0.000972913
0.000997375
0.00102911
0.00106022
0.00105802
0.00109207
0.00111014
0.00114783
0.00114961
0.00109756
0.00113742
0.00116028
0.00122892
0.00121441
0.00127079
0.00125119
0.00130751
0.00133642
0.00139528
0.00139403
0.00138088
0.00141684
0.00141155
0.00138688
0.00136541
0.00137488
0.00141825
0.00132508
0.00132464
0.000797221
0.00694566
0.00601936
0.00536238
0.00444691
0.00335263
0.00507953
0.00241369
0.00323314
0.00266446
0.00172994
0.001629
0.00173232
0.00175805
0.00163543
0.00152895
0.00150361
0.00142718
0.00140058
0.00132755
0.00131839
0.00130097
0.00135596
0.00129008
0.00141656
0.00144727
0.0014843
0.00178238
0.00184908
0.00174593
0.00236431
0.00240647
0.00338167
0.00346281
0.00292487
0.00465366
0.00458467
0.00683471
0.00693499
0.00578181
0.00691555
0.00704347
0.00743628
0.00658863
0.0031197
0.00231393
0.00107581
0.00118172
0.000182107
4.86359e-05
0.000198732
4.64084e-05
4.10207e-05
0.000334007
0.000599301
0.00055989
0.000624551
0.000281171
0.000941005
0.000707197
0.00107593
0.000890907
0.00148099
0.00137364
0.00133763
0.00116186
0.00129849
0.00102244
0.0014743
0.00145622
0.00208614
0.00184547
0.000873525
0.00121842
0.00147265
0.0009786
0.000584356
0.000602962
0.000481061
0.00030181
0.000285117
0.000473651
0.000501812
0.000634144
0.000391082
0.000350583
0.000471996
0.000441364
0.000612446
0.000532166
0.000510214
0.000729031
0.000967886
0.000579557
0.000849857
0.000923183
0.00108806
0.00111089
0.00109399
0.000818727
0.000885594
0.000907088
0.000953212
0.000859771
0.000936143
0.00184172
0.00145275
0.00169923
0.00141889
0.00226145
0.00156316
0.00164981
0.00298906
0.00211991
0.00393552
0.00288914
0.00402783
0.0024798
0.00483004
0.00392499
0.0051738
0.0051867
0.0032535
0.00609135
0.00427776
0.0074188
0.00503641
0.0102988
0.00487238
0.00957183
0.00940497
0.00777201
0.0103951
0.0132032
0.018836
0.0180161
0.018128
0.0141194
0.0137915
0.00998902
0.00742786
0.0102365
0.019866
0.0201827
0.0160509
0.0079139
0.0166588
0.0096195
0.0210612
0.020465
0.00765872
0.00317459
0.00310843
0.00306805
0.00309018
0.00304557
0.00294353
0.00292318
0.00287967
0.00281012
0.00253601
0.00278801
0.00249051
0.00247063
0.0024566
0.00243939
0.00268314
0.00239859
0.00260455
0.00236481
0.00256051
0.00254356
0.00249762
0.00248385
0.00243567
0.00228571
0.00243284
0.0022361
0.00222161
0.00236249
0.00219399
0.00230362
0.00229262
0.0021854
0.00214664
0.00213418
0.00212374
0.00210142
0.0020919
0.0020829
0.00206785
0.00206006
0.00208587
0.0020705
0.00202195
0.00200773
0.00199934
0.00198965
0.00197562
0.0019652
0.00194929
0.00193476
0.00192404
0.00191515
0.001902
0.00189575
0.00188131
0.00187107
0.00186322
0.00186038
0.00185674
0.00177995
0.00160695
0.000598221
0.00053385
0.000919129
0.000731443
0.00117108
0.00116238
0.000874648
0.000408913
0.000399259
0.000394417
0.000415582
0.00041737
0.00040211
0.000385458
0.000465625
0.000549232
0.000819121
0.000813524
0.000909432
0.0010902
0.0010077
0.00110563
0.00120238
0.00209894
0.00257231
0.00246959
0.00241485
0.00275194
0.0032596
0.00318438
0.00336747
0.00476901
0.00493399
0.00368392
0.00374977
0.0042843
0.0041627
0.00440937
0.004122
0.00476403
0.00430948
0.00422893
0.00477265
0.00766373
0.00800961
0.00650178
0.00765549
0.00780731
0.00761393
0.00788727
0.00767892
0.00766157
0.00855531
0.00856156
0.0134477
0.0129879
0.0126446
0.0070611
0.00681262
0.00682489
0.00908176
0.00871391
0.00720063
0.00793384
0.00758201
0.00774803
0.00846055
0.00803826
0.00820445
0.0106513
0.010032
0.0101813
0.00936811
0.00931848
0.0131276
0.0125001
0.00626268
0.00580899
0.00539931
0.00627124
0.0063739
0.00559664
0.00539491
0.00445106
0.00406838
0.00387882
0.00453263
0.00403124
0.0037741
0.00296726
0.00295042
0.00278752
0.00215394
0.00183515
0.00187322
0.00149437
0.00139486
0.00181416
0.001422
0.00113754
0.000921077
0.000960351
0.000185453
0.000121093
0.000139674
0.000267208
0.000182066
0.000282922
2.96397e-05
9.74626e-06
1.48515e-05
5.49897e-06
3.0183e-06
1.31265e-05
3.7157e-06
0.000102866
0.000112736
3.68777e-06
1.29359e-05
1.07284e-05
4.2093e-05
0.000399931
0.000289994
0.000893401
0.000940459
0.00060559
0.00073557
0.000606247
2.05476e-05
2.01595e-05
2.08858e-05
2.12415e-05
2.12138e-05
2.13384e-05
2.16941e-05
2.07808e-05
2.14938e-05
1.34191e-05
1.33147e-05
5.59006e-06
5.99419e-06
5.48117e-06
3.9434e-05
3.90616e-05
0.0052251
0.00473712
0.00481668
0.00433922
0.00501656
0.00482896
0.0050664
0.00490895
0.00508771
0.00501572
0.00457057
0.00435351
0.00384686
0.00376589
0.00349645
0.00343439
0.00333087
0.0032913
0.00319332
0.00288612
0.00287576
0.00236803
0.0022841
0.00219842
0.00218205
0.00211421
0.00213231
0.00215098
0.0021028
0.00190195
0.00193694
0.00153758
0.00155769
0.00127909
0.00125559
0.00121982
0.00168068
0.00174367
0.0018169
0.00189898
0.000881505
0.000878664
0.000826425
0.00080534
0.00078605
0.000726169
0.000713681
0.000769226
0.000773344
0.000729817
0.000752797
0.000696693
0.000718496
0.000741679
0.000576923
0.000574505
0.00056988
0.000516204
0.000517556
0.000516857
0.000536264
0.000548221
0.000607034
0.000626895
0.000602437
0.000630955
0.000707062
0.000722793
0.00071796
0.00062825
0.000648393
0.000722938
0.000752537
0.000644837
0.000667979
0.000668822
0.000697737
0.000734157
0.000692321
0.000728309
0.000832482
0.000872279
0.000795356
0.000840706
0.000833463
0.000877618
0.000875946
0.000761341
0.000803397
0.000856126
0.000849692
0.000905899
0.00091091
0.00103388
0.00110707
0.00110386
0.0010827
0.00115738
0.00115448
0.0012613
0.0013708
0.00134555
0.00147278
0.00137206
0.001497
0.00148198
0.00153363
0.00167076
0.00169809
0.00186638
0.00179506
0.00199484
0.00197896
0.00218391
0.00222812
0.00233002
0.00258242
0.00256116
0.00230258
0.00255158
0.00256125
0.00284096
0.00289035
0.0032244
0.00320432
0.00304138
0.00303656
0.000343391
0.00229734
0.000387377
0.000356929
0.000365794
0.000360755
0.000388187
0.000397347
0.000393021
0.000384405
0.000392911
0.000385956
0.000373716
0.000383961
0.000380198
0.000379255
0.000388392
0.000384313
0.000368847
0.000377058
0.000367866
0.000379232
0.000376182
0.000384883
0.000382603
0.000366039
0.00037735
0.000398177
0.000406711
0.000403271
0.000399045
0.000407425
0.000406405
0.000408426
0.000411041
0.000421576
0.000429613
0.000429467
0.000443985
0.00045276
0.00045199
0.000425097
0.000433628
0.000437417
0.000424489
0.000436892
0.000436056
0.000452125
0.000467145
0.000476922
0.000478082
0.000480208
0.000488546
0.000447473
0.0209986
0.0183303
0.0157866
0.0135758
0.0115372
0.0093247
0.00768291
0.00594544
0.00465054
0.00347513
0.00265917
0.0019639
0.0024091
0.00220634
0.0021284
0.00184848
0.00181901
0.001808
0.00184244
0.00214843
0.00222766
0.00221013
0.00325438
0.0027473
0.00319287
0.00330981
0.003651
0.0011436
3.08534e-05
3.73577e-05
8.32751e-05
8.33302e-07
0.00030126
0.000656922
0.000627149
0.000163812
0.00106909
0.00159232
0.00115829
0.00270566
0.00339376
0.00378361
0.00256164
0.00302921
0.00252163
0.00316425
0.00245318
0.00413029
0.00378158
0.00366742
0.00395568
0.00355913
0.00432413
0.00423956
0.00446913
0.00443678
0.00334796
0.0033401
0.00514778
0.00431918
0.00383595
0.00379185
0.00364912
0.00359015
0.00244891
0.00329088
0.00323381
0.00324999
0.00286595
0.00285388
0.00209526
0.00164735
0.00177166
0.00135713
0.00129681
0.000755992
0.00111969
0.000889178
0.000936017
0.000737153
0.00449825
0.00423793
0.00418835
0.00414625
0.00413593
0.00425356
0.00410773
0.00412336
0.00415545
0.00391441
0.00392462
0.0040877
0.00416831
0.00390062
0.00395597
0.00419167
0.00430346
0.00387975
0.0039858
0.00391723
0.00401759
0.00389846
0.00383654
0.0038189
0.0038318
0.00381826
0.00405902
0.0039978
0.00406189
0.00390503
0.00384971
0.00396363
0.00380329
0.00375201
0.00382999
0.00388355
0.00383201
0.00395472
0.0038962
0.00384621
0.003983
0.00397379
0.00392417
0.00407443
0.00401432
0.00411154
0.00419672
0.004172
0.00412281
0.00423934
0.00438191
0.00452234
0.004581
0.00451507
0.00446346
0.00441456
0.00435765
0.00431545
0.00427467
0.00422543
0.00419154
0.00414163
0.00410766
0.0040706
0.00404413
0.00399966
0.00397635
0.00391597
0.0039166
0.00389598
0.00391146
0.00391883
0.00378961
0.00376049
0.003787
0.00377342
0.00319441
0.00244874
0.00119425
0.00236441
0.00173789
0.0007318
0.000833833
0.000835185
0.00106053
0.00201948
0.00290732
0.00205412
0.00255162
0.00314108
0.00429412
0.00425206
0.00410667
0.00552838
0.00661843
0.00862114
0.00629892
0.00603897
0.00824449
0.00683866
0.00903822
0.0105037
0.0112834
0.0114512
0.0130005
0.0159809
0.0158451
0.0157764
0.0154987
0.0169604
0.0163992
0.0159985
0.0170093
0.0183058
0.0157399
0.0162724
0.015054
0.0133152
0.0138685
0.015423
0.011717
0.0147594
0.0128944
0.011265
0.0120787
0.0143653
0.0126326
0.011465
0.00885969
0.0093153
0.0098672
0.00931063
0.00700252
0.00634326
0.00765107
0.0102816
0.0104815
0.0168867
0.0155875
0.0157273
0.00554003
0.00520811
0.0056295
0.00354504
0.008658
0.0076945
0.0450055
0.0380353
0.0161997
0.00982689
0.0110715
0.00993408
0.00567804
0.00478154
0.00423713
0.00321299
0.00268456
0.00279764
0.0023757
0.00304437
0.00400675
0.00361282
0.00455099
0.00420802
0.00439228
0.00410208
0.00391305
0.0037072
0.00322318
0.00308884
0.00295526
0.00282759
0.00227114
0.00199925
0.00195239
0.00191561
0.00188987
0.00168255
0.00169514
0.0022269
0.00221868
0.00194116
0.00194401
0.00218941
0.00218876
0.00217767
0.0020528
0.00206403
0.00203184
0.00167652
0.0017131
0.00167286
0.00170686
0.00181426
0.0018456
0.00168635
0.00171907
0.00179154
0.00176146
0.00177684
0.00177573
0.00176232
0.00171722
0.0016519
0.00160514
0.00152772
0.00148047
0.00147941
0.00151272
0.00149646
0.00144358
0.00157401
0.00158532
0.00150344
0.00149014
0.00144236
0.00145108
0.00138557
0.00137648
0.00137543
0.0014022
0.0013936
0.00137862
0.00126298
0.00124034
0.00124258
0.00122966
0.00120202
0.00119293
0.00116761
0.00130447
0.00129503
0.00115621
0.00114772
0.00134813
0.00134223
0.0011867
0.0011972
0.00121004
0.00121743
0.00111276
0.00111216
0.00110733
0.00110011
0.00109802
0.00110905
0.00109505
0.00112143
0.00111451
0.001067
0.00113095
0.00114205
0.00120696
0.00117901
0.00107382
0.00111844
0.00108526
0.00108014
0.00134325
0.0012886
0.00108833
0.0011751
0.00112375
0.0012703
0.00136365
0.00126103
0.00137619
0.00138329
0.00156466
0.00145175
0.00142828
0.00156018
0.0014521
0.00134971
0.00196605
0.00175225
0.00134448
0.00202085
0.00177697
0.00123796
0.00141599
0.00132208
0.0288355
0.0187935
0.011279
0.00641022
0.00340632
0.00201028
0.00141876
0.00110995
0.00099338
0.000943343
0.000871606
0.000862145
0.00086822
0.000935258
0.000923324
0.00086745
0.000862288
0.000869462
0.000838747
0.000833719
0.000828745
0.000870318
0.000872454
0.000894771
0.000892694
0.000889535
0.00101287
0.000930472
0.000945183
0.000890709
0.000844866
0.000834413
0.000840431
0.000834577
0.000821493
0.000813257
0.00080899
0.000821128
0.000863616
0.000858473
0.000857895
0.000852987
0.000857639
0.000816483
0.000811963
0.00081899
0.00876268
0.00775035
0.00692444
0.00618067
0.00542432
0.00488075
0.00440267
0.00383061
0.00349771
0.00322842
0.00274661
0.00256959
0.00219929
0.0020589
0.00180964
0.00173922
0.00162015
0.00161234
0.00158754
0.00162425
0.00164436
0.00163713
0.00194718
0.00200597
0.00190141
0.00263322
0.00238367
0.00268956
0.00265482
0.00375138
0.00389126
0.00356127
0.00509815
0.0049238
0.00626883
0.00643858
0.00432838
0.00456308
0.00218378
0.00220827
0.00203727
0.000435085
0.000549181
0.00030437
9.97672e-05
3.04952e-05
4.52104e-05
3.71289e-05
5.2955e-05
0.000168332
0.000132916
0.000361552
0.000602722
0.000568443
0.000568937
0.000902577
0.000922934
0.000883679
0.00039196
0.00072171
0.000690358
0.00110634
0.000612048
0.000580559
0.00150246
0.00119378
0.00079037
0.00126915
0.0011719
0.00177975
0.00112341
0.00169965
0.00144632
0.00126979
0.00122968
0.00123596
0.00112748
0.000630539
0.000362835
0.000729437
0.00122284
0.00131765
0.000512376
0.00106381
0.00108895
0.000669358
0.000948946
0.000432138
0.0006466
0.000518483
0.0005713
0.000510409
0.000637487
0.000705289
0.000894638
0.000964917
0.000835039
0.00165072
0.00118661
0.00175215
0.00192576
0.00221809
0.00161638
0.00234743
0.00160798
0.00248081
0.00171482
0.00333365
0.00189185
0.00400695
0.00222661
0.00386265
0.00220965
0.00378557
0.00372341
0.00264214
0.00267121
0.00182807
0.00293342
0.00275915
0.0018804
0.00297162
0.00199809
0.00325812
0.00217551
0.00326141
0.00214734
0.0022347
0.00374531
0.00272127
0.00451616
0.00320791
0.00462408
0.00311871
0.00320361
0.00593327
0.00422459
0.00424712
0.00685345
0.00491106
0.00396059
0.00394541
0.00663863
0.00384247
0.00389975
0.00387081
0.00392629
0.00389964
0.00411126
0.00404327
0.0040636
0.00389267
0.00394162
0.00418967
0.00413069
0.00415897
0.00408607
0.00403304
0.0040414
0.00389983
0.00397297
0.00393514
0.00388818
0.00384975
0.0038138
0.00377479
0.00372375
0.00368261
0.00364782
0.00361581
0.00357967
0.00355952
0.0035182
0.00348721
0.00347107
0.00342945
0.00339946
0.00333409
0.00330481
0.00328145
0.00330753
0.00326664
0.00323908
0.00319459
0.00316447
0.00311944
0.00310432
0.00308557
0.00306794
0.00301071
0.00298148
0.00295934
0.0029703
0.00295533
0.00293699
0.00293814
0.00291555
0.00285775
0.00283647
0.00281503
0.0027904
0.00276733
0.00274287
0.00147585
0.00121424
0.00161663
0.00140808
0.00112316
0.000910276
0.00105161
0.000906012
0.00080396
0.000756637
0.00081009
0.000541682
0.000536756
0.000557658
0.00059904
0.000591753
0.000807671
0.000767408
0.00112503
0.00141125
0.00153583
0.00128735
0.00221313
0.00245815
0.00207399
0.00228588
0.00231172
0.00289776
0.00281508
0.00377816
0.00362511
0.00402647
0.00375726
0.00363395
0.00392934
0.00600418
0.00609657
0.00563562
0.00618792
0.00672772
0.00643643
0.0062421
0.00634327
0.00677965
0.00644322
0.0064023
0.0076287
0.00714279
0.00628424
0.00486832
0.00954998
0.00646687
0.00627194
0.00752015
0.00696822
0.00728993
0.00479185
0.00442195
0.00416625
0.00568287
0.00519107
0.00518744
0.00592661
0.00464584
0.00443073
0.00413245
0.00265836
0.00281833
0.003063
0.00306247
0.00408895
0.00352128
0.00240526
0.0025128
0.00123571
0.00112311
0.00114419
0.000755313
0.00165189
0.000195673
0.000466475
0.00158478
6.05097e-05
5.73905e-05
6.77606e-05
5.29546e-05
8.66997e-05
8.94831e-05
0.000189318
0.000119106
7.10428e-05
0.00013478
0.000193046
6.88471e-05
4.53179e-05
5.65177e-05
7.25992e-05
7.95368e-05
0.000190566
0.000276186
4.13349e-05
0.00446368
0.00385058
5.92452e-06
5.93178e-06
5.93594e-06
5.89965e-06
5.88541e-06
5.89761e-06
5.90631e-06
5.9448e-06
6.48951e-06
6.2819e-06
6.65192e-06
6.68989e-06
6.81156e-06
0.00365469
0.00324811
0.00372755
0.00320604
0.00290574
0.00427107
0.00400189
0.0045167
0.00409056
0.00390842
0.00334861
0.00316961
0.00304216
0.00294412
0.00249759
0.00237251
0.00186135
0.00175293
0.00166841
0.00161952
0.00154023
0.0015022
0.00145242
0.00140742
0.00137615
0.00122535
0.00119623
0.00104346
0.00103462
0.000936402
0.000936478
0.00097255
0.000981359
0.000780045
0.000851299
0.000870149
0.000833167
0.000853118
0.000851515
0.000887634
0.000852418
0.00087974
0.000878667
0.000860828
0.00088006
0.000777082
0.000810584
0.000813063
0.000886952
0.00172378
0.00149935
0.00138071
0.00118
0.000996141
0.000858472
0.000749366
0.000708943
0.000662544
0.000597917
0.000614462
0.000569371
0.000560134
0.00054648
0.000521984
0.000504702
0.000489663
0.000511504
0.000500873
0.000496793
0.00050209
0.000493617
0.000496314
0.000450877
0.00045125
0.000449354
0.000420869
0.000421504
0.000422639
0.000457144
0.000457275
0.000467377
0.000468697
0.000416399
0.000422375
0.000422011
0.000433207
0.000426126
0.00040851
0.000406069
0.000406513
0.00043134
0.00383964
0.00268033
0.00213542
0.00169527
0.00145186
0.00102516
0.000846622
0.00058909
0.000511807
0.000512964
0.0005796
0.000527248
0.000731587
0.00062866
0.000587341
0.000424883
0.000418623
0.000418741
0.000514564
0.000536463
0.000495024
0.000406053
0.0003971
0.00039599
0.000409092
0.000500242
0.000503389
0.000477948
0.000480788
0.000557345
0.000558559
0.000400665
0.000393952
0.00039633
0.000392198
0.000392963
0.00039253
0.00040525
0.000398347
0.000400668
0.000396268
0.000395061
0.000395627
0.000395189
0.000412718
0.000605772
0.000569675
0.000416613
0.000418563
0.00123175
0.000999491
0.00175268
0.00194782
0.00167502
0.00130297
0.00102087
0.000812259
0.000714458
0.000687401
0.000599564
0.000520012
0.000478269
0.000471324
0.000463216
0.000449463
0.000474145
0.000470575
0.000431413
0.000427277
0.000430487
0.000435061
0.000438994
0.000439264
0.000445987
0.000437057
0.000445792
0.000477785
0.000478355
0.000480263
0.000492724
0.000497906
0.00046416
0.000472973
0.000500513
0.000512084
0.00048581
0.000502518
0.000521517
0.000519864
0.000536288
0.000512321
0.0010649
0.000943998
0.00132308
0.00207198
0.00200283
0.00202028
0.00205315
0.00246975
0.00279458
0.00370516
0.00385729
0.00344526
0.0047316
0.00397661
0.00411249
0.00169833
0.0015896
0.000213314
0.000244412
0.000257297
8.69267e-05
6.41058e-06
5.46482e-05
4.31393e-05
1.08594e-05
0.000160872
0.000357316
0.000149455
0.000594156
0.000276582
0.000249307
0.000796154
0.000492665
0.000454935
0.00122441
0.00115058
0.000937632
0.00143283
0.00129877
0.00124356
0.00100793
0.00208671
0.00131267
0.00127126
0.00114044
0.00120794
0.00158129
0.00115476
0.00114814
0.000448825
0.000467421
0.000683171
0.000498999
0.000574423
0.000345131
0.000387319
0.000529052
0.000367737
0.000403752
0.000486265
0.000451631
0.000508002
0.000624039
0.000571218
0.00066881
0.000628964
0.00397799
0.00384791
0.00414552
0.00366216
0.00370508
0.00359539
0.00368325
0.00377992
0.00368901
0.00373705
0.00398396
0.00401871
0.00371268
0.00378375
0.0037192
0.00365398
0.00372618
0.0036643
0.00383587
0.00390455
0.00384589
0.00396087
0.00365834
0.0036041
0.00371799
0.00388536
0.00405201
0.00390059
0.00397506
0.00407528
0.00401824
0.00435908
0.00450069
0.00425378
0.0041961
0.00434098
0.00429266
0.00434024
0.00425075
0.00429093
0.00442644
0.00437019
0.00445974
0.00444107
0.00449979
0.00435938
0.00430726
0.00432391
0.00442388
0.00442878
0.00437101
0.00432356
0.00424195
0.00419575
0.00414883
0.00413959
0.00409053
0.00403372
0.00398546
0.00394142
0.00387762
0.00384075
0.00380066
0.00378797
0.00373833
0.00370806
0.00365786
0.00362047
0.0035955
0.00356989
0.00353156
0.0035152
0.00347191
0.00345569
0.00345191
0.00343951
0.00337946
0.00336674
0.00335873
0.00337403
0.0033154
0.003322
0.0032775
0.00227144
0.00261215
0.00156133
0.00211549
0.00139273
0.000833948
0.000643873
0.000886368
0.000603774
0.00108868
0.000840227
0.00105006
0.00209331
0.00202171
0.00261362
0.00163261
0.00158306
0.00238846
0.00446974
0.00430261
0.0054232
0.00415756
0.00711419
0.00730028
0.0070544
0.00877333
0.00833541
0.01058
0.00988132
0.00930188
0.00997476
0.0101246
0.0115327
0.01312
0.0121156
0.0128625
0.0111489
0.0101446
0.00986391
0.011277
0.0120487
0.0113153
0.0100086
0.00916064
0.00940946
0.00903685
0.00895958
0.0127956
0.0110811
0.00715994
0.0069818
0.00671545
0.00639047
0.00556294
0.00581203
0.00839812
0.00734293
0.00727524
0.00768654
0.00705915
0.00563163
0.00537879
0.0066182
0.00594173
0.00441727
0.0112214
0.0101948
0.011547
0.0176693
0.0185239
0.00567771
0.00554253
0.00742367
0.00688805
0.00174174
0.000506853
0.000487079
0.0497493
0.05842
0.0165798
0.0110737
0.00946693
0.00801236
0.00703603
0.00234069
0.0037835
0.00542262
0.00505778
0.00380349
0.00310581
0.00450446
0.00373485
0.0033136
0.00415322
0.00358458
0.00328569
0.00463103
0.00416736
0.0038848
0.00450005
0.00417853
0.00396702
0.00444636
0.00416798
0.00401934
0.00331375
0.00312115
0.00275988
0.00265891
0.00240785
0.00233926
0.00216233
0.00211687
0.00175895
0.00171152
0.00168857
0.00173432
0.00170202
0.00168695
0.00157124
0.00155807
0.00154736
0.00136315
0.00133145
0.00133147
0.00118422
0.00118649
0.00126384
0.00126325
0.00115287
0.00114047
0.00100266
0.00100052
0.00100304
0.00102299
0.00101428
0.00101754
0.00100772
0.0009992
0.000990648
0.00111961
0.00111022
0.00111179
0.00101685
0.00101258
0.00100909
0.00118463
0.00117365
0.00108347
0.00107592
0.000958056
0.000945214
0.000949075
0.00101367
0.00100336
0.00100389
0.000997376
0.000994321
0.00095328
0.000991045
0.000985713
0.000987333
0.000975991
0.000868295
0.000862971
0.000865848
0.000877374
0.000877028
0.000919106
0.00092256
0.000843561
0.000840704
0.00084144
0.000828127
0.000825511
0.000822885
0.000905499
0.000909539
0.000842888
0.000843101
0.000843076
0.00090313
0.000906871
0.000799589
0.000802872
0.000803799
0.000891223
0.000899567
0.00085383
0.000864809
0.000889447
0.000899704
0.000811164
0.000820202
0.000814211
0.000800448
0.000809958
0.000826732
0.000832219
0.000849229
0.000861568
0.000869863
0.0008629
0.000859857
0.000875722
0.00086837
0.00088485
0.000871343
0.000887777
0.000923977
0.000936162
0.000932916
0.000883571
0.000901218
0.000975045
0.000989524
0.000988207
0.000914654
0.000933836
0.000898756
0.000920615
0.000941101
0.000959741
0.000953505
0.000880514
0.00090674
0.000962941
0.000993569
0.00101136
0.00103694
0.00103468
0.00104649
0.00107782
0.00111724
0.00108528
0.00111615
0.00117513
0.00121439
0.00122214
0.00116148
0.00119757
0.00125125
0.00124161
0.00130425
0.00130358
0.00137443
0.00144407
0.00153284
0.00143218
0.0014258
0.0014361
0.001467
0.00139658
0.0014679
0.000864439
0.0013048
0.00801485
0.00652366
0.00610029
0.00459845
0.00436155
0.00539605
0.00421698
0.00351069
0.00159121
0.00170934
0.00157536
0.00162543
0.00151713
0.00142308
0.00143383
0.00136508
0.00128584
0.0012827
0.00124993
0.00128423
0.00128335
0.0013604
0.00138504
0.00133834
0.00156025
0.00152961
0.00194889
0.00257953
0.00263229
0.00244987
0.00365953
0.0036867
0.00520542
0.00464656
0.00526294
0.00638908
0.00700164
0.00719097
0.00801989
0.0062545
0.00696956
0.00306864
0.00310689
0.00369847
0.000821878
0.000422196
0.000448461
7.70266e-05
3.64837e-05
2.89313e-05
5.29465e-05
1.48875e-05
3.53672e-05
0.000130499
3.6788e-05
0.000138482
0.000357463
0.000125443
0.000104783
0.000450433
0.000365654
0.00033433
0.000642009
0.000603472
0.00032388
0.000881205
0.00048328
0.00159793
0.00117533
0.00097124
0.00059126
0.00100936
0.000735474
0.00102915
0.000429569
0.000449323
0.000631562
0.000371354
0.00037683
0.00025535
0.000292145
0.000576026
0.000708223
0.000373602
0.000343448
0.000333064
0.000366949
0.000499912
0.000558682
0.000358484
0.000491612
0.000494797
0.00108972
0.000682991
0.00184382
0.000760675
0.00128453
0.00140711
0.00140007
0.00091827
0.000978175
0.00200948
0.00139606
0.00177843
0.00120737
0.00267635
0.00189453
0.00204768
0.00410436
0.00271146
0.00283778
0.00373622
0.00269925
0.0038946
0.00275587
0.00641995
0.00645512
0.00389057
0.00614472
0.00433705
0.00691268
0.00460516
0.00986036
0.0052422
0.0103287
0.00998513
0.00709186
0.00527043
0.00824871
0.00591372
0.00777711
0.00570199
0.0105478
0.00762188
0.00739838
0.00931111
0.00683212
0.00673774
0.0137273
0.0102728
0.0101501
0.00549844
0.0121939
0.0112873
0.00836689
0.00804509
0.0113973
0.00855134
0.00497793
0.0140438
0.0106062
0.00973727
0.00712093
0.00267207
0.00265372
0.00278716
0.00257899
0.00595444
0.00266587
0.00260181
0.00258426
0.00255518
0.00253952
0.00256564
0.00254593
0.00250791
0.00249618
0.00247334
0.00245779
0.00233236
0.00234872
0.00232613
0.00237293
0.00236105
0.00234233
0.00223072
0.0022456
0.00222439
0.00221547
0.00218436
0.00217243
0.00216106
0.00215796
0.00213964
0.00212695
0.00209303
0.00207833
0.00207087
0.00208996
0.00207684
0.00204482
0.00203407
0.00207894
0.00206809
0.00199765
0.00199011
0.00199266
0.00198661
0.00197167
0.0019595
0.00194142
0.00193393
0.00188993
0.00187366
0.00163329
0.0018976
0.00188402
0.00182062
0.00136423
0.00135631
0.00120598
0.0014163
0.00140564
0.000968738
0.00070872
0.000699044
0.000583168
0.000451476
0.000384753
0.000541864
0.000542801
0.000436435
0.000380854
0.000374308
0.000359056
0.000703355
0.00079888
0.00081232
0.000782375
0.000779141
0.000436678
0.000579996
0.000910149
0.000857087
0.00166645
0.0019571
0.00203614
0.00221668
0.00354674
0.00349051
0.00373963
0.00537626
0.00583971
0.00359469
0.00377345
0.00361361
0.00352131
0.00399278
0.00624513
0.00578232
0.00629117
0.00885912
0.00934328
0.00974633
0.00949556
0.00984256
0.0098939
0.00930147
0.00938078
0.0113262
0.0114935
0.00999129
0.00949248
0.0086752
0.00835353
0.00866845
0.0111788
0.00706642
0.0124458
0.0128242
0.0130929
0.0127577
0.0111617
0.0117274
0.0105227
0.0102056
0.00734643
0.00689621
0.0118026
0.0109586
0.0106603
0.00671541
0.00657725
0.00578092
0.00519592
0.00503337
0.0027029
0.00236437
0.00229187
0.00315642
0.00288353
0.00276844
0.00234764
0.00234192
0.00180359
0.00149841
0.0014108
0.00088504
0.000675722
0.00119729
0.000954855
0.00104167
0.000369849
0.000275849
0.000392328
0.000313335
2.86886e-05
1.08808e-05
4.25558e-05
8.2798e-05
5.87469e-05
3.03873e-06
4.19262e-06
0.000196079
0.000165829
0.000293655
0.000398076
0.000272013
9.87465e-05
0.000167289
0.000110741
4.4952e-05
2.22668e-05
5.47829e-05
0.000102018
0.00341496
0.00337594
0.00363292
1.0232e-05
1.01996e-05
1.04491e-05
1.04617e-05
1.05844e-05
1.09234e-05
1.09371e-05
1.09486e-05
1.00237e-05
1.02237e-05
7.14564e-06
7.0932e-06
9.54617e-06
6.87283e-06
6.51612e-06
6.49206e-06
