0.000672811
0.000530358
0.000529206
0.00046809
0.00040793
0.000390544
0.000346741
0.000346219
0.000102972
0.000116159
9.40226e-05
0.000114811
9.00329e-05
0.000104381
0.000119671
0.000127776
0.00014867
0.000182764
0.000208137
0.000242269
0.000358413
0.000530239
0.000785165
0.00109967
0.00159154
0.00217071
0.00284173
0.00446037
0.00579607
0.00309659
0.00241575
0.000687408
0.00029736
1.23067e-05
3.69313e-05
5.69186e-05
1.55298e-05
4.01062e-06
7.16008e-06
9.37061e-05
0.000391833
0.000635716
0.000553869
0.000530654
0.00097741
0.00119279
0.00110021
0.00114121
0.00150176
0.00281355
0.0034137
0.00421667
0.00429938
0.00336519
0.00440759
0.00427054
0.00549983
0.00381162
0.00513141
0.00617747
0.00509798
0.00584828
0.00693799
0.00667719
0.0051592
0.00865348
0.00711903
0.00518743
0.0128476
0.0115236
0.0113952
0.00718629
0.00889466
0.00979803
0.0111773
0.0138806
0.0146822
0.0193769
0.0228165
0.0142833
0.0121228
0.0263558
0.0337181
0.00192176
0.00201847
0.00212721
0.00211678
0.00217321
0.00232415
0.00192472
0.00215185
0.0021888
0.00229444
0.00229426
0.00221901
0.00262329
0.00211374
0.00224729
0.00232377
0.00174186
0.00238267
0.000413179
0.000405017
0.00167173
0.000250886
0.000352069
0.000203272
0.000825586
0.000442526
0.000222022
0.00168245
0.000222981
0.00169701
0.00259556
0.00463498
0.00363243
0.0049371
0.00550669
0.00932561
0.00665398
0.00706309
0.0143231
0.00690296
0.0106244
0.00735012
0.0106718
0.0111613
0.00829451
0.0112323
0.0098929
0.0103707
0.00946524
0.0108137
0.00986417
0.00757026
0.00867134
0.00823754
0.00788435
0.00787614
0.0103532
0.00787859
0.00689595
0.00648821
0.00481075
0.00223056
0.00218375
0.00027339
1.84512e-05
1.35048e-05
1.79872e-06
0.000632296
0.00139519
0.000933585
0.0018196
0.00251306
0.00217553
0.00628639
0.00124886
0.00287223
0.000384836
0.00156651
4.85113e-11
5.26866e-11
6.35808e-11
6.93293e-11
2.64941e-10
0.000479816
0.00127913
0.00326147
0.00542713
0.00802153
4.8077e-05
0.0102849
0.019576
0.0141992
0.0065676
0.00598318
0.013075
0.0141672
0.0143757
0.0116043
0.00806982
0.00609472
0.00136286
7.30936e-05
0.000599445
0.00257138
0.0100694
0.0156363
0.0234768
0.0141891
0.0130313
0.0115517
4.1806e-07
4.59339e-07
3.66387e-07
3.26182e-07
3.12346e-07
5.08076e-07
8.96151e-07
1.35947e-06
1.19688e-06
1.16568e-06
1.45269e-06
1.87909e-06
1.65744e-06
2.39322e-06
2.59742e-06
2.81967e-06
3.44959e-06
2.92156e-06
3.26643e-06
3.52636e-06
3.52204e-06
3.40706e-06
3.74137e-06
3.73895e-06
3.41175e-06
3.81988e-06
3.26512e-06
3.21287e-06
3.79394e-06
4.33447e-06
3.71819e-06
4.65501e-06
5.11658e-06
5.71174e-06
7.09673e-06
1.94734e-05
1.59182e-05
1.37811e-05
1.34085e-05
1.21356e-05
1.11878e-05
1.02795e-05
1.00489e-05
9.25981e-06
9.71938e-06
9.02347e-06
3.69026e-06
3.64401e-06
3.79465e-06
3.90715e-06
4.14482e-06
3.98226e-06
4.81691e-06
5.05026e-06
5.95227e-06
7.76743e-06
1.00781e-05
1.52994e-05
2.65031e-05
4.23913e-05
7.2099e-05
0.000162485
4.68091e-05
0.000931954
0.00509689
0.0112993
0.0158322
0.0158878
0.0164614
0.0134987
0.0109321
0.00796226
0.00457571
0.00356848
0.00270534
0.000650626
0.000689901
0.000502251
8.68389e-05
0.000143319
0.000110255
6.70294e-05
2.49474e-05
2.42131e-05
9.09244e-05
2.05851e-05
0.000103251
0.000133861
0.00026857
0.000676166
0.000567318
0.000718613
0.00107388
0.00179534
0.00213448
0.00259095
0.00402713
0.00390734
0.00525771
0.00549227
0.0100944
0.0101218
0.0117797
0.0111318
0.019906
0.0179652
0.0238251
0.0283103
0.0155954
0.0174844
0.0229283
0.0223295
0.0282611
0.044766
0.0439561
0.0320583
0.0362286
0.0294364
0.0279617
0.0241168
0.00284801
0.00286793
0.0238755
0.00350368
0.00272949
0.00218535
0.00226256
0.00227071
0.00254381
0.00268861
0.00363021
0.00261918
0.00341043
0.0031179
0.00186
0.000131731
1.07552e-05
0.000541803
2.80258e-06
0.000528701
0.00142785
0.00175708
0.00107766
0.0018041
0.00297386
0.00282077
0.00422558
0.00527624
0.00540229
0.00502324
0.00506474
0.0042957
0.00761678
0.0075323
0.00721234
0.00818963
0.00729248
0.00716486
0.00803317
0.00750617
0.00796022
0.00515486
0.00820262
0.00474098
0.00476935
0.00756315
0.00446431
0.00691714
0.00525291
0.0075146
0.00486883
0.00518269
0.00528685
0.00460269
0.00154158
0.0027574
0.00213982
0.00156599
0.00132834
0.000347643
2.59419e-05
6.8546e-07
4.31053e-06
1.20978e-05
0.000178441
0.000162594
9.23203e-05
0.001638
2.42705e-05
0.000282529
0.000282053
0.0021276
2.58479e-11
2.70439e-11
2.88027e-11
2.90178e-11
2.93564e-11
2.71696e-11
8.24527e-12
1.06142e-11
4.0463e-11
2.05793e-08
5.73641e-07
6.92625e-06
1.71225e-05
1.64604e-05
2.48883e-05
2.44657e-05
6.93512e-05
5.18345e-05
2.35703e-05
1.53213e-05
1.03794e-05
6.77394e-06
6.61669e-06
4.8467e-06
5.14785e-06
4.58205e-06
3.45122e-06
3.50478e-06
3.11743e-06
4.00904e-06
3.9344e-06
4.48653e-06
3.94831e-06
3.94222e-06
3.6239e-06
4.03191e-06
4.06081e-06
4.50661e-06
4.83581e-06
3.87322e-06
3.81288e-06
3.93518e-06
3.61515e-06
3.22427e-06
3.62232e-06
9.31483e-06
7.20146e-06
1.03228e-05
8.76377e-06
8.84371e-06
8.4295e-06
6.42709e-06
7.65917e-06
9.30102e-06
1.03291e-05
1.07083e-05
9.69011e-06
8.46765e-06
7.76982e-06
9.00708e-06
7.44627e-06
6.30209e-06
7.3937e-06
7.3128e-06
6.80598e-06
6.1744e-06
6.41432e-06
6.54757e-06
7.03397e-06
7.00916e-06
6.88804e-06
6.73706e-06
7.02313e-06
6.50494e-06
6.57898e-06
6.43777e-06
6.64727e-06
7.054e-06
2.22516e-05
1.5949e-05
1.30407e-05
1.1616e-05
9.84586e-06
9.4718e-06
1.04085e-05
8.63833e-06
2.33416e-06
2.38996e-06
2.578e-06
2.74801e-06
3.16475e-06
3.89146e-06
4.36878e-06
8.20034e-06
9.71723e-06
1.42749e-05
2.33282e-05
4.21625e-05
6.70882e-05
0.00012347
0.000247013
0.000895431
0.00498006
0.0107812
0.0176972
0.0176072
0.0192801
0.0182116
0.0148826
0.0120665
0.00931689
0.00745945
0.00544952
0.00332008
0.00271077
0.00231952
0.000768631
0.000872085
0.000471446
0.000393552
0.000252433
0.000177473
9.81957e-05
3.00003e-05
1.83385e-05
5.92436e-05
0.000237344
0.000214053
0.000447972
0.0011227
0.00109104
0.00223659
0.00220511
0.0026298
0.00296965
0.00355339
0.00411051
0.00520433
0.00598973
0.00597415
0.00773737
0.0111861
0.00992411
0.00918229
0.010949
0.0133245
0.0172369
0.0246595
0.0233378
0.0174104
0.0177271
0.0138981
0.0114699
0.00931353
0.0168189
0.00211446
0.00907073
0.0104411
0.00186036
0.00183556
0.00200688
0.00209302
0.00217068
0.00228099
0.00205972
0.00245731
0.00212435
0.00221172
0.00189705
0.00220577
0.00210883
0.00244803
0.00217508
0.00211856
0.0023039
0.00246188
0.00250695
0.00222464
0.00213629
0.00163611
0.00216126
0.00111275
0.000439394
0.00105258
3.45281e-05
0.000600912
0.000418217
4.87207e-06
0.00028688
0.000521473
0.000170227
0.000370298
0.000605463
0.00137021
0.00320826
0.00146769
0.00164598
0.00289214
0.00387277
0.00525804
0.00771041
0.00703233
0.00192172
0.00508617
0.00815096
0.00806
0.008811
0.0114359
0.0139497
0.00816657
0.00568054
0.0049383
0.00381022
0.00313712
0.00623046
0.0020916
0.00385635
0.00237806
0.00157776
0.00186406
0.00167242
0.00118913
0.000768516
0.00113266
0.000108694
0.000246608
0.000425741
0.000158666
0.00101873
0.000795098
1.65728e-05
2.73224e-07
0.00467331
7.24859e-12
7.25785e-12
7.26264e-12
7.26837e-12
7.27512e-12
7.27871e-12
7.28441e-12
5.17056e-10
1.01902e-07
2.13038e-06
4.68229e-05
8.56813e-05
6.71134e-05
4.51362e-05
4.21069e-05
3.20845e-05
1.93315e-05
1.45587e-05
1.20955e-05
1.91878e-05
2.59129e-05
1.87414e-05
2.03743e-05
1.67724e-05
1.44909e-05
1.48719e-05
1.1202e-05
9.41943e-06
1.10588e-05
8.75227e-06
7.87464e-06
7.87207e-06
7.18209e-06
7.06539e-06
5.93409e-06
6.13985e-06
5.8264e-06
1.1737e-05
1.28503e-05
1.09104e-05
1.10769e-05
9.54694e-06
9.95239e-06
8.44552e-06
7.88176e-06
7.19183e-06
7.06664e-06
6.36562e-06
1.46716e-05
1.37901e-05
1.31789e-05
1.17029e-05
1.01189e-05
8.9721e-06
8.69577e-06
8.84514e-06
9.92274e-06
8.46213e-06
9.54179e-06
9.05974e-06
7.50051e-06
6.49232e-06
8.07478e-06
9.00675e-06
7.8041e-06
8.31385e-06
2.25021e-05
1.92587e-05
1.57369e-05
2.12627e-05
1.54472e-05
1.4659e-05
1.38089e-05
1.5902e-05
1.44999e-05
2.9009e-06
3.3581e-06
3.53874e-06
4.63804e-06
5.1179e-06
9.86773e-06
1.32818e-05
2.0743e-05
0.000184204
0.000213698
0.00277841
0.0071122
0.0137046
0.0184881
0.0188045
0.0197212
0.017353
0.0131342
0.00835015
0.00618443
0.00464355
0.00261428
0.00270511
0.00283276
0.00178667
0.00155305
0.00111586
0.00121803
0.00049942
0.000225257
2.77941e-05
7.24915e-07
2.97022e-06
0.000139246
0.000291319
0.000985437
0.00228839
0.00318875
0.00271741
0.00448639
0.0048909
0.00478188
0.0067331
0.0128185
0.0257762
0.0137791
0.00719698
0.00631547
0.00509768
0.00436515
0.00369344
0.00339135
0.003925
0.0030764
0.00297715
0.00277511
0.00288895
0.00292407
0.00293178
0.00273235
0.00264802
0.00262803
0.00277295
0.00278078
0.00269172
0.00256088
0.00253427
0.00239525
0.00247223
0.00237119
0.00252237
0.00249463
0.00245051
0.00265499
0.00196842
0.00123938
0.00182543
0.000630992
0.000297928
0.000326668
2.4696e-05
8.95127e-05
0.000291656
0.000756231
0.00214431
0.00128302
0.00253398
0.00382513
0.00373978
0.00413628
0.00512115
0.00330462
0.00237392
0.00226716
0.00140117
0.00421239
0.00229711
0.00174946
7.8438e-06
0.00110036
0.00013197
0.000214001
0.000408859
0.000486819
2.33199e-06
0.000287958
6.91813e-06
0.00271392
3.74246e-05
0.000121362
1.20199e-05
0.000561551
0.000395309
6.51351e-05
3.60145e-07
0.000201566
0.00160909
4.63241e-05
0.020349
0.0328035
0.00456737
0.0348567
9.83429e-12
9.8617e-12
9.85847e-12
9.83798e-12
9.72144e-12
9.72149e-12
6.99371e-11
6.98176e-11
4.46667e-09
2.44182e-06
2.97533e-05
9.056e-05
0.000395955
0.000406622
0.000540515
0.000326035
0.00020347
0.000105947
8.18862e-05
3.14059e-05
2.5441e-05
2.07941e-05
1.98317e-05
1.89173e-05
1.80384e-05
1.41377e-05
1.42252e-05
1.37079e-05
9.97643e-06
1.14747e-05
9.25433e-06
1.06451e-05
1.08733e-05
9.41315e-06
9.70908e-06
7.61682e-06
9.85222e-06
9.81633e-06
1.20974e-05
1.13222e-05
1.60216e-05
1.42029e-05
1.54937e-05
1.38033e-05
1.0963e-05
9.95696e-06
1.09967e-05
9.86951e-06
9.18343e-06
1.29007e-05
1.40384e-05
1.16178e-05
3.27761e-05
2.45797e-05
2.05281e-05
1.81051e-05
1.78656e-05
1.49382e-05
1.35374e-05
1.43348e-05
1.34728e-05
1.39795e-05
1.44473e-05
1.22189e-05
1.35277e-05
1.33516e-05
1.39342e-05
1.32225e-05
1.32987e-05
1.29013e-05
1.30687e-05
1.43475e-05
1.44107e-05
1.35182e-05
1.34631e-05
1.61223e-05
4.64221e-06
4.93655e-06
6.22246e-06
6.66092e-06
8.06911e-06
1.1792e-05
1.51176e-05
2.0711e-05
3.38251e-05
6.12505e-05
0.000102337
0.00019239
8.63615e-05
0.00107565
0.00409545
0.0105698
0.0128367
0.0120723
0.0151003
0.0161615
0.0158844
0.0149461
0.0129084
0.00733431
0.00521424
0.00331543
0.00329577
0.00178842
0.000729747
0.0004645
0.00044913
0.000478871
0.000221792
0.00023746
9.57299e-05
7.69713e-05
5.62211e-05
7.47682e-05
4.31598e-05
7.78262e-05
0.000113928
0.00106762
0.00121949
0.00125165
0.00236818
0.00226483
0.00382095
0.00377758
0.00529427
0.00590589
0.00557642
0.00503958
0.00651582
0.0077708
0.00758817
0.00794167
0.0121992
0.00568025
0.00506089
0.00445468
0.00438616
0.00420615
0.00446763
0.00421356
0.0043711
0.0046742
0.00463399
0.00389109
0.00394863
0.00430743
0.00414714
0.00406201
0.00430606
0.00426224
0.00477916
0.00510219
0.00440512
0.00485217
0.00548963
0.00570362
0.00540401
0.00529993
0.00516613
0.00507047
0.00489097
0.0052412
0.00489538
0.00245704
0.000933677
0.000552042
2.44258e-05
2.29363e-08
1.26324e-07
3.33973e-05
9.32301e-05
0.000827346
0.000785155
0.00101659
0.00164979
0.00129352
0.00269788
0.00263532
0.00582249
0.0052877
0.00770964
0.00756447
0.00758021
0.0135363
0.00989255
0.0104884
0.00770309
0.0127733
0.00952372
0.00877093
0.011488
0.0118699
0.0115552
0.0117427
0.0108105
0.0112688
0.0079625
0.0111293
0.00817255
0.00781852
0.00597212
0.00719147
0.00703265
0.00500544
0.00462566
0.0171358
0.0025196
2.28925e-11
2.35104e-11
2.38045e-11
2.45751e-11
2.56455e-11
2.68642e-11
1.9567e-11
6.34023e-10
2.51686e-07
9.83433e-06
4.11875e-05
7.32758e-05
7.25469e-05
7.12848e-05
7.13088e-05
6.51791e-05
3.54616e-05
2.61914e-05
1.74617e-05
1.72147e-05
0.000365398
0.000228679
0.000195562
0.000140173
9.73885e-05
7.76483e-05
5.62851e-05
4.70968e-05
4.08352e-05
3.38159e-05
2.58013e-05
3.00905e-05
2.25214e-05
1.81163e-05
1.63725e-05
1.4178e-05
1.6982e-05
1.75683e-05
1.39911e-05
1.55161e-05
1.65785e-05
1.34196e-05
1.14163e-05
1.72549e-05
1.74906e-05
1.59255e-05
1.79235e-05
1.72666e-05
1.79082e-05
1.94429e-05
1.43976e-05
1.60855e-05
1.51095e-05
9.23175e-06
7.77235e-06
1.01113e-05
8.28869e-06
8.88509e-06
9.12024e-06
9.22934e-06
9.0568e-06
9.54882e-06
9.68193e-06
9.71187e-06
9.46374e-06
1.05006e-05
1.01986e-05
1.06009e-05
1.00111e-05
1.16059e-05
1.11692e-05
1.11766e-05
1.15765e-05
1.08035e-05
1.2733e-05
1.37843e-05
1.40153e-05
1.53453e-05
1.43493e-05
1.47991e-05
1.49129e-05
1.79372e-05
1.53044e-05
1.69776e-05
1.72212e-05
1.86108e-05
2.19231e-05
2.50269e-05
7.35031e-05
0.000130838
0.000225618
0.00051296
0.000246061
0.000827305
0.00465216
0.0100257
0.00933043
0.00948556
0.00792021
0.00602386
0.00298875
0.00342515
0.00239511
0.00159392
3.80662e-05
0.000149873
1.33262e-05
5.12261e-05
0.000109271
0.000140487
0.000268277
0.000319975
0.00068588
0.000783581
0.000905635
0.00113375
0.0020023
0.00242246
0.00263698
0.00330245
0.00336471
0.00710706
0.00782505
0.0101138
0.0115425
0.0122184
0.013331
0.0131676
0.0186256
0.0194212
0.0219646
0.0216842
0.0266663
0.0307596
0.0222032
0.029484
0.0349016
0.0302871
0.0428145
0.0357412
0.0291585
0.0342392
0.0143445
0.00625476
0.00582472
0.00608958
0.00531941
0.00545646
0.00543066
0.00656278
0.0061379
0.00583206
0.00769935
0.00793838
0.00672946
0.00606106
0.00612521
0.00579587
0.00529124
0.0056576
0.00528235
0.00504505
0.00507786
0.00212073
0.000423313
0.000171257
0.000135954
2.25345e-05
7.61503e-05
0.000219945
0.000184041
7.33989e-05
8.20656e-05
0.000822148
0.000776081
0.00134768
0.000710747
0.00243728
0.00297995
0.0015776
0.00508938
0.00298445
0.00343089
0.00315714
0.00709221
0.00548008
0.0103041
0.00981815
0.00682234
0.00994772
0.00872435
0.00916585
0.00862275
0.00800773
0.00618456
0.00756594
0.00656672
0.00679293
0.00628026
0.00452354
0.00550285
0.00652863
0.00796388
0.00647433
0.00604849
0.00437814
0.00395829
0.00209843
0.00320464
0.000913246
0.00150225
0.00127995
4.00324e-05
0.000270848
0.000224263
0.000219149
0.000139323
0.0013197
0.00288368
3.70204e-11
4.16774e-11
4.49739e-11
5.09958e-11
5.59375e-11
5.0055e-11
1.62004e-11
1.63146e-11
7.87621e-08
1.88298e-06
5.12883e-06
0.000148441
0.000134262
0.000167435
0.000141402
0.000108641
4.76319e-05
5.40438e-05
2.67197e-05
2.03336e-05
1.931e-05
1.39134e-05
1.46149e-05
1.16008e-05
1.18422e-05
1.17042e-05
1.01934e-05
8.16517e-06
8.06511e-06
8.8705e-06
8.20798e-06
8.72086e-06
8.62856e-06
6.95664e-06
1.05023e-05
9.38484e-06
9.86341e-06
9.94098e-06
9.93922e-06
8.19475e-06
8.13014e-06
8.81956e-06
3.06316e-05
2.27592e-05
2.08832e-05
1.67114e-05
2.87251e-05
2.33714e-05
3.03187e-05
2.6033e-05
1.73935e-05
1.8592e-05
3.92005e-06
6.72918e-06
4.22768e-06
3.9567e-06
5.84642e-06
6.38882e-06
5.54326e-06
6.03837e-06
8.11041e-06
7.16884e-06
9.21396e-06
8.81071e-06
1.37354e-05
1.4044e-05
1.48078e-05
1.60424e-05
1.24543e-05
1.44781e-05
1.5217e-05
1.24095e-05
1.29909e-05
1.89815e-05
0.000185131
0.000105357
6.20236e-05
3.92315e-05
2.86418e-05
2.6325e-05
1.96233e-05
1.95299e-05
1.8155e-05
3.61613e-06
3.7684e-06
3.78747e-06
4.09385e-06
4.56386e-06
5.09747e-06
5.96397e-06
7.62394e-06
1.02398e-05
1.34079e-05
2.25237e-05
3.81132e-05
3.72207e-05
6.27828e-05
0.00010538
0.000206448
0.000363188
0.000555912
0.00408501
0.00539039
0.0103929
0.014822
0.0158737
0.0123243
0.00901169
0.00738654
0.00441239
0.00365738
0.00229899
0.00113384
0.000645195
0.000286544
0.000215806
6.11151e-05
9.6705e-05
9.44731e-06
1.27018e-07
6.89887e-05
8.54638e-05
0.000117465
0.000108105
0.000586434
0.000801371
0.000903749
0.00150122
0.00159501
0.0015134
0.00242176
0.00320454
0.00352505
0.00358945
0.0049311
0.00449164
0.00648476
0.00954319
0.0102007
0.0092726
0.00817997
0.009759
0.0143977
0.0132947
0.0101715
0.0174946
0.0198868
0.0130279
0.0142597
0.0160301
0.0109406
0.0120204
0.0114344
0.0137344
0.00450001
0.00412448
0.00384963
0.00353038
0.00334161
0.00371301
0.00362955
0.00303759
0.00310619
0.00298806
0.00329799
0.00262658
0.00292365
0.00241883
0.0027594
0.00248211
0.0028862
0.0025
0.00250269
0.00247934
0.00228759
0.00258279
0.00247556
0.00254089
0.00236996
0.00245413
0.00222146
0.00226828
0.00252938
0.00222621
0.00252185
0.000940532
0.00130156
0.000710319
7.32625e-05
1.16492e-07
3.21792e-08
8.71653e-05
2.99194e-06
0.000150854
0.00059146
0.000358599
0.000500406
0.00102623
0.00102774
0.000983031
0.00407964
0.00491472
0.00457706
0.00581984
0.00515898
0.00638167
0.00658574
0.0053921
0.00714015
0.00354118
0.0090626
0.00686314
0.00612809
0.00554642
0.00439506
0.00447316
0.00259878
0.00351472
0.00237495
0.00261111
0.00118197
0.00108983
0.00120883
0.000741446
0.0014208
0.000485422
0.00092962
6.18396e-05
0.000519665
0.000360993
0.000467487
0.000177194
0.000144471
0.00673422
0.000421728
0.000221459
8.71487e-12
8.7751e-12
8.7798e-12
8.73929e-12
8.74644e-12
8.74684e-12
1.43056e-11
3.86073e-09
3.60701e-07
7.50783e-06
2.78245e-05
6.09768e-05
0.000118971
8.91999e-05
5.23349e-05
5.0638e-05
3.56798e-05
2.40321e-05
1.70356e-05
1.21763e-05
1.17557e-05
8.50633e-06
6.40742e-06
1.19398e-05
1.13825e-05
1.01257e-05
1.08616e-05
1.04952e-05
1.05656e-05
8.43889e-06
6.51667e-06
6.82207e-06
6.58001e-06
6.61335e-06
5.28535e-06
5.49018e-06
5.43093e-06
4.16312e-06
5.43336e-06
5.32293e-06
4.04931e-06
4.58842e-06
4.18365e-06
1.15777e-05
8.96907e-06
1.06761e-05
1.02886e-05
1.01433e-05
1.17267e-05
9.69054e-06
9.54025e-06
9.74561e-06
8.53565e-06
1.73573e-05
1.41737e-05
1.21315e-05
1.29036e-05
1.0038e-05
9.63848e-06
9.73221e-06
9.65789e-06
8.88667e-06
8.84405e-06
8.94082e-06
8.74008e-06
7.67084e-06
8.34637e-06
8.54418e-06
8.60066e-06
7.56905e-06
7.38689e-06
8.68567e-06
9.19986e-06
7.46896e-06
8.67795e-06
8.6736e-06
9.7606e-06
8.67335e-06
2.60039e-05
1.97304e-05
1.70471e-05
1.58119e-05
1.89147e-05
1.69006e-05
1.57884e-05
1.51731e-05
1.47288e-05
1.58136e-05
3.37121e-06
3.94394e-06
4.20341e-06
5.0653e-06
6.94448e-06
8.82816e-06
1.31843e-05
2.00479e-05
2.41826e-05
2.15838e-05
4.01111e-05
0.000124443
0.000158677
9.39442e-05
0.000499501
0.00646624
0.0110547
0.0175827
0.0168776
0.0188283
0.0171953
0.0163561
0.0126259
0.0115641
0.0101543
0.00639896
0.00205913
0.00266727
0.0027558
0.00214597
0.00145145
0.000820837
0.00014597
0.00010624
5.9416e-05
4.6916e-05
2.74659e-06
8.27961e-06
0.000105485
7.14067e-05
0.000434258
0.000620435
0.00054556
0.0010828
0.00146361
0.00240428
0.00261796
0.0026731
0.00341953
0.00402967
0.00414447
0.00551288
0.0060155
0.0119773
0.00976012
0.00970274
0.00972397
0.00967873
0.0116244
0.0073063
0.00923181
0.00496061
0.00427185
0.00387056
0.00322755
0.00321462
0.00262796
0.00270304
0.00283206
0.00271455
0.00238693
0.00249178
0.00240306
0.00266215
0.0024402
0.00240281
0.00238178
0.00237406
0.00230625
0.00233909
0.00235536
0.00227019
0.00232624
0.00229093
0.0022013
0.00224232
0.00240503
0.00203873
0.00248961
0.00239522
0.00206341
0.00109832
0.000386725
0.000237834
2.24586e-05
0.00023646
0.00026744
0.000229735
0.000295037
0.00210638
0.00158379
0.00204176
0.00271338
0.00218536
0.00247932
0.00226637
0.00314953
0.0059351
0.00229506
0.00346157
0.00119346
0.00233547
0.00135593
0.00112428
0.000733881
3.47665e-05
0.000118642
0.000674238
7.45635e-05
0.000665603
0.000837571
0.000134946
0.00110829
0.000565915
0.000164494
0.000537357
8.04892e-05
2.36102e-05
0.00150391
0.000767005
1.90579e-05
0.000219441
0.00828898
0.0125376
0.00447619
0.00378196
0.00274606
0.0037284
0.0027246
1.03268e-11
1.03403e-11
1.03425e-11
1.02944e-11
1.01915e-11
1.01914e-11
1.01919e-11
4.53353e-11
7.19261e-10
1.00004e-06
3.10381e-05
0.000277431
0.00024466
0.000368213
0.000680705
0.000270478
0.000179944
8.99338e-05
4.94768e-05
3.55883e-05
2.35849e-05
2.21189e-05
1.59968e-05
1.78238e-05
1.70567e-05
1.25065e-05
1.00361e-05
9.16545e-06
7.65154e-06
7.80292e-06
7.44437e-06
6.00959e-06
6.32861e-06
7.74381e-06
7.37623e-06
8.32754e-06
8.18079e-06
8.01551e-06
8.69379e-06
7.56964e-06
7.59787e-06
7.63989e-06
7.43237e-06
8.73906e-06
6.98658e-06
8.26229e-06
1.03598e-05
1.16859e-05
1.12189e-05
1.16838e-05
1.04088e-05
8.84959e-06
8.69997e-06
8.75461e-06
7.90826e-06
8.07271e-06
8.34827e-06
8.9486e-06
9.17712e-06
2.12569e-05
1.73356e-05
1.57705e-05
1.51599e-05
1.21984e-05
1.2308e-05
1.14362e-05
1.03991e-05
1.28036e-05
1.08101e-05
1.1724e-05
1.13811e-05
9.91968e-06
1.0087e-05
1.03641e-05
1.12237e-05
9.59952e-06
1.05402e-05
1.04387e-05
1.11025e-05
1.27771e-05
1.23784e-05
1.21653e-05
1.24704e-05
1.28218e-05
3.78413e-06
3.5734e-06
4.71626e-06
5.7789e-06
7.3553e-06
1.10833e-05
1.3034e-05
2.22528e-05
3.48225e-05
5.20003e-05
9.11554e-05
0.000206287
0.000192594
0.00156456
0.00657968
0.00888102
0.0130205
0.0182734
0.0177274
0.0170415
0.0150552
0.0147146
0.0132184
0.0104839
0.00927017
0.00369848
0.00388564
0.00257779
0.00146982
0.00205654
0.000751226
0.00082226
0.00121494
0.000275239
0.000873688
0.000429246
0.000256579
9.70956e-06
1.9476e-06
3.944e-06
1.76427e-06
2.21196e-06
0.00011064
0.000115961
0.00075964
0.0010629
0.00250295
0.00339767
0.00350559
0.0038802
0.00528782
0.00584519
0.00544233
0.00799307
0.00855685
0.00857194
0.0089833
0.0120806
0.00476623
0.00433457
0.00548343
0.00432393
0.00443272
0.00404082
0.00410543
0.00492716
0.00481774
0.00434208
0.00374707
0.00387863
0.00395227
0.00416091
0.00413741
0.00422602
0.00441091
0.00407276
0.00449296
0.00431308
0.00467989
0.00408254
0.00443607
0.00432211
0.00375109
0.00426992
0.00401776
0.00427642
0.00436261
0.00200397
0.00418836
0.00175444
0.000456754
2.32849e-05
0.000112087
1.94986e-05
0.000165355
0.000409259
0.000547143
0.00200366
0.0020836
0.00318723
0.00188955
0.00275356
0.00580572
0.00594685
0.00651565
0.00695685
0.00993195
0.00846787
0.00857043
0.00868794
0.0110561
0.0105185
0.00661841
0.00966093
0.00814736
0.0056535
0.0074724
0.00619591
0.00324479
0.00678351
0.004193
0.00378518
0.00420573
0.00400059
0.00278059
0.00368667
0.00474453
0.00436471
0.00596916
0.00487837
0.0144557
0.00761781
0.0082596
0.00705358
2.89305e-11
3.07301e-11
3.13546e-11
3.17992e-11
3.36704e-11
3.32499e-11
2.20642e-11
4.79179e-11
4.86498e-11
4.5024e-09
4.52361e-07
5.15865e-07
7.98738e-05
0.00197205
0.00200965
0.00218446
0.00150209
0.000780724
0.000350417
0.000207226
0.000127385
0.000131525
6.45352e-05
5.98268e-05
4.93025e-05
4.50868e-05
3.29133e-05
3.15389e-05
2.93756e-05
2.72889e-05
2.62029e-05
1.82645e-05
1.61673e-05
1.96756e-05
1.84479e-05
1.67921e-05
1.72913e-05
1.744e-05
1.45193e-05
2.04417e-05
2.08809e-05
1.9106e-05
1.90331e-05
1.90791e-05
1.86934e-05
1.96333e-05
1.59404e-05
1.55131e-05
1.7774e-05
1.43856e-05
1.12322e-05
8.58653e-06
9.13698e-06
8.96577e-06
9.82427e-06
1.02679e-05
1.37879e-05
1.41082e-05
1.09747e-05
1.27427e-05
1.25654e-05
1.139e-05
1.13784e-05
1.2521e-05
1.11381e-05
1.10941e-05
1.15112e-05
1.0815e-05
1.0958e-05
1.13528e-05
1.23641e-05
1.04942e-05
1.2719e-05
1.36029e-05
1.36977e-05
1.44368e-05
1.27761e-05
1.4778e-05
1.4792e-05
1.48964e-05
1.42655e-05
1.53576e-05
1.56428e-05
1.55146e-05
1.78986e-05
1.77917e-05
1.76622e-05
2.12616e-05
2.66588e-05
3.59709e-05
4.95861e-05
5.67523e-05
9.17695e-05
0.000162318
0.000560001
1.24482e-05
0.00227624
0.00651298
0.00750667
0.00914974
0.00896221
0.00688056
0.0042725
0.0025826
0.000847421
0.00122274
0.000644527
0.000242399
0.000171292
3.89179e-05
8.73281e-06
3.44887e-05
0.000125808
0.000119244
0.00016545
0.000424215
0.000437306
0.000775807
0.00106506
0.00158238
0.00183529
0.00186357
0.00233017
0.00570501
0.00783057
0.00790291
0.0109268
0.0112894
0.0131986
0.0114251
0.0121893
0.0158878
0.0210101
0.0178402
0.0276916
0.0283926
0.0215115
0.0273705
0.0289349
0.0326124
0.0294235
0.0432265
0.045702
0.0229893
0.0220151
0.00881341
0.00830369
0.0101006
0.00999217
0.00852118
0.00690906
0.00633529
0.00682313
0.00577855
0.00548377
0.00558773
0.00519525
0.004412
0.00480975
0.00451001
0.00488662
0.00458679
0.00456151
0.00441801
0.00423474
0.00372443
0.00387949
0.00223094
0.00365724
0.00136835
0.000975164
0.000295157
0.000270349
0.000256627
0.000650618
5.91969e-07
0.00109922
7.40884e-05
0.00112439
0.00181556
0.000878062
0.000916641
0.0015706
0.00286287
0.00399022
0.00442325
0.00422051
0.00390566
0.00528055
0.00517632
0.00777
0.00655489
0.00882681
0.00649426
0.00586345
0.006487
0.00634243
0.0103049
0.00561562
0.0109804
0.010679
0.00595941
0.00610212
0.00559456
0.0047321
0.00423858
0.00320962
0.00344075
0.000910182
0.00471741
0.000678357
0.00292515
0.000916493
0.00098849
0.00299359
0.00319741
0.000416491
0.000485792
0.00294093
0.000185605
0.000424876
0.00372899
0.00166545
3.14417e-05
1.26328e-11
1.43733e-11
1.45879e-11
1.22189e-11
1.4698e-11
1.25715e-11
1.56699e-11
1.62755e-11
1.61438e-11
3.06933e-09
3.22972e-09
3.91379e-07
5.96125e-06
9.60144e-05
0.000296238
0.000481414
0.000505505
0.000281719
0.000194312
0.000111465
9.84276e-05
4.87751e-05
4.29852e-05
2.57112e-05
2.92704e-05
1.86423e-05
1.56738e-05
1.53014e-05
1.73815e-05
1.5382e-05
1.45728e-05
1.19211e-05
1.14066e-05
9.10862e-06
8.21285e-06
1.04241e-05
8.41418e-06
6.6649e-06
7.69447e-06
7.2686e-06
9.29802e-06
6.51325e-06
6.44169e-06
5.99295e-06
5.62976e-06
1.5083e-05
1.72579e-05
1.40023e-05
1.21492e-05
1.6514e-05
1.95986e-05
1.31699e-05
1.23884e-05
1.11785e-05
1.70403e-05
1.39575e-05
1.34984e-05
1.40931e-05
1.26782e-05
1.2459e-05
1.16382e-05
1.15159e-05
1.0888e-05
1.00685e-05
1.16439e-05
1.15365e-05
9.19394e-06
9.97549e-06
9.23509e-06
1.02814e-05
8.12953e-05
5.15941e-05
6.25517e-06
4.31676e-05
3.16145e-05
2.50679e-05
2.08986e-05
1.82381e-05
1.51039e-05
1.46852e-05
1.68757e-05
1.53813e-05
1.52168e-05
1.74792e-05
1.6566e-05
3.65089e-06
4.09617e-06
3.75865e-06
4.29504e-06
5.13826e-06
5.97794e-06
6.42301e-06
8.14103e-06
1.34994e-05
1.67668e-05
2.37061e-05
2.38561e-05
3.50776e-05
7.08353e-05
0.000135402
0.000252301
0.000200223
0.0019484
0.00609682
0.00849101
0.0120468
0.014881
0.0155495
0.0133391
0.0101358
0.00889722
0.00529606
0.0024626
0.00264613
0.00127492
0.000916386
0.000431115
0.000294444
0.000124056
1.29052e-05
4.3449e-08
4.47108e-05
0.000181687
0.000132136
0.000341993
0.000674572
0.000780536
0.00118679
0.00157441
0.00189191
0.00289873
0.00356164
0.00334762
0.00463393
0.0052646
0.00586362
0.0072983
0.00848353
0.00967697
0.0145669
0.0129896
0.0138162
0.018035
0.0116056
0.016417
0.0105372
0.0114875
0.00889457
0.00797631
0.0144855
0.0154482
0.0110854
0.00929051
0.0178681
0.0160175
0.00364994
0.0034196
0.00344001
0.00320988
0.003316
0.00321285
0.00303999
0.00308018
0.0028526
0.00269657
0.002801
0.00284411
0.00255377
0.00309456
0.00252841
0.00250077
0.0025363
0.00236431
0.0024903
0.0022416
0.00239738
0.00282947
0.00232941
0.0022082
0.0022009
0.00247724
0.00241323
0.0025487
0.00212865
0.00236916
0.00200671
0.000743916
0.000443726
0.000824306
0.000411773
0.000572762
0.000110976
1.71599e-05
0.000808792
0.000379543
0.000788048
0.0027823
0.000648895
0.00239337
0.00345427
0.00367119
0.00272982
0.00301604
0.00299885
0.00479241
0.00577335
0.00293168
0.00743782
0.0059578
0.00761325
0.0070509
0.0059764
0.00591605
0.00474653
0.00348291
0.00367754
0.00641041
0.00432091
0.002933
0.00225973
0.00196103
0.00178681
0.00404415
0.00126338
0.00103457
0.00108171
0.000455854
0.000416283
0.000388572
0.000389498
0.000871755
0.000463303
0.000276609
0.000371815
0.000203804
0.000196376
0.00778298
1.00164e-11
9.86467e-12
9.86614e-12
1.00587e-11
9.90645e-12
9.90769e-12
9.50507e-12
1.23156e-11
2.12873e-09
2.64295e-07
1.83437e-06
1.19054e-05
3.68287e-05
7.19999e-05
6.78733e-05
3.1471e-05
3.01113e-05
2.30238e-05
1.70347e-05
1.09129e-05
1.05407e-05
8.16981e-06
7.21178e-06
1.57386e-05
1.15861e-05
9.08299e-06
1.00245e-05
9.473e-06
9.246e-06
8.5827e-06
7.35101e-06
6.49413e-06
6.5367e-06
6.26024e-06
5.13614e-06
7.01883e-06
6.29418e-06
7.00703e-06
9.21711e-06
8.54306e-06
7.15546e-06
5.2746e-06
6.6029e-06
1.65633e-05
1.23354e-05
1.13641e-05
1.26485e-05
1.22447e-05
1.17699e-05
8.64742e-06
1.01269e-05
6.59525e-06
7.69919e-06
6.90439e-06
6.23565e-06
6.19506e-06
6.55062e-06
6.80869e-06
4.52812e-06
6.25224e-06
5.34496e-06
6.54783e-06
5.43109e-06
6.1439e-06
5.17992e-06
5.26325e-06
6.05589e-06
5.15841e-06
6.0242e-06
5.77803e-06
5.89927e-06
6.05584e-06
6.26889e-06
6.45181e-06
6.67843e-06
5.69979e-06
6.17631e-06
6.1331e-06
6.73405e-06
5.50983e-06
5.97377e-06
5.99785e-06
8.09757e-06
8.90521e-06
8.04342e-06
0.000140062
5.64062e-06
6.04143e-06
6.06339e-06
7.03593e-06
9.45663e-06
1.12858e-05
1.1581e-05
1.32463e-05
2.53493e-05
2.85101e-05
5.15369e-05
9.39478e-05
0.00018361
0.000325091
0.00108934
0.00516962
0.0107626
0.0119273
0.0174143
0.0171403
0.0160043
0.0135849
0.00989299
0.00624496
0.00371681
0.00338923
0.00289987
0.00282965
0.00131228
0.0012161
0.000428751
0.00038535
0.000249125
6.94727e-05
8.67544e-05
1.74161e-05
5.88042e-05
3.49789e-05
9.56309e-05
0.000209604
0.000485666
0.000750678
0.0010498
0.00129015
0.00198207
0.00222364
0.00329615
0.00408165
0.00493995
0.00653277
0.00641154
0.00735601
0.00759791
0.0105676
0.0109216
0.015886
0.0135348
0.040733
0.00781342
0.00664785
0.00807165
0.0144629
0.00956819
0.0089643
0.00536865
0.00492965
0.00428001
0.00390094
0.00332208
0.00342176
0.00341858
0.00303321
0.00269568
0.00258332
0.00286969
0.00267673
0.00253533
0.00243143
0.00217188
0.00253029
0.00286023
0.00220669
0.00213463
0.002367
0.00233958
0.00220078
0.00181348
0.0023085
0.00231686
0.00220218
0.00135316
0.000949197
4.19251e-05
0.000255912
5.49922e-09
0.000738485
0.000103338
3.94904e-05
0.00101197
0.00191738
0.001046
0.00402605
0.00340541
0.00252203
0.00562153
0.00412108
0.00406151
0.00193639
0.00172311
0.00354974
0.00143495
0.00103146
0.000858518
0.000737989
0.000533933
1.75358e-06
0.00158966
0.00017829
9.91382e-05
0.00196562
8.10475e-05
0.000890638
0.000396904
0.000210926
4.87646e-06
0.00125455
2.78481e-05
0.000460022
0.00620924
0.00873847
0.00547667
0.00555638
0.00309727
0.00269101
0.00312051
0.00171935
0.00576834
9.53879e-12
9.55269e-12
9.5615e-12
9.55783e-12
9.52149e-12
9.44292e-12
9.43444e-12
4.63728e-11
7.55795e-10
4.88561e-07
1.78071e-05
1.41583e-05
3.85488e-05
0.000208939
0.000220138
0.000222649
8.64778e-05
6.29631e-05
4.14711e-05
2.74003e-05
2.53045e-05
1.66492e-05
1.25893e-05
1.28493e-05
1.12234e-05
1.0953e-05
9.36344e-06
8.44189e-06
5.70014e-06
5.35298e-06
6.62916e-06
7.07983e-06
5.58446e-06
6.43927e-06
6.2617e-06
6.2912e-06
5.45803e-06
4.19386e-06
6.08145e-06
4.08972e-06
5.66159e-06
5.71683e-06
6.47711e-06
5.00201e-06
8.49936e-06
8.88417e-06
9.12687e-06
7.9018e-06
8.20744e-06
6.74723e-06
7.91935e-06
5.59296e-06
5.72529e-06
6.67072e-06
6.13132e-06
1.24135e-05
1.04377e-05
9.92565e-06
1.00983e-05
8.69666e-06
8.51818e-06
8.61987e-06
8.21931e-06
7.11121e-06
7.89144e-06
7.9243e-06
7.23639e-06
8.48421e-06
8.16028e-06
8.04563e-06
8.25484e-06
8.14888e-06
8.40095e-06
7.36153e-06
9.04656e-06
8.33373e-06
8.44157e-06
8.65998e-06
8.9718e-06
8.58001e-06
3.54581e-06
3.67733e-06
3.66529e-06
4.69274e-06
6.16845e-06
6.97717e-06
1.08594e-05
1.60947e-05
2.06355e-05
4.04309e-05
7.94112e-05
0.000124485
0.000247424
0.000161342
0.00146144
0.00615936
0.012423
0.0192981
0.0211317
0.0172802
0.0134779
0.0143518
0.00810254
0.0056023
0.00360152
0.00285322
0.00191786
0.00103003
0.000785314
0.000749045
0.000563585
0.000808876
0.000832214
0.000199004
2.77139e-05
3.75951e-05
1.4376e-05
3.03754e-05
3.25791e-06
1.66732e-05
0.000504422
0.000527518
0.000772022
0.00169538
0.00249949
0.00305853
0.00348669
0.0034111
0.00569552
0.00638667
0.00945965
0.00991785
0.0127338
0.0115398
0.0143779
0.00587425
0.0139051
0.00559202
0.0048447
0.0048683
0.00457388
0.00455905
0.0044527
0.00387917
0.00411964
0.00469147
0.00412431
0.00458889
0.00476025
0.00420993
0.00407332
0.00368958
0.00408407
0.00334633
0.00389113
0.00386905
0.00402702
0.00385844
0.00374546
0.00383935
0.00353227
0.00375867
0.00389673
0.00353281
0.00387364
0.0016867
0.000889891
8.09151e-06
0.000125403
6.32773e-05
0.000374312
0.000689239
0.000113097
0.000125651
0.00263451
0.00156913
0.00335781
0.00200027
0.00397026
0.00698098
0.00466054
0.0140322
0.00815109
0.00991587
0.00956044
0.00657351
0.0106323
0.0104941
0.00792315
0.0107935
0.0106363
0.0059879
0.0123552
0.00844541
0.0088205
0.00879067
0.00581931
0.00806348
0.00460003
0.0031832
0.00291779
0.0026603
0.00165776
0.00148721
0.00476654
0.00272336
0.0029305
0.00166243
0.00162706
0.000969905
0.000302277
1.69657e-11
1.70411e-11
1.7178e-11
1.725e-11
1.74424e-11
1.77588e-11
1.77214e-11
1.69344e-11
9.55611e-10
2.65161e-07
9.18685e-06
0.00140524
0.00434928
0.0040233
0.00456522
0.00264601
0.00119639
0.000757488
0.000437726
0.000189023
0.000156331
8.65894e-05
7.29076e-05
4.50981e-05
3.94534e-05
2.57069e-05
2.29193e-05
1.87077e-05
1.76977e-05
1.95047e-05
1.54156e-05
1.5685e-05
1.25031e-05
1.32452e-05
1.08235e-05
1.08267e-05
9.46987e-06
9.56051e-06
9.60802e-06
1.07915e-05
1.11991e-05
9.28553e-06
1.0373e-05
1.14146e-05
1.0269e-05
9.76508e-06
9.90911e-06
9.68495e-06
9.08179e-06
9.01729e-06
1.18187e-05
9.08765e-06
9.01073e-06
1.10843e-05
1.12178e-05
6.35101e-06
6.61309e-06
7.07623e-06
6.57283e-06
6.34091e-06
6.59138e-06
6.26691e-06
6.67544e-06
6.48127e-06
6.48446e-06
6.87498e-06
6.86239e-06
7.19698e-06
7.02738e-06
8.10309e-06
7.65091e-06
6.85029e-06
7.4818e-06
7.88735e-06
8.03647e-06
8.27629e-06
9.07746e-06
8.45603e-06
8.45229e-06
9.76178e-06
1.0175e-05
1.17219e-05
1.29126e-05
1.20333e-05
1.97316e-05
2.14798e-05
4.98659e-05
8.51294e-05
0.000157037
0.000277968
0.00010333
1.76984e-06
0.00491201
0.00518567
0.011549
0.0136471
0.0127395
0.0108671
0.00764755
0.00604797
0.00307839
0.00204406
0.00223327
0.000986639
0.000391446
6.82149e-05
8.08135e-05
0.000293983
4.18143e-05
6.38767e-06
7.46581e-05
3.13175e-05
0.000137919
0.000632334
0.00081617
0.00111764
0.00179182
0.00487692
0.00535463
0.00586508
0.00680318
0.00839207
0.0104831
0.0113202
0.0154854
0.0153582
0.0209221
0.0185173
0.0227668
0.0199227
0.027382
0.0374539
0.0274087
0.0256566
0.0272727
0.023754
0.0198629
0.00311741
0.0032925
0.00341872
0.00380856
0.00336664
0.00382491
0.00343508
0.00355088
0.00386282
0.00375877
0.00401646
0.00452767
0.00412696
0.00421983
0.00427575
0.0044429
0.00442583
0.00431743
0.00537023
0.00444824
0.00523891
0.00469082
0.0046744
0.00469257
0.00401188
0.0041101
0.000795316
0.00180705
0.00181104
0.000637902
0.000596393
0.00117531
0.000879002
2.07098e-06
0.000101227
8.40668e-05
2.38356e-05
0.00165503
0.00220483
0.00069588
0.00188626
0.00151787
0.00249331
0.00129858
0.00168663
0.00717482
0.00564176
0.00573805
0.00833188
0.0136122
0.00774507
0.00973072
0.00906858
0.00604346
0.00879828
0.00687627
0.00748795
0.00736078
0.00671087
0.00653441
0.00476715
0.00327748
0.00273417
0.00199445
0.000959923
4.94655e-05
1.47033e-06
0.000895395
0.00131496
0.00410247
0.00766727
0.0152962
0.0200235
0.027767
0.0219373
0.017995
0.0168525
0.0152043
0.0182064
0.0165419
0.0177747
0.0105128
0.0147104
0.018646
0.00418574
0.00409101
0.00439714
0.00462845
0.00569113
4.60104e-11
6.01337e-11
7.35857e-11
8.79965e-11
8.54136e-10
2.11748e-08
2.56514e-06
3.3316e-05
4.72852e-05
5.06748e-05
4.44644e-05
2.43376e-05
1.64131e-05
1.19018e-05
6.85256e-06
5.72254e-06
5.686e-06
4.80474e-06
3.86969e-06
4.03944e-06
3.69714e-06
4.12751e-06
3.24173e-06
3.10265e-06
2.89147e-06
2.38003e-06
1.85155e-06
2.44135e-06
2.00901e-06
1.91628e-06
1.98645e-06
1.96725e-06
2.04685e-06
1.52289e-06
1.81571e-06
1.63995e-06
4.27329e-06
3.28921e-06
3.50215e-06
4.07762e-06
2.98248e-06
2.80928e-06
3.47042e-06
2.90952e-06
3.40493e-06
3.09166e-06
3.00351e-06
2.99463e-06
2.74314e-06
2.82233e-06
2.69142e-06
2.87557e-06
2.82394e-06
2.65264e-06
2.69844e-06
2.62329e-06
2.60102e-06
2.51473e-06
2.02784e-06
2.33123e-06
2.39461e-06
2.6175e-06
2.71352e-06
2.17814e-06
2.26268e-06
2.5497e-06
2.52999e-06
2.54811e-06
1.38132e-05
9.33392e-06
8.14841e-06
5.92205e-06
4.47683e-06
4.23341e-06
3.95536e-06
3.85512e-06
3.71329e-06
3.79417e-06
3.80292e-06
1.15868e-06
1.05948e-06
1.13791e-06
1.29204e-06
1.49827e-06
1.76004e-06
2.09192e-06
2.87561e-06
3.80582e-06
9.21343e-06
1.38213e-05
5.29126e-05
5.96737e-05
0.000129325
0.000678895
0.00512118
0.012171
0.0176232
0.0199901
0.0258891
0.0272753
0.0249515
0.0188391
0.0166063
0.0178372
0.0106417
0.00826507
0.00742083
0.00350526
0.00340116
0.00287994
0.00243643
0.00216804
0.00131402
0.00155457
0.000674105
0.000559234
0.0006317
0.000224275
0.000149177
8.86135e-05
2.75206e-05
9.15466e-05
2.7926e-05
0.000216426
0.00240308
0.00234844
0.00384891
0.00512221
0.00696338
0.00892332
0.0091544
0.00395482
0.0039526
0.00384695
0.00589386
0.00735133
0.0101546
0.0119937
0.0151521
0.00888618
0.00640239
0.00247872
0.00225682
0.00249334
0.00242183
0.00249416
0.00254186
0.00216882
0.00254014
0.00213732
0.00244383
0.00231945
0.00211899
0.00226218
0.00228583
0.00229773
0.00220784
0.00223756
0.00226924
0.00237478
0.00201298
0.00234921
0.00214962
0.00251561
0.0020916
0.00209705
0.00214475
0.00208509
0.00107256
0.00169771
0.000148928
0.00118588
6.72249e-07
1.13313e-05
0.000250167
0.00114183
0.000883886
0.00533646
0.00586715
0.00536329
0.00836278
0.00671426
0.00909032
0.00960448
0.0150608
0.0134441
0.00803441
0.0118498
0.0103896
0.00745023
0.011026
0.00887973
0.00363835
0.00267455
0.00521641
0.00382698
0.00266525
0.00259614
0.00139672
0.00150932
0.000529063
0.00101355
0.00113144
0.000879309
0.00019798
0.000349685
0.000685362
0.000158128
0.000362604
0.000480057
0.000449204
0.000989406
0.00182673
8.51871e-12
8.63525e-12
8.53822e-12
8.66974e-12
8.64204e-12
8.54541e-12
8.19753e-12
2.62237e-10
1.80999e-06
1.72094e-06
2.47284e-05
4.96462e-05
0.000146143
9.77907e-05
3.51556e-05
2.5126e-05
1.4423e-05
1.34466e-05
1.78486e-05
1.76353e-05
1.072e-05
1.01347e-05
1.17686e-05
9.281e-06
1.04597e-05
9.9173e-06
8.42035e-06
6.75531e-06
7.94073e-06
7.17671e-06
6.19771e-06
5.32831e-06
5.61751e-06
5.15124e-06
5.39537e-06
9.82825e-06
8.07106e-06
7.98512e-06
8.14153e-06
9.04054e-06
6.56345e-06
6.50696e-06
6.50554e-06
6.26865e-06
5.85586e-06
5.82313e-06
5.08833e-06
5.9923e-06
5.12326e-06
4.8166e-06
4.34871e-06
4.44208e-06
5.51284e-06
4.494e-06
4.48693e-06
4.19909e-06
4.45074e-06
4.21639e-06
4.62994e-06
4.27204e-06
4.61107e-06
4.57838e-06
4.64119e-06
5.21571e-06
4.9711e-06
4.59107e-06
5.67391e-06
6.37333e-06
4.92014e-06
4.98261e-06
4.95358e-06
6.27338e-06
6.33019e-06
7.37352e-06
9.50097e-06
1.30789e-05
1.73979e-05
2.64514e-05
5.13124e-05
8.81742e-05
4.63169e-05
0.0004411
0.00628228
0.014013
0.0186728
0.0196262
0.0186325
0.0149264
0.0160273
0.0115048
0.00992892
0.004658
0.00615427
0.00345139
0.00171869
0.000695189
0.00074053
0.00053712
0.000468212
0.000264821
0.000122761
6.94905e-05
4.84949e-06
3.01257e-08
0.000273712
0.000426893
0.000931034
0.00132399
0.00229894
0.00300268
0.00372511
0.00401104
0.00479288
0.00561341
0.00682163
0.00871292
0.0110997
0.0131721
0.0150102
0.0628212
0.0152105
0.00888877
0.00664485
0.00565044
0.00465431
0.00418721
0.00376443
0.0033407
0.00321263
0.00282215
0.00261827
0.00243942
0.00220717
0.00225804
0.00211078
0.00221511
0.00234036
0.00207634
0.00260651
0.00202674
0.00207969
0.00222888
0.00224403
0.00190229
0.00200175
0.0021215
0.00206374
0.00171396
0.00179773
0.00127786
0.000302997
6.44821e-05
6.72494e-05
0.000154209
0.000491948
0.000633792
0.000421602
0.00390323
0.0063856
0.00548243
0.00521194
0.0035491
0.00300213
0.00759962
0.0021348
0.00306096
0.00273637
0.00198186
0.0020893
0.00173286
0.000199973
0.00116672
0.000105553
0.000239751
0.00147785
6.02747e-06
0.00117109
0.000512886
0.000143402
0.000219988
0.00101253
1.31336e-06
0.000501278
4.47983e-05
0.00141625
0.00069659
0.00191255
1.75162e-05
0.0144086
0.00908622
0.00583642
0.0168904
0.00808825
0.00649905
0.00840896
1.01665e-11
1.01974e-11
1.01981e-11
1.01993e-11
1.0193e-11
1.00599e-11
2.14964e-10
1.96974e-06
3.05825e-05
0.000107819
0.000243194
0.000214613
0.000282418
0.000108773
6.58851e-05
4.13077e-05
3.32912e-05
2.59698e-05
1.88131e-05
1.27691e-05
9.6331e-06
1.27547e-05
1.26387e-05
1.05076e-05
7.71978e-06
6.81744e-06
6.8969e-06
6.84577e-06
6.49148e-06
7.04836e-06
8.70309e-06
7.49203e-06
8.43752e-06
6.89685e-06
6.52255e-06
6.73683e-06
7.9104e-06
6.9539e-06
5.57249e-06
1.1644e-05
1.12433e-05
8.88098e-06
8.55401e-06
7.83227e-06
6.96837e-06
8.18359e-06
7.03378e-06
6.08679e-06
1.62079e-05
1.43629e-05
1.39016e-05
1.10863e-05
1.07629e-05
1.09434e-05
9.48216e-06
1.02694e-05
1.0024e-05
9.64995e-06
8.97345e-06
1.0076e-05
8.82028e-06
9.43742e-06
9.44718e-06
9.27678e-06
1.04109e-05
1.05856e-05
9.86991e-06
1.01424e-05
9.35187e-06
9.45235e-06
3.84913e-06
3.90595e-06
4.12674e-06
4.99188e-06
5.55935e-06
6.95858e-06
9.76678e-06
1.34087e-05
1.77618e-05
2.87316e-05
5.74253e-05
8.73243e-05
0.000101032
3.6845e-07
0.000248784
0.00288237
0.0082953
0.019699
0.0192897
0.0156345
0.0120329
0.00854833
0.00640158
0.00639755
0.00398159
0.00287835
0.00238933
0.00182669
0.00130561
0.000908397
0.00095649
0.000544576
0.00105961
0.000522726
9.15386e-05
6.45409e-05
6.02678e-05
4.67769e-05
3.64215e-05
6.20762e-06
1.19183e-07
5.43985e-05
4.40195e-05
0.000535886
0.00164937
0.00269535
0.00272738
0.00306484
0.00447998
0.00494935
0.00637658
0.00847553
0.00824944
0.00877885
0.00987613
0.011404
0.0139851
0.0138252
0.00971833
0.00657813
0.00612347
0.00549366
0.00599546
0.00499355
0.00524992
0.00507371
0.00563906
0.00412734
0.00477075
0.0044111
0.00453114
0.00429281
0.00416731
0.00378707
0.00405563
0.00409086
0.00391241
0.00369704
0.00407801
0.00391703
0.00376493
0.00374013
0.00414762
0.00412308
0.00377787
0.00338457
0.003738
0.00340979
0.00329605
0.003478
0.00153537
0.00130542
1.93357e-05
0.000513167
0.000624887
8.41847e-05
3.77258e-05
0.00026724
5.73549e-05
0.00196586
0.000592649
0.00145857
0.00443113
0.00495614
0.00640628
0.00580515
0.00827896
0.0098468
0.00925772
0.00882277
0.00825553
0.00910884
0.0127331
0.010314
0.0114309
0.012504
0.0102974
0.008568
0.00821753
0.0133795
0.00977659
0.0069454
0.00483679
0.00720648
0.00582739
0.00545118
0.00570835
0.0094418
0.00178912
0.00347834
0.00148091
1.36084e-05
1.44426e-11
1.45324e-11
1.47094e-11
1.45307e-11
1.46702e-11
1.4896e-11
2.01475e-09
2.99767e-07
1.08931e-05
0.00104885
0.00415688
0.00584547
0.00330809
0.00129649
0.00112407
0.000401432
0.000323801
0.000181462
8.10015e-05
6.80044e-05
3.62549e-05
2.95526e-05
1.78026e-05
1.90551e-05
1.47012e-05
1.41659e-05
1.24748e-05
1.32437e-05
1.02307e-05
1.10612e-05
1.01581e-05
9.95087e-06
7.07329e-06
7.33114e-06
8.22418e-06
7.04875e-06
7.29427e-06
8.1747e-06
7.35717e-06
6.83646e-06
7.51991e-06
7.00185e-06
7.15318e-06
6.56406e-06
6.75456e-06
7.07682e-06
6.7247e-06
7.01832e-06
7.17773e-06
7.97308e-06
8.22306e-06
8.10427e-06
7.72587e-06
9.732e-06
6.31475e-06
6.19938e-06
6.69616e-06
7.14734e-06
7.69498e-06
1.00062e-05
8.85765e-06
6.78216e-06
7.17201e-06
7.23095e-06
6.61676e-06
1.52452e-05
1.35705e-05
1.34524e-05
1.37873e-05
1.26522e-05
1.29266e-05
1.1497e-05
1.64993e-05
1.89528e-05
1.71771e-05
1.69602e-05
1.62704e-05
1.47742e-05
1.46176e-05
1.46404e-05
1.46054e-05
6.45452e-06
6.92453e-06
7.19428e-06
8.66996e-06
1.3393e-05
1.97738e-05
2.99112e-05
3.11482e-05
0.000100829
0.000187814
0.000326959
0.000327216
0.000946839
0.00558973
0.0104286
0.0150249
0.0141282
0.0124756
0.00867087
0.00728327
0.00428649
0.00263066
0.0031195
0.00107967
0.000943741
0.000874283
0.000909869
0.0010043
0.000685317
0.000347233
0.000320413
0.00025827
0.000119571
2.2506e-06
3.80045e-06
2.01112e-06
0.000194567
0.000208054
0.000321652
0.00045428
0.000930539
0.00291707
0.00764379
0.00512835
0.00595287
0.00593935
0.0112565
0.0107444
0.011844
0.0190523
0.0222884
0.0229253
0.0188289
0.0169391
0.0248592
0.0290134
0.0463582
0.0307446
0.00346295
0.00379218
0.00380239
0.00389714
0.00407131
0.00407679
0.00401615
0.00460887
0.00418393
0.0045451
0.00474249
0.0042292
0.00424926
0.00426917
0.0040604
0.00438537
0.00461859
0.00447765
0.00348468
0.00141379
0.00258578
0.000179918
0.000419161
1.32657e-05
8.44014e-06
1.42997e-05
7.50365e-05
0.000456705
0.000318391
0.000363744
0.00403019
0.00297191
0.0036553
0.00215811
0.00499919
0.00460999
0.00515939
0.00503532
0.0113553
0.00540438
0.013949
0.0073667
0.00867431
0.00852256
0.01143
0.00959231
0.0100084
0.00850662
0.0080527
0.00824829
0.00625813
0.00707208
0.00733776
0.0056929
0.00513648
0.00801329
0.00465771
0.00426463
0.00677142
0.00354475
0.00315505
0.00375402
0.00196814
0.00101662
0.00110865
0.000716006
0.000811198
0.000228387
6.88806e-05
5.4666e-06
1.90579e-08
0.000283496
0.000654416
0.00101857
0.00324329
0.00776924
6.39979e-11
7.00945e-11
7.98329e-11
9.09892e-11
1.07378e-10
1.30861e-10
1.61171e-10
1.85944e-10
1.43364e-08
9.31911e-07
1.15349e-05
5.82383e-05
0.000492444
0.000665114
0.000582766
0.00017885
0.00016645
0.000124802
3.73559e-05
2.26889e-05
1.56756e-05
1.29448e-05
1.22253e-05
1.03126e-05
1.13932e-05
9.75022e-06
9.62831e-06
8.47468e-06
8.26884e-06
7.45834e-06
7.50913e-06
6.69152e-06
7.02532e-06
5.32567e-06
5.02367e-06
6.65011e-06
5.56393e-06
5.94656e-06
6.06112e-06
8.2641e-06
7.69338e-06
6.60854e-06
1.65939e-05
1.88171e-05
1.71071e-05
1.40778e-05
1.84607e-05
1.68731e-05
1.52399e-05
1.45267e-05
1.1659e-05
9.4803e-06
9.62813e-06
9.20652e-06
8.40855e-06
8.03069e-06
8.39765e-06
9.50666e-06
1.01171e-05
9.88249e-06
8.84255e-06
1.06142e-05
9.74463e-06
1.13496e-05
1.14158e-05
9.0764e-06
9.28806e-06
9.31305e-06
1.0236e-05
1.00449e-05
8.78762e-06
1.1184e-05
7.56537e-05
4.77383e-05
3.45616e-05
2.93227e-05
2.24509e-05
1.98023e-05
1.78017e-05
1.65469e-05
1.70891e-05
1.70092e-05
1.75842e-05
1.54111e-05
3.80186e-06
3.95706e-06
4.11667e-06
4.42851e-06
5.29713e-06
5.82983e-06
7.20779e-06
9.83516e-06
1.66267e-05
2.35104e-05
4.30571e-05
5.5575e-05
0.000246986
0.000366233
0.00405087
0.00862403
0.0135881
0.0145951
0.0149303
0.0118216
0.0103787
0.00528255
0.00365651
0.00170988
0.00124758
0.000897791
0.000582419
0.000451243
7.93179e-05
0.000162865
2.11849e-05
6.21873e-06
1.72229e-05
2.64146e-05
6.3531e-05
0.000457106
0.000208993
0.000855251
0.000958517
0.00193772
0.0015097
0.00166028
0.00241156
0.00244931
0.00395271
0.00457602
0.00372237
0.00274699
0.00310324
0.00234113
0.00385247
0.00318883
0.0023787
0.00241831
0.00190865
0.00185707
0.00239881
0.0016031
0.00214126
0.00225692
0.00150858
0.00139561
0.00147937
0.00106743
0.00138096
0.0008428
0.00107777
0.00131888
0.00162702
0.000940862
0.00107698
0.0010252
0.000765414
0.000898127
0.00124374
0.00064594
0.000796191
0.000772403
0.000875627
0.000406713
0.000540737
0.000758985
0.000774041
0.000309345
0.000592353
0.000912441
0.000767174
0.000275295
0.000284461
0.000501811
0.000165367
0.00030999
0.000329778
0.000176223
0.000208455
6.89559e-05
0.000500276
0.000309639
0.000129061
0.000302575
8.7338e-05
9.80879e-05
0.000192842
9.57819e-05
0.000359693
4.90622e-05
0.000171011
0.000183156
0.000315635
0.000225458
0.000261627
0.000164349
7.96608e-05
6.25061e-06
0.000135259
0.00013287
0.000129409
0.000127855
0.000126694
0.000126028
0.000141641
0.000138621
0.000138254
0.000132634
0.000130486
0.000121217
0.000163936
0.000148473
0.000144479
0.000154202
0.000151671
0.000167689
0.000155748
0.000147792
0.000156628
0.000142727
0.000139701
0.000147597
0.000144824
0.000145801
0.000121937
0.000119914
0.000121448
0.000137697
0.000120076
0.000119529
0.0001277
0.000129716
0.000128182
7.87445e-05
8.12898e-05
8.2344e-05
0.000103023
0.000104589
0.000108617
8.93543e-05
9.79639e-05
0.00010353
0.000127236
0.000154961
0.000163571
0.000162111
0.000173461
0.000202273
0.000223568
0.000231148
0.000228328
0.000275733
0.000293044
0.000349172
0.000379004
0.000575677
0.00063032
0.000642024
0.000712257
0.000824205
0.000919748
0.000999264
0.0011481
0.00166387
0.00234407
0.00272401
0.00316576
0.00388849
0.0043979
0.00513616
0.00765332
0.00902968
0.00799449
0.00868884
0.00587822
0.00208613
0.00118556
0.00209105
0.00119165
0.000482518
0.00271212
0.00411304
0.0027909
0.00130166
0.00265037
0.00287687
0.00058578
0.000288743
0.000984801
0.00209067
0.00109744
0.00109411
0.000608481
0.00236565
0.00286687
0.00198688
0.000612782
0.00196273
0.00150391
0.00128253
0.000987981
0.00407995
0.00283711
0.00322225
0.00203876
0.00528287
0.00418005
0.00437227
0.00214384
0.00574087
0.00714023
0.00532472
0.00584936
0.00459238
0.0103708
0.00802053
0.0149812
0.0113697
0.0114044
0.0127251
0.00962392
0.00531588
0.000695381
0.000717235
0.000593658
0.00725059
0.000649544
0.000656052
0.000687199
0.000688264
0.000703128
0.000826672
0.000722524
0.000756514
0.000655736
0.000656799
0.000671344
0.000647875
0.000648723
0.000676219
0.000817172
0.000702891
0.000702065
0.000717718
0.000724034
0.000750929
0.000766718
0.000822967
0.000864644
0.000797232
0.000871781
0.000865356
0.00088258
0.00086941
0.00096698
0.000957245
0.000978752
0.000962588
0.00096677
0.000946439
0.000986871
0.00102015
0.00100872
0.00102777
0.00110019
0.00108604
0.00109331
0.00102538
0.000994187
0.000983784
0.00100681
0.00102177
0.00102793
0.00107258
0.00114511
0.000538944
0.000456772
0.00025401
0.00102317
0.00101206
0.00103781
0.00106184
0.00107578
0.000361925
0.00106841
0.00105495
0.00108868
0.0011194
0.0010697
0.00108945
0.00114389
0.000691556
0.000992097
0.000980371
0.000638467
0.000671978
0.000412643
1.80321e-06
1.70576e-06
2.70911e-05
5.95168e-06
5.74578e-06
8.28833e-05
8.11505e-05
0.00021543
0.000126042
0.000123721
0.000335468
0.000883352
0.00116175
0.00164925
0.00325716
0.00318818
0.00387552
0.00301902
0.00334302
0.00299274
0.00292404
0.00433934
0.00596795
0.00579933
0.00582002
0.00497428
0.00482882
0.00498812
0.00988897
0.010771
0.00495299
0.00520105
0.011149
0.0106132
0.011184
0.0105686
0.0104544
0.00853615
0.00841086
0.0111175
0.0102704
0.0104137
0.00841614
0.00768313
0.0083887
0.00514717
0.00660451
0.00865787
0.0086418
0.0075442
0.00704497
0.00429632
0.0040386
0.00482549
0.00447256
0.00381104
0.00343962
0.00329392
0.00291893
0.00214797
0.0022399
0.00271688
0.00208313
0.0017765
0.00184653
0.000176963
0.000222905
0.000479934
0.000476095
0.000205007
1.30985e-05
2.98585e-05
4.51725e-05
2.60459e-05
3.30316e-08
0.000138961
5.23967e-05
5.32973e-06
4.68461e-05
9.86184e-06
0.000247614
0.000255042
0.000110233
4.87996e-05
0.000884771
0.000647669
1.93377e-05
0.000747207
0.000253309
0.000110889
1.88878e-05
3.04954e-05
3.69954e-06
5.12111e-05
0.000713118
0.000304807
0.000274913
0.00041102
2.36415e-06
0.00417347
6.80322e-12
6.8043e-12
6.80289e-12
6.80549e-12
6.8055e-12
6.808e-12
6.81646e-12
6.81335e-12
6.88951e-12
6.87994e-12
7.18103e-12
1.57919e-11
1.63824e-11
1.64381e-11
3.52165e-09
8.32057e-07
8.32626e-07
8.22659e-07
8.40886e-07
1.37323e-05
1.35146e-05
2.31347e-05
2.27562e-05
2.94929e-05
2.88298e-05
1.90569e-05
1.8646e-05
1.12261e-05
1.10533e-05
1.10635e-05
7.03763e-06
7.03286e-06
4.4816e-06
4.43532e-06
3.05773e-06
3.04643e-06
3.05549e-06
2.84674e-06
2.88963e-06
2.89508e-06
3.65163e-06
2.73609e-06
2.75284e-06
2.20311e-06
2.22068e-06
1.93005e-06
1.9513e-06
2.22718e-06
2.28503e-06
2.63068e-06
2.9849e-06
3.03857e-06
3.05607e-06
3.30131e-06
3.39493e-06
3.0335e-06
3.06341e-06
3.09104e-06
2.64087e-06
2.45277e-06
2.47498e-06
2.50296e-06
2.0788e-06
2.02992e-06
2.04449e-06
2.45771e-06
2.448e-06
2.37963e-06
2.40904e-06
3.06015e-06
3.043e-06
2.63588e-06
2.69033e-06
2.38297e-06
2.36123e-06
2.87802e-06
2.69287e-06
3.40626e-06
3.42921e-06
3.44543e-06
3.44296e-06
3.15259e-06
3.15163e-06
3.17481e-06
2.82838e-06
2.6666e-06
2.69118e-06
2.74315e-06
2.71344e-06
2.71379e-06
2.71558e-06
2.23456e-06
2.25791e-06
3.01972e-06
3.02445e-06
2.56162e-06
2.61097e-06
3.08266e-06
3.19947e-06
3.36746e-06
3.48909e-06
3.16046e-06
3.27544e-06
3.84985e-06
4.0936e-06
3.81798e-06
3.3321e-06
3.52651e-06
3.63362e-06
3.79343e-06
3.5703e-06
3.77511e-06
4.21692e-06
4.15871e-06
3.49131e-06
4.05548e-06
4.0183e-06
4.71935e-06
3.84608e-06
4.46849e-06
4.38188e-06
4.74136e-06
5.54409e-06
5.47764e-06
5.32679e-06
5.55637e-06
5.06839e-06
5.49029e-06
5.86603e-06
6.67097e-05
3.73197e-05
2.08174e-05
1.34585e-05
9.95883e-06
8.5127e-06
7.05184e-06
6.30454e-06
5.43253e-06
5.29674e-06
5.25671e-06
5.04218e-06
4.92387e-06
4.90153e-06
4.82813e-06
4.93083e-06
5.02148e-06
4.97959e-06
5.03187e-06
5.36959e-06
5.37101e-06
5.05642e-06
5.02558e-06
5.06233e-06
4.69078e-06
4.23787e-06
4.36863e-06
4.83292e-06
4.94147e-06
4.93629e-06
5.0672e-06
5.32559e-06
5.29502e-06
4.96754e-06
1.67365e-06
1.72502e-06
1.55987e-06
1.657e-06
2.10408e-06
2.15349e-06
2.23834e-06
2.16933e-06
2.35978e-06
2.38891e-06
2.72838e-06
2.76e-06
3.11883e-06
3.0433e-06
3.74906e-06
4.55706e-06
4.88049e-06
4.7443e-06
6.10033e-06
6.35709e-06
9.43329e-06
8.93626e-06
1.28931e-05
1.38919e-05
2.24924e-05
2.47967e-05
1.85467e-05
3.38972e-05
3.674e-05
6.20344e-05
6.92404e-05
7.26353e-05
0.000137221
0.000153001
0.000117885
0.000289782
8.19785e-05
0.000748288
0.000731147
0.000536153
0.00481891
0.00421959
0.00973592
0.0101001
0.016524
0.0164673
0.0151351
0.0183629
0.0181839
0.0206284
0.022848
0.0209164
0.023249
0.0220413
0.0210948
0.0201067
0.0183439
0.0184588
0.0154173
0.0142459
0.0126758
0.0058438
0.00627124
0.00494165
0.00679292
0.00554413
0.00403238
0.00472033
0.00342544
0.0022789
0.00270108
0.00167358
0.00153284
0.00168266
0.00125753
0.00156497
0.00155425
0.000668864
0.000733301
0.00034178
0.00092143
0.000625591
0.00034708
0.000354623
0.000368017
0.000422233
0.000555839
8.75269e-05
0.000108572
1.90178e-06
6.99077e-06
2.40923e-05
1.57098e-06
4.26381e-07
3.10871e-06
0.000189873
0.000117029
0.000237659
0.000186996
0.000253066
0.000283969
0.000428126
0.000911444
0.00118549
0.000942025
0.000917815
0.00085689
0.00120233
0.00191132
0.00199864
0.00184475
0.00204557
0.00240679
0.00208973
0.00233955
0.00286353
0.0032873
0.0029947
0.00311921
0.00262937
0.00273552
0.00344968
0.00435732
0.00294503
0.00204751
0.00167565
0.00397095
0.0021837
0.00301588
0.00230003
0.00284156
0.00303653
0.00237166
0.00561634
0.00416727
0.00662688
0.00503062
0.00505922
0.00239493
0.0068794
0.00506352
0.00769419
0.00610126
0.00353083
0.00230176
0.00431782
0.00239904
0.00234759
0.00250977
0.0024021
0.00239743
0.00211622
0.00211283
0.00242926
0.00239513
0.00229784
0.0022307
0.00225653
0.00224512
0.00261121
0.00255836
0.00236137
0.00236215
0.00228961
0.00226098
0.00222925
0.00223346
0.00239121
0.00230376
0.00209683
0.00219147
0.00193057
0.0019199
0.00219366
0.00220252
0.00224367
0.00217449
0.00229593
0.00213093
0.00206903
0.0021117
0.00204348
0.00205039
0.00212666
0.00215845
0.00209759
0.0021321
0.00233821
0.00239516
0.00210495
0.00204897
0.00210038
0.00202233
0.00197171
0.00197446
0.00233664
0.00230198
0.00183543
0.00179599
0.00182057
0.00208901
0.00203728
0.00204256
0.00190916
0.00192138
0.00192012
0.00187862
0.00164638
0.000218769
8.28727e-05
0.000406911
0.000398326
0.000304353
0.000117166
0.000114697
1.54444e-05
1.25132e-05
0.000814471
0.00115917
0.00142758
0.000230526
0.000224448
0.000286113
0.00157458
0.00152727
0.00186174
0.00208649
0.00291719
0.000619462
0.000602259
0.000822302
0.00216652
0.00209197
0.00253072
0.0012824
0.00124052
0.00190353
0.00568498
0.00595195
0.00497764
0.00473737
0.00632854
0.0057635
0.00563815
0.00565998
0.00489736
0.00848777
0.00889225
0.00877878
0.00803263
0.00770206
0.0066112
0.00597726
0.0040962
0.00724387
0.00635412
0.00558444
0.00348253
0.00389571
0.0034179
0.00313151
0.00295149
0.00448221
0.0038083
0.00363174
0.00206288
0.00177544
0.00129797
0.00150294
0.00117662
0.00103826
0.00117672
0.00142495
0.00223538
0.00198812
0.000759507
0.000801799
0.000156041
0.000167758
0.000175971
0.000425062
0.000442673
0.0010269
0.00106092
0.000539829
0.000497652
0.000582381
0.00518177
0.00299943
0.00153803
0.000842893
0.000379561
0.000180225
0.000104493
5.68775e-05
3.35769e-08
6.74728e-06
1.61538e-09
3.76983e-07
0.000198308
0.000266591
0.00020203
5.97711e-05
1.33644e-05
1.13523e-05
2.36101e-05
2.98024e-07
0.000139165
0.000140111
0.000143437
0.00092677
0.00113269
4.09097e-05
1.03744e-05
4.21606e-07
0.0001676
0.00504258
0.00384336
1.04816e-11
1.04937e-11
1.0503e-11
1.05034e-11
1.05056e-11
1.05117e-11
1.04725e-11
1.04841e-11
1.04972e-11
1.0516e-11
1.17162e-11
1.17598e-11
1.19851e-11
3.19537e-09
3.25638e-09
6.16513e-07
6.35022e-07
1.06386e-05
1.05568e-05
5.09804e-05
5.07257e-05
0.000108872
0.000106603
8.30377e-05
8.10251e-05
3.57511e-05
3.78566e-05
3.79693e-05
1.89475e-05
1.86273e-05
1.40888e-05
1.40185e-05
1.05131e-05
1.06661e-05
1.12795e-05
1.12912e-05
9.55009e-06
9.71699e-06
8.78941e-06
8.86524e-06
8.92799e-06
9.02127e-06
7.99367e-06
8.22749e-06
6.6465e-06
6.74974e-06
5.66373e-06
5.79848e-06
5.72753e-06
5.86541e-06
5.54818e-06
5.69327e-06
5.89983e-06
6.1353e-06
6.32686e-06
5.03031e-06
5.33329e-06
6.30882e-06
5.88911e-06
4.35767e-06
8.6086e-06
8.16198e-06
6.6321e-06
6.3489e-06
5.82824e-06
5.69028e-06
7.76487e-06
7.46888e-06
7.42735e-06
7.1694e-06
7.09394e-06
6.21518e-06
6.07365e-06
5.37061e-06
5.32901e-06
5.97849e-06
5.07e-06
5.0291e-06
6.22403e-06
6.15538e-06
5.48103e-06
5.42967e-06
6.30019e-06
6.23544e-06
5.96818e-06
5.85067e-06
5.80339e-06
5.22732e-06
4.61957e-06
4.63459e-06
5.84072e-06
5.75538e-06
5.85571e-06
4.61613e-06
1.36893e-05
1.28586e-05
1.05681e-05
9.85783e-06
9.57804e-06
9.1722e-06
8.91383e-06
1.08161e-05
1.02112e-05
9.9992e-06
8.96493e-06
8.52682e-06
8.46706e-06
8.09959e-06
8.12155e-06
6.52129e-06
6.84671e-06
6.67345e-06
6.77738e-06
6.03388e-06
5.91842e-06
7.73132e-06
7.51089e-06
7.6194e-06
7.53754e-06
7.38884e-06
7.41798e-06
6.10727e-06
6.00428e-06
6.08762e-06
6.08616e-06
6.05958e-06
6.53296e-06
6.405e-06
7.74103e-06
7.61012e-06
6.99451e-06
6.83717e-06
6.98122e-06
6.11861e-06
6.02825e-06
6.18608e-06
6.12665e-06
7.73074e-06
6.99053e-06
6.92239e-06
7.03219e-06
6.88541e-06
6.9834e-06
6.81243e-06
6.7636e-06
7.15457e-06
6.98947e-06
6.97566e-06
6.89054e-06
9.4767e-06
1.192e-05
1.11775e-05
1.08496e-05
7.48523e-06
1.16613e-05
1.84853e-05
1.67079e-05
1.59412e-05
1.35423e-05
1.26596e-05
1.28713e-05
1.23423e-05
1.08854e-05
1.0873e-05
1.23833e-05
1.19121e-05
1.18552e-05
1.2559e-05
1.23682e-05
1.07526e-05
1.07492e-05
1.05147e-05
1.0301e-05
1.05713e-05
1.10453e-05
1.08219e-05
1.11816e-05
1.25522e-05
1.22848e-05
1.27568e-05
1.29098e-05
1.14181e-05
1.1239e-05
1.13492e-05
1.2027e-05
1.18353e-05
1.24675e-05
1.33304e-05
1.39733e-05
1.45343e-05
1.60275e-05
1.54747e-05
1.58644e-05
1.72956e-05
1.67489e-05
3.23425e-05
3.16474e-05
2.73429e-05
1.90377e-05
2.02012e-05
3.78151e-05
2.92597e-05
5.27086e-05
5.25904e-05
6.84698e-05
0.000119411
0.000163939
0.000119923
0.000230632
8.14162e-07
0.00315712
0.00311076
0.00238004
0.00424088
0.00418604
0.009792
0.0122291
0.0120331
0.0134574
0.0158564
0.0152988
0.0134898
0.0155043
0.0146794
0.0163613
0.0172057
0.0164112
0.0150302
0.0138553
0.013751
0.0121518
0.00736403
0.00694451
0.00865242
0.00584359
0.00575985
0.00371479
0.00435245
0.00299513
0.00310466
0.0021507
0.00159817
0.00102106
0.00134474
0.000954903
0.000458319
0.00044463
0.000285699
0.000565539
0.000289951
7.15696e-05
2.8317e-05
9.88266e-05
5.12906e-05
0.000134412
0.000141596
0.000323129
0.000134118
0.000461067
0.00218618
0.00229175
0.00224956
0.00235276
0.00214104
0.00201094
0.0020985
0.00214334
0.00202154
0.00210442
0.00215176
0.00204421
0.00213747
0.00211839
0.00202164
0.00207164
0.00188707
0.0022282
0.0022632
0.00216317
0.00208781
0.00220764
0.00229336
0.00236576
0.00242732
0.00226421
0.00263545
0.00253795
0.00261712
0.00251477
0.0024285
0.00260764
0.00283477
0.00273529
0.00287698
0.00255745
0.00248141
0.00255078
0.00235584
0.00243023
0.00269942
0.00282666
0.00293606
0.00280729
0.00272745
0.00279748
0.00285677
0.00283929
0.00294273
0.00298151
0.00333922
0.00330835
0.00311665
0.00315117
0.00265981
0.00265606
0.00280303
0.00276153
0.00270767
0.00240007
0.00247449
0.00259241
0.00254137
0.0026475
0.00243934
0.00259663
0.00308888
0.00300405
0.0031223
0.00278156
0.00295211
0.00321173
0.00329188
0.00291824
0.00304501
0.00338166
0.00353986
0.00368675
0.00333545
0.00359988
0.0037526
0.00361924
0.00381247
0.00338853
0.00363547
0.00189429
0.00182959
0.000898271
2.70977e-05
2.77028e-05
5.5881e-05
0.000502537
8.16999e-05
6.91698e-06
0.00131504
0.00123355
0.0019024
0.000544792
0.00168854
0.0028364
0.00353257
0.0030723
0.00299122
0.00482806
0.00498562
0.00452766
0.00589115
0.00813216
0.00830822
0.00555959
0.00483305
0.0072443
0.0061387
0.00859027
0.00911718
0.00593297
0.00588916
0.00682516
0.00588163
0.00702225
0.0053221
0.00490137
0.00508305
0.00443302
0.00335625
0.00288566
0.00225829
0.00289905
0.00240618
0.00271746
0.0024837
0.00243039
0.0018093
0.00584291
0.00482713
0.00149873
0.00132472
0.0027139
0.0023569
0.00485818
0.00528986
0.00684416
0.0107013
0.0104422
0.0109017
0.00489425
0.00451453
0.00417854
0.000137677
0.0390801
0.0333683
0.00815863
0.00760496
0.000163296
2.07248e-05
2.00348e-05
2.036e-05
2.32512e-05
3.12877e-06
3.29901e-06
2.17743e-06
1.55302e-06
1.54442e-06
4.41458e-06
4.42531e-06
1.90997e-05
1.83879e-05
1.82194e-05
1.73106e-05
1.69485e-05
2.85231e-05
2.82185e-05
3.27493e-05
3.20928e-05
2.29836e-05
2.25973e-05
2.94954e-05
2.95569e-05
2.96749e-05
2.28114e-05
2.24957e-05
1.71594e-05
1.7128e-05
1.67139e-05
1.64976e-05
1.67113e-05
1.5368e-05
1.49455e-05
2.28995e-05
2.35909e-05
2.30809e-05
2.30278e-05
2.27838e-05
2.29547e-05
2.34772e-05
2.42533e-05
2.45091e-05
1.88953e-05
1.85488e-05
1.85335e-05
1.63784e-05
1.64186e-05
1.81215e-05
1.83867e-05
1.27907e-05
1.27641e-05
1.2787e-05
1.75146e-05
1.76229e-05
1.78955e-05
1.78442e-05
1.75805e-05
1.78507e-05
1.89956e-05
1.91709e-05
1.70677e-05
1.74079e-05
1.21704e-05
1.25255e-05
1.13655e-05
1.16675e-05
1.35774e-05
1.34675e-05
1.37932e-05
1.53193e-05
1.56643e-05
1.56143e-05
1.6552e-05
1.61121e-05
1.62719e-05
1.64438e-05
2.02105e-05
2.04325e-05
2.08247e-05
2.19332e-05
2.19959e-05
2.16518e-05
2.17192e-05
2.0445e-05
2.01493e-05
1.98867e-05
1.96577e-05
1.96499e-05
1.89707e-05
1.65829e-05
1.64719e-05
1.65394e-05
1.62478e-05
1.67832e-05
1.73363e-05
1.70257e-05
1.96624e-05
1.95577e-05
1.61654e-05
1.36876e-05
1.32512e-05
1.45625e-05
1.46302e-05
1.44662e-05
1.79428e-05
1.7917e-05
1.62104e-05
1.60577e-05
1.63531e-05
1.73664e-05
1.7321e-05
1.70947e-05
1.76013e-05
1.86559e-05
1.8535e-05
1.84888e-05
1.61512e-05
1.65593e-05
1.67154e-05
1.86301e-05
1.85941e-05
1.68162e-05
1.68331e-05
1.88335e-05
1.8911e-05
1.70713e-05
1.71799e-05
2.07818e-05
2.10383e-05
1.81152e-05
1.87941e-05
1.78407e-05
1.81092e-05
1.93462e-05
1.97299e-05
1.98797e-05
2.03192e-05
2.18988e-05
2.24423e-05
2.28028e-05
2.08425e-05
2.14425e-05
2.25702e-05
2.4323e-05
2.40882e-05
2.51962e-05
2.4515e-05
2.55389e-05
2.73697e-05
2.85395e-05
2.89212e-05
2.94053e-05
3.02382e-05
3.04474e-05
3.02788e-05
3.00489e-05
3.09339e-05
3.4999e-05
3.32826e-05
3.36725e-05
2.88403e-05
0.000247337
0.000202466
0.000185259
0.000160544
0.000136977
0.000197722
0.000105795
0.000129958
0.000118622
2.2048e-05
2.02249e-05
1.94251e-05
1.80493e-05
1.97541e-05
2.1731e-05
2.21288e-05
2.30196e-05
2.48366e-05
2.31294e-05
2.67631e-05
2.82438e-05
3.3847e-05
3.02319e-05
3.64021e-05
3.91693e-05
4.16195e-05
5.33402e-05
5.88724e-05
5.49887e-05
8.34668e-05
9.1874e-05
0.000145104
0.00015841
0.000119697
0.000246151
0.000258149
0.000516457
0.00056602
0.000410283
0.000311899
0.000363259
0.000568307
0.000238909
0.000631477
0.00130432
0.00336688
0.00301661
0.00622804
0.00685928
0.00595437
0.00651213
0.00724731
0.00646586
0.00576103
0.00468525
0.00457242
0.0034118
0.00152822
0.00137535
0.00117618
0.000965791
0.000209384
0.000224475
0.000109364
6.33895e-05
5.45517e-07
7.61368e-05
2.54488e-06
2.02409e-05
0.00020783
0.000251279
0.000257809
0.000119475
0.000437236
0.000332928
0.000325497
0.000490246
0.000627024
0.000653303
0.000897846
0.0010301
0.00131002
0.00151069
0.00167529
0.00126688
0.00159332
0.00206201
0.0022651
0.00225045
0.00260034
0.00417156
0.00476613
0.00270734
0.00256995
0.00312693
0.00368436
0.00419435
0.00462882
0.00425141
0.00467374
0.00436239
0.00461714
0.00416661
0.00459773
0.00572877
0.00656613
0.00588623
0.00690952
0.00709556
0.00629474
0.00682383
0.00733303
0.00716172
0.00947441
0.00935661
0.0105477
0.00799282
0.0105377
0.0100706
0.0105319
0.0110633
0.00959247
0.0112987
0.00956529
0.0122545
0.0119494
0.0160878
0.0103969
0.0134299
0.0137056
0.0130082
0.0149775
0.0185485
0.023451
0.0224418
0.0224673
0.0181625
0.0182499
0.0143251
0.0117976
0.0151954
0.0254351
0.0265909
0.0223436
0.0113762
0.0209754
0.0132516
0.0265015
0.0262356
0.0115741
0.00235655
0.00238004
0.00235885
0.00212657
0.00212534
0.0023159
0.00224751
0.00224386
0.00243954
0.00343436
0.00216685
0.0030768
0.00305558
0.00337624
0.00326907
0.0019512
0.00282058
0.0020546
0.00286367
0.00201679
0.00200431
0.00209085
0.00206802
0.00227903
0.00312485
0.00195075
0.00258159
0.00257237
0.00195939
0.00254839
0.00211752
0.00211221
0.00230846
0.00260224
0.00223603
0.00226419
0.00241376
0.00237483
0.00248457
0.00243195
0.00247666
0.00299831
0.00292862
0.0023538
0.00231699
0.00236193
0.00238249
0.00231192
0.00231534
0.00215799
0.00214761
0.00214551
0.00212598
0.00209743
0.00216289
0.0020139
0.00196641
0.00201907
0.00215081
0.00221444
0.00210401
0.00182732
0.000215608
0.000136158
0.000684032
0.000408778
0.00105766
0.00104491
0.000602542
1.2171e-05
1.09654e-05
2.96242e-05
9.72985e-08
4.83891e-08
7.25685e-06
1.04569e-05
0.000240204
0.000444293
0.00098883
0.000969165
0.0011508
0.0014647
0.00131214
0.00147389
0.00163344
0.00318519
0.00394412
0.0037149
0.00356432
0.0040531
0.00480162
0.00457712
0.00476115
0.00680378
0.00684883
0.00485405
0.00480345
0.00547868
0.00509497
0.00525925
0.00468208
0.00537848
0.00468057
0.004448
0.00494266
0.00820551
0.00826427
0.00608204
0.00710604
0.00688089
0.00636164
0.00623163
0.00573208
0.00532983
0.00581446
0.00550979
0.00932721
0.00828366
0.00724289
0.00271333
0.00247718
0.00230959
0.00355919
0.00318971
0.00207572
0.0023945
0.00216753
0.0021071
0.00237063
0.00213644
0.00208141
0.00327631
0.00287467
0.00275047
0.00225418
0.00227637
0.00422073
0.00383497
0.000856966
0.000818916
0.00068974
0.00110237
0.00128508
0.000935249
0.000997062
0.00103459
0.000983824
0.000898149
0.00489296
0.00434177
0.00386557
0.00310753
0.00313895
0.00298943
0.00245309
0.00214439
0.00208415
0.00164667
0.0015815
0.00192811
0.00156248
0.00124904
0.00105349
0.00104922
0.000238583
0.00018186
0.000194868
0.000334086
0.000251786
0.000352173
5.58818e-05
2.78854e-05
3.52986e-05
1.46469e-06
8.20047e-06
3.35276e-05
1.25651e-05
5.84552e-05
7.37932e-05
6.31722e-07
3.53751e-06
1.15689e-05
3.07578e-05
0.000409572
0.000349431
0.000959066
0.00109899
0.000781744
0.00103381
0.000849637
8.47847e-11
8.05892e-11
9.03619e-11
9.38197e-11
9.33828e-11
9.35479e-11
1.01138e-10
8.41022e-11
9.41575e-11
2.18505e-11
2.17856e-11
1.77729e-11
1.79874e-11
1.71762e-11
3.06201e-11
2.93796e-11
1.90455e-08
1.97331e-08
3.26971e-06
3.35527e-06
6.37964e-05
6.3059e-05
0.000148302
0.000147888
0.000187125
0.000188347
0.000130835
0.00012782
5.94101e-05
5.93798e-05
4.52347e-05
4.57699e-05
4.62227e-05
4.69711e-05
4.71113e-05
3.38186e-05
3.50803e-05
2.55719e-05
2.52096e-05
1.88861e-05
1.94105e-05
1.96074e-05
2.04202e-05
2.12331e-05
2.17597e-05
1.60567e-05
1.6838e-05
1.43552e-05
1.5112e-05
1.40673e-05
1.41307e-05
1.42102e-05
1.66333e-05
1.76342e-05
1.8979e-05
2.04107e-05
1.02713e-05
1.04775e-05
1.0663e-05
1.07513e-05
1.08675e-05
9.61001e-06
9.82467e-06
1.07065e-05
1.07356e-05
9.00851e-06
9.36185e-06
7.99805e-06
8.19834e-06
8.37823e-06
8.36219e-06
8.28332e-06
8.34498e-06
7.12488e-06
7.07548e-06
7.18445e-06
7.84162e-06
7.97692e-06
1.01728e-05
1.00888e-05
9.9025e-06
1.01201e-05
1.2691e-05
1.27456e-05
1.27231e-05
9.73944e-06
9.89723e-06
1.19641e-05
1.23604e-05
9.13093e-06
9.31569e-06
9.43695e-06
1.02318e-05
1.07119e-05
9.48155e-06
9.90317e-06
1.35279e-05
1.40875e-05
1.20249e-05
1.2677e-05
1.25667e-05
1.31232e-05
1.32371e-05
1.05712e-05
1.10835e-05
1.17776e-05
1.15907e-05
1.2325e-05
1.26375e-05
1.62605e-05
1.74319e-05
1.76107e-05
1.68741e-05
1.81363e-05
1.83521e-05
2.15339e-05
2.3854e-05
2.19794e-05
2.4692e-05
2.23945e-05
2.49741e-05
2.50085e-05
2.702e-05
3.03704e-05
3.2938e-05
3.76533e-05
3.52375e-05
4.11017e-05
4.1115e-05
4.77089e-05
5.2253e-05
5.58585e-05
6.58555e-05
6.67279e-05
5.44269e-05
6.44093e-05
6.58334e-05
7.8647e-05
8.42616e-05
0.000102611
0.00010486
9.92323e-05
9.45509e-05
1.49463e-05
6.63904e-05
1.75664e-05
1.42071e-05
1.35668e-05
1.36716e-05
1.81653e-05
1.73477e-05
1.72451e-05
1.45365e-05
1.40091e-05
1.38574e-05
1.37981e-05
1.32857e-05
1.34651e-05
1.32787e-05
1.28563e-05
1.30126e-05
1.25632e-05
1.22362e-05
1.11427e-05
1.11267e-05
1.19142e-05
1.16087e-05
1.19121e-05
1.0963e-05
1.09887e-05
1.30834e-05
1.27854e-05
1.28877e-05
1.26564e-05
1.23981e-05
1.27207e-05
1.34034e-05
1.19005e-05
1.19312e-05
1.1767e-05
1.22038e-05
1.44448e-05
1.42388e-05
1.44966e-05
1.28099e-05
1.26546e-05
1.32772e-05
1.26657e-05
1.29152e-05
1.25089e-05
1.29917e-05
1.4858e-05
1.47546e-05
1.50684e-05
1.58564e-05
1.62822e-05
1.48203e-05
0.00104388
0.000901441
0.000672582
0.000535467
0.000410414
0.000325543
0.000258709
0.000214291
0.000167757
0.000143094
0.000107428
9.81464e-05
1.9526e-05
2.34913e-05
2.41309e-05
3.85875e-05
3.61795e-05
5.82578e-05
6.3481e-05
9.93006e-05
0.000109741
0.000109505
0.000232444
0.000170254
8.58599e-05
0.000102001
0.000205742
0.000947664
0.00574115
0.00567356
0.00488133
0.00702396
0.0118461
0.0141876
0.0139075
0.0105251
0.0154752
0.0163366
0.01518
0.0158814
0.0141568
0.0121794
0.0122913
0.0113498
0.0107957
0.00913913
0.00871868
0.00588391
0.00598534
0.00500172
0.00470168
0.00376472
0.00256082
0.00176802
0.00113729
0.00109002
0.00171412
0.000580814
0.000154705
0.000162487
0.000207702
2.187e-05
2.18316e-05
1.01532e-06
3.50006e-06
4.89599e-06
2.27138e-05
3.07981e-05
2.13332e-05
7.5435e-05
4.19385e-05
0.00022039
4.19943e-05
0.0001184
0.000219064
0.000276508
0.000429432
0.000378903
0.000603181
0.000407754
0.00566849
0.00500164
0.00487724
0.00474887
0.00466398
0.00485427
0.00440055
0.00435176
0.00430455
0.00373681
0.00366393
0.00396092
0.00401072
0.00339833
0.00341587
0.00381594
0.00392407
0.00309317
0.003217
0.00304251
0.00317818
0.00295693
0.00281532
0.00277901
0.00279165
0.00273275
0.00308861
0.00295027
0.00303744
0.00279839
0.00268884
0.00285016
0.00262329
0.00253069
0.00264273
0.00273287
0.00263732
0.00281105
0.00273465
0.00264251
0.00283515
0.00281781
0.00272694
0.00293897
0.00286766
0.00297531
0.0030652
0.00302898
0.00293518
0.00310154
0.00329081
0.00347176
0.00392077
0.00351956
0.00340443
0.00356412
0.00334136
0.0034945
0.0036725
0.0035439
0.00377795
0.00370694
0.00381944
0.00387497
0.00404682
0.00397822
0.0041539
0.00388714
0.00431252
0.00446687
0.00495711
0.00533216
0.00440281
0.00443481
0.00498529
0.00513886
0.00413647
0.00282907
0.000784831
0.00259173
0.00155651
0.000120136
0.000192304
0.000297424
0.000689564
0.00217233
0.00342233
0.00207705
0.00271355
0.00342844
0.00481878
0.00452801
0.00412287
0.00559814
0.00651051
0.00828583
0.00518819
0.00457425
0.00629276
0.00446602
0.0059879
0.00656594
0.00653408
0.005935
0.00640975
0.00754318
0.00661231
0.00575032
0.00505687
0.00542229
0.00465955
0.00420984
0.00422629
0.00475511
0.00345669
0.00381819
0.00332222
0.00275507
0.00310689
0.0038614
0.00240029
0.0041287
0.00350972
0.0028802
0.00359613
0.00556112
0.00487484
0.00438354
0.00296308
0.0036502
0.00428605
0.00427424
0.00271289
0.00253922
0.0037108
0.00618504
0.00679256
0.0138474
0.0130727
0.0136508
0.00322372
0.0031598
0.00367281
0.00186859
0.0153596
0.0124045
0.00909819
0.00747378
0.000222007
4.56545e-06
4.2683e-05
4.10198e-05
1.62974e-06
1.61125e-06
1.62858e-06
6.65344e-07
6.68995e-07
1.60682e-06
1.60941e-06
4.63257e-06
1.87533e-05
1.85417e-05
4.82992e-05
4.66868e-05
6.01912e-05
5.84569e-05
5.8039e-05
5.71338e-05
4.42267e-05
4.40403e-05
4.29685e-05
4.16929e-05
2.69241e-05
2.15047e-05
2.12501e-05
2.0947e-05
2.11685e-05
1.69584e-05
1.73139e-05
3.25431e-05
3.25024e-05
2.44929e-05
2.44252e-05
3.34424e-05
3.31672e-05
3.37426e-05
2.97357e-05
2.96377e-05
2.93641e-05
2.01499e-05
2.06137e-05
2.02738e-05
2.06313e-05
2.44964e-05
2.47498e-05
2.07111e-05
2.10934e-05
2.40375e-05
2.42029e-05
2.56158e-05
2.56095e-05
2.49666e-05
2.55664e-05
2.28183e-05
2.29025e-05
2.00377e-05
2.00751e-05
2.03816e-05
2.1722e-05
2.18625e-05
2.23261e-05
2.70892e-05
2.75815e-05
2.63187e-05
2.61884e-05
2.45593e-05
2.50542e-05
2.46178e-05
2.46051e-05
2.49169e-05
2.64859e-05
2.64536e-05
2.61975e-05
2.25554e-05
2.27687e-05
2.31586e-05
2.33212e-05
2.4039e-05
2.35667e-05
2.49388e-05
3.14412e-05
3.18744e-05
2.68569e-05
2.73305e-05
4.07448e-05
4.1524e-05
3.17005e-05
3.48711e-05
3.5229e-05
3.80975e-05
3.11696e-05
3.2481e-05
3.26934e-05
3.30369e-05
3.36594e-05
3.5274e-05
3.50579e-05
3.71366e-05
3.769e-05
3.5107e-05
3.81412e-05
4.0314e-05
4.32703e-05
4.33898e-05
3.68362e-05
3.87698e-05
3.8404e-05
3.97627e-05
4.79998e-05
4.83277e-05
4.25379e-05
4.58831e-05
4.46199e-05
5.45755e-05
5.94429e-05
4.97923e-05
5.37276e-05
6.05638e-05
6.66237e-05
6.48011e-05
6.80868e-05
7.36407e-05
6.51105e-05
6.12723e-05
7.81088e-05
7.54073e-05
6.48684e-05
8.38759e-05
8.02119e-05
6.19527e-05
6.86148e-05
7.35118e-05
0.0019902
0.00107439
0.000577603
0.000314447
0.000195592
0.000141188
0.000121247
9.91329e-05
8.60629e-05
7.82237e-05
6.38382e-05
6.13242e-05
6.2632e-05
7.58426e-05
7.21693e-05
6.16849e-05
6.0864e-05
6.37653e-05
5.83256e-05
5.81198e-05
5.90724e-05
6.91214e-05
6.90582e-05
7.46927e-05
7.3568e-05
7.28222e-05
6.19696e-05
5.92491e-05
5.72803e-05
6.05774e-05
6.02902e-05
6.07501e-05
6.65551e-05
6.62693e-05
6.60975e-05
6.69423e-05
6.62614e-05
7.0831e-05
8.10089e-05
7.91506e-05
8.02991e-05
7.87707e-05
8.15231e-05
7.35633e-05
7.28044e-05
7.63012e-05
1.13197e-05
1.14929e-05
1.22252e-05
1.33927e-05
1.34377e-05
1.46404e-05
1.54864e-05
1.5933e-05
1.68159e-05
1.59115e-05
1.80308e-05
1.64435e-05
1.87816e-05
2.08748e-05
2.52134e-05
2.71e-05
3.19046e-05
3.46668e-05
3.56096e-05
4.39694e-05
4.71486e-05
4.8189e-05
6.73223e-05
7.32675e-05
6.76701e-05
0.000109927
9.60301e-05
0.000118181
0.00011638
0.000192529
0.000215667
0.00019247
0.000348617
0.000333285
0.000512793
0.000572744
5.34853e-05
8.74609e-06
0.00133774
0.00128074
0.00153613
0.00537968
0.00489688
0.00580577
0.00675861
0.00715241
0.00719395
0.00687274
0.00701246
0.00689464
0.00563842
0.00538393
0.00448322
0.00384567
0.002666
0.00156486
0.00140361
0.00102677
0.000977034
0.000489935
0.000254053
0.000260869
0.000716267
0.000285397
2.34183e-06
4.18843e-05
2.82051e-06
0.000140389
0.000445715
0.000840867
0.000504049
0.000894824
0.00113307
0.00119921
0.00116497
0.00134727
0.00108364
0.0014
0.00143479
0.00143494
0.00149702
0.0019708
0.00161904
0.00220555
0.00232938
0.00265345
0.0022189
0.00235775
0.00269164
0.00265145
0.00301184
0.00313069
0.00373635
0.0045374
0.00472813
0.00524163
0.0046398
0.00556038
0.00482379
0.00478486
0.00609148
0.00694526
0.00721341
0.00574175
0.00577117
0.00702205
0.00691678
0.00820975
0.00792323
0.00958581
0.0081063
0.00925431
0.00606194
0.00643126
0.00652071
0.00858167
0.00735808
0.00658269
0.00632984
0.00717911
0.00635931
0.00470057
0.00417469
0.00507799
0.00446784
0.00502321
0.00438849
0.00494529
0.00650766
0.00642136
0.00628129
0.00596533
0.00642725
0.00545408
0.00605647
0.00747368
0.00629524
0.00673287
0.00857012
0.00762804
0.00790999
0.0072677
0.00810519
0.00645258
0.00623253
0.00573927
0.0055908
0.00519694
0.0054253
0.0049788
0.00481463
0.00429701
0.00420554
0.00450956
0.00421157
0.0041357
0.00390363
0.00368421
0.0036147
0.00332611
0.00336616
0.0033851
0.003228
0.00321581
0.00322776
0.00318621
0.00292708
0.00281551
0.00282909
0.00287187
0.0028324
0.00300997
0.00289301
0.00289911
0.00306743
0.00294701
0.00294082
0.00244101
0.00244755
0.00254721
0.00317139
0.00304672
0.00303271
0.00284786
0.00281246
0.0025865
0.00271417
0.00277666
0.0028549
0.0024887
0.00242128
0.00244566
0.00282317
0.00290368
0.00293209
0.0031387
0.00313717
0.00280722
0.00280823
0.00279465
0.00275854
0.0027256
0.00268391
0.00101472
0.000647019
0.00118744
0.000884928
0.000511539
0.000252492
0.000423899
0.00024977
0.000140055
0.000720797
0.000843518
0.000153285
0.000145984
0.000255523
0.000383991
0.000366817
0.000874278
0.00079957
0.00149602
0.00201109
0.00218879
0.00171548
0.00324676
0.00355203
0.00283638
0.00308062
0.00302146
0.00378909
0.00352742
0.00473585
0.00430391
0.00462905
0.0040372
0.00368163
0.00381938
0.00596611
0.00566463
0.00476257
0.00498745
0.00503274
0.00436718
0.00379522
0.003583
0.00357491
0.00304653
0.00271875
0.00329591
0.00271738
0.0019185
0.00109413
0.0036236
0.0016398
0.00149428
0.00199851
0.00165791
0.00168897
0.000605225
0.000536645
0.00046217
0.00101127
0.000865204
0.000855797
0.00118179
0.00071632
0.000621441
0.000593575
0.000159069
0.000279343
0.000381262
0.000469673
0.000859495
0.000685713
0.000225527
0.000344028
2.1551e-05
3.71064e-05
6.16006e-05
4.17595e-05
0.000333612
0.00574895
0.00482468
0.000934717
0.00162836
0.000987604
0.000706675
0.000332928
3.99638e-05
1.36085e-05
1.39001e-05
0.000245403
8.29842e-05
3.80944e-05
8.17781e-05
8.92695e-07
2.45602e-06
5.04224e-06
2.051e-05
2.97835e-05
0.000167168
0.000228781
1.62839e-05
0.00452634
0.00329859
1.42335e-11
1.42416e-11
1.42644e-11
1.42086e-11
1.41859e-11
1.41879e-11
1.41954e-11
1.42045e-11
1.5421e-11
1.4939e-11
1.60723e-11
1.5972e-11
1.63833e-11
1.64593e-08
1.67446e-08
1.01437e-06
1.01867e-06
1.06333e-06
2.86634e-05
2.89202e-05
9.27789e-05
6.41009e-05
6.34027e-05
3.24942e-05
3.2111e-05
3.22838e-05
3.42938e-05
1.9732e-05
1.97833e-05
9.43993e-06
9.45623e-06
9.44576e-06
9.87394e-06
9.90937e-06
1.04443e-05
1.06191e-05
1.06782e-05
1.10053e-05
8.93778e-06
8.93892e-06
7.01075e-06
7.13977e-06
6.16172e-06
6.30924e-06
7.12924e-06
7.34447e-06
4.87518e-06
5.77535e-06
5.97176e-06
5.67544e-06
5.83078e-06
5.98231e-06
6.6543e-06
5.98234e-06
6.17931e-06
6.31906e-06
6.29548e-06
6.45399e-06
5.13354e-06
5.34596e-06
5.48308e-06
6.6625e-06
9.72444e-06
8.25899e-06
9.63371e-06
9.31666e-06
8.20055e-06
7.92497e-06
7.62339e-06
7.65368e-06
7.45452e-06
7.26556e-06
8.78133e-06
8.49114e-06
8.56496e-06
8.40416e-06
8.23751e-06
7.68488e-06
7.63061e-06
8.61882e-06
8.40653e-06
8.33088e-06
8.54885e-06
8.34562e-06
8.49438e-06
6.88913e-06
6.75126e-06
6.73079e-06
6.06196e-06
5.96332e-06
6.04451e-06
7.32084e-06
7.16992e-06
7.49556e-06
7.32373e-06
5.12367e-06
5.05779e-06
5.18713e-06
5.72706e-06
5.77678e-06
5.28453e-06
5.3064e-06
5.39315e-06
6.09724e-06
1.91939e-05
1.49733e-05
1.39562e-05
1.29188e-05
1.25717e-05
1.12822e-05
1.06751e-05
8.05462e-06
7.76737e-06
8.53428e-06
1.12853e-05
1.09424e-05
1.1534e-05
1.10047e-05
1.08044e-05
9.31237e-06
9.07387e-06
9.0971e-06
9.72407e-06
1.14232e-05
1.10447e-05
8.48305e-06
8.27632e-06
8.26926e-06
8.85752e-06
8.52107e-06
8.45238e-06
7.57113e-06
7.48166e-06
8.17745e-06
8.26266e-06
8.48658e-06
8.39279e-06
8.56357e-06
8.37536e-06
8.45829e-06
8.30667e-06
9.10203e-06
8.89381e-06
9.05196e-06
8.77926e-06
8.71714e-06
8.54362e-06
8.61217e-06
9.88204e-06
1.21891e-05
1.20633e-05
1.02721e-05
1.02768e-05
1.54304e-05
1.48079e-05
2.01781e-05
2.15185e-05
2.03271e-05
1.88336e-05
1.59125e-05
1.49467e-05
1.47445e-05
1.68251e-05
1.62e-05
1.33347e-05
1.28815e-05
1.31028e-05
1.31401e-05
1.30096e-05
1.49038e-05
1.48491e-05
1.22104e-05
1.19669e-05
1.2253e-05
1.25782e-05
1.27039e-05
1.24779e-05
1.31685e-05
1.25573e-05
1.29549e-05
1.55314e-05
1.52051e-05
1.55992e-05
1.71881e-05
1.73684e-05
1.4597e-05
1.50659e-05
1.76118e-05
1.82841e-05
1.58093e-05
1.74704e-05
1.88495e-05
1.90867e-05
2.09618e-05
1.8837e-05
2.77207e-05
2.87699e-05
3.43032e-05
2.05807e-05
3.1316e-05
3.51342e-05
3.80544e-05
6.1752e-05
8.13379e-05
0.000136718
0.000152864
0.000126283
0.000230218
6.63271e-05
5.33898e-05
0.00226166
0.0023468
0.00805649
0.00788042
0.00756398
0.00956706
0.0117397
0.0138974
0.0135238
0.0124634
0.0137392
0.0130444
0.0117087
0.0124928
0.0120973
0.0112089
0.00946927
0.00961033
0.00855479
0.00701252
0.00559126
0.00485968
0.00320274
0.00321573
0.00228811
0.00322616
0.000781538
0.00134728
0.000967489
0.000782291
0.000340209
0.000273451
0.000432416
0.000106238
0.000387745
9.21848e-05
2.96369e-05
2.08468e-05
2.38444e-05
1.26689e-07
4.89531e-05
6.50616e-05
2.0928e-05
9.53899e-05
0.000179106
0.000247381
0.000478891
0.00058892
0.000770526
0.000613589
0.000938709
0.00307738
0.0028877
0.00337826
0.00259912
0.00264448
0.00247294
0.00256989
0.00269143
0.00252506
0.00256943
0.00289959
0.00289201
0.00244527
0.0025116
0.00241049
0.0022972
0.00237787
0.002273
0.00248215
0.0025479
0.00246299
0.00260253
0.00221794
0.00213788
0.00227528
0.00247064
0.00265934
0.00245001
0.00252536
0.00265614
0.00256609
0.00302831
0.00318729
0.00282922
0.00274909
0.00293387
0.00283962
0.00289735
0.00277189
0.00282259
0.00298649
0.00289432
0.00300862
0.00298599
0.00305387
0.00286151
0.00278456
0.00281106
0.00292993
0.00368061
0.00355152
0.00354243
0.00299
0.00298613
0.00293899
0.00348847
0.00341282
0.00320802
0.00311037
0.00306106
0.00247794
0.00260967
0.00252887
0.00307875
0.00288806
0.00298345
0.00274286
0.00268052
0.00286583
0.00298242
0.00291079
0.00310998
0.0029729
0.00314532
0.00341647
0.00358294
0.00329075
0.00344018
0.0036241
0.00397486
0.00371493
0.00398878
0.00384169
0.00224393
0.00271478
0.00113177
0.00191324
0.00085835
0.00014343
0.000148446
0.000741394
6.1105e-06
0.00112906
0.000654143
0.00103326
0.00279774
0.00259036
0.00343825
0.0018141
0.00167179
0.00278762
0.00556688
0.00501605
0.00614454
0.0041859
0.0073351
0.00690033
0.00600783
0.00710863
0.00595264
0.00718833
0.00570532
0.00458829
0.0044367
0.00392611
0.00426241
0.00462409
0.003478
0.00347492
0.00231908
0.00177903
0.00155801
0.00201239
0.00229423
0.00190092
0.00145709
0.0011892
0.00141569
0.00134186
0.00146404
0.00332636
0.00262479
0.00101009
0.00106767
0.00116414
0.00115243
0.000980962
0.00121733
0.0027845
0.00235918
0.00244556
0.00283281
0.00264292
0.00185306
0.00187972
0.00289043
0.00258608
0.00160992
0.00744203
0.00676927
0.00830009
0.0151867
0.0168863
0.00540129
0.0053637
0.00732487
0.00686981
0.0012675
0.000196143
0.000229137
0.0157863
0.0356894
0.000259482
5.12042e-06
2.95055e-06
2.89627e-06
2.88519e-06
1.93308e-07
2.48005e-08
2.99066e-08
3.00481e-08
4.57775e-07
4.63192e-07
4.30558e-06
4.17355e-06
4.22009e-06
1.49647e-05
1.43741e-05
1.46443e-05
5.78613e-05
5.51386e-05
5.4087e-05
0.000102101
9.85302e-05
9.79173e-05
0.000152876
0.000147172
0.000148741
9.92947e-05
9.56334e-05
7.74723e-05
7.72331e-05
6.64765e-05
6.59185e-05
5.87291e-05
5.876e-05
4.14335e-05
4.04284e-05
4.05209e-05
4.4148e-05
4.34216e-05
4.37424e-05
3.87506e-05
3.84059e-05
3.88744e-05
3.0095e-05
2.87341e-05
2.8965e-05
2.30241e-05
2.28412e-05
2.68668e-05
2.72481e-05
2.21831e-05
2.23018e-05
1.66427e-05
1.66169e-05
1.70542e-05
1.84966e-05
1.86973e-05
1.91422e-05
1.87477e-05
1.89482e-05
1.88648e-05
2.48276e-05
2.50846e-05
2.55055e-05
2.13808e-05
2.13279e-05
2.1453e-05
3.05723e-05
3.12199e-05
2.5742e-05
2.6604e-05
2.00878e-05
2.06165e-05
2.10687e-05
2.42263e-05
2.48336e-05
2.51521e-05
2.53155e-05
2.54374e-05
2.26699e-05
2.5744e-05
2.56852e-05
2.60667e-05
2.64069e-05
2.05246e-05
2.06954e-05
2.10777e-05
2.21012e-05
2.32483e-05
2.57314e-05
2.61264e-05
2.22965e-05
2.26695e-05
2.29549e-05
2.20357e-05
2.14534e-05
2.15223e-05
2.65199e-05
2.61934e-05
2.31026e-05
2.25967e-05
2.28438e-05
2.61247e-05
2.56858e-05
2.08826e-05
2.04461e-05
2.07678e-05
2.68766e-05
2.66646e-05
2.29604e-05
2.29117e-05
2.38113e-05
2.36598e-05
1.83836e-05
1.8125e-05
1.82013e-05
1.93729e-05
1.94013e-05
1.96388e-05
2.05358e-05
2.0692e-05
2.19817e-05
2.17192e-05
2.1646e-05
2.16983e-05
2.18417e-05
2.17483e-05
2.19071e-05
2.17124e-05
2.17805e-05
2.41516e-05
2.39725e-05
2.41205e-05
2.16334e-05
2.18377e-05
2.62595e-05
2.61545e-05
2.64212e-05
2.27574e-05
2.29087e-05
2.12082e-05
2.16139e-05
2.30219e-05
2.30811e-05
2.30423e-05
1.92356e-05
1.9766e-05
2.26878e-05
2.34168e-05
2.46583e-05
2.49406e-05
2.51191e-05
2.63538e-05
2.69872e-05
2.77873e-05
2.60268e-05
2.65162e-05
3.00808e-05
3.07986e-05
3.15905e-05
2.85606e-05
2.93337e-05
3.06469e-05
3.06416e-05
3.23243e-05
3.33543e-05
3.54236e-05
3.89514e-05
4.18663e-05
3.69941e-05
3.70867e-05
3.81541e-05
4.1025e-05
4.02016e-05
4.02432e-05
3.0372e-05
3.64332e-05
0.000312449
0.000287116
0.000282559
0.000241839
0.000245234
0.000291331
0.000248149
0.000209515
3.22401e-05
2.90001e-05
2.88203e-05
2.6592e-05
2.84465e-05
2.91502e-05
2.79934e-05
2.9076e-05
2.67056e-05
2.81163e-05
3.06828e-05
3.58204e-05
3.94848e-05
4.4307e-05
4.82469e-05
4.40732e-05
5.72798e-05
5.56229e-05
7.89937e-05
0.00011145
0.000118831
0.000110028
0.000192943
0.000201004
0.000354101
0.000300143
0.000383744
0.000533508
0.000646933
0.000722455
0.000735085
0.000107919
0.000354645
0.000626668
0.000572972
0.000229836
0.0037217
0.00492393
0.00456435
0.00639471
0.00702705
0.0064188
0.00510809
0.00484559
0.00536952
0.00442494
0.00416934
0.00328198
0.00281636
0.00321912
0.00262329
0.00120575
0.00126885
0.000892089
0.000512805
0.000285581
0.000366057
4.42141e-05
5.96106e-06
0.000164803
0.000155704
0.000166769
0.000245862
0.000454836
0.00051428
0.00072186
0.000396501
0.00116679
0.00106232
0.00086488
0.00110121
0.000706581
0.00152959
0.00202403
0.00221767
0.00248002
0.00213329
0.00271946
0.00306233
0.00286784
0.00339143
0.00269588
0.00326491
0.00390441
0.00462169
0.00418371
0.00501922
0.00412095
0.0040267
0.00497338
0.00615687
0.00562499
0.0060392
0.00660645
0.0067466
0.00529334
0.00564704
0.0069721
0.00726566
0.00719767
0.00925367
0.00814733
0.0090913
0.00827884
0.00845738
0.00999207
0.00962578
0.0116339
0.012441
0.00987215
0.0116164
0.0116799
0.0139841
0.0110894
0.0153739
0.0126392
0.0160203
0.0156483
0.0123398
0.0117807
0.0140114
0.0119685
0.0130409
0.0113749
0.0187949
0.0155184
0.0150782
0.0141516
0.011604
0.0117256
0.0179684
0.0143167
0.0146803
0.0098515
0.0167152
0.0173553
0.0139534
0.013294
0.0152043
0.0123291
0.00881488
0.0187492
0.0148189
0.0159078
0.0128596
0.00376513
0.00361883
0.0029127
0.00432349
0.0121605
0.00288266
0.0032947
0.00325044
0.00329711
0.00324438
0.0025449
0.0025511
0.00268746
0.00260562
0.00259061
0.00248068
0.00352581
0.00393503
0.00375234
0.00253952
0.00252145
0.0022397
0.00295913
0.00335463
0.00320541
0.00322253
0.00283867
0.00291798
0.0029088
0.00300042
0.00288764
0.00285744
0.00253521
0.00246333
0.00250575
0.00289711
0.00285388
0.00256997
0.0025792
0.0031614
0.00314141
0.00248423
0.00250426
0.00263339
0.00267259
0.00260079
0.00255867
0.00245903
0.0024892
0.00262856
0.00254554
0.00210549
0.00243765
0.00237156
0.00228643
0.00153024
0.00148704
0.00123073
0.00154851
0.0015363
0.000834481
0.000411114
0.000412694
0.000246869
5.65596e-05
5.55321e-06
0.00017244
0.000166478
4.12101e-05
1.84967e-06
7.60911e-06
1.37294e-05
0.000794878
0.000998872
0.00100495
0.000960313
0.000954134
0.000278307
0.000564791
0.00119697
0.00108796
0.00251182
0.00298588
0.00308141
0.00333924
0.00546287
0.00526858
0.00554795
0.00797312
0.0084767
0.00489628
0.00499973
0.00467784
0.00439828
0.00491794
0.00779972
0.00702349
0.00747269
0.0104605
0.0106207
0.0106509
0.00986887
0.00968163
0.00925638
0.0080939
0.00776917
0.00917738
0.00878693
0.00671656
0.00594034
0.00488606
0.00440345
0.00430522
0.00585793
0.0027207
0.00625264
0.00616013
0.00588176
0.00536332
0.00401986
0.00423156
0.00332026
0.00311356
0.00156664
0.00144431
0.00572868
0.00504189
0.00455124
0.00518546
0.0050799
0.00424037
0.00376296
0.00348784
0.0016698
0.00148338
0.00139178
0.0020536
0.00191596
0.00189836
0.00154268
0.00161036
0.00125106
0.00105404
0.000959851
0.000534009
0.000414256
0.000846739
0.000680484
0.000739151
0.000208589
0.000157813
0.000261177
0.000207697
4.68011e-06
5.75841e-08
7.18017e-05
0.000119574
8.54997e-05
1.89309e-06
1.06274e-05
0.000243716
0.000223268
0.000375741
0.000525728
0.000365772
0.00015882
0.000277844
0.000194545
7.39669e-05
6.45155e-05
0.000130043
0.000252234
0.00395035
0.00410491
0.00464553
6.49192e-11
6.41145e-11
7.14318e-11
7.14682e-11
7.54891e-11
8.73856e-11
8.7434e-11
8.82091e-11
7.25517e-11
7.53373e-11
1.94193e-11
1.93846e-11
5.74144e-11
1.78005e-11
1.75653e-11
1.74185e-11
