0.00470832
0.00413639
0.00346592
0.0029084
0.00239001
0.00195104
0.00161246
0.00135882
0.000109184
0.000177208
0.000261295
0.000187159
0.000275446
0.000240344
0.000222718
0.000203858
0.000161192
0.000111461
7.02534e-05
3.69948e-05
3.68404e-07
2.23134e-05
9.19369e-05
0.000225542
0.00037565
0.000404907
0.000705604
0.000964765
0.00107476
0.000926373
0.000777983
0.000478285
0.000422346
0.000166892
0.000118376
6.59341e-05
2.07124e-05
2.97358e-05
9.70644e-06
5.89831e-06
2.97453e-06
4.75952e-07
8.92273e-06
4.78428e-10
7.04689e-07
1.6122e-06
9.72685e-09
3.0569e-07
2.5565e-07
4.96191e-07
7.03291e-06
1.36874e-07
4.94591e-07
3.61348e-06
7.40691e-06
1.4172e-05
1.55952e-05
5.05922e-05
3.96371e-05
4.97711e-05
0.000101541
6.40567e-05
5.13889e-05
0.000173367
0.000287958
4.7803e-05
0.000177983
0.000350561
0.000157552
0.00026939
0.00037008
0.000856679
0.000542307
0.0007889
0.000973716
0.000917129
0.000911525
0.000636023
0.000514037
0.00128174
0.0014623
0.000617474
0.000527669
0.000874783
0.000809187
0.000758724
0.000755858
0.000724876
0.000656355
0.000825451
0.000712796
0.000691035
0.000644009
0.000637749
0.000659703
0.000522866
0.000688473
0.000629582
0.00059658
0.000522059
0.0005658
0.000471611
0.000474809
0.000555459
0.000474036
0.000364066
0.000367539
0.000319795
0.000329098
0.000335624
0.000263772
0.000313776
0.000245805
0.000213327
0.000168079
0.000167775
0.000138467
0.000118845
7.86852e-05
8.16606e-05
6.75136e-05
3.03135e-05
4.39703e-05
2.33252e-05
2.44215e-05
1.13323e-05
6.13493e-06
5.8184e-06
1.00099e-06
4.27997e-07
4.03759e-08
2.71179e-07
1.67825e-06
3.1904e-06
2.19131e-06
4.78734e-06
2.58702e-06
1.26553e-06
9.34533e-07
3.15149e-06
2.32268e-06
2.42624e-06
2.3721e-06
1.61571e-06
6.28151e-07
3.74479e-06
1.39521e-06
1.88164e-06
4.45136e-06
5.53149e-06
2.35696e-06
3.22793e-06
4.54123e-06
3.50091e-06
6.88268e-06
7.13666e-06
1.50871e-06
1.0415e-05
3.79038e-06
9.60061e-07
8.72268e-06
9.17638e-05
9.32187e-05
9.67929e-05
9.84614e-05
0.000130105
7.41075e-05
0.00047228
0.00175266
0.00329353
0.000381013
0.00240299
7.97246e-05
0.000250963
0.000308219
9.539e-05
8.12153e-05
0.000230724
0.000201587
9.59697e-05
5.09593e-06
2.679e-05
8.67896e-05
0.000360043
0.00073068
0.000889665
0.0014386
0.00184302
0.00222872
0.00217493
0.00196042
0.00186403
0.00155968
0.00159249
0.00125576
0.000847448
0.000582034
0.000416301
0.000453968
0.000609235
0.000776413
0.000272899
4.30997e-06
1.95141e-06
7.35525e-06
7.27087e-07
2.54573e-05
2.71987e-05
2.9019e-05
6.37515e-05
8.80061e-06
1.55848e-05
1.79765e-05
9.35963e-06
2.62226e-06
3.64992e-06
1.08248e-06
2.97729e-06
5.64244e-08
1.64196e-05
2.40952e-05
1.27473e-06
8.85592e-08
9.30519e-06
4.07807e-08
5.02305e-06
0.00026815
0.000435643
0.00540637
0.00358713
0.00241525
0.00178917
0.00118134
0.000777023
0.000458052
0.000317904
0.000173712
0.000154929
6.44278e-05
0.00270342
0.0027775
0.00278749
0.00254667
0.00224545
0.00232375
0.00205791
0.0018697
0.00164793
0.00128854
0.000944062
0.000510894
0.000142721
6.15835e-06
6.00672e-05
0.000590513
0.00115724
0.00090121
0.000691494
0.000556282
0.000443905
0.000438982
0.000358956
0.000265797
0.000221572
0.00015968
8.74605e-05
6.47537e-05
4.2734e-05
1.68087e-09
1.00406e-07
2.37207e-06
6.05266e-05
3.79255e-05
4.17366e-05
4.04487e-05
5.30205e-05
0.000122247
0.000151797
9.41556e-05
0.000111581
8.71713e-05
8.12894e-05
0.000122482
1.87141e-05
0.000107742
7.35155e-05
0.000153983
0.000178065
0.000128923
0.000150988
0.000145593
0.000184172
0.0002522
0.000239077
0.00029486
0.000268849
0.00044862
0.000378314
0.000576743
0.000597828
0.000506098
0.00117658
0.00136928
0.000769502
0.000814047
0.000553714
0.00020193
0.000186127
0.000385192
0.000309733
0.000400781
0.000397428
0.000497764
0.000277477
0.000271945
0.000545802
0.000176017
0.000264808
0.000367001
0.000346523
0.000341956
0.000282072
0.00025443
0.000152177
0.000198531
0.00016735
0.000195286
0.000187173
0.000144948
0.000138697
0.000175169
0.000144972
0.000111963
9.28747e-05
8.32094e-05
9.11949e-05
8.59667e-05
7.4937e-05
7.25981e-05
5.66633e-05
4.52957e-05
3.97674e-05
3.63572e-05
3.23144e-05
3.11827e-05
1.66427e-05
1.47476e-05
1.31818e-05
7.14255e-06
1.59224e-06
5.86413e-07
2.73634e-06
6.53307e-07
6.64809e-08
4.62394e-07
5.25577e-07
1.96547e-08
4.79093e-06
2.40421e-06
8.1218e-06
1.54754e-05
3.98824e-06
2.72452e-07
1.79037e-06
9.09939e-07
4.25234e-07
3.90866e-07
3.23522e-06
6.58197e-07
8.17118e-07
1.00128e-06
6.41334e-07
1.86641e-06
3.68842e-06
3.20595e-06
2.24522e-06
6.67393e-07
3.70525e-06
3.70049e-06
4.55621e-06
1.73506e-05
2.70025e-06
1.01047e-06
4.03726e-07
7.7025e-07
8.84787e-05
8.92272e-05
9.02e-05
9.04486e-05
9.06034e-05
8.69041e-05
7.16054e-05
7.4446e-05
0.000200005
0.00105892
0.00263297
0.000282812
0.00435224
0.000615541
0.000451537
0.000378923
0.00413952
0.00341398
0.00227092
0.00154478
0.000845156
0.000369797
0.000288703
6.78728e-05
7.76045e-05
2.59355e-05
1.56562e-06
9.99542e-06
3.88407e-05
2.93963e-07
4.56833e-07
2.91708e-06
2.04202e-06
4.74848e-06
4.4484e-05
8.09002e-06
2.43808e-05
2.16865e-06
6.88398e-06
4.81789e-05
6.22895e-05
2.02615e-05
6.24145e-05
0.00015687
9.82783e-05
0.0021178
0.00121606
0.00323843
0.00216179
0.00163493
0.00121971
0.000604437
0.00110535
0.0016301
0.00179443
0.000898388
0.000563148
0.000577019
0.000154538
0.000365853
0.000149942
4.18203e-05
6.95579e-05
4.14565e-05
8.79628e-06
1.42386e-09
7.20467e-07
3.79831e-07
8.54363e-06
3.79547e-06
2.19804e-06
4.33965e-07
1.94957e-06
7.97463e-06
3.26541e-06
6.95725e-06
5.23383e-06
9.20271e-07
0.00378958
0.00178789
0.000799652
0.000363717
0.000125695
5.30189e-05
4.66369e-05
2.15973e-06
0.00662123
0.00613134
0.00567971
0.0052229
0.00459943
0.0039145
0.00346041
0.0020937
0.00167852
0.00104568
0.000472834
9.3051e-05
1.23331e-07
0.000173061
0.000650154
0.000602985
0.000427485
0.000370664
0.000279102
0.000287735
0.000233169
0.000176335
9.46443e-05
6.34211e-05
3.31535e-05
1.65378e-05
3.10724e-06
4.78526e-06
1.39653e-05
2.20677e-05
0.000140723
0.000116517
0.000181148
0.000186349
0.000195919
0.000213239
0.000190174
0.000230744
0.000246621
0.000241236
0.00038201
0.000247169
0.000376479
0.000386727
0.000453089
0.000550314
0.000541433
0.000632698
0.000617687
0.000572296
0.000607232
0.000689389
0.000769135
0.000705308
0.000690558
0.000901633
0.00114822
0.000731855
0.000831922
0.000787177
0.00021808
8.67979e-05
0.000147469
0.000462597
0.000432801
0.000674818
0.000899362
0.00100893
0.000584998
0.000524818
0.00111245
0.000966725
0.000564863
0.000571752
0.000503653
0.000472169
0.000445676
0.000411599
0.000473074
0.000362804
0.000445865
0.000417124
0.000513905
0.000411724
0.000435954
0.000345696
0.00040908
0.00042129
0.000368655
0.000329895
0.000307155
0.000377538
0.000397148
0.000342377
0.000383039
0.000357351
0.000334777
0.00037374
0.000282464
0.000356427
0.000249078
0.000290419
0.000243008
0.000221647
0.000232181
0.000212417
0.000193057
0.000162361
0.00012035
0.000129894
0.000115846
8.79227e-05
6.73763e-05
4.59532e-05
2.51929e-05
1.61345e-05
2.54098e-05
9.92606e-06
1.91062e-06
9.10293e-09
1.29569e-06
8.98593e-06
2.27007e-05
2.78718e-05
3.53628e-05
4.5518e-05
5.42515e-05
6.26878e-05
8.21754e-05
7.98022e-05
9.87936e-05
0.000104054
0.000109596
0.000118248
0.000125376
0.000125718
0.000126297
0.000135991
0.00012634
0.000128772
0.000131853
0.000131073
0.000138851
0.000140885
0.000135721
0.00013
0.000166572
6.85869e-05
6.85946e-05
6.85924e-05
6.85863e-05
6.85884e-05
6.85665e-05
6.85662e-05
0.00141981
1.55031e-08
0.00104613
0.00510789
0.00451567
0.0041005
0.0034155
0.00280621
0.00226573
0.00148615
0.000935008
0.000674158
0.0025523
0.00344053
0.0024801
0.00212589
0.00153865
0.00110313
0.00093203
0.000487783
0.00028813
0.000311141
0.00012643
5.89554e-05
3.90755e-05
8.08125e-06
2.52704e-06
1.22962e-05
9.23802e-06
1.19562e-05
0.00189515
0.0014836
0.00103722
0.000794699
0.000505223
0.000403947
0.000202967
0.000125726
6.4386e-05
3.79883e-05
8.35265e-06
0.00203247
0.00124026
0.000993145
0.000625245
0.000303876
0.000108226
6.32675e-05
6.13168e-05
8.36264e-05
9.20652e-06
3.95239e-05
9.07034e-06
1.42169e-05
5.98898e-05
7.81207e-06
2.02337e-07
1.50361e-05
1.09224e-05
0.00297527
0.00176878
0.000897029
0.00159419
0.000708277
0.000412586
0.000229747
0.000214907
9.11112e-05
0.00836423
0.00757628
0.0070817
0.00597633
0.00541195
0.00355792
0.00269201
0.00169172
2.80934e-05
0.000201294
9.0797e-05
8.94107e-05
6.27528e-05
5.76018e-05
5.34222e-05
3.48069e-05
1.75999e-05
5.51974e-06
9.58997e-07
9.88257e-06
2.46572e-05
8.31191e-05
7.54227e-05
6.40625e-05
0.00011347
0.000115892
0.000148816
0.000107064
0.000199137
0.000266738
0.000340124
0.000457146
0.000305207
0.00029073
0.000358754
0.000435881
0.000852782
0.000900268
0.000718305
0.00110939
0.000874297
0.00073856
0.000948357
0.00065331
0.00010177
0.000188079
2.34352e-07
1.42454e-05
0.000123251
0.000223634
0.000304496
0.000419111
0.000666733
0.000745903
0.000900048
0.000977071
0.000917905
0.000895187
0.000880141
0.000950426
0.000962828
0.000957951
0.000889019
0.000876925
0.000899688
0.000941434
0.000940186
0.000989569
0.000942057
0.000976124
0.000895326
0.000895696
0.000903677
0.000809657
0.000819544
0.000821797
0.000894564
0.000838967
0.000804778
0.000801895
0.000730637
0.000638127
0.00056126
0.000472234
0.000354464
0.000310708
0.000223969
0.000146443
9.29067e-05
4.89021e-05
1.5893e-05
3.16219e-06
1.09464e-08
4.10128e-06
9.83534e-06
2.59107e-05
4.56455e-05
5.02316e-05
8.14804e-05
6.91316e-05
8.61513e-05
0.000112859
8.79985e-05
0.000121593
0.000125989
0.00011037
0.000139614
0.000131416
0.000143421
0.000154044
0.000137238
0.000132507
0.000139886
0.000174174
0.000172514
0.000165038
0.000140508
0.000173285
7.70748e-05
0.000126323
9.07991e-05
0.000166039
5.79975e-05
5.80175e-05
5.80085e-05
5.7987e-05
5.7897e-05
5.78946e-05
0.000240381
0.000240025
0.00406983
0.00325968
0.0102917
0.0093084
0.00770529
0.00690099
0.00552815
0.00540805
0.00447601
0.00336117
0.00288845
0.00114115
0.000682066
0.00050289
0.000344856
0.000157512
8.58891e-05
5.75732e-06
3.15063e-06
4.81197e-07
2.34136e-06
2.8052e-05
8.87435e-05
3.19501e-05
3.56603e-05
9.52943e-05
7.81771e-05
0.000185639
5.87849e-05
6.16936e-05
1.0143e-06
1.84376e-06
0.000358066
0.000194266
0.000169889
8.76066e-05
6.64437e-06
1.6202e-08
1.5327e-06
3.87229e-06
1.7378e-05
3.76322e-06
1.79772e-05
9.71562e-06
0.00284558
0.00159567
0.00091833
0.000557401
0.000353475
0.000124773
5.85167e-05
4.29136e-05
9.63532e-06
1.31521e-05
1.49685e-05
1.07479e-06
5.75122e-07
1.34865e-07
1.03594e-07
3.40281e-06
4.2704e-06
1.15271e-05
8.23168e-06
2.12105e-06
2.83563e-06
2.55579e-05
2.31147e-05
8.3583e-08
0.00650662
0.00618364
0.00538658
0.00501366
0.00435312
0.00326289
0.00260788
0.00188312
0.00104509
0.000377625
5.96953e-05
3.38582e-05
0.000253607
0.000143058
0.000134744
8.91483e-05
7.63189e-05
0.000105004
7.71249e-05
7.62694e-05
6.7039e-05
6.03084e-05
3.27892e-05
7.94489e-06
1.38996e-06
5.07026e-07
8.73394e-07
1.43436e-05
6.19851e-05
9.18807e-05
9.57418e-05
8.64777e-05
0.000129918
0.000113508
0.000166192
0.000146616
0.000144569
9.74182e-05
9.30887e-05
0.000177561
0.000188822
0.000392013
0.000369001
0.000503015
0.000615717
0.000523075
0.000669131
0.00069726
0.000923716
0.000688072
0.000787466
0.000978271
0.00106333
0.00114955
0.000914394
0.000888209
0.00105797
4.9185e-05
0.000206085
0.000356397
0.000444863
0.00050407
0.000662667
0.000702035
0.000699851
0.000631194
0.00062879
0.000776302
0.000751278
0.000661474
0.00068517
0.000693834
0.000633137
0.000631691
0.000532564
0.000477483
0.000576672
0.000499578
0.000413731
0.000382777
0.000408404
0.000412087
0.000419759
0.000415206
0.000422774
0.000387856
0.000404247
0.000367789
0.000332637
0.000324302
0.000262747
0.000272835
0.000275289
0.000260539
0.000246555
0.000201032
0.0001954
0.000178813
0.000154319
0.000153177
0.000121339
0.000112218
7.15815e-05
6.40482e-05
4.15537e-05
3.23562e-05
2.49896e-05
6.74784e-06
5.91075e-06
2.21076e-06
1.88993e-06
3.29816e-07
5.42625e-07
1.80614e-06
1.39067e-06
1.35374e-06
2.60259e-06
5.37097e-06
7.53579e-06
1.20603e-05
1.06032e-05
1.9029e-05
1.72487e-05
2.05528e-05
1.96064e-05
2.59612e-05
2.96643e-05
2.71778e-05
2.90062e-05
6.73663e-05
3.00761e-05
6.18558e-05
6.21597e-05
6.23009e-05
6.26827e-05
6.3196e-05
6.37704e-05
6.00201e-05
0.000703709
0.00284141
0.000216768
0.000175429
0.000395503
0.000321535
0.000257416
0.000211003
0.000151759
2.538e-06
2.39776e-05
0.00016688
8.85011e-05
0.0265818
0.0209668
0.0165971
0.0124674
0.00885274
0.00641859
0.00417058
0.0027445
0.00182456
0.00113524
0.000557883
0.000542597
0.000192493
5.30406e-06
8.01701e-06
0.000316319
0.000241549
0.000192072
0.000317338
0.000222356
0.000168519
0.000292603
0.00038789
0.000115416
0.000108617
0.000149451
8.83301e-05
0.000107213
9.32909e-05
6.26323e-05
0.000194537
0.000143189
0.000157505
0.00416652
0.00351016
0.0022989
0.00216351
0.00178576
0.00146021
0.00135239
0.00104111
0.000860028
0.000803656
0.000658897
0.000634525
0.000491199
0.000509828
0.000451358
0.000532207
0.000400491
0.000412055
0.000390223
0.00029845
0.00028065
8.2326e-05
6.15058e-05
6.52024e-05
6.76881e-05
0.000104405
9.79666e-05
6.34105e-05
1.44107e-06
6.31267e-05
0.000132593
0.000267639
0.000359015
0.000342176
0.000263579
4.45985e-06
5.81498e-05
0.000312281
0.00099397
0.00134556
0.000963225
0.000630162
0.000386738
0.000406069
0.000296979
0.000212717
0.000143653
7.92387e-05
0.000101174
6.90682e-05
5.11119e-05
3.10774e-06
2.43655e-07
2.9455e-05
5.4596e-05
0.000103027
7.30952e-05
0.000168004
0.000143816
0.000229487
0.000178386
0.000122273
0.000105045
0.000134605
0.000141173
6.23682e-05
5.26898e-05
0.000117223
0.000220331
0.000365744
0.000352208
0.000515211
0.000453403
0.000487544
0.000605673
0.000486329
0.000481099
0.000508605
0.000722662
0.000465349
0.000531051
0.000831882
0.000560488
0.000722885
0.000851278
0.00042509
0.000563238
0.000767898
0.000548452
2.68023e-05
0.000203566
0.000226802
0.000204659
0.000255501
0.000239938
0.000237495
0.000164923
0.000183186
0.0001984
0.000110479
9.92246e-05
0.000139031
0.000167365
0.000159432
0.000172867
0.000200684
0.000172305
0.000191487
0.000204433
0.000196733
0.000177381
0.000119557
0.000114755
0.000105396
0.000100181
9.86078e-05
0.000114558
0.000117114
8.94125e-05
8.32383e-05
6.44876e-05
6.17232e-05
5.2905e-05
6.06603e-05
4.057e-05
3.12915e-05
4.98038e-05
2.71965e-05
3.19106e-05
2.75994e-05
2.55073e-05
1.17061e-05
1.05572e-05
2.52521e-06
8.35831e-07
3.38684e-07
2.85272e-06
5.38501e-07
1.04887e-05
4.29256e-06
5.82763e-06
1.97419e-05
1.13814e-05
1.33324e-05
3.86289e-05
4.45951e-05
2.03158e-05
3.62456e-05
2.5159e-05
9.35898e-06
8.48854e-06
9.7077e-06
7.9426e-06
8.60457e-06
5.4437e-06
9.652e-06
3.95898e-06
6.88219e-06
7.30473e-06
1.87213e-06
4.03919e-06
4.74355e-06
5.7237e-06
6.39302e-06
2.54409e-09
8.81026e-07
7.97045e-05
8.19802e-05
8.34456e-05
8.55859e-05
8.72207e-05
8.25798e-05
6.80203e-05
6.80868e-05
0.00184465
8.72459e-05
0.00268162
0.00791044
0.00690307
0.00672616
0.00589965
0.00443024
0.00309638
0.00272003
0.00155578
0.000957687
0.000749816
0.000338432
0.000253943
0.000104427
0.000122743
8.34216e-05
2.38314e-06
9.69241e-09
1.8257e-06
1.19711e-06
1.62768e-05
1.91995e-05
2.36343e-05
0.000120374
5.97764e-06
1.59242e-05
4.0638e-06
1.75756e-05
2.00104e-05
0.000104283
6.36358e-05
7.22813e-05
0.0038649
0.00237628
0.00176172
0.000956957
0.00343081
0.00235561
0.00134588
0.00152289
0.00137434
0.00138857
0.00480339
0.00413645
0.00417446
0.00263803
0.0010445
0.000529213
0.000746847
0.00051649
0.000112744
0.000127903
5.65937e-06
1.62161e-07
0.000439222
0.000593654
0.000722927
0.000601218
0.000316243
0.000357389
0.000314835
0.000142339
0.000163991
0.00105595
0.0192831
0.0118557
0.00654631
0.00324428
0.00148731
0.000769732
0.000247275
0.00013153
5.44573e-05
0.00842896
0.00781355
0.00739696
0.00682725
0.00592809
0.00532007
0.00471121
0.00385306
0.00303728
0.00233529
0.00135929
0.000634596
0.000629035
0.000186543
5.33892e-06
0.000121663
0.000527526
0.000428667
0.000280234
0.000280069
0.000253343
0.00017621
0.000153995
8.87875e-05
4.76987e-05
3.54716e-05
7.8086e-06
3.68053e-06
1.85553e-07
1.54837e-05
3.62366e-05
8.35007e-05
9.94658e-05
0.000162633
0.000131811
0.000201749
0.000218058
0.000290754
0.000258711
0.000306169
0.000211458
0.00030616
0.000253675
0.000431462
0.000451107
0.000431617
0.000411695
0.000494735
0.00051183
0.000532368
0.000568253
0.000562343
0.000527618
0.000573819
0.000788845
0.000897282
0.00111769
0.000811924
0.000971703
0.00135083
0.000824514
0.000470236
0.000258275
0.000176221
0.000568387
0.000593863
0.000809702
0.000952794
0.00100113
0.00129435
0.00107444
0.00031653
0.000359409
0.000394983
0.000443815
0.000475462
0.000402872
0.000411543
0.000524183
0.00050222
0.000523594
0.000449786
0.000608597
0.000520239
0.000662052
0.000550058
0.000625633
0.000504351
0.000604935
0.000596928
0.000597208
0.000655783
0.000552007
0.000577696
0.000550831
0.000597345
0.000563575
0.00063552
0.000611453
0.000522378
0.000612683
0.000512364
0.000459304
0.000492233
0.000473388
0.00042128
0.000393541
0.00038688
0.000410532
0.000374985
0.000337761
0.000294878
0.000292912
0.00027194
0.000237508
0.000222505
0.000209882
0.000137163
0.000107167
8.99725e-05
6.35103e-05
5.0699e-05
3.12735e-05
1.89998e-05
1.31932e-05
4.0833e-06
4.14731e-06
2.36658e-07
1.85232e-06
5.52079e-06
1.10161e-05
1.64767e-05
2.55661e-05
2.85481e-05
3.95724e-05
4.51755e-05
5.44035e-05
5.47844e-05
5.96045e-05
6.57467e-05
6.72443e-05
7.6922e-05
7.51619e-05
8.34576e-05
7.23446e-05
8.18358e-05
8.48998e-05
8.50487e-05
8.21844e-05
8.13929e-05
0.000126843
8.09681e-05
7.65811e-05
6.76838e-05
6.79938e-05
6.79925e-05
6.76871e-05
6.76827e-05
6.76609e-05
9.75319e-05
0.0038432
0.000467916
0.000839291
0.00206871
0.00234633
0.0023394
0.00190944
0.0014452
0.00123476
0.000890757
0.000502067
0.000268942
8.80127e-05
5.47744e-05
4.02061e-08
3.92253e-05
0.000909226
0.000681681
0.000127762
0.000466695
0.000345955
0.0002651
0.000100537
1.34281e-05
1.17494e-05
2.03047e-06
3.25762e-07
2.68142e-05
2.59642e-05
3.46136e-05
0.00012796
3.39382e-05
4.4008e-05
0.000137283
8.16434e-05
9.98473e-05
0.00173961
0.00103935
0.000997065
0.00074587
0.000556474
0.000539835
0.000281031
0.000201723
0.000163594
7.19172e-05
0.00185179
0.00114922
0.00081602
0.000664709
0.000311353
0.000190276
0.000141514
7.25402e-05
1.69104e-05
8.53029e-06
7.15487e-06
1.71761e-06
2.54594e-06
1.59349e-06
2.63131e-06
8.93719e-07
4.10971e-06
8.58075e-06
1.00686e-08
4.66205e-06
4.3199e-05
8.42762e-07
2.0218e-06
2.6616e-07
1.17493e-05
0.0028171
0.00163498
0.000803596
0.000701418
0.000860556
0.00046074
0.000245187
0.000135043
7.99292e-05
6.98209e-05
0.0076401
0.00681681
0.00627096
0.00540537
0.00428334
0.00347155
0.00241835
0.00154511
0.00118076
0.00124758
0.000475812
4.40653e-06
4.70051e-05
0.000406069
0.000296883
0.000183846
0.000173358
0.000123321
0.000135552
0.000102611
8.4749e-05
7.63786e-05
3.85498e-05
4.6723e-05
2.51926e-05
2.77199e-06
3.35744e-05
1.61095e-05
1.2707e-05
2.34521e-05
4.58284e-05
7.56194e-05
0.000214995
0.000215466
0.000223519
0.000209656
0.000220588
0.000235433
0.00026582
0.000150803
0.000224556
0.000272188
0.000220224
0.00027194
0.00029842
0.000361394
0.000543609
0.000415464
0.000606331
0.000656119
0.000593799
0.000587034
0.000639956
0.000886454
0.00056157
0.000507631
0.000534548
0.000430604
7.58842e-05
5.39367e-06
0.000488847
2.33981e-05
9.12692e-05
0.000202015
0.000283719
0.000481863
0.000484465
0.000683313
0.000822967
0.000852274
0.000977171
0.000918321
0.000945405
0.000825474
0.000905476
0.00091057
0.000909627
0.000902263
0.000921455
0.000896319
0.000877826
0.0009063
0.000868459
0.000874741
0.000906642
0.000876845
0.000795864
0.000959324
0.000742482
0.000771112
0.000706019
0.000692759
0.000654373
0.000639058
0.000551932
0.00048502
0.000445038
0.000414822
0.000377966
0.000270526
0.000233243
0.000181965
0.000129803
0.000100327
6.86017e-05
4.60205e-05
2.18533e-05
2.95763e-06
4.96433e-07
2.01892e-06
1.68657e-05
1.62116e-05
2.57769e-05
4.1741e-05
5.27807e-05
5.97497e-05
8.58863e-05
6.39303e-05
9.18177e-05
0.000108556
0.000100005
0.000126781
0.000110514
0.00013428
0.00014784
0.000115659
0.000144372
0.000136255
0.000145002
0.000157316
0.000181435
0.000146425
9.54315e-05
9.27353e-05
8.1323e-05
8.70044e-05
8.87456e-05
9.65471e-05
9.51029e-05
6.58278e-05
6.58275e-05
6.58247e-05
6.57664e-05
6.56734e-05
6.56664e-05
6.56598e-05
0.000194274
0.00132619
0.00401065
0.00949133
0.0101992
0.00875563
0.00673416
0.00687364
0.00499571
0.00433801
0.00340467
0.00223543
0.00144873
0.000789284
0.000555664
0.0001999
0.000293181
0.000193527
1.04817e-05
1.89752e-06
1.68575e-05
7.00725e-05
6.12653e-05
4.83379e-05
0.000147861
0.000126751
3.51308e-05
5.17116e-05
2.00336e-05
2.58214e-05
3.99112e-05
2.20653e-05
5.05977e-05
5.20527e-05
5.07513e-05
6.83736e-05
2.13265e-05
9.05897e-05
1.09355e-05
0.000227964
0.000251242
0.00015698
0.000135698
5.34379e-05
8.4643e-06
3.02357e-06
1.64614e-06
3.99006e-06
4.26479e-06
3.78536e-06
6.85641e-07
8.97551e-09
0.00265642
0.00156162
0.000980241
0.000635334
0.000284511
0.000195611
9.25231e-05
3.54094e-05
7.01262e-05
2.71274e-05
4.82698e-05
2.13292e-05
9.17957e-07
3.72319e-07
6.63525e-07
3.97214e-06
4.07897e-06
8.36418e-07
2.88747e-06
6.62893e-07
3.33064e-06
1.31281e-07
7.49004e-08
3.58788e-07
1.06447e-06
0.00585096
0.00554002
0.00527932
0.00458251
0.003802
0.002727
0.00226616
0.00127058
0.000650485
0.00026812
1.35952e-05
0.000137622
0.00035262
0.000201451
0.000160011
0.000164606
0.0001444
0.000108783
0.000114071
9.93617e-05
7.03116e-05
7.27385e-05
7.96349e-05
5.55016e-05
4.43376e-05
2.2436e-06
3.50291e-06
5.8524e-08
8.08771e-06
1.41683e-06
3.37549e-05
2.75414e-05
8.16123e-06
7.11189e-05
1.09158e-05
3.39038e-05
4.94368e-05
0.000113999
0.000114887
0.000101792
8.47546e-05
5.87794e-05
7.21403e-05
4.03054e-05
0.000130865
0.000150319
0.000219212
0.000188748
0.000326035
0.000378092
0.00037328
0.000419165
0.00036159
0.000523136
0.000427147
0.000327665
0.000369444
0.000340504
2.42982e-05
5.12788e-05
0.000241071
0.000170485
0.000273494
0.000293377
0.000413861
0.00058591
0.000594558
0.000672151
0.000799595
0.000754066
0.000726524
0.000669542
0.000665032
0.000636415
0.000592235
0.000647362
0.000558797
0.000581017
0.000509638
0.000605168
0.000530785
0.000541365
0.000645238
0.000533679
0.000571242
0.000514946
0.000492772
0.000414616
0.000504186
0.000447375
0.000390445
0.000318089
0.000359979
0.000320192
0.000293311
0.00026905
0.000252249
0.000196038
0.000180287
0.000147732
0.000154622
0.000129336
8.55613e-05
7.01991e-05
5.38331e-05
3.93455e-05
2.00372e-05
1.41833e-05
6.91822e-06
3.28389e-06
1.54773e-09
1.13664e-06
5.60472e-07
6.88861e-06
1.06282e-05
1.38812e-05
2.17297e-05
2.6978e-05
2.66314e-05
3.9732e-05
4.04039e-05
4.26131e-05
5.13783e-05
5.79113e-05
5.58771e-05
6.7265e-05
5.42155e-05
5.80127e-05
4.94957e-05
3.71976e-05
6.83068e-05
5.53225e-05
6.22766e-05
6.30454e-05
7.36262e-05
7.46338e-05
7.49383e-05
7.51693e-05
7.61854e-05
7.60785e-05
6.88831e-05
0.000121141
0.000121503
0.00277629
0.00223199
0.00142324
0.021264
0.023674
0.019905
0.0167348
0.0149121
0.0136187
0.0115172
0.00886711
0.00626152
0.00488057
0.00271671
0.00189061
0.00119287
0.000792741
0.000350728
0.0002393
0.000119406
5.69883e-05
3.04703e-05
4.24318e-05
0.00012576
4.93042e-05
6.22631e-05
9.97938e-05
7.87692e-05
6.89262e-05
0.000136946
1.75409e-05
1.65478e-05
3.9924e-05
4.14354e-05
3.62845e-05
4.5833e-05
3.48296e-05
0.000103015
0.000109544
5.41109e-05
0.00013741
0.0011255
0.00157523
0.00133796
0.00126179
0.00102143
0.000887803
0.000520153
0.000470101
0.000671673
0.000496676
0.000489272
0.000540676
0.00051114
0.000388013
0.00047978
0.000462512
0.00038264
0.000423081
0.00039154
0.0003515
0.000302321
0.000400731
0.000325396
0.000277387
0.000272133
0.000238113
0.000333657
0.000250612
0.00023509
0.00022962
0.000283896
0.000239724
0.000233069
0.000169731
0.000123128
0.000257893
0.000391432
0.00037336
0.000302974
0.000190006
7.75514e-05
3.90306e-05
2.96255e-06
0.000137621
0.00114891
0.00121341
0.000817583
0.000600955
0.000539387
0.00042787
0.000313578
0.000205636
0.000145268
8.39735e-05
2.79929e-05
5.16034e-05
2.53919e-05
6.61452e-06
4.19906e-06
2.53142e-07
9.57729e-06
1.1321e-05
2.35242e-05
1.38943e-05
1.99254e-06
1.33125e-05
3.34472e-06
3.16765e-07
4.59283e-07
3.26438e-06
3.26485e-05
7.02334e-05
2.44555e-05
0.000137705
0.000129178
0.000243382
0.000259395
0.000182803
0.000357919
0.000473456
0.000271093
0.000435653
0.000406604
0.000402214
0.000356934
0.000474424
0.000830678
0.000480488
0.000594241
0.000784802
0.000626112
0.000351452
0.000352771
0.00101977
0.00099757
0.000120432
0.000132288
8.42979e-05
8.20246e-05
0.000114606
0.000169779
0.000194928
0.000165732
0.000217887
0.000233547
0.000219766
0.00024451
0.000314982
0.000267068
0.000291626
0.000249656
0.000272256
0.000264853
0.000278826
0.000291895
0.000347581
0.0003205
0.000267898
0.000341378
0.000272849
0.00026943
0.000243375
0.000248599
0.000252171
0.000276547
0.000226914
0.000303454
0.000212583
0.000170881
0.000148943
0.00016205
0.000147682
0.000105318
8.35526e-05
6.82065e-05
5.65869e-05
5.1708e-05
4.68619e-05
3.30112e-05
3.32529e-05
2.03409e-05
2.11002e-05
5.36099e-06
6.91982e-06
9.93893e-06
1.09272e-06
3.32065e-06
1.13836e-07
3.2054e-07
9.63457e-07
2.42759e-06
7.62071e-06
1.14066e-05
3.51091e-06
1.22372e-05
1.43003e-05
1.82223e-05
7.10844e-06
2.7456e-05
1.05361e-05
2.89376e-05
8.85755e-06
4.98502e-06
3.20738e-05
1.1838e-05
1.38038e-05
5.05324e-06
5.26097e-06
1.34142e-05
2.37014e-05
4.79747e-06
3.59342e-05
1.21917e-05
1.83515e-06
7.05288e-05
7.19691e-05
7.21298e-05
7.0141e-05
7.2203e-05
7.0426e-05
7.29167e-05
7.33596e-05
7.98038e-05
0.00278283
0.00280038
0.00400824
5.12236e-06
0.00668422
0.00548861
0.00454419
0.00401787
0.00403692
0.00384276
0.00308805
0.00277975
0.00185202
0.00134191
0.000769516
0.000652968
0.000264656
0.000136048
9.28911e-05
0.000154007
4.59121e-05
5.22095e-05
4.95078e-07
2.75726e-06
6.04351e-05
9.67381e-05
1.73141e-05
5.2993e-05
0.00021991
0.000120679
0.000133234
3.11192e-05
0.000144925
0.000151046
0.000287859
0.000282825
0.00167286
0.0019223
0.00109961
0.000589763
0.00180723
0.00165306
0.000647677
0.000432517
0.000234871
0.000503638
0.000211806
0.000139193
0.000187927
5.10904e-05
2.94688e-05
2.92777e-05
1.69672e-05
3.25724e-06
1.0319e-05
1.32622e-06
3.71501e-06
1.71043e-05
9.86732e-06
5.264e-05
2.46493e-05
0.0114662
0.006908
0.00135416
0.00467073
0.00246322
0.00145261
0.000639962
0.000265299
7.38985e-05
3.20266e-05
4.40889e-05
6.64779e-06
2.33002e-06
1.11705e-05
2.94585e-07
0.00827941
0.00776231
0.0073641
0.00655585
0.00572834
0.00503347
0.00441245
0.00361941
0.00239158
0.00186209
0.00122262
0.00113175
0.000608403
0.000104045
7.59533e-06
0.000238863
0.0006378
0.000355839
0.000304818
0.000247516
0.000235552
0.000190885
0.000131555
0.000101194
6.6429e-05
6.04046e-05
1.73168e-05
2.27024e-08
2.87714e-07
8.106e-06
1.9519e-05
5.47684e-05
7.37657e-05
0.000103711
0.000156812
0.000178134
0.000180357
0.000217956
0.000165631
0.000250178
0.000385306
0.000330109
0.000397969
0.000346225
0.000262442
0.000266779
0.000387843
0.000406454
0.000445639
0.000657701
0.000878006
0.000714393
0.000921303
0.000754281
0.00110991
0.000829187
0.000670092
0.000416331
0.000380247
0.000325983
0.000435142
0.000640693
0.000954677
0.000850823
0.000486926
0.000680634
0.000924284
0.00108674
0.000898868
0.000960474
0.000403004
0.000438493
0.000430302
0.000469912
0.000443318
0.000458354
0.000489993
0.000475064
0.000522852
0.000557998
0.000524172
0.00050674
0.000580239
0.000438965
0.000573894
0.000575521
0.000558061
0.00060498
0.000558545
0.000634601
0.000573931
0.00045121
0.000583161
0.00061882
0.00061414
0.00051788
0.000530192
0.000486113
0.000613462
0.000498828
0.000508186
0.000465906
0.000453237
0.00048609
0.000465442
0.000482771
0.000440632
0.000417855
0.000316526
0.000322513
0.000286557
0.000214267
0.000248595
0.000185262
0.000148707
0.000126117
0.000117941
9.82682e-05
8.33677e-05
5.54128e-05
3.64848e-05
3.84694e-05
1.39805e-05
8.93702e-06
1.95309e-06
3.81685e-08
4.03135e-07
2.92003e-06
6.60509e-06
9.54391e-06
1.58313e-05
3.15622e-05
3.70439e-05
4.38628e-05
4.9715e-05
5.65074e-05
6.3057e-05
8.31632e-05
8.12014e-05
8.52467e-05
9.16773e-05
9.27605e-05
9.28269e-05
9.40235e-05
9.79328e-05
0.000104515
0.000103793
0.000102554
0.000105992
0.00010608
0.000106493
0.000151322
7.44542e-05
7.35688e-05
7.35379e-05
7.45835e-05
7.36929e-05
7.36304e-05
7.12584e-05
8.6582e-05
0.00317876
0.000262627
9.08757e-05
0.00183606
0.00278942
0.00284756
0.0024846
0.00170286
0.00142034
0.000920269
0.000534238
0.000226223
0.000147104
3.76594e-05
1.04048e-05
0.00175313
0.00102326
0.000603704
0.000561341
0.000401071
0.000295505
0.000212072
8.65598e-05
2.55444e-05
1.56033e-05
2.91571e-06
6.44264e-06
7.78061e-06
1.23247e-07
9.72618e-07
2.48764e-05
4.30857e-06
2.65209e-06
6.02105e-05
2.3995e-09
0.00213537
0.00129668
0.000916718
0.00087567
0.000639451
0.000461842
0.00016158
0.000200379
4.16647e-05
1.33053e-05
0.000137392
0.000180773
7.22608e-05
0.000146643
0.000139427
0.000387189
0.000158766
0.000241628
4.3042e-05
0.000220629
0.000172856
0.000272451
0.000255884
0.000187025
0.000272413
0.00017126
0.000218342
0.000204456
0.000184121
4.84084e-05
5.50113e-05
0.000132415
0.000193117
0.000174508
0.000185496
4.05364e-05
0.000206473
0.000193275
0.000191846
1.25654e-08
1.27218e-06
7.59598e-07
0.0191952
0.00126325
0.00136534
0.00147145
0.00137656
0.0010874
0.000902754
0.000797347
0.000639331
0.000207964
0.000143702
2.09285e-06
8.54678e-05
0.000451058
0.00111431
0.000683415
0.000491828
0.000409016
0.000387491
0.000259786
0.000223547
0.000124839
8.83635e-05
4.68327e-05
1.06586e-05
1.29449e-07
5.958e-07
2.62841e-06
2.01914e-06
3.49776e-05
3.30843e-05
0.000127096
0.000109524
0.000121736
0.000180149
0.00014769
0.000136971
0.000217179
0.000143972
0.000187209
0.000154545
0.000156061
0.000295903
0.000214173
0.000324907
0.00046425
0.000497396
0.000623808
0.000729794
0.0007611
0.000834754
0.00100266
0.000804851
0.00075712
0.000715476
0.000651729
0.000388045
0.000331652
0.000727752
0.000558932
0.000736503
0.000680315
6.40713e-05
4.43913e-07
9.49965e-06
8.73476e-05
0.000245371
0.000343943
0.000389105
0.000482624
0.000454272
0.000448605
0.000522497
0.000603789
0.000628829
0.000538857
0.000584292
0.000615324
0.000641193
0.000731447
0.000594299
0.0004963
0.000690904
0.000711906
0.000616371
0.000616984
0.000660076
0.000833996
0.000604578
0.000593538
0.000628187
0.000617639
0.000618266
0.000486194
0.000543983
0.000484113
0.000376658
0.000385282
0.000366255
0.000279553
0.000220676
0.000203191
0.000117903
8.11927e-05
5.9141e-05
2.16801e-05
8.32177e-06
5.90126e-07
6.01548e-08
8.68947e-07
1.14074e-05
2.93204e-05
2.2145e-05
4.97953e-05
5.83606e-05
5.48501e-05
7.46601e-05
6.52461e-05
8.70491e-05
0.000104462
9.64976e-05
0.000123481
0.000111372
0.000124201
0.000135462
0.000131465
0.000117313
0.000143877
0.000120497
7.76965e-05
6.33963e-05
6.72332e-05
7.7912e-05
7.87826e-05
8.27559e-05
8.92171e-05
8.69259e-05
0.000110227
7.21282e-05
7.21254e-05
7.21271e-05
7.21114e-05
7.20627e-05
7.20098e-05
7.19436e-05
0.000229156
0.00158887
0.00199574
0.0112377
0.00789502
0.00683075
0.00834589
0.00526588
0.00508521
0.00371157
0.00282843
0.00197566
0.00139209
0.00101558
0.000361853
0.000122811
0.000111245
7.79148e-05
1.77429e-05
2.2995e-07
9.25805e-06
0.000121622
0.000116073
4.38525e-05
7.29843e-06
9.1417e-05
5.27768e-05
7.06367e-05
6.71299e-05
0.000128439
0.000249039
5.08004e-05
0.000229536
6.59232e-05
6.15666e-05
5.4864e-06
6.17504e-05
0.000295301
0.000218652
0.000190519
7.78384e-05
5.28069e-05
5.81558e-06
2.77911e-05
1.18029e-05
1.34326e-05
5.90416e-07
6.65102e-06
0.00113861
0.000661493
0.000424907
0.00031575
0.00013533
8.619e-05
5.72274e-05
2.43341e-05
1.41601e-06
7.73939e-06
3.76567e-06
4.45345e-06
2.33874e-07
7.19829e-07
1.68939e-06
1.52278e-06
3.74038e-06
8.27836e-07
2.09466e-05
9.65535e-07
8.36785e-06
5.79726e-06
4.93483e-06
1.33798e-06
1.43638e-05
0.00390683
0.00382587
0.00380691
0.00347614
0.00280224
0.00248893
0.00164255
0.00102966
0.000688552
0.000152843
2.27432e-06
0.000109923
0.000554438
0.000621759
0.000393479
0.000275575
0.000223825
0.000162456
0.000126845
8.21417e-05
5.12682e-05
7.40999e-05
1.91872e-05
5.20124e-06
3.88503e-08
2.95014e-06
1.49328e-05
5.28533e-05
7.88951e-05
9.55826e-05
0.000128147
8.18184e-05
7.26594e-05
0.000172713
0.000277615
0.000236298
0.000207817
0.000173623
0.000223703
0.000189414
0.000255386
0.000159434
0.000288136
0.000488547
0.000545332
0.000414964
0.000454659
0.000465702
0.00053535
0.00048361
0.000533141
0.000431047
0.00052948
0.000540587
0.000402347
9.37842e-05
0.000846839
0.000211059
0.000200373
0.000310843
0.000364811
0.000403625
0.000412165
0.000495051
0.000448704
0.000363803
0.000434066
0.0003634
0.00033715
0.000400067
0.000413906
0.00047023
0.000398979
0.000523437
0.000414487
0.000411533
0.000382097
0.000400974
0.00041233
0.000390864
0.000435372
0.000390981
0.000364243
0.000416397
0.000357729
0.000314325
0.000299343
0.000228755
0.000259662
0.000219775
0.000194482
0.000175889
0.000199094
0.000194912
0.000124361
0.000129817
9.60506e-05
0.000102264
7.37055e-05
4.65034e-05
4.93262e-05
1.21527e-05
1.59038e-05
6.59874e-06
3.06404e-06
2.29857e-06
1.21999e-08
1.03941e-06
2.2494e-06
9.25789e-06
1.43335e-05
1.29146e-05
3.00599e-05
3.24323e-05
3.84871e-05
5.10024e-05
5.37518e-05
6.40174e-05
6.13075e-05
6.91092e-05
7.33908e-05
7.16687e-05
7.17362e-05
7.31222e-05
8.86085e-05
8.76222e-05
9.0261e-05
8.5174e-05
8.39035e-05
8.04955e-05
7.12053e-05
7.56249e-05
7.56755e-05
7.57569e-05
7.57998e-05
7.60205e-05
7.63061e-05
7.62819e-05
7.31483e-05
0.00126089
0.00119577
0.00014126
0.0284214
0.0185066
0.0159986
0.0130787
0.0134823
0.0140222
0.0129075
0.0117339
0.00960288
0.00756338
0.00532491
0.00386876
0.00227782
0.0015517
0.00072785
0.000402207
0.000178471
0.00010551
0.000118727
1.98261e-05
1.12446e-05
5.24937e-05
3.40625e-05
0.000117963
0.000111194
0.000153647
0.000131337
0.000117721
6.32085e-05
5.02324e-05
0.000121402
6.16965e-05
3.51787e-05
6.85073e-05
8.41159e-05
7.07262e-05
7.44053e-05
9.47936e-05
0.000106737
1.79729e-05
0.000107322
9.90924e-05
3.2034e-05
3.22427e-05
0.0014284
0.00130217
0.00111306
0.00116876
0.00115601
0.00103083
0.00107443
0.000928799
0.000913254
0.000845551
0.000732154
0.00070366
0.000621721
0.000614545
0.000469031
0.000497566
0.000609032
0.000500437
0.000434517
0.000412639
0.000382298
0.000308279
0.000363517
0.000358496
0.000250945
0.000228105
0.000208808
0.000244243
0.000419932
0.000192497
0.000194719
1.5942e-06
6.28676e-05
0.000333701
0.00080068
0.00141764
0.0013008
0.00071419
0.000721084
0.000473163
0.000293396
0.000286777
0.000216132
0.000132628
9.65224e-05
3.46047e-05
1.58556e-05
2.21861e-05
9.75373e-07
5.64764e-06
3.93126e-05
2.46745e-05
1.33787e-06
2.91712e-06
2.12831e-06
2.66823e-05
1.42432e-05
2.33234e-05
7.25857e-05
2.94073e-05
0.000101414
4.65706e-05
0.000244811
0.000263623
0.000316998
0.000329946
0.000367901
0.000324809
0.000308235
0.000401678
0.000414188
0.000580575
0.000799807
0.000626484
0.000573528
0.000488322
0.000373348
0.000629539
0.000704847
0.00075156
0.000788511
0.000991939
0.000535191
0.000492698
0.000463931
0.000392447
0.000466459
0.00038395
0.000446982
0.000422764
0.000369558
0.00037877
0.000338975
0.000278993
0.000319036
0.000307872
0.000299482
0.000276039
0.000281009
0.000290623
0.000194334
0.000269707
0.000200944
0.000244494
0.000245226
0.000232676
0.00019045
0.000192583
0.000133445
0.000107104
0.000142859
0.000127516
0.000116374
0.000145636
0.000148115
0.000102477
9.09627e-05
9.05571e-05
9.47448e-05
5.50331e-05
4.51248e-05
6.40217e-05
4.75485e-05
5.08752e-05
4.02134e-05
4.81643e-05
4.03453e-05
1.31023e-05
1.39798e-05
1.3032e-05
6.62275e-06
9.71861e-07
4.45202e-06
1.61188e-06
1.25992e-06
2.98827e-06
3.81869e-07
7.29202e-07
1.2059e-07
2.45834e-09
1.42765e-08
3.16221e-07
5.66463e-07
7.19296e-07
1.08176e-06
1.65046e-06
1.98041e-06
9.88827e-06
1.16279e-05
1.05838e-05
1.29765e-05
1.30039e-05
2.03969e-05
2.60591e-05
3.98579e-05
2.65119e-05
3.01296e-06
9.10452e-06
2.60538e-05
3.06219e-05
1.76087e-05
1.83926e-05
4.62828e-05
3.28266e-05
7.60362e-05
0.000139657
0.00246787
0.0023977
0.00261661
0.00278392
0.00357319
0.000106746
0.000111994
0.000116134
0.000120007
0.000678848
0.00369187
0.00024769
0.00206571
0.0016742
0.00164548
0.00130953
0.000856974
0.000650652
0.000339933
6.24606e-05
1.39017e-05
7.57776e-06
1.48164e-09
3.10827e-05
2.40018e-05
2.44112e-05
2.97101e-05
8.08714e-05
9.91633e-05
0.000129452
0.000246212
0.000411969
0.000152906
0.000318281
0.000372581
0.000280614
0.000243097
0.000196235
0.000367619
0.000263394
0.00035345
0.00116307
0.000509578
0.000522392
0.000964134
0.000479231
0.00031728
0.000438035
0.000151688
0.000274182
0.000124421
4.53016e-05
2.99395e-05
8.54238e-06
8.73982e-06
2.30084e-06
3.3337e-05
1.22302e-05
1.02004e-06
2.481e-06
3.39092e-06
7.30856e-06
1.11441e-05
6.1969e-05
5.38053e-06
9.59814e-06
8.66291e-06
9.45063e-08
2.95599e-05
2.28421e-05
7.6404e-06
5.38578e-06
6.74666e-06
0.00824789
0.00514278
0.0031436
0.00139041
0.000537751
0.000260084
0.00011747
5.50207e-05
2.31727e-05
1.38354e-05
6.74557e-06
0.00532943
0.00523535
0.00477991
0.00425294
0.00372693
0.0032107
0.00274269
0.00203454
0.0014965
0.000443295
0.000159176
0.000196492
0.00024761
0.000899562
0.000831369
0.000619347
0.000514855
0.000469909
0.000424288
0.000337697
0.000243889
0.000169337
8.32393e-05
6.42269e-05
8.68239e-05
1.22262e-05
8.37895e-07
8.69154e-08
6.55819e-05
6.95506e-05
0.000112128
0.000143451
0.00016213
0.00026639
0.000208052
0.000442172
0.000385804
0.000335581
0.000457727
0.000416887
0.000311106
0.000510624
0.000333515
0.000397013
0.000381316
0.000666367
0.000896561
0.000652361
0.000556625
0.000512261
0.000298816
0.000236638
0.000552
0.000497396
0.000773108
0.000560368
0.000570546
0.000508793
0.000690732
0.000399325
0.000920404
0.00111809
0.000303609
0.000348884
0.000296222
0.000307559
0.000291108
0.000279543
0.000355905
0.000274644
0.000357158
0.000286457
0.000308528
0.0003516
0.000314311
0.000305791
0.000300326
0.000316273
0.000306755
0.000296801
0.000273041
0.000350723
0.000271972
0.00031067
0.000237219
0.000317404
0.000312824
0.000268566
0.000309373
0.000267173
0.000299206
0.000244068
0.000298765
0.000229884
0.000219899
0.000192554
0.000153981
0.000149209
8.45792e-05
6.49847e-05
5.49384e-05
3.07951e-05
2.47268e-05
1.11479e-05
4.48177e-06
6.28783e-08
2.19168e-06
3.12183e-06
1.35415e-05
2.29699e-05
2.91132e-05
5.09462e-05
6.53502e-05
6.61738e-05
7.36254e-05
9.48185e-05
0.000105102
0.000112072
0.000122804
0.000124738
0.000131302
0.000130379
0.000139418
0.000145038
0.000149259
0.000145276
0.000147793
0.000150753
0.000145174
0.000147682
0.000152002
0.000154216
0.000157967
0.000172449
8.50391e-05
8.58743e-05
8.51071e-05
8.6079e-05
8.57965e-05
8.5023e-05
8.22469e-05
0.000992596
0.00138521
0.00102276
0.0051272
0.00491874
0.00441463
0.00402713
0.00307767
0.00241208
0.00147231
0.00110683
0.00390764
0.0031256
0.00181891
0.00142362
0.00130993
0.000832092
0.000808021
0.000590052
0.000356672
0.00015662
0.000200028
0.000112784
3.7092e-05
5.28445e-06
3.60145e-06
1.09188e-06
1.42652e-06
0.00184585
0.00106513
0.000822648
0.000669003
0.000596048
2.1787e-05
2.68797e-06
5.37157e-06
1.64828e-07
4.40291e-06
7.95041e-06
3.36968e-05
1.67959e-05
6.79388e-05
9.2969e-05
0.000194956
0.000184004
9.0889e-05
0.00018445
0.00019405
0.000239397
0.00019602
0.000237493
6.48036e-05
0.000111665
0.000216562
0.000227672
0.000216331
6.72384e-05
0.000124936
0.000274997
2.47517e-05
1.68383e-05
0.000508366
0.00065104
0.000881722
0.000731268
0.000739217
0.000678547
0.000514012
0.000345216
0.00019874
4.94907e-05
1.83185e-05
0.000184391
0.00120295
0.000952876
0.0005821
0.000432819
0.000317919
0.000226653
0.000171337
8.29774e-05
0.000139332
5.04889e-05
3.74633e-05
5.46858e-10
5.37916e-06
4.9588e-06
5.26833e-05
0.000203636
0.000175352
0.000240135
0.000225929
0.000273967
0.000324098
0.000357689
0.000440748
0.00027481
0.000362543
0.000355313
0.000727328
0.000602684
0.000805152
0.000673637
0.000547655
0.000700296
0.000805957
0.000907061
0.00114588
0.000910352
0.000640286
0.000436584
0.000501358
0.000443743
9.01879e-05
3.30062e-06
2.18856e-05
0.000134743
0.000254312
0.000308199
0.000356749
0.000419185
0.000436162
0.000515267
0.000561598
0.000608011
0.000682899
0.000652876
0.000702978
0.000652378
0.000598999
0.000691125
0.000504043
0.000695906
0.000663956
0.000600557
0.000588338
0.000719803
0.000664662
0.000611202
0.000626672
0.000573844
0.000615175
0.00062326
0.000573038
0.000477365
0.000447885
0.000410407
0.000353958
0.000312207
0.000292314
0.000178312
0.000107782
7.12834e-05
4.08836e-05
2.3914e-05
1.1397e-05
2.1041e-07
6.16455e-08
3.54162e-06
1.11196e-05
2.95397e-05
5.53948e-05
5.42097e-05
8.71795e-05
8.17026e-05
9.22096e-05
0.00011503
0.000102289
0.000139127
0.000124653
0.00013537
0.000149275
0.000165193
0.000137888
0.000175778
0.000162152
0.000177431
0.000153549
0.000176065
0.000161491
0.000176891
9.59988e-05
9.54151e-05
0.00010001
0.00014573
0.000146221
0.00015733
0.000162248
7.42347e-05
7.42626e-05
7.42533e-05
7.4244e-05
7.42223e-05
7.41205e-05
0.000665683
0.0058743
0.0184238
0.0140179
0.00981353
0.00855478
0.00794065
0.00610396
0.00514837
0.00341878
0.00252748
0.00170861
0.00101544
0.000465462
0.000189423
0.000282472
0.00019782
0.000152009
2.37472e-08
7.75046e-06
8.83999e-06
1.39686e-05
2.59019e-05
1.6999e-05
1.39867e-06
1.16304e-05
2.8843e-06
2.56706e-05
5.60114e-05
4.71235e-05
1.21262e-05
7.7424e-06
7.14652e-05
0.000457194
0.000314669
0.000113578
6.59833e-05
2.27982e-05
1.44919e-06
1.32794e-05
6.33243e-09
1.64211e-05
0.00135782
0.000776321
0.000555167
0.000243492
0.000155215
0.000103613
2.31251e-05
2.91658e-05
1.25156e-05
2.44701e-06
1.0561e-10
2.98951e-06
1.83055e-06
1.79216e-06
4.08526e-06
7.17121e-06
4.73047e-07
2.57425e-07
3.54617e-06
7.18852e-06
2.24087e-05
2.16216e-05
0.00428936
0.00427906
0.0041035
0.00366421
0.00335245
0.00281383
0.00209964
0.00152903
0.00108374
0.000520919
7.7124e-05
2.13373e-09
6.848e-06
0.000464731
0.00040775
0.000281705
0.00021183
0.000128724
0.000135131
6.27212e-05
3.99626e-05
1.87784e-05
8.75243e-06
8.87709e-06
1.1426e-07
2.67639e-06
6.79493e-06
1.67308e-05
3.5231e-05
6.08342e-05
5.62582e-05
0.000100086
4.26979e-05
9.11025e-05
0.00025264
0.000246463
0.000212459
0.000176522
0.000166526
0.000186098
0.000109198
0.000125418
5.2444e-05
0.000208772
0.000463721
0.000464791
0.000431537
0.000412715
0.000407116
0.000438646
0.000483898
0.000741397
0.000671087
0.000566467
0.000643271
0.000568063
0.000473731
0.000545858
0.000915451
0.000151947
0.000214494
0.000248931
0.000288074
0.000378434
0.000343096
0.000355964
0.000294902
0.000468452
0.000372807
0.000412044
0.000389285
0.00041515
0.000427191
0.000482361
0.000430173
0.000417144
0.000438556
0.000468765
0.000399766
0.000417855
0.00043628
0.000432921
0.00036482
0.000362303
0.000406731
0.000470003
0.000400941
0.000451757
0.000467355
0.000425862
0.000352975
0.000361585
0.000280054
0.000331172
0.000344798
0.000305972
0.000302205
0.00024596
0.000262077
0.000177688
0.00020614
0.000172849
0.000118675
0.000101306
7.84621e-05
7.15187e-05
4.69837e-05
3.24955e-05
2.51462e-05
1.93241e-05
1.45918e-05
9.1905e-06
1.41306e-06
5.64959e-07
5.73436e-08
1.66256e-06
3.41553e-06
4.26661e-06
6.11869e-06
1.70554e-05
1.91012e-05
1.99121e-05
1.83039e-05
2.90052e-05
3.13777e-05
3.38133e-05
3.81077e-05
5.46619e-05
3.3247e-05
4.3476e-05
3.61125e-05
9.46729e-05
7.04738e-05
7.05442e-05
7.06769e-05
7.05233e-05
7.06304e-05
7.08184e-05
0.00223776
0.00308818
2.74931e-05
0.0146011
0.0120188
0.00850448
0.00919528
0.0107519
0.00949219
0.00971953
0.00817724
0.00670394
0.00473767
0.00345359
0.0018665
0.00118182
0.000426213
0.000346085
0.000118165
7.02792e-05
1.78714e-05
1.84122e-05
2.37446e-06
1.27894e-07
6.66687e-06
8.88638e-06
0.000102905
7.54058e-05
7.59923e-05
0.000208005
0.000161399
9.59054e-05
0.000132746
0.000383945
0.000299309
0.000311263
0.00026215
0.000287013
0.00024398
0.000194136
0.000203245
0.00017497
0.000151997
9.54349e-05
8.52969e-05
8.43359e-05
0.000103879
2.94618e-05
0.000206441
0.000208043
0.000162363
0.000127244
8.87743e-05
2.0296e-05
5.33051e-05
0.000176917
0.000155475
0.000156432
0.000179165
0.000719154
0.000468671
0.00035123
0.000277449
0.000170553
0.000133776
6.82297e-05
0.000708329
0.000614359
0.00040785
0.00029353
0.00019394
9.99378e-05
6.73509e-05
4.63732e-05
3.02797e-05
0.00262848
0.00265062
0.00265404
0.00232559
0.00176205
0.00116383
0.000653476
0.00057724
7.25426e-07
0.000139196
0.00051204
0.000715966
0.000468786
0.00034505
0.000285892
0.000193971
0.000208346
0.000112933
6.47981e-05
4.81673e-05
1.49911e-05
1.986e-06
6.26601e-06
5.49927e-06
9.16862e-06
1.01941e-05
6.78492e-06
3.65404e-06
9.89825e-06
2.37345e-05
1.39365e-05
1.0668e-05
3.2922e-05
7.95285e-05
4.64662e-05
2.83772e-05
9.16309e-05
1.37918e-05
4.16305e-05
1.30813e-05
7.9185e-05
8.51476e-05
0.000522639
0.000184711
0.000172039
0.000310143
0.000312002
0.000499263
0.000466155
0.000409684
0.000340005
0.000572591
0.000847358
0.000899001
0.00066407
0.000734956
0.000316023
0.000605268
0.00059188
0.000516265
0.000507801
0.000484374
0.000449052
0.00044224
0.000445996
0.000357794
0.000408426
0.000355033
0.000326998
0.000384816
0.000376673
0.000368595
0.000392292
0.000343586
0.000311747
0.000322638
0.000302424
0.000261961
0.000303451
0.000221784
0.000158175
0.000202667
0.00020319
0.000190841
0.000181685
0.000157615
0.00016219
0.000157886
9.04989e-05
9.66396e-05
8.51935e-05
9.84584e-05
6.69664e-05
6.52976e-05
5.7288e-05
5.35012e-05
2.38791e-05
4.1372e-05
1.21474e-05
2.34187e-05
1.64057e-05
1.38176e-05
6.27755e-06
6.42616e-06
3.99914e-06
4.05187e-06
3.16032e-06
1.70473e-06
2.45367e-06
9.20316e-07
2.50863e-07
4.7122e-07
3.12742e-07
5.90002e-07
4.55189e-10
3.96824e-08
2.1412e-06
4.28579e-07
6.49766e-07
2.06195e-06
6.95144e-07
2.139e-07
6.4554e-07
6.16522e-07
1.5297e-06
6.02253e-07
4.55597e-07
5.13555e-07
6.70485e-07
1.28587e-07
1.07949e-07
2.102e-08
7.64293e-07
6.56843e-06
9.08487e-05
9.23634e-05
9.44508e-05
9.67203e-05
9.9703e-05
0.000103475
0.000107612
0.000110585
0.00323969
0.00464128
4.73075e-06
0.000333967
0.00338828
0.00268057
0.00283469
0.00258429
0.00226876
0.00196776
0.000881312
0.000357518
0.000149851
3.76624e-05
2.32359e-05
2.09811e-06
1.45404e-06
1.44173e-06
8.30648e-06
4.85763e-05
6.70898e-05
0.000102874
0.000102705
0.000105519
0.000145301
0.000214357
0.000314732
0.000133944
0.000240547
0.000182868
0.000133787
4.87012e-05
3.67197e-05
0.000159799
0.00183694
0.00194661
0.00140819
0.00066952
0.00182099
0.00129671
0.000723622
0.000561262
0.000272189
8.14741e-05
5.86852e-05
2.44588e-05
1.08265e-06
4.96413e-07
2.05729e-08
4.94002e-06
1.214e-05
4.13256e-06
1.75513e-06
1.75661e-05
2.13423e-06
1.71559e-05
1.02978e-05
1.58578e-05
2.56885e-05
9.39559e-06
7.32834e-08
5.13768e-06
2.07724e-05
1.15789e-08
0.0114689
0.00616729
0.00340617
0.00221191
0.000953605
0.000453898
0.00017991
7.40675e-05
4.78663e-05
2.32827e-05
1.53902e-05
1.04967e-08
0.00710692
0.00657587
0.00613563
0.00562462
0.00489097
0.00442874
0.00371358
0.00284094
0.00174863
0.00114245
0.000406158
0.000213614
0.000246329
0.000508617
0.000383499
0.000328221
0.000244684
0.000222738
0.000176933
0.000121155
0.00010151
3.6258e-05
1.80331e-05
5.29728e-07
2.92833e-07
3.6703e-06
1.42582e-05
2.12401e-05
7.56698e-05
4.72785e-05
8.76788e-05
0.00016598
0.000156687
0.000137137
0.000154187
0.000250466
0.000160797
0.000300199
0.00020036
0.000301357
0.000170161
0.000273781
0.000166295
0.000233646
0.000243092
0.000189791
0.000368089
0.000346179
0.000399983
0.000393869
0.00055449
0.000418762
0.000298446
0.000400886
0.000350062
0.000337288
0.000515098
0.000372463
0.000342669
0.000400243
0.000425542
0.000326206
0.000329846
0.000355645
0.000380913
0.000299605
0.000295401
0.000369874
0.000367699
0.000273955
0.000387203
0.000339564
0.000300448
0.000378839
0.000454856
0.000343389
0.000382969
0.000338379
0.000327801
0.000313249
0.00030792
0.000400986
0.000352663
0.000300689
0.000353038
0.000368721
0.000408592
0.000446086
0.000364553
0.000389341
0.000344581
0.000314259
0.000398332
0.000301498
0.000240596
0.000256171
0.000366466
0.000354333
0.000331295
0.000248756
0.000274243
0.000323141
0.000326541
0.000260311
0.000362356
0.000262391
0.000328239
0.000309036
0.000450558
0.000286279
0.000264526
0.000324376
0.000354261
0.000245493
0.000299845
0.000269948
0.000235434
0.000207268
0.000192686
0.0001661
0.000146316
0.000124845
0.00011058
9.92634e-05
8.25514e-05
6.82356e-05
0.000289977
0.000151201
0.000125232
0.000187195
0.000153248
0.000129665
0.00010676
8.91946e-05
6.56081e-05
5.51127e-05
4.33586e-05
3.4087e-05
2.61602e-05
2.16983e-05
2.08709e-05
1.52951e-05
1.25901e-05
1.1004e-05
7.87356e-06
5.23322e-06
3.93974e-06
2.00679e-06
9.75285e-07
0.000471916
0.000447046
0.000426328
0.000390579
0.000373176
0.000355338
0.000353125
0.000326665
0.000302368
0.000264325
0.000239061
0.000222447
0.000201857
0.000186211
0.000165805
0.000151745
0.000130024
0.000109328
8.3358e-05
6.91432e-05
6.58281e-05
2.7395e-05
1.20024e-05
5.67495e-06
8.99114e-06
3.61202e-06
1.08892e-06
5.36794e-06
2.53735e-06
7.79871e-06
1.26576e-05
3.29754e-05
5.36683e-05
8.12341e-05
0.000105339
7.73469e-05
0.000107466
0.000140602
0.000182153
0.000152483
5.9121e-05
2.19808e-05
2.21612e-05
1.72104e-06
3.3927e-07
1.40241e-05
1.37868e-05
3.70197e-06
1.21254e-06
2.3571e-05
6.03431e-05
2.13059e-05
3.23354e-05
0.000110017
0.000181784
9.23755e-05
6.54885e-05
0.000112766
0.000170081
0.000238747
0.000174975
0.000147921
0.00023318
0.000513992
0.000525885
0.000715456
0.000514749
0.000698478
0.00054258
0.000663935
0.000587329
0.000961483
0.000524065
0.000623743
0.000687251
0.0010252
0.000663112
0.000881735
0.00104166
0.000868349
0.00104132
0.000671116
0.000780505
0.000469495
0.000591948
0.000574918
0.000496841
0.000599822
0.000870969
0.00107035
0.00102445
0.0012556
0.000732601
0.00109106
0.0010703
0.00100702
0.000996768
0.00096517
0.000791562
0.000920906
0.000865276
0.00101519
0.00100475
0.000972391
0.0010049
0.000994981
0.000941383
0.000746272
0.000887927
0.000882011
0.000853138
0.000838253
0.000795978
0.000770159
0.000701157
0.000653894
0.000718774
0.000637708
0.000639023
0.00061903
0.000626777
0.000541108
0.000544494
0.0005252
0.000533742
0.000526786
0.000538478
0.000505232
0.000479918
0.000483896
0.000468584
0.000422771
0.000427521
0.000420825
0.00045801
0.000474801
0.00047821
0.000460165
0.000447661
0.000440609
0.000412058
0.00037166
0.000266164
0.000265272
0.000255758
0.000428228
0.000431703
0.000413364
0.000397016
0.000386644
0.000275315
0.000386144
0.000390873
0.000370365
0.00032171
0.00032413
0.000363177
0.000334534
0.000317363
0.000332163
0.000335338
0.000321703
0.000324337
0.000312118
0.000260826
0.000258872
0.000247406
0.000249971
0.000248024
0.000231381
0.00022869
0.000213681
0.000215989
0.000213369
0.000195977
0.000171156
0.000159177
0.000143921
0.000114439
0.000108609
9.46755e-05
9.64213e-05
8.75977e-05
8.41651e-05
7.96921e-05
6.28013e-05
4.71519e-05
4.25235e-05
3.67928e-05
3.60621e-05
3.25982e-05
2.75407e-05
1.12018e-05
6.78626e-06
1.30685e-05
1.01307e-05
1.38826e-06
5.40699e-07
7.93694e-11
2.97292e-07
1.15217e-06
1.57287e-06
2.91185e-06
8.53221e-06
1.1162e-05
1.62312e-05
1.73433e-05
2.03128e-05
2.73455e-05
2.63028e-05
3.51702e-05
4.53143e-05
5.24891e-05
5.72004e-05
6.50049e-05
6.58637e-05
7.00313e-05
7.94092e-05
8.59539e-05
8.92374e-05
9.57072e-05
0.000100182
0.00010342
0.000108082
0.000112372
0.000121666
0.000121602
0.00012321
0.000129964
0.000133038
0.000132728
0.000152146
0.000152505
0.00016455
0.000172884
0.00017123
0.000172917
0.000179906
0.000178582
0.000187885
0.000184718
0.000186001
0.000195169
0.000192593
0.00018461
0.000195247
0.000191589
0.000191204
0.000208339
0.000203491
0.000191851
0.000208277
0.000186324
0.000182585
0.000183486
0.000200495
0.000198052
0.000194588
0.000196443
0.00019147
0.000219607
0.000223496
0.000235393
0.000214526
9.00744e-05
9.00598e-05
9.00424e-05
9.00301e-05
9.00145e-05
9.0003e-05
9.00015e-05
8.99802e-05
9.01008e-05
9.00686e-05
9.06135e-05
0.000164825
0.000163752
0.000164112
0.00099275
6.21159e-05
7.68313e-05
9.43861e-05
7.81261e-05
0.00155291
0.00135148
0.00160328
0.00142289
0.00153062
0.00136326
0.00100656
0.000872631
0.000445759
0.000366747
0.000339613
0.000140045
0.000108586
5.50201e-06
1.16581e-06
3.1514e-05
4.02968e-05
3.60872e-05
6.58131e-05
7.05648e-05
6.55702e-05
1.91388e-05
0.000117302
0.000124658
0.000208149
0.00021288
0.000274696
0.000277783
0.00016997
0.000167833
0.000117117
8.10513e-05
8.43442e-05
7.56988e-05
4.41251e-05
4.45648e-05
5.77458e-05
5.68545e-05
4.99133e-05
9.79008e-05
0.000100583
9.67597e-05
8.48958e-05
0.000154573
0.000112733
0.000100597
5.52407e-05
3.48521e-05
3.77691e-05
2.4094e-05
5.17276e-07
3.81831e-07
3.42697e-06
2.50405e-06
2.17464e-05
1.05487e-05
3.39713e-06
8.51744e-08
2.81183e-05
3.24416e-05
7.06938e-05
6.44013e-05
1.83748e-05
2.0566e-05
1.99965e-05
1.07146e-05
9.47047e-06
2.1208e-05
2.26159e-05
2.47826e-05
2.44504e-05
2.23767e-05
1.48082e-06
6.08271e-06
8.1637e-05
8.15174e-05
4.03303e-05
6.37306e-05
0.000158457
0.000195011
0.000227221
0.000290745
0.000235387
0.000290268
0.000396816
0.000547508
0.000325776
0.000307216
0.000390843
0.000376103
0.000437018
0.000383378
0.000476921
0.000774974
0.000668989
0.000366231
0.000736339
0.000469248
0.000883585
0.000463159
0.000875746
0.000736242
0.000621035
0.00109258
0.000922824
0.000660591
0.00074221
0.000618194
0.000795656
0.000878339
0.0211978
0.0136824
0.00786249
0.00409152
0.00207912
0.00109131
0.000486131
0.000231337
7.9081e-05
3.74504e-05
2.07196e-05
5.68947e-06
3.57133e-06
1.04117e-06
1.6252e-07
1.29357e-07
2.95991e-07
1.56501e-08
6.40215e-08
9.88314e-07
1.33231e-07
8.47691e-07
1.51438e-06
6.97152e-07
5.09954e-06
0.000102076
7.55874e-05
2.48218e-05
1.63309e-05
1.21214e-05
7.59855e-06
1.45516e-06
2.30915e-06
5.53345e-06
0.00564106
0.0053007
0.00500282
0.00470278
0.0036408
0.00328353
0.00288411
0.00268653
0.00254387
0.00246629
0.00222458
0.00201976
0.00169075
0.00158581
0.00129909
0.00105655
0.000898947
0.000859171
0.000606222
0.00052133
0.000247591
0.000262627
8.6121e-05
6.04206e-05
1.4859e-06
7.41414e-06
5.33091e-06
7.9305e-05
9.19956e-05
0.000372059
0.000411528
0.00045483
0.00109791
0.00113548
0.000761869
0.00104966
0.00113307
0.000961502
0.000984258
0.000855062
0.000585399
0.000693303
0.000555236
0.000499674
0.00039021
0.000424246
0.000423958
0.000370845
0.000389374
0.000349105
0.000295537
0.000330021
0.000236651
0.000185101
0.000207684
0.000213482
0.000153622
0.000173176
0.000107689
9.35617e-05
7.36168e-05
1.481e-06
4.58815e-06
6.16966e-08
1.26292e-05
4.02311e-06
3.79674e-08
1.78189e-06
1.12495e-06
1.36136e-05
5.61366e-06
2.89579e-05
3.3933e-05
2.44305e-05
4.10202e-05
2.3765e-05
2.15094e-05
8.08172e-05
6.00981e-05
0.000120182
3.79039e-05
6.17096e-05
9.8422e-05
7.6448e-05
4.73963e-05
5.21833e-05
2.61145e-05
8.5121e-05
7.00014e-05
0.000162175
0.000155772
0.000110434
0.000155308
0.000162127
0.000129328
0.000290029
0.000152288
0.000192207
0.000230159
0.000235406
0.000167491
0.000126507
0.000272018
0.000436945
0.000266588
0.000279691
0.000375584
0.000460512
0.000392149
0.000553518
0.000304009
0.000487068
0.000385857
0.000494517
0.000551996
0.000311023
0.000487337
0.00065058
0.00043966
0.000556379
0.000592797
0.000487084
0.000343839
0.000524542
0.000406211
0.000156389
4.68569e-05
0.000187419
0.000319198
0.000428962
0.000521755
0.000223952
0.00032259
0.00015875
0.00024745
0.000218719
0.000295993
0.000318024
0.000479294
0.000324144
0.000433442
0.000387867
0.000527743
0.000756007
6.21139e-05
0.000934885
0.000133353
0.000161465
0.000240362
0.000258235
0.000295717
0.000228993
0.000271274
0.000385628
0.000390085
0.000410901
0.000424921
0.000414315
0.000413314
0.000326124
0.000333136
0.00037283
0.000368783
0.00038316
0.000386348
0.00039059
0.000385439
0.000344571
0.000360845
0.000410866
0.000380933
0.000453931
0.000452858
0.00036947
0.000363283
0.000349949
0.000363055
0.000330832
0.00036697
0.000379426
0.000364524
0.000379413
0.000373473
0.000349591
0.000338238
0.000349541
0.000337641
0.000289071
0.00027469
0.000334138
0.000344468
0.00032837
0.00034494
0.000354644
0.000350571
0.000265776
0.000269227
0.000379698
0.000388025
0.000376834
0.000302352
0.000311092
0.00030683
0.000337601
0.000330692
0.000327955
0.000335583
0.000326791
0.000268017
0.000256483
0.000281732
0.000283916
0.000279315
0.00026419
0.000264673
0.000248791
0.000246742
0.000181
0.000165454
0.000152899
0.000184467
0.000181506
0.000173949
0.000132725
0.000127425
0.00011509
0.000104942
8.89301e-05
0.000117535
0.000114728
0.000105135
7.94907e-05
7.52461e-05
6.51017e-05
7.39702e-05
7.10818e-05
5.89166e-05
3.09147e-05
2.48436e-05
2.27321e-05
1.95963e-05
1.15481e-05
9.48157e-06
6.23164e-06
4.05855e-06
2.99873e-06
6.56284e-08
1.9762e-07
1.15533e-06
2.24504e-06
4.37758e-06
5.96768e-06
7.76339e-06
7.89741e-06
1.79052e-05
2.09696e-05
2.40382e-05
2.37394e-05
3.03212e-05
3.27045e-05
3.71471e-05
4.17484e-05
5.29382e-05
5.6243e-05
6.32053e-05
6.2152e-05
6.39407e-05
6.59578e-05
7.14214e-05
7.21391e-05
7.29807e-05
7.86262e-05
8.56705e-05
9.57104e-05
9.84196e-05
9.55187e-05
9.71845e-05
9.41458e-05
9.31946e-05
9.52329e-05
0.000106368
0.000107065
0.000119053
0.000121417
0.000126719
0.000126677
0.000131513
0.000183557
0.000172706
0.000166574
0.000159711
0.000158245
0.000154011
0.000152594
0.000153422
0.000153036
0.000151372
0.000149304
0.000149584
0.000157059
0.000158864
0.000144256
0.000141653
0.00014468
0.000144297
0.000142918
0.000140515
0.000140372
0.000139925
0.000142559
0.000155247
0.000160847
0.000147909
0.000145382
0.000146945
0.000145033
0.00017241
0.000177343
8.71562e-05
8.71678e-05
8.71644e-05
8.71524e-05
8.71782e-05
8.713e-05
8.70668e-05
8.70686e-05
8.70732e-05
8.71488e-05
8.87325e-05
8.8721e-05
8.90052e-05
0.00390753
0.00365303
0.000571833
0.000571047
0.00076455
0.000631358
0.00182929
0.00164431
0.00170455
0.00156204
0.00143494
0.0012928
0.000895547
0.000827492
0.000728267
0.000309725
0.000249608
0.000117911
8.86947e-05
2.0321e-05
1.25533e-05
1.74771e-05
9.10489e-06
3.26068e-08
6.61937e-07
8.34965e-06
1.26731e-05
1.08191e-05
1.52445e-05
3.65285e-05
3.87647e-05
9.01909e-05
9.39254e-05
0.000170991
0.000170558
0.000156492
0.000154423
0.000161213
0.000161836
0.000151961
0.000123214
0.000120823
0.000221854
0.000197619
0.000110137
8.64292e-05
7.78461e-07
0.001642
0.00131191
0.000919261
0.000712216
0.00055896
0.000430396
0.000642888
0.00049179
0.000435464
0.000324231
0.000283511
0.00021886
0.00015673
9.06234e-05
6.20246e-05
9.85594e-05
2.56207e-05
1.24502e-05
5.054e-05
3.0485e-05
1.17514e-05
4.68623e-06
2.68759e-05
1.35148e-05
4.90666e-06
5.35319e-07
2.85295e-07
1.38919e-07
1.48169e-05
1.73484e-05
8.74102e-07
2.77236e-08
2.92263e-08
1.87424e-05
0.0037066
0.00305359
0.00173206
0.00132494
0.00110368
0.000802365
0.000618844
0.000911858
0.000675932
0.000561859
0.000572803
0.000411997
0.00034556
0.000238337
0.000204489
1.91923e-05
7.63597e-06
1.37144e-06
1.94727e-06
4.14238e-06
9.70398e-06
7.97172e-05
4.83615e-05
4.50918e-05
2.50348e-07
2.77601e-06
2.19115e-06
2.64963e-05
3.59152e-05
2.8197e-05
2.11721e-05
2.66943e-05
1.41961e-07
2.3696e-06
5.25248e-05
3.06542e-05
3.02981e-06
1.15551e-07
5.21073e-07
2.28774e-05
3.04432e-05
2.15077e-05
6.03223e-05
3.57147e-05
5.48689e-06
1.03246e-05
3.90038e-06
4.37195e-07
7.9036e-07
1.25566e-07
1.65753e-06
6.03939e-06
9.9312e-07
7.85923e-07
2.23649e-07
0.00032826
0.000950499
0.000688142
0.000547581
1.37132e-05
0.000252598
0.00191078
0.00136155
0.00105026
0.00066848
0.000453054
0.000371931
0.000251768
0.000136779
9.62667e-05
0.00013218
8.01734e-05
6.36107e-05
6.91448e-05
4.28695e-05
9.75806e-06
4.65433e-06
2.57177e-06
1.58581e-07
7.33545e-07
2.73063e-06
1.98223e-07
1.04646e-06
1.01374e-05
3.47452e-06
5.67846e-06
2.973e-06
1.05034e-06
3.54327e-06
3.16767e-06
7.68196e-07
3.08453e-06
3.99288e-07
1.23794e-06
1.47068e-06
3.49305e-06
1.12063e-05
3.47515e-06
9.96953e-06
1.92261e-05
1.33331e-05
0.0014572
0.00110787
0.000740963
0.00273712
0.00243572
0.00121638
0.00152939
0.000661312
0.00061755
0.000357474
4.76817e-05
4.45575e-07
4.46836e-05
3.9585e-05
0.000192092
8.57201e-05
0.000101708
0.000100579
7.76562e-05
9.13313e-05
6.39678e-05
5.30489e-05
6.1224e-05
4.73252e-05
3.91807e-05
5.0793e-05
6.3597e-05
5.17033e-05
5.95423e-05
4.47653e-05
3.69547e-05
4.03382e-05
4.96755e-05
2.55247e-05
3.27788e-05
2.98e-05
1.7794e-06
2.29397e-06
8.28418e-06
5.37193e-07
1.47824e-06
1.85741e-06
5.85638e-08
3.79364e-06
1.70205e-06
9.42004e-06
1.77556e-05
3.38209e-05
1.91485e-05
3.00141e-05
6.30845e-05
5.93734e-05
6.7389e-05
2.92841e-05
4.67007e-05
8.19531e-05
0.00019306
5.01484e-05
0.000193815
0.000184236
0.000170037
0.000237311
0.000238185
0.000334168
0.000694421
0.000542101
0.00045681
0.000312542
0.000292301
0.000240786
0.000170871
0.000123937
9.41915e-05
5.63957e-05
3.01738e-05
1.83832e-05
4.91663e-06
9.97304e-07
4.12449e-09
2.7648e-06
2.11099e-06
2.90186e-05
5.19044e-05
5.87369e-05
7.03091e-05
0.000104142
0.000141072
0.000181865
0.000231509
0.000231273
0.000358928
0.000383884
0.000440395
0.000444766
0.000469317
0.00055747
0.000669695
0.00069809
0.000791461
0.000732954
0.000756262
0.000817184
0.000770671
0.000846075
0.000988456
0.00110274
0.00121492
0.00120082
0.00122471
0.00129922
0.00137863
0.00142203
0.00149365
0.00145217
0.00126425
0.00125906
0.00132584
0.00129112
0.00153166
0.0015129
0.0014088
0.00141164
0.00142238
0.00159702
0.00152487
0.00143169
0.00144327
0.00136299
0.00146943
0.00135458
0.00110052
0.00112098
0.00105834
0.00119197
0.00109939
0.000983549
0.00094211
0.0010706
0.0010049
0.000874875
0.000815284
0.000763952
0.000852537
0.000764696
0.000715655
0.000738313
0.00068101
0.000780224
0.000703241
0.000627906
0.000640029
0.000595752
0.000500068
0.000496039
0.000444351
0.000550132
0.000499851
0.000453955
0.000336568
0.000321768
0.00028126
0.000316122
0.000257235
0.000211679
0.000180303
0.000168742
0.000153149
0.0001134
9.49624e-05
8.36341e-05
5.89382e-05
3.40772e-05
2.19905e-05
2.02108e-05
1.52643e-05
4.64334e-06
2.29052e-06
1.19678e-07
2.64643e-06
3.60735e-06
7.85094e-06
1.6863e-05
2.30277e-05
3.6697e-05
4.25283e-05
5.38058e-05
6.52505e-05
7.52754e-05
8.01758e-05
8.85174e-05
9.18279e-05
0.000104681
0.000108519
0.000119837
0.000124682
0.000133514
0.000134513
0.000160806
0.000164558
0.000156476
0.000157237
0.000171115
0.000172701
0.000189456
0.000197783
0.000206502
0.000222416
0.000222655
0.000227611
0.000172389
0.000181041
0.000181334
0.000144224
3.80108e-05
5.75551e-05
0.000621401
0.000565854
0.00174514
0.000477042
0.000354986
0.000329529
0.000703642
0.000187789
0.00010967
0.000275026
0.000474634
0.000493279
1.80501e-05
2.87116e-05
0.000537534
0.000398033
0.000350061
0.000282026
0.000202085
0.000530351
0.000416578
0.000491693
0.000388853
0.000165282
0.00013264
0.000219332
0.000211106
0.000192575
6.52311e-05
4.39253e-05
1.03534e-06
3.11818e-08
1.21519e-07
1.71888e-06
9.95637e-07
5.4929e-06
1.63431e-05
1.65233e-05
2.1916e-05
8.50261e-06
7.44052e-06
4.27012e-06
6.62081e-06
8.22125e-06
4.95178e-06
7.27167e-06
4.24585e-06
1.20336e-05
1.10246e-05
2.80697e-05
2.72992e-05
7.59463e-06
6.81076e-06
8.52987e-05
8.39637e-05
7.52457e-05
3.16291e-06
7.08926e-06
1.2786e-06
4.20608e-06
3.68368e-06
1.342e-06
1.45491e-07
1.41789e-08
2.70953e-06
4.50939e-07
7.82456e-05
4.28562e-05
8.90876e-05
4.94567e-05
7.31845e-06
1.05893e-05
6.8969e-06
4.86298e-07
1.03368e-06
8.10717e-07
1.56051e-05
7.4678e-06
1.1375e-05
1.15627e-05
7.81954e-05
6.79463e-05
6.29255e-05
0.00012712
9.3869e-05
6.96112e-05
6.35757e-05
5.57951e-05
3.10434e-05
2.20776e-05
9.71965e-06
5.9948e-06
2.36226e-07
5.80651e-06
1.28882e-05
1.33378e-05
2.43872e-05
1.65486e-05
1.04384e-05
2.10886e-05
4.85762e-08
1.03217e-06
2.46281e-05
9.05351e-05
0.000141306
9.15304e-05
9.00203e-05
0.000108285
2.97814e-05
4.17072e-05
6.68231e-05
8.29269e-05
6.94822e-05
4.65718e-05
5.80349e-05
5.17899e-05
5.61156e-05
3.71547e-05
4.99177e-05
4.63154e-05
8.42103e-05
8.67286e-05
9.76615e-05
5.47765e-05
6.71981e-05
8.81075e-05
0.000101876
6.74335e-05
7.79303e-05
0.000100576
0.000112187
5.40996e-05
6.24391e-05
0.000100985
9.99354e-05
0.000111533
0.000117088
8.89094e-05
9.40646e-05
8.41126e-05
8.82547e-05
5.18724e-05
5.53224e-05
4.69294e-05
6.83184e-05
6.98665e-05
5.11552e-05
4.07687e-05
3.94952e-05
3.72712e-05
4.19474e-05
3.99466e-05
2.23613e-05
2.06786e-05
1.71318e-05
1.18065e-05
1.07303e-05
9.20923e-06
7.9856e-06
7.43224e-06
4.4153e-06
4.2841e-07
6.29521e-07
9.38948e-07
0.000275789
0.0164103
0.0144798
0.0130043
0.0110394
0.0087336
0.0113028
0.0061772
0.00727025
0.00594963
0.000275369
0.000346897
0.000588735
0.000922342
0.000738002
0.000572073
0.000710368
0.000613425
0.000716419
0.000714827
0.000715106
0.000610762
0.000534677
0.000616836
0.000514681
0.000421524
0.000358612
0.000230416
0.000167549
0.000182376
4.38648e-05
2.33203e-05
9.84201e-06
1.91912e-05
1.21182e-07
0.00016399
0.000163578
0.000675146
0.00070313
0.000416464
0.000930342
0.000966154
0.000997391
0.000945613
0.000646055
0.000555186
0.000440987
0.000451118
0.000326574
0.00028595
0.000325073
0.000284451
0.000236748
0.000162678
0.000130816
0.000125
0.00011944
0.000134655
5.68999e-05
6.13404e-05
4.60384e-05
4.51317e-05
1.14451e-05
1.28216e-05
7.92928e-06
6.51655e-06
8.30485e-07
7.8585e-06
6.87659e-07
3.09652e-07
1.53583e-05
1.7835e-05
7.84406e-06
5.26144e-06
3.17418e-05
1.65283e-05
9.60321e-06
1.87802e-05
2.22651e-05
1.46737e-05
2.06177e-05
4.83185e-05
7.03274e-05
0.000103827
7.5045e-05
3.05899e-05
3.41738e-05
0.000112024
6.36316e-05
0.000164392
0.000142429
0.000248714
0.000241253
0.000155086
9.17356e-05
0.0001296
0.000157372
0.000208654
0.000271229
0.000362226
0.000425808
0.000368276
0.000411435
0.000523651
0.000609884
0.000349968
0.000605557
0.000442327
0.000782357
0.000508349
0.000634549
0.000727837
0.000467838
0.000665796
0.000588587
0.000836015
0.000758778
0.000825503
0.000674328
0.000822217
0.000678001
0.000766218
0.00104348
0.000710131
0.000854482
0.000673531
0.00109459
0.000723165
0.000991916
0.000613481
0.000681769
0.000876079
0.000722174
0.000715021
0.000475068
0.0004852
0.000472923
0.000589824
0.000651109
0.000826684
0.00100649
0.000939808
0.000512619
0.000459675
0.000550203
0.000947518
0.000533811
0.000805443
0.000369513
0.000355257
0.00081267
0.000435515
0.000424879
0.000425586
0.000487758
0.000483002
0.00042317
0.000437058
0.000433658
0.000379232
0.000222817
0.000440857
0.00026314
0.000262562
0.000217505
0.000226458
0.000481978
0.000283504
0.000438626
0.000269572
0.00044082
0.00044023
0.000410263
0.00041258
0.000353355
0.000215022
0.000434891
0.000290069
0.000288208
0.000418801
0.000285592
0.000365748
0.000363281
0.00031735
0.000262792
0.000328633
0.000318295
0.000286826
0.000289768
0.000266502
0.000273041
0.000261307
0.000183997
0.000189224
0.000273095
0.000277362
0.000265649
0.000258913
0.000268651
0.000264966
0.000292945
0.000292841
0.000290163
0.000290606
0.00029414
0.000276851
0.0003063
0.000314419
0.000298461
0.000266563
0.000250771
0.000245786
0.000240375
0.000193048
0.000186883
0.000219117
0.000207895
0.000238409
0.000239968
0.00022638
0.000176377
0.000173785
0.000168231
0.000180738
0.000181213
0.000174641
0.000169221
0.000149734
0.000136729
0.000118091
0.000115644
0.000107663
0.000101077
9.80573e-05
9.33799e-05
8.82484e-05
6.67188e-05
5.50815e-05
5.30341e-05
4.85129e-05
4.09229e-05
3.40085e-05
2.98952e-05
2.50435e-05
1.595e-05
1.1935e-05
1.44035e-05
1.1276e-05
8.56332e-06
6.14778e-06
3.98836e-06
2.99493e-06
1.40277e-06
1.49189e-06
1.04153e-06
2.05695e-07
8.92639e-07
1.94494e-06
1.95337e-06
4.1121e-06
5.98709e-06
7.21221e-06
9.91586e-06
1.13135e-05
1.38916e-05
1.81e-05
2.04323e-05
3.40622e-05
3.72139e-05
4.1839e-05
3.22629e-05
3.3162e-05
3.61536e-05
4.53524e-05
4.67447e-05
4.61237e-05
5.08324e-05
5.1625e-05
5.56791e-05
6.10767e-05
6.18345e-05
6.62426e-05
7.6834e-05
7.82476e-05
8.36235e-05
8.52535e-05
8.76458e-05
0.000102079
0.000104525
8.98498e-05
8.92088e-05
9.09021e-05
9.65416e-05
9.84883e-05
9.98713e-05
0.000100328
9.1742e-05
9.09969e-05
9.33057e-05
6.73563e-05
6.76171e-05
6.97205e-05
6.74643e-05
6.92491e-05
7.03759e-05
6.79884e-05
6.75496e-05
7.00203e-05
6.911e-05
6.97776e-05
7.50555e-05
7.36977e-05
7.28988e-05
7.22042e-05
7.41092e-05
6.43842e-05
6.33756e-05
6.44235e-05
6.79219e-05
6.70596e-05
6.98389e-05
6.34019e-05
6.24695e-05
6.31557e-05
6.04889e-05
6.21149e-05
6.45514e-05
6.43959e-05
5.82753e-05
5.89186e-05
6.34409e-05
6.35029e-05
6.93209e-05
7.33803e-05
5.69513e-05
6.03504e-05
5.18843e-05
5.26833e-05
5.67861e-05
5.68987e-05
5.75116e-05
0.000117659
0.000116182
0.000119321
0.000120467
0.000120313
0.000120447
0.000122516
0.000117546
0.000120669
8.75926e-05
8.74297e-05
7.69688e-05
7.75902e-05
7.6462e-05
0.000117073
0.000116363
1.31994e-05
3.3563e-06
3.59873e-05
5.13099e-05
0.00169106
0.00147266
0.00232485
0.00211769
0.00161671
0.0014828
0.00265944
0.00237739
0.000662238
0.000569913
0.000373607
0.000314917
0.00030021
0.000252946
0.000238611
9.73473e-05
7.91572e-05
0.000139103
9.51808e-05
4.85319e-06
8.04512e-06
6.48052e-06
9.84379e-06
1.2164e-05
8.47528e-06
9.19067e-05
8.9114e-05
4.07677e-05
4.03399e-05
3.40937e-06
2.17049e-07
3.00176e-07
8.99774e-05
8.3038e-05
6.94226e-05
5.76852e-05
1.75722e-06
5.2857e-06
2.94732e-05
4.33119e-05
4.22745e-05
6.52054e-06
2.47096e-05
4.40657e-06
1.13154e-05
8.18831e-05
8.55126e-05
0.000158041
0.000167988
0.000178867
3.17966e-06
2.64565e-09
8.51448e-09
4.48824e-06
1.34291e-05
1.02574e-05
2.17542e-06
6.97764e-06
8.51761e-06
2.29124e-08
9.32514e-07
1.27143e-06
7.13683e-06
1.70988e-06
1.49333e-06
1.60709e-05
2.44512e-05
4.53895e-06
7.56271e-06
7.04428e-05
8.08449e-05
7.02915e-05
4.64564e-05
4.95341e-05
8.78791e-05
9.03781e-05
7.10096e-06
9.00008e-06
3.08052e-05
3.13247e-05
3.13792e-05
3.35873e-05
2.93366e-05
7.57174e-05
7.54711e-05
7.14674e-05
7.48517e-05
6.94214e-05
5.70128e-05
7.59758e-06
6.05158e-06
4.76853e-06
9.86209e-06
6.9243e-06
5.36411e-06
8.68665e-08
1.57688e-06
7.99127e-07
2.32639e-07
1.21542e-06
3.78465e-08
4.699e-08
2.29214e-06
9.02194e-06
2.05515e-05
3.89019e-05
2.31771e-05
4.82075e-05
4.49463e-05
7.76327e-05
0.00010435
0.00011928
0.000177229
0.000173517
8.53482e-05
0.000141352
0.000142799
0.000219699
0.000244202
0.000355371
0.000350898
0.00029572
0.000263277
0.00179731
5.77586e-05
0.00165932
0.00125609
0.000985835
0.000899398
0.00112381
0.000875925
0.000788401
0.000502375
0.00037009
0.000327476
0.000313235
0.000211503
0.000198666
0.000161308
0.000100049
9.5185e-05
8.49698e-05
4.76102e-05
1.8063e-05
6.61972e-06
1.77506e-05
4.26084e-06
6.12461e-06
9.46573e-07
2.0925e-07
6.43148e-06
2.95373e-07
4.52633e-07
6.91759e-09
3.02251e-06
1.33773e-06
1.10231e-09
1.95359e-05
3.10224e-05
4.88137e-05
3.54415e-05
3.35546e-06
1.17035e-05
8.56137e-06
2.27333e-05
3.82557e-05
2.47378e-05
2.94548e-05
3.71572e-05
5.20742e-05
5.66137e-05
1.68944e-05
2.94625e-05
2.30184e-05
9.85614e-06
9.26755e-06
6.4442e-06
0.0358483
0.0320662
0.0283546
0.0249414
0.0216114
0.0179871
0.015066
0.012059
0.009547
0.00735264
0.00547862
0.00412507
0.00513521
0.00429563
0.0039234
0.00266083
0.00261335
0.00159151
0.00137139
0.000702297
0.000574175
0.000541055
4.68583e-05
0.000162385
2.46506e-07
1.27037e-06
7.31328e-06
3.13819e-07
6.28261e-06
2.01567e-06
3.61475e-06
1.74694e-06
5.74487e-06
7.66163e-06
3.50869e-06
4.05084e-07
1.83894e-06
1.33984e-06
3.1434e-07
2.28808e-06
3.83027e-06
5.45503e-06
8.07119e-07
2.26e-06
8.37261e-07
3.78752e-06
1.41759e-06
1.48144e-05
1.18427e-05
1.49118e-05
1.68097e-05
2.06538e-05
3.69784e-05
5.21988e-05
7.41086e-05
7.38856e-05
4.50314e-05
9.66488e-05
0.000175417
0.000165694
0.000148834
0.000222924
0.000221113
0.000256911
0.000215847
0.000286696
0.00031847
0.000334228
0.000308712
0.000364965
0.000298141
0.00036313
0.000286975
0.000303258
0.000341621
0.00028642
0.000392584
0.000345748
0.000410752
0.000326214
0.0017318
0.0015216
0.00127941
0.00101581
0.00078761
0.000545801
0.0004545
0.000349743
0.00023936
0.000240418
0.000164985
0.000103593
4.9276e-05
4.6467e-05
1.84161e-05
1.08335e-06
3.52397e-06
2.22968e-07
8.29819e-06
1.60868e-05
3.67157e-05
4.18034e-05
5.53822e-05
7.03644e-05
9.06181e-05
0.000115152
0.000183368
0.000206758
0.00025139
0.000244534
0.000267265
0.000326747
0.00031417
0.00033637
0.000387567
0.000431462
0.000455829
0.000530092
0.00054348
0.000568504
0.000654515
0.000690215
0.000715365
0.000815966
0.000825546
0.000919117
0.00101146
0.00104287
0.00106889
0.00117018
0.00129657
0.00143095
0.00134357
0.00148921
0.00151898
0.00142383
0.00150447
0.00141049
0.00131542
0.00134663
0.0012352
0.00124409
0.00118345
0.00114593
0.00107215
0.00107684
0.00100681
0.00107293
0.000932558
0.000878409
0.000758486
0.000677287
0.000850064
0.000828229
0.000701895
0.000662078
0.00064325
0.000621319
0.000531981
0.000642354
0.000609747
0.000415698
0.00050323
0.000389868
0.000348502
0.000275979
0.000228231
0.000238436
0.000207549
0.00017578
0.000138837
0.000122432
0.000111165
8.08966e-05
5.97288e-05
3.75563e-05
3.87949e-05
3.28225e-05
1.69583e-05
1.52112e-05
6.23147e-06
1.61866e-06
1.37711e-07
1.70303e-07
2.05289e-06
8.10841e-06
1.23734e-05
1.79831e-05
2.29234e-05
3.12083e-05
3.72523e-05
4.29523e-05
5.47586e-05
6.50262e-05
6.78595e-05
7.60294e-05
8.13508e-05
8.3596e-05
9.35766e-05
0.000108609
0.000105962
0.000122854
0.000125165
0.000129335
0.000139705
0.000150619
0.00015276
0.000157814
0.000157347
0.00016246
0.000170797
0.000172962
0.000173531
0.000173718
0.000182811
0.000195396
0.000198939
0.000216285
0.000217537
0.000223576
0.000204264
0.000203511
0.000208091
0.000202785
0.000115
0.000106459
0.000952455
0.00113026
0.0024004
0.000427938
0.00050146
0.000365675
0.00141487
0.00140519
0.00128246
0.00150835
0.00153161
0.00114897
0.00116133
0.000274689
7.92751e-05
4.32709e-05
0.000557354
0.000421821
0.000620079
0.000475864
0.000429298
0.000332288
0.000157622
0.000109783
8.62557e-05
4.80182e-05
8.88304e-06
5.94448e-05
8.11376e-05
0.000108371
9.47862e-05
0.000213902
0.000225462
9.85519e-07
5.36934e-06
7.92323e-05
9.79114e-05
4.96642e-06
1.3338e-05
1.00693e-05
4.01679e-05
5.53704e-05
5.34733e-05
0.000193272
0.000202307
0.00018311
0.000195282
8.98657e-05
0.0001049
0.000178816
0.000185807
9.89378e-05
7.66243e-05
4.6068e-05
4.92069e-05
6.36111e-05
3.05075e-05
7.71518e-05
4.94794e-05
0.000110175
7.34068e-05
6.25764e-05
4.07614e-05
3.15734e-05
6.84077e-06
7.62034e-07
6.10982e-07
1.92287e-06
1.44774e-06
9.671e-08
2.46812e-08
2.33866e-06
2.07513e-06
2.61753e-06
8.13983e-06
7.01562e-06
5.49134e-06
5.27307e-08
2.20873e-06
3.07108e-06
5.45439e-06
2.49798e-05
1.50412e-05
6.42534e-05
0.000127346
0.00013627
0.00010831
0.000125914
0.000413235
0.000422074
0.000181375
0.000355108
0.000256334
0.000450734
0.000190132
0.000268249
0.000246839
0.000261394
0.000277486
0.000374491
0.000359748
0.000492006
0.000454987
0.00038336
0.000615073
0.000618025
0.000809258
0.000727297
0.000522071
0.000638264
0.000560207
0.000535446
0.00112688
0.00100636
0.000560247
0.000750951
0.000637614
0.000931881
0.0011117
0.000881283
0.00108371
0.0011128
0.00141994
0.00120298
0.00115412
0.00136198
0.00112143
0.000929636
0.00185151
0.00152969
0.000892954
0.00186377
0.00150836
0.000683118
0.000931404
0.000818731
0.0318075
0.0230381
0.0149371
0.00876289
0.00453555
0.00229846
0.00122205
0.000534843
0.000232311
9.03697e-05
1.04478e-05
1.34987e-06
1.77599e-06
2.58668e-05
5.61836e-06
1.85159e-06
3.97773e-06
4.68357e-07
8.15134e-06
8.47081e-06
4.151e-06
3.53853e-06
6.30282e-07
5.43274e-06
7.36734e-07
2.49643e-09
0.00011626
0.00010336
0.000137277
7.25552e-05
4.76395e-05
3.87126e-05
1.11748e-05
1.21738e-05
9.08225e-06
4.39154e-06
6.80838e-06
7.88833e-07
1.84183e-06
7.36968e-10
2.43525e-08
8.92178e-07
4.09834e-08
3.99581e-06
6.25267e-06
1.50084e-06
0.0129079
0.0121796
0.0107619
0.00918528
0.00906554
0.00791762
0.0069889
0.00678766
0.00601361
0.00560769
0.00525235
0.00504562
0.0046078
0.00399129
0.00347763
0.00306727
0.00265915
0.00230283
0.00208289
0.00168689
0.00146382
0.0013302
0.000880908
0.00073608
0.000765314
0.00031574
0.000391818
0.000234192
0.000227384
1.9803e-05
6.07768e-06
2.18568e-05
5.44144e-05
4.27809e-05
0.00024311
0.000281938
0.000335129
0.000337953
0.000201404
0.000219167
0.000260239
0.000164052
0.000137756
0.000150681
0.000140135
0.000125811
0.000123194
0.000115053
0.000108048
8.79604e-05
9.50948e-05
7.08417e-05
5.43664e-05
5.44769e-05
4.82895e-05
2.84859e-05
2.64917e-05
2.29518e-05
3.50683e-05
1.71949e-05
1.2034e-05
8.04548e-06
2.33828e-05
1.4587e-05
2.41638e-09
5.339e-07
1.29978e-06
4.06062e-06
1.74301e-05
5.80787e-05
2.29331e-05
6.80027e-05
8.64446e-05
8.94137e-05
8.91349e-05
0.000113456
8.59988e-05
8.49233e-05
6.45515e-05
0.000105451
0.000163697
0.000254918
0.000112984
0.000268547
0.000304199
0.000256609
0.000281939
0.000172598
0.000280798
0.000238519
0.000293834
0.000240413
0.000252311
0.000438686
0.000313338
0.000378022
0.000367411
0.000278314
0.000305583
0.000222063
0.000324791
0.000375823
0.000575105
0.000280862
0.000420609
0.000410669
0.00059334
0.00043711
0.000752905
0.000516099
0.000727297
0.000551519
0.000501029
0.000332442
0.000359268
0.000809975
0.00065701
0.00081496
0.000524639
0.000689625
0.000845632
0.000388412
0.000493129
0.000416902
0.000529845
0.00043612
0.0005564
0.000641306
0.000589067
0.000803029
0.000487029
0.000670452
0.000518346
0.000651132
0.000744537
0.000507376
0.00062582
0.000698723
0.000547726
0.000740328
4.27306e-05
1.72227e-05
0.000610243
6.4923e-07
3.47554e-06
1.49867e-05
3.91784e-05
6.4876e-05
0.000146623
0.00017641
0.0002257
0.000214429
0.000280545
0.000429185
0.000468049
0.000535097
0.000553979
0.000590915
0.000646873
0.000625923
0.000714005
0.000698942
0.000731855
0.000725649
0.000712793
0.000714269
0.00078476
0.000812115
0.00079719
0.000772696
0.000775475
0.00070943
0.000735752
0.000724618
0.000665634
0.000691222
0.000684402
0.000852662
0.000839016
0.000788607
0.000587565
0.000611197
0.000607222
0.00065112
0.000652977
0.000718667
0.00066694
0.00063994
0.00060879
0.000718256
0.0007343
0.000716838
0.000587538
0.000558224
0.000544289
0.000488718
0.00048223
0.000555032
0.000547529
0.000544751
0.000547227
0.000549776
0.000554157
0.00042557
0.000412236
0.000447868
0.000440389
0.000421068
0.00040282
0.000418927
0.000406444
0.000395246
0.00028146
0.000265514
0.000296418
0.000291136
0.00027419
0.000258254
0.000252176
0.000220401
0.000212901
0.000183423
0.000160944
0.000146939
0.000143986
0.000111459
9.72038e-05
9.35642e-05
8.18353e-05
7.32371e-05
5.8247e-05
5.22116e-05
3.66454e-05
3.07544e-05
2.31883e-05
1.91068e-05
1.57985e-05
1.08174e-05
3.33309e-06
1.50693e-06
6.82418e-07
1.67552e-08
5.17442e-07
1.25596e-06
2.5864e-06
4.25212e-06
7.27362e-06
8.96105e-06
1.1886e-05
1.75713e-05
1.97899e-05
2.20144e-05
2.05374e-05
3.64422e-05
3.26108e-05
3.49387e-05
4.30568e-05
4.50458e-05
5.10933e-05
4.64122e-05
4.6815e-05
4.90726e-05
5.9581e-05
6.05584e-05
6.50639e-05
7.21464e-05
7.01866e-05
7.45476e-05
7.57069e-05
7.20967e-05
7.39119e-05
7.91942e-05
8.0662e-05
9.20724e-05
9.22055e-05
9.29612e-05
9.47519e-05
8.93414e-05
8.78606e-05
8.99549e-05
0.000106067
9.77139e-05
0.000175368
0.000158869
0.000102407
0.000160249
0.000154607
0.000150186
0.000145004
0.000145776
0.000144111
0.00014506
0.000134171
0.000130972
0.000138845
0.000139705
0.000137861
0.000132405
0.000131335
0.000130807
0.000129719
0.000127286
0.00012945
0.000116249
0.000149315
0.000155094
7.60367e-05
7.60335e-05
7.6032e-05
7.59772e-05
7.59505e-05
7.59499e-05
7.59472e-05
7.59706e-05
7.70349e-05
7.65649e-05
7.75614e-05
7.7513e-05
7.78675e-05
0.000435471
0.000474665
0.00240909
0.00230318
0.00204655
0.000294358
0.000243848
0.000707917
0.000529445
0.000460013
0.000168176
0.000130436
0.000122543
0.000120067
3.29939e-06
8.5721e-07
0.000164495
0.000173573
0.000159723
0.000115576
0.000126397
0.000101571
0.000104818
0.000112887
9.25752e-05
0.000181548
0.00019208
0.000331389
0.000325605
0.000400762
0.000384932
0.00027232
0.000258819
0.000548831
0.000398278
0.000376217
0.000384428
0.000368853
0.000321516
0.000230085
0.00030894
0.000292268
0.000255719
0.000232528
0.000218257
0.000355289
0.000330139
0.000288254
0.000154007
0.00168893
0.00129734
0.00131405
0.00105936
0.000762946
0.000589683
0.000445653
0.000399903
0.00033516
0.000247574
0.000306941
0.000220518
0.000201846
0.000175391
0.000124681
0.0001017
7.1758e-05
8.46792e-05
5.29097e-05
4.5103e-05
6.13546e-05
3.6012e-05
3.62689e-05
4.96299e-07
5.30132e-07
5.68741e-07
2.46611e-06
7.14368e-06
5.12069e-06
4.06883e-06
2.55284e-07
1.0085e-06
2.00305e-07
7.36326e-05
8.71987e-05
6.9734e-05
3.47888e-05
2.37529e-05
3.96777e-05
3.38176e-05
2.6967e-05
1.00729e-05
0.00409754
0.00269459
0.00210876
0.00161481
0.00134836
0.000858452
0.000637891
0.000252668
0.000172314
0.000197899
0.000355002
0.000258254
0.000484951
0.000347125
0.000285338
4.42507e-05
2.42174e-05
2.14423e-05
0.00014761
0.000203367
0.000138265
1.51001e-05
5.38788e-06
4.5655e-06
1.50294e-05
2.50843e-05
3.13715e-05
5.61762e-05
6.40671e-05
7.55232e-05
7.64224e-05
7.26747e-06
2.33561e-06
2.90164e-06
1.12302e-07
2.5344e-07
4.88768e-07
1.09871e-05
3.39899e-06
4.24217e-06
2.54322e-07
1.15525e-08
1.18501e-06
7.35752e-07
1.09176e-05
0.000234649
0.00019534
9.22997e-06
4.24048e-06
0.000792105
0.000590426
0.00135332
0.00151585
0.00123696
0.00088835
0.000556288
0.000374387
0.000294211
0.000320439
0.000216137
9.37136e-05
5.52377e-05
4.93504e-05
4.00731e-05
2.36709e-05
4.32582e-05
2.73e-05
2.27502e-06
1.10319e-07
5.89327e-07
9.2244e-07
1.84745e-07
3.57351e-07
2.57115e-07
3.80228e-07
3.42304e-07
7.06475e-06
1.87106e-06
2.95095e-06
1.65885e-05
1.05871e-05
1.71472e-07
1.31097e-07
6.23565e-06
5.41025e-06
8.40138e-07
7.05722e-07
2.32304e-06
2.84042e-06
1.08025e-05
1.12729e-06
0.000477968
0.000406799
0.00072729
0.00267789
0.00173741
0.0014416
0.00124242
0.000581595
0.000331198
4.45897e-05
2.26632e-05
6.88672e-05
1.56653e-05
0.000161451
0.000190486
0.000126761
0.000113508
5.9927e-05
7.91147e-05
6.85392e-05
7.80244e-05
5.72384e-05
4.71007e-05
5.51916e-05
6.76441e-05
6.05199e-05
4.83944e-05
6.10667e-05
3.77288e-05
5.36026e-05
5.34161e-05
2.30486e-05
3.44172e-05
3.12362e-05
9.6858e-06
5.35946e-06
4.52359e-06
3.38931e-08
1.62796e-08
1.20998e-06
5.98611e-07
2.50395e-05
7.36532e-06
1.32974e-05
1.64753e-05
3.72578e-05
4.61939e-05
2.90897e-05
6.07318e-05
1.86585e-05
4.13836e-05
6.40725e-05
9.43822e-05
0.00010382
5.92236e-05
8.64506e-05
0.000117046
7.67398e-05
0.000101396
8.94544e-05
0.000137828
0.000182481
0.000246102
0.000232517
0.000156331
0.000242359
0.000654
0.000568429
0.000327268
0.000370761
0.000262668
0.000230677
0.00014576
9.16864e-05
6.56525e-05
3.62957e-05
6.00591e-06
1.35441e-10
9.62534e-07
1.37716e-06
4.01076e-06
9.29437e-06
2.32767e-05
3.33983e-05
6.77717e-05
0.000101287
0.000114751
0.00016051
0.000129347
0.000146154
0.000191743
0.000260891
0.000344519
0.000340853
0.000401995
0.000467631
0.000492139
0.000647465
0.000762118
0.000716638
0.000738154
0.000844211
0.000880753
0.000949268
0.000957551
0.00102179
0.00113972
0.00116662
0.00126203
0.00130037
0.00138524
0.00136086
0.00138282
0.00143603
0.00154366
0.00120054
0.00123186
0.00121796
0.00144861
0.0014295
0.00143319
0.00116791
0.00117967
0.00124862
0.00127371
0.00127909
0.00158591
0.00147997
0.00150951
0.00120068
0.00127226
0.00121063
0.00131127
0.0013263
0.0012157
0.00114681
0.00116348
0.00106456
0.00110604
0.00102261
0.00091428
0.000850502
0.000929531
0.000869179
0.000803595
0.000704801
0.000756756
0.000680615
0.000703575
0.000656126
0.000697992
0.000627652
0.000685867
0.000629802
0.000558111
0.000459071
0.000393524
0.00046274
0.00034846
0.000354504
0.000319158
0.000246802
0.000229507
0.000192072
0.000204694
0.000192332
0.000153938
0.000102326
8.86741e-05
6.31945e-05
6.08429e-05
3.11319e-05
2.06844e-05
1.4353e-05
5.50044e-06
2.72887e-06
1.37414e-08
3.43396e-07
1.35112e-06
4.3489e-06
8.14042e-06
1.45419e-05
2.27862e-05
2.76543e-05
3.55064e-05
3.88173e-05
4.19048e-05
4.7703e-05
5.87801e-05
6.76103e-05
7.43548e-05
7.73583e-05
8.25402e-05
8.90918e-05
9.59241e-05
0.000101865
0.00012148
0.000125076
0.000121505
0.000128388
0.000132074
0.00013802
0.000139156
0.000146466
0.000161873
0.000163967
0.000171126
0.000180146
0.000182723
0.000184021
0.000186332
0.000195376
0.000196641
0.000196204
0.000221317
0.000223258
0.000232645
0.000250508
0.000253661
0.000192009
0.000193469
0.000205061
0.000205488
0.00018693
0.000177589
0.000175627
0.000251037
3.79559e-07
0.00404577
5.20514e-07
8.6108e-05
0.000106813
9.77949e-05
0.00107229
0.00050104
0.000843066
0.000811128
0.000417666
0.0004561
4.62986e-06
4.00429e-09
1.35249e-08
0.000579435
0.000423201
0.000392602
0.00194671
0.00160411
0.00143361
0.00202355
0.0017581
0.00160616
0.00190114
0.00165189
0.00153443
0.00110531
0.000921986
0.000672667
0.000577096
0.000389873
0.00035313
0.00023607
0.000210417
5.24619e-05
2.85343e-05
2.62105e-05
4.31863e-05
2.74119e-05
2.61354e-05
8.61196e-06
2.29306e-06
4.05902e-06
1.15688e-05
2.35024e-05
2.40915e-05
7.75426e-05
9.22643e-05
3.35101e-05
2.81948e-05
9.42597e-05
7.63374e-05
0.000209942
0.000202432
0.000169084
0.000105794
8.39222e-05
6.78637e-05
7.54465e-05
5.803e-05
5.38219e-05
4.07368e-06
1.37458e-06
6.24265e-07
1.56416e-05
1.6313e-05
1.39007e-05
8.48013e-06
1.88868e-05
6.62371e-07
1.40891e-06
3.14532e-05
1.19626e-05
8.17163e-06
3.84427e-07
1.5587e-06
2.04666e-06
3.49022e-06
3.48757e-06
3.18309e-06
3.7044e-06
2.91615e-06
3.64447e-06
1.05178e-05
5.14277e-06
2.54351e-06
1.32307e-06
2.55136e-08
1.03504e-05
2.10415e-05
1.98687e-05
5.02442e-06
1.10474e-05
1.15589e-05
1.88172e-06
2.94767e-07
2.05316e-07
1.07051e-05
2.5787e-06
6.72641e-08
1.78553e-06
1.11907e-06
3.58173e-07
8.17177e-07
8.23292e-06
1.89039e-05
1.46094e-05
3.21722e-06
8.52475e-08
1.41772e-05
2.27498e-05
2.33163e-05
3.44237e-05
0.000115586
0.000138535
0.000123845
5.83583e-05
6.73511e-05
7.69162e-05
5.26761e-05
6.45584e-05
3.95898e-05
5.41061e-05
5.01821e-05
4.64873e-05
5.68178e-05
5.29176e-05
6.3502e-05
5.65012e-05
6.98331e-05
3.74638e-05
5.11752e-05
4.52387e-05
7.12084e-05
8.12609e-05
2.8485e-05
3.97959e-05
3.41675e-05
6.63568e-05
7.8524e-05
0.00010054
0.000106447
7.54272e-05
8.92175e-05
8.25179e-05
0.000155017
0.000157234
9.16575e-05
9.23344e-05
6.74019e-05
7.70097e-05
6.86556e-05
4.61729e-05
5.02351e-05
5.45337e-05
7.48088e-05
7.97524e-05
3.66684e-05
4.0795e-05
3.20659e-05
5.61062e-05
5.67609e-05
5.45072e-05
4.97963e-05
4.50869e-05
3.10484e-05
2.64326e-05
1.18838e-05
8.08314e-06
2.57141e-05
2.37878e-05
1.74231e-05
6.07682e-06
3.35062e-06
1.08472e-05
4.8972e-05
1.3021e-05
0.0177842
0.0152003
0.014252
0.011448
0.0107314
0.0121003
0.00983821
0.00822917
0.000121329
0.000348686
0.000315705
0.000584598
0.000471753
0.00040796
0.000643571
0.000552546
0.000555175
0.000695896
0.000549182
0.000562406
0.000420125
0.000442103
0.000348338
0.00040844
0.000282519
0.000281369
0.00013438
3.83029e-05
2.41784e-05
3.5814e-05
1.29988e-05
1.73637e-05
0.000197734
0.000117903
0.000218785
0.000447649
0.000601014
0.000643481
0.00097177
0.000821152
0.000873246
0.000518737
0.000535437
0.000589119
0.000334399
0.000279387
0.00029675
0.000214315
0.000176966
0.000186315
0.00022523
0.000185957
0.000171753
0.000136041
0.000161659
0.000124229
9.21622e-05
0.000126597
0.000123034
6.18037e-05
6.85948e-05
6.16428e-05
3.67992e-05
2.99514e-05
4.40443e-05
1.19409e-05
1.38396e-05
1.28327e-06
3.44667e-07
1.95126e-07
6.56856e-08
6.95641e-06
6.1208e-06
1.9652e-05
1.53974e-06
2.25419e-05
2.86921e-05
1.31705e-05
2.24001e-05
7.06941e-06
3.41194e-05
9.38591e-05
0.000130765
9.67595e-05
2.98919e-05
9.27571e-05
0.000103684
5.65087e-05
8.26457e-05
9.60737e-05
0.000102775
0.000181373
0.000112273
0.000158605
8.09072e-05
0.000155549
8.90598e-05
0.000137629
0.000234557
0.000320277
0.000373024
0.000222144
0.000361115
0.000182617
0.00032477
0.000222408
0.000375574
0.000359292
0.000272516
0.000374776
0.000464391
0.000290736
0.000469093
0.000446412
0.000643004
0.000326985
0.000397072
0.000530746
0.000408939
0.000696718
0.000557936
0.000649285
0.000387947
0.000766199
0.000427021
0.000452141
0.000536601
0.000787037
0.000586989
0.000757543
0.000609257
0.000786688
0.000828208
0.00100179
0.00103552
0.00064134
0.00077833
0.000838932
0.000462685
0.000587421
0.000658573
0.000937692
0.000594777
0.000828914
0.000984907
0.000992647
0.000615167
0.000786839
0.00111281
0.00060665
0.000759181
0.000728348
0.000869522
0.000251688
0.000264956
0.000362188
0.000190817
0.000896703
0.00033797
0.000269373
0.000271731
0.00026196
0.000265413
0.000384654
0.000378803
0.000346124
0.00035864
0.000357809
0.000377893
0.000217941
0.000174993
0.000187854
0.000345804
0.000345552
0.000408959
0.000269996
0.000214561
0.000228719
0.000223308
0.000270832
0.000257442
0.000255373
0.000238049
0.000250407
0.00025158
0.000303074
0.000313031
0.00030059
0.000233183
0.000235774
0.000277343
0.000273215
0.0001886
0.000187708
0.00027905
0.000271694
0.000246072
0.000237467
0.000244909
0.000248366
0.000262441
0.000254685
0.000212263
0.000221228
0.000218965
0.000250262
0.000258717
0.000252446
0.000235894
0.000242368
0.000239342
0.000254896
0.000255693
0.000236825
0.000225933
0.000224255
0.000216002
0.000204851
0.000191313
0.000216097
0.000218152
0.000204996
0.000193047
0.000188047
0.000181763
0.000141083
0.000129203
0.000127742
0.000121932
0.000117533
0.000134878
0.000122859
0.000102538
0.000101659
8.02973e-05
7.1595e-05
6.50061e-05
5.71118e-05
3.88114e-05
3.53944e-05
2.92743e-05
1.8012e-05
1.32848e-05
1.89685e-05
1.42675e-05
1.35337e-05
1.10417e-05
7.38825e-06
1.75108e-06
1.77671e-06
6.61847e-07
2.02479e-07
1.00801e-06
2.27741e-06
3.37936e-06
5.78871e-06
7.78435e-06
9.32974e-06
1.15602e-05
1.79527e-05
2.14292e-05
2.28016e-05
2.43813e-05
2.5743e-05
2.73746e-05
3.16868e-05
4.13805e-05
3.34504e-05
5.05763e-05
5.54101e-05
6.0983e-05
6.41452e-05
6.47896e-05
6.96797e-05
7.07523e-05
7.28133e-05
6.77012e-05
6.77827e-05
7.32722e-05
7.47043e-05
7.90961e-05
5.02962e-05
5.24752e-05
5.26824e-05
5.29074e-05
5.5283e-05
4.61283e-05
4.5654e-05
4.71031e-05
5.4039e-05
5.44296e-05
5.57074e-05
5.52619e-05
5.70893e-05
5.53273e-05
5.48141e-05
5.57004e-05
5.23362e-05
5.13715e-05
5.8004e-05
5.74899e-05
5.96699e-05
5.28363e-05
5.25233e-05
5.57995e-05
5.60784e-05
4.93828e-05
4.94021e-05
4.38336e-05
4.32362e-05
4.37515e-05
4.84648e-05
4.88347e-05
4.16236e-05
4.37141e-05
4.18319e-05
4.16514e-05
4.30296e-05
4.69403e-05
4.70004e-05
4.80203e-05
4.79297e-05
5.15286e-05
5.10593e-05
5.2099e-05
2.36149e-05
2.47967e-05
2.50308e-05
0.000106375
0.000106079
0.000108427
0.000108438
0.000109636
0.00011297
0.000112985
0.000113153
0.000107804
0.000108837
8.34896e-05
8.3396e-05
0.000102838
8.20693e-05
8.15066e-05
8.13695e-05
