0.000488865
0.000343863
0.000281483
0.000198882
0.000126608
9.22775e-05
6.19723e-05
6.12293e-05
0.00280537
0.00265361
0.00281763
0.00225585
0.00244668
0.00204762
0.00169044
0.001441
0.00109998
0.000790642
0.000537685
0.000346495
8.31906e-05
5.39566e-07
4.14356e-05
0.00019255
0.000385792
0.000433256
0.000817796
0.00115167
0.00129154
0.00116307
0.000998479
0.000666355
0.000604157
0.000284987
0.000221547
0.000144374
6.79454e-05
8.24533e-05
4.39849e-05
3.38914e-05
1.99644e-06
5.78704e-06
1.32155e-09
9.69871e-06
4.52075e-06
2.65694e-06
7.92342e-06
1.18851e-05
1.1032e-05
3.68394e-06
1.78797e-08
4.3179e-06
9.74366e-06
2.932e-07
1.57091e-07
2.14991e-06
3.10918e-06
2.36817e-05
1.72646e-05
2.50706e-05
6.42182e-05
3.59311e-05
2.74829e-05
0.000127245
0.000226928
2.65194e-05
0.000133302
0.000285562
0.000121594
0.000221101
0.000313943
0.000767619
0.000472638
0.000708296
0.000888234
0.000838573
0.000835407
0.000578823
0.000467536
0.00119643
0.00137025
0.000570925
0.000488087
0.0013204
0.00124027
0.00110637
0.001081
0.00101627
0.000922242
0.00111258
0.00094722
0.000902913
0.000830455
0.00080928
0.000820965
0.000645408
0.000829943
0.000752696
0.000704153
0.000611481
0.000652739
0.000541276
0.000541141
0.000626607
0.000532951
0.000408197
0.000411293
0.000358929
0.000369628
0.000374564
0.000297323
0.000351731
0.000279083
0.000243954
0.000194383
0.000197876
0.000165647
0.000144329
9.89598e-05
0.000105472
8.97018e-05
4.4923e-05
6.44892e-05
3.79236e-05
4.02244e-05
2.22905e-05
1.478e-05
1.46208e-05
5.47321e-06
4.12713e-06
1.24684e-06
6.66084e-07
1.03782e-10
2.91583e-07
3.24653e-08
9.51982e-07
6.89146e-08
8.3466e-08
1.83017e-07
2.51211e-07
7.9985e-08
1.43789e-07
2.3085e-07
1.33397e-07
1.47891e-08
2.50897e-06
9.37278e-07
1.70302e-06
4.67145e-06
6.1243e-06
2.98453e-06
4.39885e-06
5.96237e-06
5.00578e-06
9.50212e-06
9.82652e-06
3.12738e-06
1.37349e-05
5.9949e-06
8.07534e-07
9.7174e-06
7.71459e-05
8.18717e-05
9.26291e-05
9.80553e-05
0.000212302
7.59055e-06
0.000227323
0.00114279
0.00232114
0.000286034
0.0015107
1.46532e-05
0.000644426
0.000550883
0.000196419
0.000172091
0.000435313
0.000416099
0.000286034
9.99398e-05
7.9206e-06
1.70775e-06
0.000131239
0.000385186
0.000549505
0.000993849
0.00142387
0.00180152
0.00185631
0.00161824
0.00154727
0.00130472
0.00173624
0.00132118
0.000769318
0.000456005
0.000288213
0.000407485
0.000667666
0.000924044
0.000198966
0.000179365
0.000146229
3.41487e-05
9.13019e-05
2.0851e-06
5.01596e-07
3.20638e-09
1.26973e-05
6.02744e-06
8.51098e-07
8.35019e-08
2.23553e-06
8.61327e-06
6.77316e-06
1.18089e-05
4.48937e-05
2.19537e-05
8.49841e-05
0.000102112
2.37947e-05
1.06414e-05
5.09258e-05
1.57886e-05
1.3494e-07
0.000510144
0.000795801
0.0112982
0.00745907
0.00488684
0.00343791
0.00214964
0.00132579
0.000709566
0.000454054
0.000218052
0.000187132
5.59331e-05
0.00680669
0.00670324
0.00645419
0.0057982
0.00507409
0.0049742
0.00422717
0.00376043
0.00310495
0.00223866
0.00151197
0.00070163
0.000147053
4.66149e-07
0.000179283
0.00110817
0.00198483
0.00169783
0.00141957
0.00118269
0.000965363
0.000928987
0.000758381
0.000553728
0.000459334
0.000340098
0.000204059
0.000161146
0.000119218
1.10389e-05
9.86705e-06
3.16043e-06
2.62465e-05
1.02107e-05
1.13755e-05
9.60324e-06
1.65073e-05
6.51697e-05
8.78647e-05
4.30459e-05
5.49671e-05
3.6517e-05
3.19178e-05
6.09729e-05
3.43903e-07
5.00705e-05
2.63309e-05
8.46689e-05
0.000103852
6.54104e-05
8.25026e-05
7.85126e-05
0.000109359
0.000165966
0.00015623
0.000204066
0.000182676
0.000341143
0.000281636
0.00046108
0.000483226
0.000401609
0.00102871
0.00122187
0.000645175
0.000690696
0.000452776
0.000144866
0.000132716
0.000307832
0.000244816
0.00032465
0.000321458
0.000414595
0.000160971
0.000158031
0.00046416
6.88342e-05
0.000159709
0.000342467
0.000330886
0.000326007
0.000257583
0.000195174
5.68412e-05
0.000120193
6.7893e-05
8.59661e-05
8.89813e-05
6.41286e-05
6.28466e-05
8.78286e-05
6.92733e-05
5.04675e-05
4.11892e-05
3.62978e-05
4.40909e-05
4.71042e-05
4.39674e-05
4.41095e-05
3.31089e-05
2.56752e-05
2.26752e-05
2.0815e-05
1.87803e-05
1.83698e-05
8.34486e-06
8.07e-06
7.70287e-06
3.18758e-06
9.29845e-10
1.96822e-07
1.24699e-06
1.56736e-08
1.34695e-07
2.79145e-06
1.69701e-06
4.64654e-07
1.00652e-05
4.13599e-06
1.41279e-05
2.31902e-05
5.97508e-06
5.19214e-07
2.19802e-06
1.06669e-06
4.78889e-07
3.95271e-07
3.06295e-06
4.84658e-07
5.70135e-07
6.55111e-07
2.94689e-07
1.07215e-06
2.39734e-06
1.77856e-06
1.03488e-06
6.5238e-08
1.84986e-06
1.83004e-06
2.58111e-06
1.31969e-05
1.30673e-06
2.64341e-07
9.44205e-09
1.9048e-06
6.41573e-05
6.62943e-05
6.98604e-05
6.94585e-05
7.01989e-05
8.50716e-05
2.4205e-05
3.36598e-05
8.39459e-05
0.00243792
0.00500462
0.00010504
0.00649871
0.000408476
0.000241419
0.000186601
0.00579972
0.00477203
0.00319789
0.00217728
0.00113189
0.000464159
0.00034557
5.34429e-05
6.65559e-05
1.18384e-05
1.78925e-05
5.1958e-05
0.000120268
3.1087e-06
1.1215e-05
3.38084e-05
1.63344e-05
2.5493e-05
0.00013069
3.48603e-05
8.34685e-05
1.73823e-05
4.02517e-05
0.000128396
0.000157752
5.25511e-05
0.000142377
0.000334135
0.000221954
0.00476048
0.0027735
0.00729534
0.00481687
0.00344677
0.00247016
0.00121187
0.00225059
0.00325984
0.00348856
0.00145919
0.000855001
0.000989851
0.000172803
0.000562809
0.000206943
4.45673e-05
7.72703e-05
3.87354e-05
2.42922e-06
3.84623e-06
2.70751e-07
5.81925e-07
7.9471e-06
2.06161e-06
1.14238e-06
4.76818e-06
1.29008e-05
2.45133e-05
9.59332e-06
1.7535e-05
1.44129e-05
3.87607e-06
0.00848694
0.00398487
0.00161957
0.000633954
0.000184891
6.1253e-05
4.7795e-05
1.52018e-07
0.0153629
0.0138912
0.0124783
0.0111126
0.00950425
0.00774793
0.00649171
0.00357906
0.00281923
0.00164134
0.000653035
9.31836e-05
1.11651e-05
0.000361354
0.00108416
0.00112898
0.000923058
0.000826283
0.00066574
0.000647037
0.000531188
0.000407732
0.000243648
0.000177761
0.000112776
7.3937e-05
3.47824e-05
2.13796e-06
3.81557e-08
1.42966e-06
8.23084e-05
6.21035e-05
0.00011308
0.000116503
0.000122768
0.000137229
0.000115996
0.000150279
0.000162376
0.000157534
0.000282289
0.000162572
0.000276859
0.000285591
0.000346274
0.000435768
0.000427827
0.000513188
0.000499426
0.000457691
0.0004908
0.000568507
0.000644407
0.000584914
0.000572866
0.000774811
0.00101042
0.000614719
0.000711046
0.000671501
0.000155779
5.07309e-05
0.000101464
0.000376721
0.000350601
0.000572846
0.000783581
0.000886897
0.000493832
0.000344802
0.000991524
0.000854777
0.000383382
0.000388755
0.000336169
0.000311541
0.000290279
0.000266897
0.00031195
0.000230438
0.000292062
0.000271599
0.000344154
0.000267643
0.000284234
0.000220079
0.000266419
0.000275381
0.000236653
0.000207517
0.000191902
0.000242288
0.000256663
0.00021741
0.00024716
0.000227976
0.000211531
0.000241576
0.000175561
0.000232909
0.000153496
0.000185976
0.000151147
0.000137211
0.000147772
0.000134145
0.000120637
0.000100045
7.05859e-05
7.9561e-05
7.04417e-05
5.03693e-05
3.70916e-05
2.29042e-05
1.03852e-05
5.47758e-06
1.16765e-05
2.81448e-06
6.43608e-09
1.29748e-06
4.87585e-06
1.57626e-05
3.12271e-05
3.66516e-05
4.56349e-05
5.7997e-05
6.92788e-05
8.04999e-05
0.000102284
0.000102308
0.000124642
0.000132658
0.000141222
0.000152154
0.000161429
0.000163202
0.000165449
0.000176674
0.000168866
0.00017237
0.000176074
0.000176598
0.000183561
0.000185842
0.000182788
0.000177602
0.000210674
1.85777e-05
1.86238e-05
1.86483e-05
1.86826e-05
1.8715e-05
1.8756e-05
1.87836e-05
0.000829217
5.9087e-06
0.00203195
0.00737655
0.00627203
0.00575029
0.00482893
0.00389446
0.00313781
0.00204698
0.00123428
0.00087513
0.00423856
0.00581475
0.00427366
0.00353607
0.00254766
0.0017968
0.00146523
0.000742326
0.000427279
0.000430643
0.000158473
6.30295e-05
3.4583e-05
1.84619e-06
8.6255e-08
4.74545e-05
3.85808e-05
3.92538e-05
0.00423106
0.00307901
0.00215879
0.00155853
0.000982058
0.00072711
0.00035501
0.000210794
0.00010328
5.37233e-05
8.92073e-06
0.00424803
0.00241892
0.00188106
0.00113307
0.00050626
0.000146732
7.49229e-05
7.47493e-05
0.000102254
3.14441e-06
4.2177e-05
3.40685e-06
5.43924e-05
0.000151195
3.32722e-05
1.05236e-06
4.47428e-05
3.7304e-05
0.0065263
0.00374494
0.00180293
0.00308588
0.0013185
0.000684542
0.00033855
0.000282907
9.8081e-05
0.0183719
0.0162607
0.0146472
0.0120218
0.0103839
0.0063177
0.00460791
0.002691
4.93565e-05
0.000302575
0.000221812
0.000232374
0.000193303
0.000166185
0.000162642
0.000113203
6.8192e-05
3.3513e-05
3.11227e-06
4.31983e-07
7.40145e-06
5.16864e-05
4.39744e-05
3.45613e-05
7.51867e-05
7.61801e-05
0.000105031
6.75752e-05
0.000149166
0.00021173
0.000279503
0.000392397
0.000245458
0.000230909
0.00029478
0.000367844
0.000771059
0.000817189
0.000640297
0.00102285
0.000793242
0.000662392
0.000867613
0.000589125
8.23684e-05
0.000439802
5.04897e-05
9.89526e-06
2.27005e-05
7.69037e-05
0.000130548
0.000215395
0.000424142
0.000480871
0.000618524
0.000699001
0.000662658
0.000637228
0.000630745
0.000666212
0.000728075
0.00073234
0.000668029
0.000649722
0.000673576
0.000716221
0.000722162
0.000778892
0.000738161
0.00077548
0.000711136
0.000715608
0.000725355
0.000646912
0.000657392
0.00066019
0.00072535
0.000679537
0.000655643
0.000656445
0.000597346
0.000519912
0.000457077
0.000385995
0.000286271
0.00025332
0.000179364
0.000115099
7.11379e-05
3.528e-05
9.29303e-06
7.80354e-07
1.11424e-06
9.67036e-06
1.85978e-05
3.90892e-05
6.42918e-05
6.98204e-05
0.000116452
0.000101017
0.000125322
0.000159429
0.000127547
0.000167994
0.000174483
0.000155238
0.000191621
0.000175319
0.000191802
0.000204007
0.000185463
0.000178034
0.000185496
0.000226077
0.000224609
0.000218473
0.000185829
0.000224704
9.04243e-05
0.000139373
0.000104787
0.000179016
1.48317e-05
1.4904e-05
1.48947e-05
1.48376e-05
1.44703e-05
1.44672e-05
9.80244e-05
9.76324e-05
0.00302904
0.00573605
0.0157861
0.0129765
0.0101072
0.00910473
0.00722526
0.00718973
0.00594932
0.00445357
0.00389945
0.00141953
0.000779917
0.000598774
0.000377505
0.000116873
4.48093e-05
3.1226e-06
4.54266e-06
8.71967e-06
1.01005e-05
0.000113303
0.000227581
9.54299e-05
0.000104624
0.000224187
0.000182609
0.000364099
0.000131502
0.000135392
3.90498e-06
3.47226e-06
0.000842734
0.000457113
0.000349103
0.000181889
1.73259e-05
1.74517e-07
2.75358e-06
7.35209e-06
3.29487e-05
1.71628e-06
2.09993e-05
3.42207e-05
0.00616061
0.00346781
0.00193113
0.00111813
0.00063564
0.000200533
8.7598e-05
5.12924e-05
5.3401e-06
1.04215e-05
1.3465e-05
7.11724e-06
1.27209e-07
3.40801e-06
3.61988e-06
1.35135e-05
1.49899e-05
3.15455e-05
2.16574e-05
9.11901e-06
1.05645e-05
6.68772e-05
5.59133e-05
1.8837e-06
0.0137874
0.0126739
0.0107585
0.00959489
0.00795039
0.00582324
0.00432975
0.00297873
0.00154564
0.000509546
5.79282e-05
7.27729e-05
0.000418752
0.000315505
0.000320525
0.000255702
0.000231235
0.00026959
0.000220174
0.000202765
0.000173663
0.00015408
9.34774e-05
3.35048e-05
1.4161e-05
2.03705e-06
1.81384e-06
3.6227e-06
4.02381e-05
6.7549e-05
6.79954e-05
5.79187e-05
9.54921e-05
7.91486e-05
0.000128198
0.000107327
0.000104719
6.15287e-05
5.75244e-05
0.000130358
0.000140577
0.00032864
0.000305984
0.000436403
0.000542861
0.000452526
0.000592301
0.000619972
0.000840565
0.000609501
0.000706716
0.000894975
0.000977337
0.00106155
0.000830784
0.000805586
0.000972066
1.27747e-05
0.000145296
0.000305338
0.000391621
0.000450736
0.00060192
0.000642471
0.000641712
0.000578417
0.000576759
0.000724231
0.000702372
0.000619746
0.000640654
0.000648094
0.000591193
0.000594651
0.000494632
0.00043977
0.000535943
0.000431875
0.000326536
0.000299754
0.000315239
0.000320664
0.0003292
0.000390086
0.000396464
0.000305743
0.000321275
0.000291598
0.000265318
0.000260678
0.000213931
0.000224733
0.00023003
0.000219041
0.000205618
0.000166034
0.000163135
0.000148241
0.000127072
0.000127607
0.000101338
9.44694e-05
5.85108e-05
5.30232e-05
3.40224e-05
2.65076e-05
2.10102e-05
5.15902e-06
4.654e-06
1.69998e-06
1.51707e-06
4.34114e-07
6.16313e-07
1.9157e-06
6.21411e-07
3.35608e-07
1.04596e-06
3.12831e-06
4.9626e-06
9.02473e-06
7.84521e-06
1.55976e-05
1.40612e-05
1.73945e-05
1.67029e-05
2.3001e-05
2.68559e-05
2.46701e-05
2.67025e-05
6.50585e-05
2.82714e-05
2.28173e-05
2.34424e-05
2.37317e-05
2.44694e-05
2.54873e-05
2.66024e-05
1.92925e-05
0.000328227
0.00577916
0.00104672
5.01521e-06
0.00012797
8.927e-05
5.86488e-05
3.99864e-05
1.64827e-05
7.28602e-05
0.000245823
0.000604147
0.000411929
0.0413892
0.03524
0.0292934
0.0234772
0.0177384
0.0132905
0.0089226
0.00581946
0.00377211
0.00229796
0.00111909
0.000970115
0.000333553
1.58737e-06
3.54799e-05
0.000825255
0.000670758
0.000517871
0.000713398
0.000506404
0.000384499
0.000589011
0.000727524
0.000251688
0.000234151
0.000299721
0.0001856
0.000218222
0.00019247
0.000135543
0.000355216
0.000275036
0.000288306
0.00748909
0.00658214
0.00452103
0.0041502
0.00342146
0.00277957
0.00254186
0.00192399
0.00157905
0.00146121
0.00117667
0.00111481
0.0008678
0.000889049
0.000784507
0.000912101
0.000697762
0.000705373
0.000661325
0.000501897
0.000458034
0.00012815
9.8823e-05
0.00010693
0.000118341
0.000177447
0.000167308
0.000106245
2.61965e-06
0.000106715
0.000227528
0.000420528
0.000506389
0.00042747
0.00031251
1.30176e-05
0.000253528
0.00078528
0.00185813
0.00237033
0.00183344
0.00133485
0.000899145
0.000910399
0.000660549
0.000479605
0.000336467
0.000202022
0.000244218
0.000179045
0.000143477
1.90524e-06
1.7123e-05
6.6527e-06
2.26559e-05
6.11852e-05
3.35422e-05
0.000113303
8.96227e-05
0.000160857
0.000112966
6.38757e-05
4.91463e-05
6.95226e-05
7.37724e-05
1.77887e-05
1.22517e-05
5.4299e-05
0.000133412
0.000259098
0.000245374
0.000391937
0.000335049
0.000365646
0.000474578
0.000363716
0.000359262
0.000384473
0.000581819
0.000346898
0.000407253
0.000685352
0.000435112
0.000586216
0.000708409
0.000319093
0.000446947
0.000640123
0.000439498
1.80951e-06
0.000107486
0.000124286
0.000110148
0.000142315
0.00012983
0.000125403
6.52592e-05
7.64497e-05
7.91221e-05
2.63936e-05
2.1855e-05
3.90915e-05
5.29696e-05
5.04452e-05
5.92866e-05
7.45354e-05
6.15522e-05
7.39982e-05
7.99816e-05
8.0357e-05
7.52679e-05
3.43742e-05
3.32147e-05
2.5791e-05
2.46092e-05
3.00264e-05
3.25468e-05
3.47121e-05
2.21658e-05
1.86441e-05
1.28314e-05
1.24454e-05
1.03801e-05
1.51391e-05
7.78189e-06
4.53874e-06
1.71833e-05
7.08601e-06
9.66052e-06
8.38498e-06
7.69935e-06
2.08291e-06
1.56712e-06
1.74829e-08
5.84083e-07
7.46217e-06
1.26858e-05
4.59729e-06
2.50413e-05
1.12865e-05
1.32458e-05
3.64243e-05
2.05214e-05
2.30039e-05
5.84941e-05
6.53444e-05
3.16129e-05
5.22789e-05
3.56795e-05
1.33981e-05
1.23949e-05
1.3908e-05
1.19171e-05
1.27995e-05
9.05353e-06
1.43131e-05
7.32338e-06
1.11897e-05
1.18509e-05
4.70301e-06
7.86794e-06
8.97679e-06
1.04048e-05
1.14558e-05
1.03056e-06
6.32433e-09
6.03854e-05
6.3242e-05
6.54413e-05
7.11933e-05
7.5539e-05
9.11598e-05
3.12397e-05
3.15165e-05
0.00364069
0.000240443
0.00526941
0.0115473
0.0101489
0.00990965
0.00879299
0.00656318
0.00479824
0.00409996
0.00242904
0.00146853
0.00111929
0.000484498
0.000325607
0.000121742
0.000156471
9.50165e-05
9.56527e-07
2.66487e-06
1.14651e-05
1.25609e-05
5.4941e-05
6.74877e-05
7.5353e-05
0.000271983
3.52692e-05
5.38549e-05
1.969e-05
5.97122e-05
6.37222e-05
0.000236097
0.000137583
0.000168687
0.00800356
0.00502419
0.00366399
0.00197323
0.00701634
0.00482625
0.00157284
0.00184825
0.00266733
0.00261765
0.00952401
0.00721261
0.00803704
0.00568724
0.00255427
0.00134966
0.00174454
0.00122097
0.000324016
0.000320342
2.98578e-05
2.63688e-07
0.000848041
0.00118635
0.00144385
0.00111415
0.000605868
0.00063165
0.000525663
0.000234931
0.000271477
0.00206072
0.0343302
0.0245788
0.0156639
0.00853624
0.00392034
0.00179034
0.000543377
0.000233533
8.15853e-05
0.0183302
0.0166656
0.015331
0.0137392
0.0119492
0.010435
0.0088205
0.00703102
0.00519663
0.00376041
0.00206866
0.000842705
0.000865457
0.000200346
6.84335e-08
0.000255563
0.000884554
0.000817644
0.000640295
0.000634243
0.000568657
0.000443678
0.000385136
0.000225766
0.000137419
0.000110139
4.47919e-05
3.25086e-05
8.46114e-06
8.91977e-07
1.13923e-05
4.51936e-05
5.75298e-05
0.000109195
8.17327e-05
0.000141579
0.000153771
0.000216798
0.00018578
0.00022983
0.000141882
0.00022375
0.000175408
0.000339425
0.0003552
0.000336624
0.000318321
0.000394279
0.000409395
0.00042855
0.000462492
0.000456413
0.000424381
0.00046778
0.000671427
0.000775478
0.000988457
0.000694615
0.000848244
0.00121606
0.000710056
0.000378109
0.000192394
0.000123396
0.000473401
0.000498846
0.00070394
0.000838081
0.000885865
0.00116898
0.000959046
0.000175699
0.000204397
0.000228815
0.000263679
0.000284641
0.000236694
0.000243901
0.00032574
0.000311917
0.000329598
0.000279225
0.00039531
0.000333225
0.000441039
0.0003578
0.000418449
0.000329452
0.000409242
0.000405893
0.000408972
0.000457213
0.000379233
0.000400317
0.000383223
0.000422769
0.000398015
0.000457273
0.000440113
0.000369746
0.000444293
0.000364392
0.000324508
0.000353922
0.000340243
0.000301748
0.000281807
0.000278186
0.00030083
0.000273198
0.0002444
0.000211715
0.000212246
0.000197033
0.000171942
0.000162717
0.000155036
9.51348e-05
7.29143e-05
6.1115e-05
4.15476e-05
3.27104e-05
1.85289e-05
1.01989e-05
6.66268e-06
1.1467e-06
1.25178e-06
1.71578e-06
4.62223e-06
9.71539e-06
1.67738e-05
2.37917e-05
3.51764e-05
3.97139e-05
5.33305e-05
6.13007e-05
7.30157e-05
7.54372e-05
8.26401e-05
9.09975e-05
9.4346e-05
0.000105902
0.000105755
0.00011572
0.000104908
0.000116057
0.000120605
0.00012063
0.000118261
0.000117865
0.000163247
0.000118683
0.000114638
1.89134e-05
1.90368e-05
1.90529e-05
1.90158e-05
1.90494e-05
1.90685e-05
3.0506e-05
0.00249429
0.000721241
0.00134198
0.00296215
0.0032144
0.00316352
0.002525
0.00187547
0.00156815
0.0011003
0.000570323
0.000282234
6.78118e-05
3.23602e-05
9.98792e-06
0.000123197
0.00191835
0.00140288
0.000190807
0.000934936
0.000670153
0.000484029
0.000187066
2.95623e-05
2.09013e-05
2.44364e-06
3.19922e-06
5.39377e-05
5.70473e-05
7.62212e-05
0.000234834
7.48348e-05
9.53472e-05
0.000247024
0.000155101
0.00017532
0.00410936
0.00252749
0.00218738
0.00157496
0.00111511
0.000985242
0.000503975
0.000338644
0.000256118
0.000104298
0.00381291
0.00234096
0.00166317
0.00124562
0.000578369
0.00032203
0.000219118
8.86888e-05
9.86528e-06
2.5471e-06
2.21163e-06
5.87433e-08
1.27419e-05
5.07419e-07
1.61175e-06
4.23304e-08
1.17054e-05
2.13913e-05
1.7253e-06
2.73669e-05
0.000107533
3.81506e-06
7.34171e-06
2.0117e-07
3.44982e-05
0.00627066
0.00366494
0.00166917
0.00144571
0.00165062
0.000804223
0.000377518
0.000181406
9.6736e-05
7.78573e-05
0.0169922
0.0147627
0.0130936
0.010944
0.00843352
0.0064949
0.00437693
0.00274605
0.00209286
0.00217905
0.000811529
3.25691e-06
5.58037e-05
0.000544373
0.000459468
0.00036101
0.000348012
0.000268663
0.000279572
0.000219652
0.000178562
0.000161516
9.05378e-05
0.000104145
6.42201e-05
1.72245e-05
1.65536e-05
4.34419e-06
2.33709e-06
8.22806e-06
2.38889e-05
4.63797e-05
0.000172453
0.000171648
0.000178051
0.000164184
0.000172657
0.000185509
0.000212599
0.000107384
0.000173385
0.000217354
0.000169887
0.000217404
0.000242186
0.000301317
0.0004749
0.000352964
0.000535666
0.00058393
0.00052428
0.00051865
0.000570122
0.000811194
0.000498697
0.000448297
0.000474731
0.00037722
0.000258171
9.78579e-05
0.000439285
5.62931e-06
6.5647e-06
5.64566e-05
0.000109403
0.000258342
0.000264143
0.000433542
0.000563496
0.000605267
0.000727944
0.000678767
0.000711611
0.000616195
0.000687225
0.000697007
0.000696324
0.000692339
0.000717305
0.000693332
0.00068233
0.000709982
0.000686265
0.00069122
0.000721634
0.000696312
0.000628171
0.000772267
0.000594566
0.000615931
0.000560024
0.00055098
0.000520351
0.000509578
0.00043816
0.000384626
0.000353323
0.000331595
0.000302001
0.000211091
0.000181827
0.00014
9.56194e-05
7.35116e-05
4.8354e-05
3.06796e-05
1.19538e-05
3.75308e-07
1.00535e-07
6.29877e-06
3.30455e-05
2.82966e-05
4.22547e-05
6.54347e-05
8.13912e-05
9.46919e-05
0.000131645
0.000100159
0.000138457
0.000156807
0.000142682
0.000179284
0.000156417
0.00018266
0.000201368
0.000161976
0.000195936
0.000188309
0.000193578
0.000204799
0.000233176
0.00019376
0.000121094
0.000110117
9.82636e-05
0.000104945
0.000107537
0.000115547
0.000114179
1.79744e-05
1.80176e-05
1.80213e-05
1.78755e-05
1.75001e-05
1.74979e-05
1.74988e-05
7.32352e-05
0.000809898
0.00877184
0.0147308
0.0141134
0.0122755
0.00927971
0.0096044
0.00697206
0.00613761
0.00493886
0.00326551
0.00207228
0.00110091
0.000730745
0.00021817
0.000383703
0.000230835
2.44711e-07
2.19426e-05
6.50448e-05
0.000175745
0.000151279
0.000102041
0.000284807
0.000252712
7.64152e-05
0.000107816
4.76209e-05
5.913e-05
9.138e-05
5.6344e-05
0.000103101
0.00010742
0.00010505
0.000142531
5.25601e-05
0.000178358
1.87618e-05
0.000641014
0.00061189
0.00036312
0.000285656
0.000110387
2.04178e-05
6.70231e-06
2.90434e-06
8.55321e-06
1.05424e-05
1.11644e-05
4.14952e-06
3.28507e-07
0.00624425
0.00359946
0.00212465
0.00126197
0.00054263
0.000331678
0.000136217
4.43918e-05
8.24087e-05
3.44924e-05
6.93401e-05
2.39085e-05
9.55156e-08
5.70645e-08
6.21479e-09
2.34876e-06
1.24411e-05
5.85088e-06
1.17226e-05
5.24941e-06
1.21353e-06
6.46904e-07
2.10808e-06
4.20663e-06
8.05861e-06
0.0133414
0.0123565
0.0110299
0.00922171
0.00737965
0.00520231
0.00409218
0.00218419
0.00109023
0.000440655
2.40042e-05
0.0001679
0.000463154
0.000349124
0.000320075
0.000327215
0.000296727
0.000228757
0.000225798
0.000193074
0.00013745
0.000140284
0.000148206
0.000105753
8.57688e-05
9.98871e-06
1.32926e-05
1.8452e-06
2.26471e-06
1.78704e-07
2.00953e-05
1.44167e-05
1.10024e-06
4.97146e-05
2.07528e-06
1.71323e-05
2.92861e-05
8.43924e-05
8.45653e-05
7.25684e-05
5.68895e-05
3.42659e-05
4.46219e-05
1.96648e-05
9.44596e-05
0.000111662
0.000173568
0.000145918
0.00027325
0.000322599
0.000317894
0.000361659
0.000307514
0.000461602
0.000370743
0.000277761
0.000317599
0.000292307
1.45611e-06
1.3134e-05
0.000147835
9.01819e-05
0.000171108
0.000186847
0.000290909
0.000448268
0.000456718
0.00052435
0.000634899
0.000602759
0.000576394
0.000530671
0.000524934
0.000504646
0.000464764
0.000519115
0.00044194
0.000463751
0.000408166
0.000490315
0.000431955
0.000441917
0.000534043
0.000435239
0.000468017
0.000424668
0.000404274
0.000338413
0.000415369
0.000365067
0.000311191
0.000250252
0.00029024
0.000260082
0.000237987
0.000219972
0.000206185
0.000158046
0.000146299
0.000119532
0.000127357
0.000106936
6.96238e-05
5.72622e-05
4.37734e-05
3.13672e-05
1.54084e-05
1.04895e-05
4.42564e-06
2.06668e-06
2.24482e-07
2.15926e-06
1.04607e-06
8.8747e-06
1.31612e-05
1.75957e-05
2.5825e-05
3.21165e-05
3.29445e-05
4.64682e-05
4.81844e-05
5.07109e-05
6.087e-05
6.86015e-05
6.67137e-05
7.9572e-05
6.1837e-05
6.61441e-05
5.41221e-05
3.96662e-05
7.13027e-05
5.81379e-05
6.53271e-05
6.62157e-05
2.71258e-05
2.84231e-05
2.88642e-05
2.91714e-05
3.04336e-05
3.01331e-05
2.154e-05
4.19429e-05
4.23996e-05
0.00157116
0.00472067
0.00328099
0.0360711
0.0327573
0.0278038
0.0235031
0.0215405
0.0207423
0.0189898
0.0156373
0.0117443
0.00906383
0.00548244
0.00368708
0.00228508
0.0014476
0.000638527
0.000409055
0.000179193
7.45461e-05
3.44495e-05
0.000115969
0.000297416
0.000137242
0.000149827
0.00021549
0.000167244
0.000142556
0.000252031
4.19175e-05
4.06796e-05
8.5467e-05
8.73154e-05
7.40952e-05
9.319e-05
7.43444e-05
0.000189848
0.000199129
0.000104291
0.000243302
0.00250444
0.0032932
0.00277247
0.00256116
0.00206822
0.00178328
0.00110368
0.000987929
0.00130535
0.000988396
0.000961021
0.00102483
0.000959577
0.00073319
0.000882007
0.000844716
0.000691826
0.000754681
0.000696097
0.000627381
0.000553304
0.000702189
0.000607408
0.000524099
0.000511643
0.000451383
0.000608787
0.00047254
0.000438534
0.000425129
0.000514861
0.000438707
0.000423655
0.00030507
0.000230676
0.000453946
0.000634862
0.000555726
0.000396502
0.000191764
4.17054e-05
1.57836e-05
4.26931e-05
0.000355629
0.00191678
0.0020461
0.00151345
0.00113865
0.00104329
0.000829531
0.000607525
0.000402568
0.000289415
0.000177502
7.71857e-05
0.000123628
7.37544e-05
3.2734e-05
2.66085e-05
1.26672e-05
3.0032e-07
4.14911e-07
4.65754e-06
6.60661e-07
3.88505e-06
1.8551e-07
2.68427e-06
9.80308e-06
2.04506e-05
3.37734e-06
5.84141e-06
2.84884e-05
2.35526e-06
7.51615e-05
6.74127e-05
0.00016143
0.000173409
0.000108998
0.000259037
0.000364997
0.000183072
0.000328101
0.000301194
0.000297757
0.00025778
0.000363036
0.000694427
0.000369196
0.000473585
0.000651364
0.000503926
0.000258311
0.000264785
0.000881111
0.000859925
1.71319e-05
2.2391e-05
2.24187e-06
2.76895e-06
1.07204e-05
3.38821e-05
4.54769e-05
3.16216e-05
6.15575e-05
7.08749e-05
6.89476e-05
8.22536e-05
0.000119627
0.000100112
0.000114586
9.44e-05
0.000108978
0.00012484
0.00011622
0.00013153
0.000186334
0.000171805
0.00013951
0.000189541
0.000145711
0.000145314
0.000128674
0.000135803
0.000140166
0.000156231
0.000125585
0.000179167
0.000117657
9.817e-05
8.39704e-05
9.33223e-05
7.80081e-05
3.74111e-05
2.84068e-05
2.31358e-05
1.80091e-05
1.7171e-05
1.54956e-05
9.01983e-06
1.21069e-05
6.19947e-06
7.95508e-06
3.08608e-08
5.22006e-07
2.90036e-06
7.90764e-07
2.22026e-07
7.36205e-07
5.12944e-06
4.25412e-06
6.64931e-06
1.80011e-05
2.31788e-05
8.1492e-06
2.30485e-05
2.58145e-05
3.21197e-05
1.35515e-05
4.82932e-05
1.78655e-05
5.00699e-05
1.6178e-05
1.1323e-05
5.34562e-05
2.0531e-05
2.29759e-05
1.16591e-05
1.2006e-05
2.24314e-05
4.16794e-05
1.13044e-05
5.36138e-05
2.12914e-05
6.76023e-06
2.3723e-05
2.81451e-05
2.86642e-05
2.25657e-05
2.88903e-05
2.35561e-05
3.12769e-05
3.26538e-05
2.79179e-05
0.00173556
0.00176651
0.00626967
2.90981e-05
0.0114086
0.00865761
0.00707177
0.00628349
0.0065005
0.00637453
0.00530857
0.00485828
0.0034725
0.00248789
0.00155755
0.00122104
0.000545324
0.000294553
0.000194087
0.000304992
8.28188e-05
0.000107889
1.43695e-06
5.77738e-06
0.000113011
0.000173976
3.50064e-05
8.50317e-05
0.000392722
0.000219471
0.000234397
5.88025e-05
0.000233958
0.000248758
0.000526033
0.000495765
0.00433789
0.00473497
0.00274029
0.00145171
0.00430406
0.00361669
0.00145598
0.000931324
0.000484462
0.000897323
0.000349367
0.00021195
0.000312331
5.95431e-05
2.7707e-05
3.86122e-05
1.84212e-05
2.61374e-05
4.1243e-05
1.11982e-08
2.39814e-06
4.18642e-05
3.02275e-05
0.000136319
7.43509e-05
0.0241032
0.0163791
0.00293776
0.011541
0.00625911
0.00359116
0.00141563
0.000502616
0.000119448
4.0659e-05
5.09917e-05
3.1347e-06
5.02382e-07
8.79881e-06
5.67246e-07
0.0191062
0.0173724
0.0161542
0.0141392
0.0120338
0.01017
0.00903913
0.00718296
0.00463657
0.00346488
0.00220951
0.00203395
0.00104697
0.000192144
4.69715e-06
0.000301413
0.000831312
0.000573428
0.000526486
0.000455395
0.000428556
0.000359841
0.000248273
0.00019147
0.000130482
0.000120105
4.39581e-05
4.31982e-06
6.81647e-06
1.30617e-06
7.43917e-06
3.43116e-05
4.9747e-05
7.24992e-05
0.000118489
0.000136747
0.000134371
0.000167026
0.000118941
0.000195759
0.000323008
0.000268575
0.000331553
0.000280637
0.000202183
0.000205692
0.000317523
0.000335338
0.000371728
0.000573922
0.000787398
0.000627667
0.000827708
0.000666219
0.00101073
0.000739471
0.000588229
0.000352054
0.00031676
0.000269663
0.000368803
0.000563576
0.000864543
0.000764551
0.000421891
0.000606526
0.000838755
0.000995878
0.000820264
0.000879824
0.000218715
0.000246749
0.000242522
0.000273356
0.000258257
0.000272066
0.000296813
0.000290259
0.000326108
0.000354806
0.000330785
0.000322555
0.000378121
0.000276589
0.000380917
0.000385627
0.000375496
0.000417885
0.000382152
0.000444513
0.000400957
0.000306235
0.00041042
0.000440646
0.000441452
0.000367526
0.000380885
0.000346367
0.000449676
0.000357725
0.000366219
0.000336362
0.000328143
0.000358088
0.00034376
0.000360473
0.000325098
0.000308232
0.000227163
0.000236663
0.000210069
0.000152918
0.000184255
0.000131581
0.000104378
8.9125e-05
8.38495e-05
6.90205e-05
5.82214e-05
3.65724e-05
2.2673e-05
2.5104e-05
7.33371e-06
4.23685e-06
3.18083e-07
3.71006e-07
1.85952e-06
5.80603e-06
1.09551e-05
1.48584e-05
2.29411e-05
4.15439e-05
4.8167e-05
5.73358e-05
6.53517e-05
7.45625e-05
8.33843e-05
0.000106064
0.000106153
0.000112175
0.00012057
0.000123821
0.000124855
0.00012709
0.000132403
0.000139335
0.000139229
0.000138474
0.000142497
0.000143306
0.000144029
0.000186466
2.16179e-05
2.12949e-05
2.13028e-05
2.17182e-05
2.1397e-05
2.14093e-05
2.0631e-05
2.63619e-05
0.00196969
0.000643669
7.87434e-05
0.00240212
0.00354059
0.00354581
0.00304872
0.00203634
0.00164918
0.000975643
0.000496317
0.000167948
8.49643e-05
4.25255e-06
1.325e-06
0.00309821
0.0018087
0.00107118
0.000937374
0.00064217
0.000447579
0.000315659
0.000114224
2.47645e-05
1.09157e-05
3.8476e-08
2.3692e-05
1.79494e-06
7.01207e-06
1.34096e-06
1.13066e-05
2.07493e-07
2.24788e-05
0.000143559
1.17438e-06
0.00459659
0.00287793
0.00198451
0.00177592
0.00123885
0.000855428
0.000306517
0.000340704
0.000146273
7.1339e-05
0.000423851
0.000487907
0.000179015
0.000391865
0.000374317
0.000810834
0.000381567
0.000521541
9.17071e-05
0.000470845
0.000395401
0.000566386
0.000530836
0.000415016
0.000553785
0.000369161
0.000463738
0.000434523
0.000391873
8.53678e-05
0.00010589
0.00029565
0.000388181
0.000367608
0.000387771
7.67514e-05
0.000400799
0.000393496
0.000388847
7.09158e-08
1.33604e-06
1.55315e-06
0.0361269
0.00227363
0.0024113
0.00250517
0.00224481
0.0016683
0.00129929
0.00116265
0.000906444
0.000226318
0.000146712
1.44613e-06
0.00019603
0.000767831
0.00167656
0.00117458
0.000916791
0.000764386
0.000720882
0.000496444
0.000417669
0.000239415
0.000172664
0.000100131
3.18362e-05
2.85033e-06
1.67613e-06
2.65094e-07
6.9124e-07
1.51802e-05
1.30073e-05
9.31391e-05
7.34804e-05
8.20836e-05
0.000132875
0.000102358
8.94718e-05
0.000157883
9.2063e-05
0.000129543
9.91885e-05
9.90201e-05
0.000223664
0.000147909
0.000247988
0.00037677
0.00040743
0.000525285
0.000625489
0.000653451
0.000721541
0.000885282
0.000691018
0.000644757
0.000602882
0.000542571
0.000298573
0.000248395
0.00125342
0.000472122
0.000640844
0.000587738
0.000277496
8.66528e-05
3.44911e-05
6.61709e-07
5.69659e-05
0.000111137
0.000140423
0.000199399
0.000194796
0.000194869
0.000245208
0.000301921
0.000328097
0.000277265
0.000310148
0.000351651
0.000376201
0.000444571
0.000348297
0.000285382
0.000430858
0.000450781
0.000382728
0.000392134
0.000427478
0.000548886
0.000396494
0.000395828
0.000420631
0.000418285
0.000421507
0.000322569
0.000368265
0.00032782
0.000244148
0.000253144
0.000224051
0.000167327
0.000139741
0.000131046
6.45331e-05
4.05735e-05
2.87872e-05
6.71195e-06
1.17743e-06
8.48262e-07
1.42863e-06
5.96209e-06
2.51552e-05
5.33549e-05
4.11549e-05
8.34188e-05
9.55652e-05
9.11959e-05
0.00012312
0.00010687
0.000136947
0.000159842
0.000144237
0.000181052
0.000164132
0.000178185
0.000195228
0.000192466
0.000170734
0.00020378
0.000174578
0.000110175
8.45425e-05
8.89229e-05
0.000100556
0.000102539
0.000107417
0.000114441
0.000112917
0.00013661
2.11593e-05
2.12096e-05
2.12383e-05
2.12254e-05
2.10964e-05
2.07613e-05
2.0743e-05
9.2958e-05
0.00102682
0.00431226
0.0194798
0.0137145
0.0103069
0.0119422
0.0072917
0.00718244
0.00530301
0.00403083
0.00280671
0.00203638
0.00142769
0.000424484
0.00010911
0.000101788
8.24832e-05
3.62921e-06
1.66167e-05
4.88701e-05
0.000269797
0.000231384
0.000104896
1.58832e-05
0.0001803
0.000119872
0.000157708
0.000147837
0.000258331
0.00044387
0.000101858
0.000396666
0.000127894
0.00012036
7.47739e-06
9.42413e-05
0.000789695
0.000525292
0.000426463
0.000178451
0.000102783
1.41604e-05
4.91012e-05
1.95964e-05
2.64068e-05
2.90516e-06
1.50954e-05
0.00265169
0.00151593
0.000909307
0.000616984
0.000249534
0.000144715
8.31019e-05
2.83649e-05
3.95243e-07
6.26012e-06
1.59411e-06
2.06513e-05
1.92682e-06
8.57969e-06
1.06183e-05
9.9722e-06
1.59466e-05
5.32018e-06
5.09878e-05
8.42126e-06
2.63183e-05
1.80195e-05
1.63823e-05
5.80527e-06
4.12272e-05
0.00893554
0.00849561
0.00813068
0.00697518
0.00548992
0.00461507
0.00296264
0.00179921
0.00112329
0.000244979
2.28126e-06
0.00014733
0.000727803
0.000821673
0.000614967
0.000487195
0.000415642
0.000308922
0.000241738
0.000147872
9.26463e-05
0.000131344
3.89121e-05
1.45734e-05
1.09289e-06
2.52964e-07
8.07687e-06
4.24644e-05
6.70225e-05
7.80534e-05
0.000107051
5.89553e-05
4.95152e-05
0.000137256
0.000235657
0.000194238
0.000163692
0.000131588
0.000176136
0.000142482
0.000198807
0.000111584
0.000228551
0.000416644
0.000469071
0.000343341
0.000380585
0.000391309
0.000455952
0.000406987
0.000453742
0.000358513
0.000451637
0.000462507
0.000334526
1.92602e-05
0.000756587
8.86057e-05
7.96672e-05
0.000158328
0.000198918
0.000239506
0.000245614
0.00031132
0.00027545
0.000216183
0.000270415
0.000223599
0.000206998
0.000256358
0.000267139
0.000313929
0.000263138
0.000360798
0.000285491
0.000285136
0.00026084
0.000277542
0.0002897
0.000276483
0.000314185
0.000281488
0.000262092
0.000301691
0.000251586
0.000217924
0.000209013
0.000154945
0.000181087
0.000152076
0.000134734
0.00012174
0.000142169
0.000140211
8.61745e-05
9.08984e-05
6.48951e-05
7.10621e-05
4.98967e-05
3.00909e-05
3.3628e-05
5.77337e-06
9.13644e-06
2.72406e-06
8.46821e-07
4.26241e-07
6.39606e-07
2.72095e-06
4.65372e-06
1.345e-05
1.87764e-05
1.7292e-05
3.57201e-05
3.86602e-05
4.46224e-05
5.8953e-05
6.29911e-05
7.32993e-05
7.13803e-05
8.1851e-05
8.72435e-05
8.53167e-05
8.65696e-05
8.866e-05
0.000103957
0.000104001
0.000106635
0.000101693
0.000100138
9.69471e-05
8.73079e-05
2.42336e-05
2.43342e-05
2.45168e-05
2.46111e-05
2.48589e-05
2.52624e-05
2.52131e-05
2.43688e-05
0.000658035
0.00274898
2.11255e-05
0.0389381
0.0243396
0.0210608
0.0171482
0.0179955
0.0194534
0.0185816
0.0177654
0.0157472
0.0127995
0.00963061
0.00706927
0.0043278
0.00288469
0.00138688
0.000715871
0.000307333
0.000168341
0.000176709
2.4284e-05
9.73474e-06
0.000150249
0.000100582
0.000263713
0.000240013
0.000295106
0.000245743
0.000216484
0.000120433
9.74184e-05
0.000216056
0.000110286
6.75953e-05
0.000124735
0.000149772
0.000124564
0.00012945
0.000161779
0.000189303
3.76099e-05
0.000193701
0.000174718
6.42885e-05
6.61758e-05
0.00310729
0.00280577
0.00238707
0.00242955
0.00235089
0.00208065
0.00212472
0.00183333
0.00177014
0.00161728
0.00139909
0.00133008
0.00117344
0.00114219
0.000889872
0.000921992
0.00109675
0.000906713
0.000787549
0.000743455
0.000686017
0.000558986
0.000641232
0.000625309
0.000447208
0.000405402
0.00037176
0.000412911
0.000625112
0.000253889
0.000212568
1.01014e-05
0.000217522
0.000715432
0.00144386
0.00231906
0.00216199
0.00136997
0.00135632
0.000932339
0.000584363
0.000564041
0.00042734
0.000272511
0.00020528
9.09025e-05
5.21534e-05
6.89848e-05
1.5788e-05
7.28002e-08
1.38748e-05
4.3356e-06
5.00923e-06
3.64151e-06
5.46825e-06
3.07327e-06
6.04885e-08
1.79385e-06
2.75113e-05
3.27756e-06
4.68374e-05
1.05247e-05
0.000157238
0.000172809
0.000218755
0.00022918
0.000261517
0.000222601
0.000208128
0.00028917
0.000300449
0.000450136
0.000654088
0.00049253
0.000444442
0.000368093
0.000268218
0.000497177
0.000566822
0.000619805
0.000650116
0.000845904
0.00043219
0.000398389
0.000376062
0.000314567
0.000381652
0.000310532
0.000368151
0.000347899
0.000301493
0.000307987
0.000273655
0.000223236
0.000257419
0.000249643
0.00024297
0.000221408
0.000228359
0.000237179
0.000152029
0.000218226
0.000158302
0.000196807
0.000197778
0.000184843
0.000149547
0.000148967
9.85775e-05
7.62488e-05
0.000109389
9.7109e-05
8.68041e-05
0.000112704
0.00011434
7.54035e-05
6.57555e-05
6.55778e-05
6.91155e-05
3.66372e-05
2.5614e-05
4.39503e-05
3.07833e-05
3.30991e-05
2.42903e-05
2.96379e-05
2.28354e-05
4.45757e-06
4.79237e-06
4.68738e-06
1.48751e-06
6.44442e-08
7.37211e-07
5.54767e-09
2.27236e-09
3.0041e-07
2.56212e-07
7.01865e-08
5.66528e-07
1.083e-06
1.46127e-06
2.7442e-06
3.57851e-06
4.11449e-06
4.99754e-06
6.288e-06
7.15747e-06
2.00048e-05
2.2542e-05
2.16004e-05
2.4955e-05
2.53821e-05
3.51108e-05
4.22496e-05
5.81683e-05
4.2031e-05
9.16193e-06
3.11721e-06
1.4889e-05
1.84831e-05
8.38835e-06
8.97992e-06
3.0062e-05
2.03678e-05
5.51757e-05
0.000109359
0.00142871
0.00138108
0.00154166
0.00166091
0.00220032
0.000151968
0.000178999
0.000201842
0.000223203
0.000539867
0.00583674
0.000259583
0.0046014
0.00353701
0.00349989
0.00281482
0.0020024
0.00169743
0.000985606
0.000312945
0.000133501
8.6087e-05
3.33343e-05
6.86573e-06
6.14252e-06
3.83022e-06
2.3005e-05
7.73132e-05
0.00011096
0.000162634
0.000352082
0.000607791
0.000198501
0.000491373
0.000608669
0.000437858
0.000366196
0.000293827
0.000548712
0.000423186
0.000590369
0.00362309
0.00172761
0.00163447
0.00279038
0.00154332
0.00099803
0.0011513
0.000399121
0.000653032
0.000280115
8.12981e-05
4.75771e-05
1.18985e-05
1.08528e-05
1.90404e-06
7.1376e-05
2.05432e-05
6.8802e-07
3.0446e-06
1.63972e-05
2.84703e-05
3.50466e-05
0.00013252
9.44515e-06
2.35889e-05
3.10958e-05
1.10499e-06
5.97303e-05
4.93654e-05
2.27299e-05
1.43393e-05
1.87551e-05
0.0195507
0.0135061
0.00820782
0.00358349
0.0012964
0.000519574
0.000196359
7.38654e-05
2.50562e-05
1.18386e-05
4.21595e-06
0.0137034
0.0129663
0.0116538
0.010217
0.0087832
0.00739866
0.00607863
0.00444697
0.00319175
0.000949243
0.000371234
0.00021006
0.000273755
0.00109634
0.00111578
0.000919542
0.000805297
0.000738034
0.000678292
0.000538113
0.000388998
0.000272338
0.00014063
0.000111824
0.000149187
3.13005e-05
7.99777e-06
2.60541e-06
4.44792e-05
4.71307e-05
8.08915e-05
0.000107837
0.000123862
0.000216739
0.000161623
0.000385632
0.000324662
0.00027625
0.000389533
0.00034764
0.000245492
0.000431522
0.00026349
0.000323627
0.000307811
0.000574526
0.000796458
0.000561432
0.000471684
0.000431294
0.000236357
0.000181336
0.000469168
0.000418483
0.00067987
0.000479266
0.000490066
0.000434096
0.000607095
0.000335784
0.000826583
0.0010165
0.000151191
0.000182391
0.000150052
0.000160124
0.000150232
0.000145242
0.000196872
0.000144968
0.000202523
0.000157435
0.000173387
0.000204842
0.000181978
0.000178698
0.000175589
0.000189833
0.000183281
0.00017759
0.000160547
0.000218312
0.000161951
0.000189967
0.000138304
0.000197395
0.000195186
0.000164149
0.00019364
0.000163672
0.00018897
0.000150053
0.000191995
0.000141132
0.000136382
0.000118136
9.07093e-05
8.86541e-05
4.5867e-05
3.32847e-05
2.87572e-05
1.37711e-05
1.0751e-05
3.37497e-06
6.39744e-07
1.96098e-06
6.08713e-06
6.92634e-06
1.98545e-05
3.01583e-05
3.64587e-05
6.02437e-05
7.58475e-05
7.80433e-05
8.81402e-05
0.000112207
0.000125061
0.000134623
0.000148019
0.000152425
0.00016103
0.000162611
0.000173368
0.000180153
0.000185676
0.000183342
0.000186613
0.000189572
0.000184917
0.000187562
0.0001922
0.000194662
0.000197534
0.000211609
2.6614e-05
2.69766e-05
2.66805e-05
2.70833e-05
2.7006e-05
2.67142e-05
2.57372e-05
0.000518846
0.00171747
0.00118793
0.00656058
0.00613486
0.00545922
0.00492779
0.00364828
0.00278195
0.00156763
0.00109484
0.00587879
0.00457063
0.00260895
0.00197833
0.00174594
0.00105881
0.0010073
0.000688532
0.000378422
0.000132197
0.000181328
8.3385e-05
1.21474e-05
9.59992e-07
2.68378e-06
2.80686e-05
2.87071e-06
0.00383167
0.00217436
0.00160718
0.00124343
0.0010272
6.46009e-06
3.66344e-06
1.15743e-07
7.72104e-06
3.54546e-05
4.57874e-05
0.000104375
7.36223e-05
0.000189367
0.000234054
0.000454042
0.000426574
0.000246392
0.000415043
0.000431836
0.00051087
0.000424017
0.00049823
0.000123488
0.000211653
0.000474151
0.000491725
0.000464335
0.000144837
0.000266591
0.000579086
5.3739e-05
4.56062e-05
0.00107182
0.00132499
0.00168042
0.00137287
0.00133944
0.0011618
0.000831221
0.00048982
0.000240745
3.55937e-05
6.39032e-05
0.000362377
0.00182446
0.00152947
0.00104729
0.000785278
0.000594652
0.000419039
0.00031959
0.000163916
0.000260958
0.000106514
8.45245e-05
3.99242e-06
2.42477e-05
1.98074e-08
3.19226e-05
0.000173921
0.000141942
0.000203557
0.000182508
0.000222529
0.000265967
0.000296502
0.000372499
0.000206042
0.000279912
0.000271285
0.000626545
0.000500634
0.000691898
0.000561108
0.000439518
0.000583942
0.000683769
0.000779719
0.00100968
0.00077869
0.000521674
0.0003346
0.000394036
0.000755226
0.000340058
0.000109586
1.39181e-05
1.27552e-05
6.55028e-05
9.96495e-05
0.000134244
0.000177303
0.000196561
0.000254207
0.000294955
0.000335616
0.0003951
0.000388868
0.000430603
0.000402286
0.000372035
0.000444625
0.000315406
0.000459031
0.000445816
0.000397536
0.000391392
0.000496367
0.000467422
0.000421046
0.000435594
0.000400017
0.000431214
0.00043754
0.000410938
0.000346853
0.000319449
0.000302949
0.000259136
0.000227212
0.000216345
0.000126283
7.41787e-05
4.83718e-05
2.59865e-05
1.35225e-05
4.97099e-06
2.31902e-07
1.36297e-06
8.21828e-06
1.94267e-05
4.63815e-05
8.12268e-05
7.87625e-05
0.000125356
0.000119196
0.000135367
0.000164962
0.000146402
0.000192873
0.000173812
0.000185085
0.000201337
0.000222169
0.000189155
0.000231938
0.000215278
0.000233224
0.00020371
0.000232706
0.000212781
0.000230995
0.000122617
0.000119846
0.000124928
0.000170695
0.000172196
0.00018433
0.000187736
2.3327e-05
2.34297e-05
2.34306e-05
2.34337e-05
2.34126e-05
2.28838e-05
0.000365072
0.00985575
0.0281779
0.01961
0.0131455
0.0115796
0.0108264
0.00849602
0.00738977
0.00486284
0.00354887
0.00233027
0.00132917
0.000563288
0.00019914
0.000305732
0.000192415
0.000174913
1.24895e-05
4.56314e-05
4.55026e-05
5.71063e-05
8.0593e-05
6.12622e-05
3.95778e-07
4.34571e-05
2.06936e-05
6.49332e-05
0.000130266
0.000110939
3.87196e-05
1.40815e-05
0.000124836
0.000993289
0.000651903
0.000249201
0.000137899
4.74717e-05
3.87705e-06
2.03543e-05
5.25565e-08
3.01844e-05
0.00280891
0.0015266
0.00103407
0.000443865
0.000261117
0.000153491
2.54995e-05
3.12166e-05
9.21513e-06
1.78997e-07
1.53236e-06
6.85342e-07
7.99605e-06
1.04999e-05
1.71315e-05
2.33564e-05
5.55951e-06
3.88956e-06
1.17389e-05
2.36442e-05
5.42133e-05
5.15983e-05
0.00911857
0.00880028
0.00818238
0.00707526
0.00622593
0.00502143
0.0036174
0.00249472
0.00161474
0.000727868
8.29982e-05
3.18249e-06
2.18973e-05
0.000736786
0.000682126
0.000543133
0.0004506
0.000286052
0.0002892
0.000132386
8.74438e-05
4.70489e-05
2.58904e-05
2.80956e-05
5.04561e-06
2.57646e-08
7.5447e-07
5.87986e-06
1.88874e-05
3.94994e-05
3.27161e-05
7.09592e-05
2.09225e-05
6.05209e-05
0.000213696
0.000203293
0.000166715
0.000129099
0.000118899
0.00013233
6.48189e-05
7.70413e-05
2.07241e-05
0.00014719
0.00038056
0.000378133
0.000346738
0.000328651
0.000322194
0.000351357
0.000393024
0.000635739
0.000569078
0.000470535
0.000543079
0.000472898
0.000386289
0.000453784
0.000804536
5.78169e-05
9.82971e-05
0.000121407
0.000151233
0.000216562
0.000199851
0.000209618
0.000169008
0.000293885
0.000222538
0.000255732
0.000241299
0.000262471
0.000271818
0.00031793
0.000281613
0.000277928
0.00029556
0.000320531
0.000269797
0.000284774
0.000299637
0.000303141
0.000251826
0.000250047
0.000287312
0.00034033
0.000285165
0.000328218
0.000343375
0.000313475
0.000253813
0.000267756
0.000198631
0.000244145
0.000258012
0.000226327
0.000228214
0.000181963
0.00019817
0.000126549
0.000152408
0.000126267
8.37744e-05
7.12908e-05
5.44097e-05
5.05569e-05
3.1223e-05
2.13919e-05
1.61717e-05
1.24015e-05
9.20608e-06
5.79888e-06
3.21012e-07
2.54903e-08
5.4692e-07
2.98442e-06
5.28416e-06
6.02735e-06
7.89117e-06
1.96513e-05
2.21293e-05
2.33134e-05
2.16148e-05
3.34339e-05
3.64061e-05
3.91234e-05
4.38198e-05
6.14632e-05
3.94765e-05
5.07786e-05
4.34038e-05
3.72371e-06
2.43051e-05
2.44679e-05
2.47972e-05
2.44626e-05
2.47187e-05
2.51197e-05
0.00125066
0.00608443
3.52115e-05
0.0199773
0.0158314
0.0111577
0.0122105
0.0147513
0.0132649
0.0144209
0.0125008
0.0108105
0.00825704
0.00607496
0.00346616
0.00216722
0.00081269
0.00059844
0.000198054
0.000107661
2.27646e-05
2.0322e-05
7.00858e-06
1.6769e-06
1.67206e-05
2.00106e-05
0.000175006
0.000126352
0.000155054
0.000417965
0.000315843
0.000192957
0.000247596
0.0008126
0.000642005
0.000628162
0.000517369
0.000536898
0.000452327
0.00035831
0.000363088
0.000317556
0.00027532
0.000178056
0.000162745
0.000157496
0.000191107
6.38719e-05
0.000358926
0.000360729
0.000289367
0.000232286
0.000165556
4.93903e-05
0.000110584
0.00032608
0.000296051
0.000300739
0.00032555
0.00167801
0.00109546
0.000785206
0.000582421
0.000354499
0.000258878
0.000135458
0.00150045
0.00117744
0.00076388
0.000518265
0.000322873
0.000155759
9.60515e-05
5.92224e-05
3.35861e-05
0.00587115
0.00567077
0.00539075
0.00454327
0.0030535
0.00188457
0.000961155
0.000856358
6.13541e-07
0.000253619
0.000795909
0.00107517
0.000819513
0.000665074
0.00056274
0.000392658
0.0004132
0.000229693
0.000140738
0.000109138
4.48516e-05
1.55205e-05
2.91e-05
6.29679e-08
6.0441e-07
7.82755e-07
2.49933e-10
5.75786e-07
3.13285e-07
5.50104e-06
8.95562e-07
1.41476e-07
9.81581e-06
4.14842e-05
1.72079e-05
5.96445e-06
4.82567e-05
3.79288e-07
1.2566e-05
2.69641e-07
3.73011e-05
4.08147e-05
0.000422573
0.000119598
0.00010918
0.00022888
0.000230168
0.00040039
0.000370063
0.000319812
0.000258588
0.000471021
0.000728809
0.000778261
0.000558409
0.000627278
0.000248873
0.000511101
0.000547924
0.000480251
0.000475815
0.000450449
0.000417052
0.000409261
0.000412947
0.000327049
0.000373958
0.000322681
0.000294271
0.00034847
0.000340128
0.00033102
0.000354099
0.000306686
0.000276629
0.000286348
0.000268649
0.000232166
0.000271288
0.000194775
0.00013629
0.000178885
0.000180411
0.000169337
0.000161387
0.000139078
0.000144212
0.000140288
7.78821e-05
8.43228e-05
7.43726e-05
8.77698e-05
5.86348e-05
5.76568e-05
5.06169e-05
4.72839e-05
2.00045e-05
3.68117e-05
9.72213e-06
2.03047e-05
1.38928e-05
1.16423e-05
4.87413e-06
5.04523e-06
2.94477e-06
3.01681e-06
2.26392e-06
1.04535e-06
1.64237e-06
4.38366e-07
3.59921e-08
1.33446e-07
4.90234e-08
1.27758e-06
1.61549e-07
3.65522e-07
3.5687e-06
1.23412e-06
1.66357e-06
3.78689e-06
1.88033e-06
1.07756e-06
1.97079e-06
2.02916e-06
3.63916e-06
2.19866e-06
2.00242e-06
2.24353e-06
2.6376e-06
1.50251e-06
1.54921e-06
1.18591e-06
2.16766e-08
2.11557e-06
0.000100622
0.00010726
0.00011861
0.00012979
0.000144963
0.000164153
0.000186628
0.000203048
0.0025858
0.00772205
2.59661e-05
0.000207945
0.00484042
0.00382817
0.00409495
0.00373081
0.00326596
0.00284716
0.00128779
0.000497308
0.00021242
4.07409e-05
2.39925e-05
8.90552e-07
2.26419e-08
7.0109e-06
2.69612e-05
0.000114256
0.000153149
0.000213779
0.000213428
0.000192578
0.000294187
0.000365763
0.000563619
0.00025906
0.000441181
0.000337772
0.000238608
0.000109722
7.13522e-05
0.00031281
0.00421884
0.00429163
0.00306636
0.0014241
0.00393435
0.00273946
0.00144718
0.00109512
0.000534569
0.000156881
0.000101977
3.66369e-05
2.36976e-07
2.0923e-07
1.61755e-06
2.89915e-06
1.17742e-05
2.01446e-06
8.89649e-06
2.2165e-05
1.15899e-06
1.86108e-05
8.4459e-06
4.64021e-05
7.47466e-05
2.64316e-05
1.482e-06
1.81466e-05
4.54952e-05
1.13178e-06
0.0232464
0.0139111
0.00801952
0.00507741
0.00206304
0.00086706
0.000287871
9.89687e-05
5.49592e-05
2.15005e-05
1.23099e-05
1.15667e-06
0.0157642
0.0143325
0.0130649
0.0116987
0.00995314
0.00866905
0.0070008
0.00520941
0.00290109
0.00188738
0.000586958
0.00030176
0.000370912
0.000726826
0.000685699
0.000607298
0.000478152
0.00042915
0.000341822
0.000235031
0.000198431
8.29486e-05
4.96221e-05
9.4906e-06
2.88365e-06
6.7266e-08
2.48152e-06
5.47204e-06
4.42656e-05
2.08241e-05
5.09188e-05
0.000120073
0.000108722
8.92582e-05
0.000103186
0.000185035
0.000105706
0.000227689
0.000135699
0.000223607
0.000108524
0.000199343
0.000104821
0.000162552
0.000170106
0.000124655
0.000282492
0.000263608
0.000312714
0.000308305
0.000456541
0.000330216
0.000221287
0.000314922
0.000268959
0.000257485
0.000422302
0.000290416
0.000262488
0.000315382
0.000340295
0.000248839
0.000252229
0.000276754
0.000299609
0.000226232
0.000222245
0.000290081
0.000287868
0.000203684
0.000307083
0.000263429
0.000228374
0.00030024
0.000370603
0.000268349
0.000304775
0.00026385
0.000254223
0.000241996
0.000237019
0.000322589
0.000277985
0.000231506
0.000279067
0.00029322
0.000330632
0.000367864
0.000291284
0.000313812
0.000273632
0.000245289
0.000323353
0.000234376
0.000179384
0.000194012
0.000294039
0.000283446
0.000263001
0.000187507
0.000211216
0.000256236
0.000259121
0.000199084
0.000292209
0.000201544
0.000261552
0.000244004
0.000375869
0.000223414
0.000203816
0.000258924
0.00028727
0.000187912
0.000245939
0.000219736
0.000185687
0.00016032
0.000152106
0.000127227
0.000118103
9.61732e-05
8.44015e-05
7.39387e-05
5.74201e-05
4.17307e-05
0.000442975
0.000194618
0.00015649
0.000283767
0.000228676
0.000200068
0.000158788
0.000129106
9.35159e-05
7.41929e-05
5.59177e-05
4.44951e-05
3.23324e-05
2.69217e-05
2.32779e-05
1.54862e-05
1.28138e-05
1.35919e-05
7.3261e-06
4.08869e-06
3.37417e-06
1.18616e-06
2.4421e-07
0.00139584
0.00129773
0.00121813
0.00105334
0.000992023
0.000929789
0.000947336
0.000847504
0.000765885
0.000632273
0.000539426
0.000492296
0.000447411
0.000403639
0.000341898
0.000302226
0.000257489
0.000219611
0.000157852
0.000129017
0.000112934
4.79965e-05
1.54538e-05
6.28728e-06
1.01327e-05
3.01709e-06
3.37605e-06
1.172e-05
7.4239e-06
1.7957e-05
3.03421e-05
6.69484e-05
9.95853e-05
0.00014066
0.000176275
0.000138401
0.000181246
0.000227837
0.000282143
0.00024285
0.000117668
6.16643e-05
6.42243e-05
2.0753e-05
6.4703e-06
4.64502e-07
3.88522e-07
2.53869e-05
3.49556e-06
3.78142e-06
2.39474e-05
2.97367e-06
8.084e-06
5.93008e-05
0.000116292
4.67565e-05
2.84411e-05
6.24277e-05
0.000108125
0.000165658
0.000113319
9.17729e-05
0.000162527
0.00041343
0.000424875
0.000601865
0.000414932
0.000586552
0.000442374
0.000554871
0.000484008
0.000837145
0.000427267
0.000519316
0.000579073
0.00089926
0.000557903
0.000764831
0.000916635
0.0007523
0.000916784
0.000570935
0.000673517
0.000391128
0.000504039
0.000489135
0.000413522
0.000508668
0.000764117
0.000869509
0.000832738
0.00102831
0.000639578
0.000893649
0.000874906
0.000820889
0.000815218
0.000786563
0.000630936
0.00075059
0.000704736
0.000831378
0.000826132
0.000796844
0.000827218
0.000822472
0.000774138
0.000596535
0.000721555
0.000719666
0.000693368
0.000679696
0.000645614
0.0006253
0.000562462
0.000523299
0.000581623
0.000510823
0.000513765
0.000494869
0.000501787
0.0004295
0.000433794
0.000415457
0.000421207
0.000416551
0.000425963
0.000398477
0.000374279
0.000378883
0.000364279
0.000325189
0.000330156
0.000322964
0.000352746
0.000367378
0.000371757
0.000355114
0.000344562
0.000339914
0.000314452
0.000281604
0.000194719
0.000194695
0.000187502
0.00033014
0.000334567
0.000320417
0.000307285
0.000299566
0.000203419
0.0002982
0.000301195
0.000285118
0.000243762
0.000246634
0.000275301
0.000254077
0.000240725
0.000251114
0.000255045
0.000242577
0.00024309
0.000234065
0.000191847
0.000191989
0.000182284
0.000184085
0.000184134
0.000171117
0.000170422
0.000157824
0.000159344
0.000158827
0.000144257
0.000123515
0.000115252
0.00010412
8.0029e-05
7.69192e-05
6.60867e-05
6.87242e-05
6.2798e-05
5.99513e-05
5.74562e-05
4.38675e-05
3.12511e-05
2.86053e-05
2.44793e-05
2.49943e-05
2.29629e-05
1.91094e-05
6.32267e-06
3.54733e-06
8.70511e-06
6.71599e-06
4.01235e-07
8.6875e-08
1.52038e-07
7.61393e-07
1.72815e-06
2.04804e-06
3.31562e-06
9.27743e-06
1.15652e-05
1.65615e-05
1.71928e-05
1.99342e-05
2.71079e-05
2.61368e-05
3.55087e-05
4.58853e-05
5.33045e-05
5.83664e-05
6.71289e-05
6.91786e-05
7.44831e-05
8.53952e-05
9.3565e-05
9.82777e-05
0.00010675
0.000112846
0.000117704
0.000124696
0.000130658
0.000141896
0.00014319
0.000146213
0.000154697
0.000161877
0.000162997
0.000185457
0.000186899
0.000201763
0.000212829
0.000212072
0.000214714
0.000224102
0.000223218
0.000234883
0.000232161
0.000233749
0.000244126
0.000241645
0.000235043
0.000246791
0.000243212
0.000242902
0.000262599
0.000258476
0.000245509
0.000264191
0.000241962
0.000238024
0.000238516
0.000255851
0.000252895
0.000249715
0.000253689
0.000248765
0.000273714
0.000275786
0.00028782
0.000273277
2.94619e-05
2.94737e-05
2.94542e-05
2.94837e-05
2.9482e-05
2.95067e-05
2.95865e-05
2.9556e-05
3.01576e-05
3.00841e-05
3.2008e-05
6.33498e-05
6.44446e-05
6.46254e-05
0.000277557
0.000312181
0.000338771
0.0003693
0.000311931
0.0017079
0.00145608
0.00179395
0.00156778
0.0017342
0.00152209
0.00106448
0.000901825
0.000389098
0.000304754
0.000281603
8.2152e-05
5.60026e-05
4.0598e-06
1.14206e-05
0.000124157
0.000140101
0.000124913
0.000183068
0.000187384
0.00017193
7.21667e-05
0.000256881
0.000263176
0.000397866
0.000397493
0.000490204
0.000485773
0.000309447
0.000299475
0.000212076
0.000148779
0.000149144
0.000133752
8.27062e-05
8.01735e-05
0.000102248
9.84606e-05
8.65655e-05
0.00015814
0.00016364
0.000155189
0.000136143
0.000237955
0.000179812
0.000160115
8.81762e-05
5.86428e-05
6.25257e-05
4.1546e-05
2.00205e-06
1.63189e-06
7.64077e-06
5.80679e-06
3.60536e-05
1.88178e-05
3.02012e-06
6.13388e-07
3.46271e-05
4.06346e-05
9.59197e-05
8.69909e-05
2.25062e-05
2.57409e-05
2.50237e-05
1.35053e-05
1.25857e-05
3.07192e-05
3.25303e-05
3.64916e-05
3.60753e-05
3.28045e-05
2.47845e-06
1.04376e-05
0.000126559
0.000126708
6.69388e-05
0.000108354
0.000264341
0.000327851
0.000380478
0.000496869
0.000414762
0.000517464
0.000685005
0.000973936
0.000554094
0.000563124
0.000722685
0.000683334
0.000799908
0.000714342
0.000897705
0.0015055
0.00128263
0.000700388
0.00146425
0.000869342
0.0017125
0.000890159
0.00175227
0.00144699
0.00114105
0.00211248
0.00174824
0.00119137
0.00136189
0.00115533
0.00151821
0.00167052
0.038406
0.0294158
0.020291
0.0120162
0.00637717
0.00316751
0.00132073
0.000562609
0.000177746
6.95192e-05
3.22809e-05
6.45371e-06
4.65801e-06
7.08796e-07
1.42131e-08
7.62634e-10
7.85322e-08
3.93702e-07
6.35633e-07
7.07237e-07
4.15779e-09
2.16203e-06
3.51772e-06
1.45406e-06
8.17619e-06
0.000239377
0.000165431
5.1968e-05
3.25685e-05
2.19538e-05
1.39694e-05
2.51443e-06
4.37526e-06
8.25546e-06
0.0130458
0.0120282
0.0111061
0.0102363
0.00814308
0.00726753
0.0063575
0.00582358
0.00535858
0.00501805
0.00435591
0.00394073
0.0032976
0.00307133
0.00241335
0.00184389
0.00158185
0.00151141
0.000999312
0.000881685
0.000377255
0.000390619
0.000102386
7.65829e-05
9.63496e-06
2.22063e-05
1.7006e-06
0.00015818
0.000170891
0.000608177
0.000658056
0.000728704
0.00162149
0.00166242
0.00115314
0.00160835
0.00169435
0.00149875
0.00151942
0.00135626
0.0010363
0.00116161
0.000972269
0.000902817
0.000735396
0.000768038
0.000775633
0.000689564
0.000704215
0.000630998
0.00053046
0.000583391
0.000423825
0.000332888
0.000368941
0.000376771
0.000277617
0.000308042
0.0002013
0.000177261
0.000143772
1.27478e-05
2.14253e-05
6.85104e-06
3.86845e-05
2.09958e-05
4.28696e-06
1.4552e-05
1.64886e-06
2.75597e-06
3.25024e-09
1.1636e-05
1.41518e-05
7.70491e-06
1.7462e-05
6.94493e-06
5.64936e-06
4.77008e-05
2.96676e-05
7.87157e-05
1.40229e-05
3.09426e-05
5.96976e-05
4.04371e-05
1.80969e-05
2.21538e-05
5.76678e-06
4.49385e-05
3.3446e-05
0.000109105
0.000104109
6.51323e-05
0.000102086
0.000108632
7.93675e-05
0.000220859
9.66279e-05
0.000130338
0.000165185
0.000169171
0.000108601
7.38059e-05
0.000198411
0.000350579
0.00019339
0.000205367
0.000294358
0.000372656
0.00030561
0.000457486
0.000225099
0.000394031
0.000298868
0.000400848
0.000454533
0.000230642
0.000391908
0.00054673
0.000347924
0.000457862
0.000492147
0.000391878
0.000260432
0.000427624
0.000318901
9.8885e-05
1.70465e-05
0.000125126
0.000240231
0.000340667
0.00042654
0.000157059
0.000244366
0.000102732
0.000178247
0.000154009
0.000221611
0.000241526
0.000389094
0.000247841
0.000346942
0.000306071
0.000434658
0.000650072
6.93185e-06
0.000821195
4.15551e-05
5.84376e-05
0.000110379
0.000122759
0.000148803
9.89133e-05
0.000129121
0.000215109
0.00022008
0.000235345
0.000247206
0.00023963
0.000241135
0.000180373
0.000186517
0.00021434
0.00021335
0.000221687
0.000225906
0.000230166
0.000228551
0.000198587
0.000211427
0.000247934
0.000228715
0.000280383
0.000282316
0.000221392
0.000218863
0.000208381
0.000219378
0.000195949
0.000222471
0.000233484
0.000222347
0.000232337
0.000230079
0.000214698
0.000207002
0.000217027
0.000207877
0.000171891
0.000162947
0.000204845
0.00021424
0.000202065
0.000213017
0.000222141
0.000218828
0.000156444
0.000160032
0.000241515
0.000250119
0.00024155
0.000184822
0.000192934
0.000189416
0.000212123
0.000209036
0.000206564
0.000214246
0.000207376
0.000164555
0.000158045
0.000176138
0.000179558
0.000176074
0.000164219
0.000166604
0.000154849
0.000154287
0.00010726
9.78317e-05
9.0483e-05
0.000114792
0.000114136
0.00010862
7.81638e-05
7.57944e-05
6.7148e-05
6.02234e-05
5.00233e-05
7.11461e-05
7.02373e-05
6.31927e-05
4.44148e-05
4.24211e-05
3.54299e-05
4.24378e-05
4.12022e-05
3.25132e-05
1.36632e-05
1.0421e-05
9.21274e-06
7.78376e-06
3.40793e-06
2.59921e-06
1.05929e-06
4.0137e-07
1.49453e-07
9.33458e-07
2.48065e-06
4.57559e-06
6.19442e-06
9.31743e-06
1.13709e-05
1.34928e-05
1.37511e-05
2.62464e-05
2.96279e-05
3.30781e-05
3.313e-05
4.12212e-05
4.40898e-05
4.97476e-05
5.55497e-05
6.82686e-05
7.2248e-05
8.06692e-05
8.0531e-05
8.3144e-05
8.64968e-05
9.329e-05
9.48246e-05
9.63266e-05
0.000103347
0.000111736
0.000122733
0.000125897
0.000124153
0.00012625
0.000124662
0.000124016
0.000126922
0.000139774
0.000140606
0.000153381
0.000155649
0.000162513
0.000162401
0.000167585
0.000235146
0.000225492
0.000219786
0.000212896
0.000211264
0.000206491
0.000204856
0.000205606
0.00020428
0.000202477
0.000199749
0.000199819
0.000206185
0.000207054
0.000193913
0.000190969
0.000194278
0.000193101
0.00019119
0.000188998
0.000187288
0.000186307
0.000188853
0.000200298
0.000204879
0.00019419
0.000191572
0.000193241
0.000189714
0.000212724
0.0002167
2.89753e-05
2.9017e-05
2.90509e-05
2.90502e-05
2.90458e-05
2.90792e-05
2.89262e-05
2.89693e-05
2.90174e-05
2.90684e-05
3.27208e-05
3.28771e-05
3.34807e-05
0.00237603
0.00218925
0.00151011
0.00147136
0.000607189
0.000476191
0.00194269
0.00172393
0.00187203
0.00169955
0.00152829
0.00135885
0.000847528
0.000778986
0.000672263
0.000210791
0.000158133
4.64471e-05
2.85261e-05
1.123e-07
1.46706e-06
3.81933e-08
1.73551e-06
2.41696e-05
2.90702e-05
5.83038e-05
6.63665e-05
5.83661e-05
6.54515e-05
0.000109242
0.000107693
0.000200593
0.000199153
0.000320146
0.00030833
0.000283912
0.000271008
0.000280453
0.000270686
0.000246985
0.00020208
0.000189947
0.00033518
0.000289572
0.000163271
0.000142568
4.05763e-07
0.00283973
0.00223803
0.00158887
0.00120651
0.000947289
0.000708989
0.00101284
0.000753169
0.000660147
0.000473874
0.00041016
0.000329109
0.000224088
0.000128048
8.0765e-05
0.0001326
2.79807e-05
9.87754e-06
5.46889e-05
2.74417e-05
8.46759e-06
1.43941e-06
2.48072e-05
8.62221e-06
1.30387e-06
6.60104e-07
8.90352e-07
2.64677e-06
3.61488e-05
4.13409e-05
8.16863e-09
2.36256e-06
1.09537e-06
4.01095e-05
0.00771871
0.00634675
0.00355013
0.00268123
0.00219961
0.00154986
0.00116168
0.00169517
0.0012253
0.000999564
0.0010939
0.000763084
0.000623669
0.000412546
0.000344282
1.91533e-05
2.3154e-06
3.8451e-07
2.6919e-08
2.08527e-05
3.58407e-05
0.000133308
7.49387e-05
6.80455e-05
1.0738e-05
2.26166e-05
1.81253e-05
7.07289e-05
9.06398e-05
7.08721e-05
5.14243e-05
6.36843e-05
5.67165e-07
6.0549e-06
0.00010643
5.83657e-05
4.66306e-06
8.04061e-09
3.28253e-07
5.24821e-05
6.82038e-05
4.88699e-05
0.000141817
7.35244e-05
1.7253e-05
2.91602e-05
8.8774e-06
9.81018e-07
1.52496e-06
3.41124e-07
4.14062e-06
1.30929e-05
1.99115e-06
1.54958e-06
4.48387e-07
0.000722452
0.00208043
0.00147634
0.00114676
5.69612e-05
0.000442566
0.0039207
0.00275022
0.00207043
0.00131114
0.000856386
0.000668822
0.000429246
0.000228141
0.000147511
0.00019575
0.000108037
8.27636e-05
8.89935e-05
4.80318e-05
7.70748e-06
1.92736e-06
7.92421e-07
5.59344e-07
1.23622e-09
1.14171e-06
3.51696e-07
5.98684e-08
8.9124e-06
1.37061e-06
3.60735e-06
7.86793e-07
5.82516e-06
1.27912e-05
1.1345e-05
5.10599e-06
1.19401e-05
3.62449e-06
3.10149e-07
1.95587e-07
1.84979e-06
9.98889e-06
1.36692e-06
1.09108e-05
2.27602e-05
1.59002e-05
0.00310505
0.00229285
0.00153008
0.00484538
0.00431908
0.00211503
0.00267647
0.00116573
0.00108228
0.000653178
0.000117145
1.18473e-05
0.000109632
2.27569e-05
0.000205197
0.000122922
0.000142516
0.00013719
0.000116475
0.000133432
0.000108127
9.44777e-05
0.000104931
8.63253e-05
7.41069e-05
8.90763e-05
0.000106224
8.88073e-05
9.80535e-05
7.75343e-05
6.42819e-05
6.80552e-05
8.09166e-05
4.26005e-05
5.32796e-05
4.86409e-05
5.24859e-06
6.51885e-06
1.48659e-05
2.35526e-06
4.64232e-06
8.7666e-07
1.14817e-07
1.93641e-06
2.92622e-07
6.46681e-06
1.43705e-05
2.8185e-05
1.38447e-05
2.34192e-05
5.63127e-05
5.11992e-05
5.64897e-05
2.00822e-05
3.51741e-05
6.74925e-05
0.000175625
3.66533e-05
0.000175087
0.000161803
0.000147221
0.000212289
0.000217874
0.00030958
0.000936732
0.000747954
0.000640785
0.000452065
0.000424129
0.000351756
0.00026177
0.000200684
0.000155876
0.000103826
6.48468e-05
4.40589e-05
2.02393e-05
1.03974e-05
3.87015e-06
1.00527e-07
2.25999e-07
1.28671e-05
3.08692e-05
3.67304e-05
4.73893e-05
7.57266e-05
0.000108228
0.000145189
0.000192652
0.000194333
0.000314878
0.000341804
0.000393599
0.000395631
0.000423305
0.000504682
0.000608586
0.00063963
0.000726075
0.000673581
0.00070048
0.000756629
0.000709963
0.000786256
0.000918093
0.00103183
0.0011433
0.00112535
0.00115307
0.00122161
0.0012978
0.00133947
0.0014081
0.00136677
0.00118091
0.00117642
0.00124465
0.00121225
0.0014459
0.00142912
0.00132396
0.00133137
0.00134399
0.00151303
0.00144749
0.0013547
0.00136786
0.00128611
0.00139405
0.00128624
0.00103456
0.00105508
0.000990677
0.00112112
0.00103022
0.00091523
0.000875231
0.00100184
0.00094103
0.000812359
0.000756248
0.000705766
0.000793971
0.00070853
0.000656576
0.000680258
0.000622344
0.000716772
0.000644902
0.000569651
0.000584043
0.00053985
0.000449233
0.000445936
0.000396418
0.0004985
0.000450545
0.000409554
0.000299508
0.000288566
0.000250534
0.000282493
0.000229039
0.00018592
0.000158906
0.000149867
0.000137012
0.000100109
8.42022e-05
7.49151e-05
5.1677e-05
2.85671e-05
1.8204e-05
1.65952e-05
1.24305e-05
3.18818e-06
1.37636e-06
5.41387e-07
4.00903e-06
5.25135e-06
1.03396e-05
2.09575e-05
2.80945e-05
4.36126e-05
5.05149e-05
6.38671e-05
7.67504e-05
8.84917e-05
9.45063e-05
0.000104497
0.000108635
0.000122901
0.000127323
0.000139828
0.000145065
0.000154845
0.000156095
0.000182322
0.000185999
0.000178853
0.000179611
0.000193564
0.000195027
0.000211419
0.00021959
0.000227587
0.00024275
0.000241998
0.000246394
0.000186206
0.000195694
0.000195812
0.000159664
2.21906e-05
3.86564e-05
0.000746737
0.000672629
0.00133069
0.000136363
7.51521e-05
7.45312e-05
0.000431492
0.000772304
0.000520043
0.000878334
0.00127288
0.00128273
0.000167593
0.000195858
0.00045621
0.00030574
0.000265765
0.000204603
0.000125923
0.000490137
0.000359173
0.000455494
0.000338422
0.000107822
8.0042e-05
0.000167856
0.000166748
0.00015195
3.01781e-05
1.45709e-05
7.42328e-06
1.70321e-05
1.62578e-05
2.59811e-05
2.02245e-05
3.43356e-05
6.29316e-05
3.78499e-06
8.31353e-06
4.98015e-07
3.93685e-07
6.30382e-09
5.57712e-07
1.48851e-06
1.38295e-07
1.25741e-06
1.937e-05
3.7951e-05
3.42381e-05
6.48226e-05
6.20939e-05
2.26405e-05
2.05564e-05
0.000151794
0.000148255
0.000131785
9.3928e-06
1.80292e-05
4.65337e-06
1.1321e-05
9.57584e-06
4.28066e-06
1.90465e-08
2.46184e-07
6.17234e-06
1.42195e-06
0.000124745
6.59061e-05
0.000138587
7.35003e-05
9.94889e-06
1.52802e-05
9.88759e-06
7.63548e-07
2.02196e-06
1.59118e-06
2.81299e-05
1.35409e-05
2.05222e-05
2.0349e-05
0.000128458
0.000108935
9.85265e-05
0.000210423
0.000149366
0.000107954
9.75125e-05
8.96104e-05
4.65547e-05
3.2019e-05
1.21314e-05
6.59677e-06
3.18052e-10
1.22818e-05
2.60308e-05
2.67734e-05
4.69953e-05
3.29306e-05
2.18023e-05
4.14557e-05
8.94526e-08
3.80255e-06
4.45283e-05
0.000151391
0.000235627
0.000155731
0.000152472
0.00018175
5.55884e-05
7.58176e-05
0.000114164
0.000139622
0.000117064
8.01303e-05
9.82323e-05
8.68852e-05
9.38474e-05
6.35932e-05
8.33148e-05
7.6822e-05
0.000132954
0.000136135
0.00015142
8.68027e-05
0.000104342
0.000134199
0.00015277
0.000101537
0.000115034
0.000147245
0.000161344
7.75211e-05
8.71112e-05
0.000141222
0.000136678
0.000152492
0.000156671
0.000117529
0.000120936
0.000107959
0.0001098
6.42552e-05
6.5901e-05
5.55996e-05
8.33219e-05
8.18627e-05
5.86085e-05
4.31912e-05
4.22784e-05
3.70506e-05
4.26825e-05
3.76599e-05
1.91517e-05
1.5714e-05
1.2589e-05
8.26364e-06
6.63039e-06
5.51266e-06
4.95316e-06
4.8459e-06
2.31782e-06
2.12906e-06
1.64088e-06
2.148e-06
0.000348844
0.0272256
0.025024
0.0231992
0.0203917
0.0166379
0.0213432
0.0126623
0.0148106
0.012385
0.000528156
0.000648741
0.00111188
0.00169252
0.00136193
0.0010653
0.00128236
0.00110612
0.00123175
0.00121561
0.00115002
0.000983638
0.000807873
0.000907506
0.000689986
0.000565648
0.00047395
0.000260383
0.000186355
0.000213459
2.90227e-05
1.30799e-05
4.33145e-05
6.16662e-05
5.05765e-06
0.000320999
0.000312521
0.00105674
0.00108734
0.000690524
0.00140456
0.00144231
0.00146977
0.00140991
0.00104888
0.000928294
0.000764391
0.000775357
0.000573496
0.000499057
0.000568373
0.000491685
0.00041279
0.000279538
0.000222788
0.000211021
0.000200027
0.000225302
0.00010022
0.000108523
8.11166e-05
8.10589e-05
2.59246e-05
2.82426e-05
2.02968e-05
1.85072e-05
6.24805e-06
2.09189e-05
4.99171e-06
6.50929e-07
8.63695e-06
9.94346e-06
1.47416e-06
8.69669e-07
1.98574e-05
6.91755e-06
1.98644e-06
7.25026e-06
8.99416e-06
3.65068e-06
6.62587e-06
2.78506e-05
4.56204e-05
7.54671e-05
4.72162e-05
1.20127e-05
1.37394e-05
7.8287e-05
3.4663e-05
0.000126172
0.000102935
0.000196579
0.000186801
0.000112878
5.61055e-05
8.75652e-05
0.000110788
0.000156211
0.000213378
0.000302122
0.000361858
0.000306276
0.000346744
0.000459081
0.000541709
0.000282017
0.000527129
0.000369235
0.000699089
0.000428688
0.000553667
0.000643063
0.000387623
0.000579486
0.000498818
0.000739391
0.000660748
0.000730886
0.000577941
0.000721723
0.000580644
0.000664731
0.000937824
0.000609615
0.000751286
0.000573286
0.000981343
0.000618078
0.000882038
0.000515343
0.000580005
0.000766384
0.000618092
0.000610563
0.000386318
0.000396186
0.000385415
0.000494514
0.000552465
0.000719832
0.000893581
0.000828491
0.000425563
0.000378689
0.000464124
0.00083819
0.000446968
0.00070395
0.000297794
0.000285909
0.000715234
0.000262572
0.000255233
0.0002591
0.000308472
0.000308513
0.000263767
0.000277317
0.000274906
0.000237828
7.98216e-05
0.000285185
9.88605e-05
9.94123e-05
7.76115e-05
8.43344e-05
0.000329032
0.000116521
0.000297599
0.000110872
0.000302678
0.000305484
0.000279482
0.000284331
0.000237198
8.53387e-05
0.000304507
0.000129601
0.000129142
0.000292237
0.000129982
0.000249307
0.000250044
0.000180765
0.000120686
0.000175781
0.0001717
0.000138118
0.000146405
0.000129321
0.000132915
0.000128076
8.07403e-05
8.52156e-05
0.000139938
0.000141622
0.000134328
0.000129773
0.00013831
0.000136111
0.00015999
0.000156223
0.000154706
0.00015896
0.000160146
0.000148771
0.000174311
0.000182606
0.000171598
0.000149113
0.000140409
0.000136361
0.000129571
0.000101812
9.69793e-05
0.000121302
0.000112593
0.000136083
0.00013614
0.000126772
9.49008e-05
9.25337e-05
8.90059e-05
0.000101066
0.000103082
9.86167e-05
9.28391e-05
8.16994e-05
7.20871e-05
5.97706e-05
5.94885e-05
5.4427e-05
5.25027e-05
5.00905e-05
4.86276e-05
4.63485e-05
3.19538e-05
2.43451e-05
2.41585e-05
2.12138e-05
1.67621e-05
1.34405e-05
1.09328e-05
8.37701e-06
4.14196e-06
2.3327e-06
3.83234e-06
2.35663e-06
1.58122e-06
6.02905e-07
1.13529e-07
7.42763e-09
1.36146e-07
4.68471e-08
1.22188e-07
7.83931e-07
4.95899e-06
6.74206e-06
6.72068e-06
9.90767e-06
1.24572e-05
1.37933e-05
1.73202e-05
1.87767e-05
2.20232e-05
2.6992e-05
2.95032e-05
4.49467e-05
4.81163e-05
5.34126e-05
4.3061e-05
4.41468e-05
4.80119e-05
5.85535e-05
6.01597e-05
6.01051e-05
6.56195e-05
6.6637e-05
7.16615e-05
7.79651e-05
7.89212e-05
8.4269e-05
9.58094e-05
9.7434e-05
0.000103668
0.000105794
0.000108369
0.000123351
0.000125862
0.000111392
0.000110805
0.000113135
0.000119163
0.00012109
0.000123086
0.000123441
0.000113201
0.000112249
0.000114936
8.08226e-05
8.08722e-05
8.30771e-05
8.04733e-05
8.21362e-05
8.31525e-05
8.042e-05
7.98251e-05
8.23898e-05
8.13905e-05
8.19841e-05
8.74684e-05
8.59714e-05
8.50961e-05
8.43127e-05
8.62675e-05
7.60753e-05
7.49856e-05
7.60493e-05
7.96818e-05
7.87712e-05
8.16353e-05
7.48868e-05
7.39253e-05
7.45993e-05
7.17775e-05
7.35274e-05
7.60876e-05
7.59884e-05
6.95917e-05
7.03559e-05
7.49548e-05
7.51186e-05
8.13358e-05
8.56796e-05
6.84202e-05
7.21585e-05
6.31517e-05
6.41445e-05
6.85555e-05
6.88158e-05
6.94122e-05
7.91982e-05
7.72118e-05
8.17429e-05
8.32387e-05
8.30364e-05
8.3075e-05
8.63358e-05
7.87563e-05
8.32872e-05
3.67392e-05
3.6661e-05
3.68338e-05
3.48464e-05
3.59375e-05
4.84445e-05
4.72718e-05
0.000189316
0.000235613
0.000496251
0.000513068
0.00137167
0.00117037
0.00219947
0.00198508
0.0015004
0.00136909
0.00261625
0.00230531
0.000450107
0.000378714
0.000201845
0.000164816
0.000158854
0.000130334
0.000123429
2.16324e-05
1.64602e-05
3.64738e-05
1.69521e-05
7.19021e-05
7.51623e-05
6.58722e-05
6.74049e-05
6.54821e-05
5.2825e-05
0.000211779
0.000192426
0.000142019
0.000129673
1.15746e-05
2.10793e-05
1.8218e-05
0.000160594
0.000139033
0.000110121
8.55269e-05
4.25098e-05
5.28258e-05
2.17725e-06
9.1595e-06
9.94552e-06
1.60912e-06
3.01358e-06
3.46348e-05
4.97019e-05
0.00017556
0.000172555
0.000282781
0.000285682
0.000289485
8.53694e-07
8.2559e-06
6.57937e-06
2.59487e-05
4.49989e-05
3.64601e-05
1.49904e-05
2.53821e-05
2.43839e-06
3.08172e-06
2.41871e-07
7.07625e-06
3.66139e-06
2.64926e-07
2.08263e-07
3.15914e-05
4.20302e-05
9.04376e-06
1.22303e-05
0.00010176
0.000110831
9.63161e-05
6.26813e-05
6.23902e-05
0.000111884
0.000108992
6.95231e-06
7.69019e-06
3.40735e-05
3.14559e-05
3.17981e-05
3.10779e-05
2.68779e-05
8.56047e-05
7.98014e-05
6.95359e-05
7.33604e-05
6.20843e-05
4.97515e-05
2.35822e-06
7.90399e-07
4.1842e-07
2.98472e-06
7.57982e-07
3.50407e-07
6.07573e-06
1.47383e-05
2.49736e-06
1.15903e-05
2.00042e-06
9.89046e-06
9.44507e-06
2.02336e-05
4.08507e-05
6.28438e-05
0.000101179
7.08407e-05
0.000121263
0.000114244
0.000174373
0.000213583
0.000239594
0.00033326
0.0003249
0.000186058
0.000277715
0.00027859
0.000396131
0.000428895
0.00058806
0.000578825
0.000497428
0.000453408
0.00222903
0.000130117
0.00200764
0.00149611
0.00113732
0.00103249
0.00132178
0.000995807
0.000890751
0.000531631
0.000369344
0.000323839
0.000314214
0.000193115
0.00018228
0.000142138
7.52981e-05
7.27555e-05
6.56144e-05
2.83116e-05
5.10989e-06
7.14831e-08
5.79277e-06
2.24737e-08
2.27941e-07
1.32176e-06
8.10234e-06
6.31812e-07
2.44025e-06
1.66545e-06
3.57721e-06
1.62529e-05
1.04366e-05
2.93433e-06
4.89472e-05
6.88672e-05
9.798e-05
7.35138e-05
1.29723e-05
2.94395e-05
2.27002e-05
4.70127e-05
7.16869e-05
4.85153e-05
5.52136e-05
6.65006e-05
8.84405e-05
9.36643e-05
3.16039e-05
5.02417e-05
3.9752e-05
1.8774e-05
1.73915e-05
1.28678e-05
0.0500627
0.0464462
0.0433208
0.0402985
0.0373562
0.0334434
0.0302859
0.0262404
0.0227404
0.018924
0.015619
0.0123971
0.0059117
0.00486247
0.00445119
0.00278493
0.00278117
0.00150866
0.00128992
0.000554485
0.000440683
0.000415313
4.05507e-06
7.45117e-05
2.44099e-05
4.2341e-05
6.31906e-05
4.10243e-05
1.13725e-05
1.90246e-05
1.46132e-05
1.79855e-05
7.60919e-06
4.25835e-06
8.25013e-06
1.9295e-05
8.44935e-06
6.98366e-06
1.18938e-05
1.93421e-06
1.7049e-07
9.78421e-08
2.84084e-06
5.29619e-07
2.21371e-06
5.52788e-12
1.04875e-06
6.72427e-06
4.40802e-06
6.53255e-06
9.10691e-06
1.1235e-05
2.82757e-05
4.19357e-05
6.40517e-05
6.47223e-05
3.32115e-05
7.97332e-05
0.000169629
0.000153985
0.000134949
0.000205553
0.000203563
0.000238068
0.000188619
0.000265316
0.000296031
0.000312303
0.000284532
0.000339003
0.00026702
0.000323086
0.000253688
0.000263736
0.000299218
0.000237428
0.000344594
0.000296197
0.000357951
0.000274252
0.00288177
0.00257586
0.00221679
0.0018172
0.00146556
0.00108413
0.00093656
0.000765881
0.000575956
0.000578921
0.000440844
0.000328252
0.000211054
0.000200663
0.000126896
6.00717e-05
2.00317e-05
3.39938e-05
9.73113e-06
3.02255e-06
2.56225e-07
1.08182e-06
5.09736e-06
1.10807e-05
2.09779e-05
3.64585e-05
8.1057e-05
0.000100934
0.000135175
0.00013155
0.000153317
0.000201911
0.000193813
0.000217069
0.000260998
0.000297833
0.000324625
0.000390149
0.000403258
0.000432082
0.00050945
0.000544239
0.000573812
0.000665586
0.000673614
0.000766125
0.000858085
0.000888217
0.000919543
0.00101334
0.00113358
0.00126265
0.00118741
0.00132076
0.00135513
0.00126359
0.0013369
0.00125495
0.00116376
0.00119924
0.00109227
0.00109236
0.00104081
0.00100728
0.000942614
0.000946045
0.000884651
0.000938348
0.000814501
0.00076722
0.00065282
0.000579902
0.000736121
0.000718759
0.000599803
0.000565268
0.000544599
0.000526863
0.000447875
0.000545822
0.000518605
0.000342142
0.000427619
0.000327138
0.000288916
0.000225208
0.00018543
0.000196547
0.000171057
0.000142817
0.000111804
9.71028e-05
8.88319e-05
6.24148e-05
4.50147e-05
2.70261e-05
2.80467e-05
2.35724e-05
1.05206e-05
9.09488e-06
2.72168e-06
1.71664e-07
2.07026e-07
1.56247e-06
5.08207e-06
1.36514e-05
1.90474e-05
2.62535e-05
3.23054e-05
4.20324e-05
4.93952e-05
5.61265e-05
7.03168e-05
8.1701e-05
8.53552e-05
9.42525e-05
0.000100383
0.000102956
0.000114013
0.000130503
0.000127958
0.000145567
0.000147877
0.000152565
0.000163256
0.000173527
0.000175475
0.000180769
0.00018062
0.000185321
0.000193698
0.000195496
0.000196685
0.000196601
0.000205513
0.00021763
0.000220629
0.000236679
0.000237502
0.00024329
0.000225349
0.000224259
0.000228716
0.000223735
0.00013847
0.000129907
0.00119658
0.00139152
0.00249362
0.00118204
0.000327078
0.000206813
0.00286906
0.00281947
0.00257284
0.00298939
0.00300677
0.00226914
0.00226512
0.000656371
2.91533e-05
7.35136e-06
0.000540857
0.000385303
0.000629676
0.000458739
0.000410782
0.000300598
0.000114705
6.89427e-05
4.96371e-05
1.86982e-05
5.40504e-05
0.000163446
0.00020036
0.000244613
0.000214268
0.000410625
0.000421334
1.39202e-05
2.67927e-05
0.000164533
0.000191301
2.18996e-05
3.87938e-05
3.10056e-05
8.42595e-05
0.000106581
0.000101787
0.000317149
0.000324133
0.000293709
0.000305405
0.000147814
0.000166012
0.00027261
0.000276933
0.000151939
0.000119785
7.45757e-05
7.78869e-05
9.70879e-05
5.01432e-05
0.000116187
7.74309e-05
0.000162555
0.000111651
9.52455e-05
6.28619e-05
4.93601e-05
1.27724e-05
3.26278e-07
2.42716e-07
1.38573e-06
9.53602e-07
6.20745e-07
3.4081e-07
1.92974e-06
1.68312e-06
2.30787e-06
8.91276e-06
7.57687e-06
5.76536e-06
6.75219e-09
2.03456e-06
3.06021e-06
6.03303e-06
3.22738e-05
1.87514e-05
8.82883e-05
0.000173472
0.000186187
0.000152054
0.000178114
0.000587999
0.000601118
0.000255366
0.00052027
0.000363788
0.000665871
0.000272808
0.000394887
0.000360444
0.000384001
0.000409229
0.000564816
0.000542923
0.000759084
0.00069474
0.000588708
0.000977551
0.000970114
0.0012934
0.00114998
0.000835295
0.00103399
0.000897554
0.000845541
0.00187042
0.00164787
0.000879498
0.00120853
0.00101509
0.00148517
0.00178915
0.00145001
0.00180456
0.00180522
0.00234561
0.00196106
0.00185383
0.00221642
0.00184098
0.00151503
0.00315781
0.00256513
0.00143565
0.00316187
0.00251106
0.00107675
0.00151003
0.00126981
0.0479411
0.0374633
0.0268178
0.017384
0.00949336
0.00473547
0.00230443
0.000906131
0.000343695
0.000109654
6.95765e-06
1.11765e-08
3.07618e-07
2.71117e-05
2.80867e-06
6.81272e-06
1.08321e-05
2.13475e-06
1.65368e-05
1.66096e-05
7.96997e-06
4.13487e-06
1.32761e-07
5.09943e-06
4.51347e-08
8.78941e-07
0.000258546
0.000199596
0.000255069
0.000125162
7.44993e-05
6.03026e-05
1.69449e-05
1.9747e-05
1.43131e-05
6.59711e-06
1.16242e-05
1.70468e-06
1.32639e-06
5.71117e-07
2.26495e-07
3.79689e-06
8.90228e-07
8.41454e-06
1.29487e-05
3.79299e-06
0.0239699
0.0223504
0.0198499
0.0171248
0.016432
0.0144173
0.0127385
0.0120012
0.0106418
0.00986494
0.00891838
0.00850472
0.00750005
0.00649881
0.00543218
0.00477974
0.0039459
0.00343014
0.00310919
0.00236546
0.00205938
0.00187645
0.00111623
0.00093446
0.000990216
0.000332247
0.000440441
0.000241217
0.000233884
4.33441e-06
2.53745e-10
7.73673e-06
0.000128522
0.000107474
0.000423148
0.000473115
0.000597858
0.000593564
0.00042125
0.000442884
0.00049687
0.000350814
0.000315088
0.000324097
0.000295414
0.000261642
0.00026161
0.000233895
0.000221013
0.000180552
0.00018616
0.000140505
0.000107349
0.000105708
9.336e-05
5.70426e-05
5.28808e-05
4.69978e-05
7.06321e-05
3.82967e-05
2.97192e-05
1.95942e-05
4.74312e-05
3.3512e-05
1.11758e-06
3.13621e-07
7.45509e-06
7.22988e-07
8.87737e-06
4.59937e-05
1.30717e-05
5.48824e-05
6.95551e-05
7.09671e-05
7.06686e-05
9.27749e-05
6.75403e-05
6.17261e-05
4.13308e-05
8.10593e-05
0.000139745
0.000225878
8.51828e-05
0.000235455
0.000269451
0.000217507
0.000246842
0.000135275
0.000239597
0.000197104
0.000248715
0.000194461
0.000202174
0.000380546
0.000255797
0.000316062
0.000307692
0.000217861
0.000245691
0.000166307
0.000259339
0.000305456
0.000497472
0.000217348
0.000350204
0.000336808
0.000513806
0.000358829
0.000666149
0.000431188
0.000638911
0.000464857
0.000422294
0.000260901
0.000285653
0.000716075
0.000568713
0.000725341
0.000441853
0.000599519
0.000754452
0.000314215
0.000415262
0.000340227
0.000449383
0.000358297
0.000474754
0.000555424
0.000501447
0.000708917
0.000404254
0.000580247
0.000433721
0.000562163
0.000651338
0.000422582
0.000536252
0.000605692
0.00046038
0.000644727
0.000145136
9.46659e-05
0.000520144
4.00139e-05
1.34306e-05
2.68702e-06
5.65806e-07
6.69709e-06
4.61894e-05
6.37067e-05
9.48292e-05
8.55848e-05
0.000131917
0.000245146
0.000276449
0.000329671
0.000343265
0.000375452
0.000421799
0.000403187
0.000481415
0.00047335
0.00050453
0.00050139
0.000492345
0.000498934
0.000555162
0.00058309
0.00057284
0.000554469
0.000562054
0.000508773
0.000534983
0.00052682
0.000479184
0.000504288
0.000499232
0.000640505
0.000634767
0.000598178
0.000431388
0.000454064
0.000450476
0.000487803
0.000493119
0.000546792
0.00050755
0.000483879
0.000461304
0.000554779
0.000572495
0.000557633
0.000449607
0.000427761
0.00041465
0.000369437
0.00036615
0.000428547
0.000424647
0.000420647
0.000425539
0.000426444
0.000432978
0.000324419
0.00031549
0.000344856
0.000340979
0.000323334
0.000310149
0.000322706
0.000314687
0.000307723
0.00021031
0.000199526
0.00022597
0.000223717
0.000209402
0.000197251
0.000194287
0.00016728
0.000160894
0.000137801
0.000119269
0.000109275
0.000106907
8.1333e-05
7.0852e-05
6.80501e-05
5.94137e-05
5.29056e-05
4.11365e-05
3.70119e-05
2.43966e-05
1.97886e-05
1.43559e-05
1.12279e-05
9.05778e-06
5.42927e-06
8.1158e-07
1.29167e-07
3.91418e-10
4.60723e-07
2.44153e-06
3.77028e-06
6.01295e-06
8.40119e-06
1.2675e-05
1.49081e-05
1.89742e-05
2.61693e-05
2.90358e-05
3.24346e-05
3.10495e-05
4.9857e-05
4.59499e-05
4.8972e-05
5.88052e-05
6.13678e-05
6.88272e-05
6.43229e-05
6.51299e-05
6.84192e-05
8.08485e-05
8.20737e-05
8.75814e-05
9.55455e-05
9.35625e-05
9.90237e-05
0.000100313
9.71183e-05
9.90031e-05
0.000105173
0.000106531
0.000119239
0.000119235
0.000121146
0.000122759
0.000117769
0.000116006
0.000118474
0.000139753
0.000126991
0.000226147
0.000211394
0.000136442
0.000211083
0.000205256
0.000200697
0.000194508
0.000194017
0.000191375
0.000191015
0.000180525
0.000176567
0.000183702
0.000183559
0.000181777
0.000175676
0.000173975
0.000172913
0.000171297
0.000167218
0.000168892
0.000154355
0.000184436
0.000189476
2.60811e-05
2.61006e-05
2.61616e-05
2.60115e-05
2.59456e-05
2.59466e-05
2.59656e-05
2.59803e-05
2.85623e-05
2.76378e-05
2.9771e-05
2.95488e-05
3.02626e-05
0.00153149
0.00160024
0.00508914
0.00481956
0.00430384
0.000104435
7.59586e-05
0.00056286
0.000363725
0.000302316
4.50741e-05
2.6485e-05
2.55834e-05
2.7769e-05
3.32821e-05
4.19636e-05
0.000520344
0.000519068
0.000472751
0.000365341
0.000373743
0.00030976
0.000304571
0.000309051
0.000259877
0.000418349
0.000423911
0.000650601
0.000624305
0.00073663
0.00069444
0.000504934
0.000470689
0.000913559
0.000667508
0.000618656
0.000625463
0.000587298
0.000512841
0.000372722
0.000477058
0.000440737
0.000386112
0.000352791
0.000324602
0.000515065
0.000466832
0.000407831
0.000221477
0.00297686
0.0023154
0.00226463
0.0017942
0.00128637
0.000970558
0.000714404
0.000633456
0.000525413
0.000373456
0.000442032
0.000302725
0.000274594
0.000237716
0.000158528
0.000133236
8.66236e-05
9.71174e-05
5.32431e-05
4.46403e-05
6.97849e-05
3.49201e-05
3.58237e-05
3.69688e-07
6.27654e-06
5.87981e-06
8.83501e-06
1.98179e-05
1.49135e-05
2.16866e-06
3.15414e-07
3.91025e-10
3.59474e-06
0.000140303
0.000164668
0.000132164
7.05724e-05
4.80007e-05
7.26799e-05
6.1351e-05
4.90212e-05
2.17687e-05
0.00833974
0.00558002
0.00433524
0.00328989
0.00270811
0.00168365
0.00122598
0.00049729
0.000328246
0.000356119
0.000593354
0.000413812
0.000881381
0.000610834
0.000492231
4.93154e-05
2.17028e-05
1.91464e-05
0.000261328
0.000335924
0.000216474
1.85546e-05
4.34968e-06
3.63275e-06
1.81298e-05
9.22879e-05
0.00010493
0.000148538
0.000162373
0.000205712
0.000204358
1.58407e-05
4.64235e-06
5.13116e-06
5.90183e-08
2.0637e-07
1.73998e-06
1.97858e-05
5.16422e-06
6.27101e-06
7.40586e-08
7.31425e-08
3.998e-06
2.72276e-06
1.59322e-05
0.000475983
0.000387709
1.0502e-05
3.05701e-06
0.001673
0.00121604
0.00274732
0.00305962
0.00247156
0.00173477
0.00108765
0.000705503
0.000533902
0.000541974
0.000345155
0.000150102
8.1125e-05
6.98519e-05
5.43953e-05
2.74536e-05
5.02762e-05
2.67954e-05
1.07497e-06
3.41032e-07
4.68684e-09
8.59631e-08
2.8322e-07
3.68452e-06
1.75359e-07
2.90694e-06
3.3002e-06
4.41999e-06
1.3115e-07
8.5218e-07
1.75302e-05
8.63272e-06
2.06033e-06
2.30078e-06
4.05783e-06
2.57147e-06
5.42652e-06
1.94364e-08
2.72093e-07
7.7917e-07
8.70047e-06
1.174e-07
0.00100487
0.000812224
0.00145914
0.0047916
0.00300961
0.00248353
0.00216535
0.00101565
0.000610387
0.00010898
6.76919e-05
0.000152829
4.56176e-06
0.000177863
0.000211405
0.000167333
0.00015148
9.75568e-05
0.000122307
0.000108007
0.000121618
9.45054e-05
7.98343e-05
9.01676e-05
0.000106402
9.34907e-05
7.4382e-05
9.21526e-05
5.74226e-05
8.00549e-05
7.93492e-05
3.55956e-05
5.16339e-05
4.7341e-05
1.52651e-05
9.60221e-06
8.86905e-06
1.46478e-07
5.20441e-07
2.6002e-07
2.09076e-06
2.30727e-05
5.00221e-06
1.00453e-05
1.25501e-05
3.16335e-05
4.21007e-05
2.43736e-05
5.37285e-05
1.23651e-05
3.18436e-05
5.41044e-05
7.98474e-05
8.97301e-05
4.59707e-05
7.05221e-05
0.000101697
6.19162e-05
8.44688e-05
7.11091e-05
0.000118433
0.000160382
0.000224319
0.000207451
0.00013213
0.000215333
0.00093558
0.00082543
0.000510544
0.000560225
0.000413569
0.000370134
0.000251183
0.000175985
0.000133833
8.79686e-05
3.26163e-05
9.11699e-06
1.5673e-05
2.72603e-06
5.72111e-07
2.29849e-07
5.36095e-06
1.1899e-05
3.5216e-05
6.20159e-05
7.32326e-05
0.000110951
8.64256e-05
0.000103509
0.000142567
0.000204612
0.00028267
0.000282975
0.000342277
0.000400914
0.000427523
0.000564362
0.000674781
0.000636167
0.000656861
0.000754757
0.000796611
0.00086036
0.000870925
0.000930807
0.00104357
0.00107397
0.00116224
0.00119538
0.00127591
0.00125658
0.00128299
0.00133162
0.00143577
0.00110344
0.00113188
0.00111513
0.00133365
0.00132001
0.00132895
0.00107304
0.00108725
0.00114544
0.00117367
0.00117655
0.00147608
0.00137848
0.00141213
0.00110906
0.00117915
0.00111829
0.00121867
0.00123874
0.0011284
0.00106114
0.00107641
0.000978191
0.00102039
0.00093804
0.000834315
0.000774876
0.000851946
0.000791953
0.000729774
0.000633295
0.000683598
0.000611127
0.000634178
0.000586522
0.000624091
0.000559525
0.00061652
0.000565854
0.000498586
0.000404173
0.000342721
0.000412451
0.000304912
0.000311602
0.000281023
0.000213838
0.00019969
0.000165376
0.000178766
0.000169188
0.000133255
8.58737e-05
7.48527e-05
5.1871e-05
4.98906e-05
2.40058e-05
1.50333e-05
1.00716e-05
3.10886e-06
1.21777e-06
2.07531e-07
1.39888e-06
3.11302e-06
7.49823e-06
1.26838e-05
2.06908e-05
3.05659e-05
3.67642e-05
4.61028e-05
5.06906e-05
5.47622e-05
6.22321e-05
7.53925e-05
8.53868e-05
9.3539e-05
9.72161e-05
0.000103605
0.000110742
0.000118613
0.000124937
0.000145186
0.000148824
0.000145955
0.000153556
0.000157184
0.000163624
0.000164685
0.000172298
0.00018744
0.000189235
0.000196456
0.000205477
0.000207671
0.000209169
0.000211144
0.000219769
0.000220718
0.000220562
0.000244208
0.000245655
0.000254505
0.000271089
0.000273128
0.000207742
0.000208974
0.000220604
0.000220808
0.000202949
0.000193979
0.000191822
0.000304783
2.05906e-06
0.00395546
0.000284582
0.000677878
0.000703205
0.000631401
0.00276654
4.58718e-05
0.000191514
0.000180667
0.00132066
0.00137734
3.89721e-05
7.38052e-05
6.10464e-05
0.000483525
0.000318831
0.00029909
0.00220004
0.00176255
0.0015631
0.00231927
0.0019837
0.00180323
0.00219374
0.00187471
0.00173586
0.00120676
0.000977986
0.000680688
0.000568488
0.000350987
0.00031637
0.000188886
0.00016589
1.83339e-05
4.20142e-06
4.03749e-06
1.58693e-05
6.06216e-06
6.2794e-06
1.69061e-08
2.44008e-06
5.24719e-07
5.03821e-05
7.64458e-05
7.54945e-05
0.000171698
0.000196642
8.56265e-05
7.28139e-05
0.000188277
0.000152329
0.000365411
0.000349493
0.000291511
0.000185513
0.000146383
0.000118629
0.000129906
9.93039e-05
9.11783e-05
1.02511e-05
4.24596e-06
2.45649e-06
2.76837e-05
2.86534e-05
2.4389e-05
8.61624e-06
2.34325e-05
2.22878e-06
1.27105e-06
5.11739e-05
1.8732e-05
1.28873e-05
1.02302e-06
2.11396e-06
2.76288e-06
5.02373e-06
4.95272e-06
5.56743e-06
5.13488e-06
3.92876e-06
4.89099e-06
1.60142e-05
7.09586e-06
3.19258e-06
1.59223e-06
1.24413e-07
1.9239e-05
3.44353e-05
3.16083e-05
1.00317e-05
2.10945e-05
2.13469e-05
3.70905e-06
4.22873e-07
2.98265e-07
1.45287e-05
2.49484e-06
4.16907e-08
3.64796e-06
2.42628e-06
6.3527e-08
2.91207e-06
1.34182e-05
3.14998e-05
2.44532e-05
3.39836e-06
2.28709e-08
2.63439e-05
4.1535e-05
4.35062e-05
6.25349e-05
0.000187056
0.000223056
0.000198305
9.3247e-05
0.000107861
0.000123599
8.52296e-05
0.000104419
6.51505e-05
8.7946e-05
8.10485e-05
7.47301e-05
9.08524e-05
8.40876e-05
0.000100197
8.86277e-05
0.000108546
5.97513e-05
8.0051e-05
7.06109e-05
0.000108066
0.000122153
4.44592e-05
6.05893e-05
5.20207e-05
9.82544e-05
0.000114626
0.000145394
0.000152075
0.00010777
0.000125325
0.000115664
0.000216022
0.000215811
0.000124662
0.000123153
8.94106e-05
9.98299e-05
8.88444e-05
5.95264e-05
6.29602e-05
6.60273e-05
9.1683e-05
9.5036e-05
4.1543e-05
4.4399e-05
3.42763e-05
6.38159e-05
6.21974e-05
5.64861e-05
5.17927e-05
4.35289e-05
2.92498e-05
2.21371e-05
7.43301e-06
3.3196e-06
1.96829e-05
1.81652e-05
1.2322e-05
2.7794e-06
1.59641e-06
6.25749e-06
5.03765e-05
1.16646e-05
0.0287268
0.025205
0.0242067
0.0200374
0.0191317
0.0217955
0.0183833
0.015959
0.000194983
0.000594417
0.000532197
0.000981831
0.000793582
0.000683576
0.00104703
0.000897653
0.000891431
0.00107479
0.000852107
0.000823048
0.000622403
0.000600167
0.000472668
0.000543991
0.000336878
0.000336805
0.000127081
1.54359e-05
6.84308e-06
1.7285e-05
5.96112e-05
6.80791e-05
0.000386268
0.000254511
0.000412209
0.000750214
0.000959664
0.00101026
0.00144299
0.00126361
0.00131747
0.000876707
0.000892966
0.000957231
0.000597646
0.000509641
0.000527746
0.000392618
0.000325198
0.000333861
0.000388752
0.000318341
0.000296035
0.000230923
0.000271407
0.000207388
0.000152886
0.000208466
0.000201486
0.000103121
0.000113378
0.000103167
6.25147e-05
5.28552e-05
7.63308e-05
2.35003e-05
2.9603e-05
1.67244e-07
1.65865e-07
4.5826e-07
1.32336e-06
2.5902e-06
1.58855e-06
1.20083e-05
4.75034e-08
1.12376e-05
1.71705e-05
4.72729e-06
1.08936e-05
1.14877e-06
1.85476e-05
7.19273e-05
0.000106873
7.05937e-05
1.24893e-05
6.46547e-05
7.28718e-05
3.11773e-05
5.18603e-05
6.60983e-05
6.9612e-05
0.000140495
7.35282e-05
0.0001166
4.55776e-05
0.000112964
5.34692e-05
9.3566e-05
0.000179384
0.000262433
0.000311446
0.000165273
0.000295951
0.000130898
0.000263158
0.000163184
0.000305864
0.000289821
0.000204472
0.000301168
0.000384127
0.000221318
0.000388739
0.000363655
0.000552908
0.000249613
0.000313194
0.000441869
0.000324367
0.000597408
0.000461322
0.000551275
0.000301782
0.000660627
0.000337172
0.00036045
0.000440905
0.000679812
0.000486842
0.000650433
0.000508203
0.000678421
0.000712737
0.000881276
0.000913917
0.000537432
0.000668846
0.000726668
0.00037095
0.000487408
0.000554228
0.000822871
0.000494511
0.000715244
0.0008656
0.000873424
0.00051489
0.0006776
0.000992539
0.000507687
0.000651674
0.000628418
0.000764441
9.70215e-05
0.000106419
0.000208322
5.52915e-05
0.000796767
0.000193878
0.000145265
0.000148386
0.00014073
0.000144558
0.000229234
0.000228026
0.000204222
0.000215419
0.000214702
0.000229058
7.37292e-05
5.32054e-05
6.09283e-05
0.000209632
0.000211879
0.000252772
0.000107152
7.74136e-05
8.67968e-05
8.43035e-05
0.000121934
0.000105264
0.000104585
9.88905e-05
0.000107852
0.00010884
0.000137564
0.000146236
0.000141306
0.000100633
0.000104029
0.000131092
0.000125215
7.68535e-05
7.77522e-05
0.000131928
0.000129678
0.000117042
0.000109415
0.000117827
0.000121932
0.000130701
0.000123119
9.77635e-05
0.000104964
0.000103569
0.000127526
0.000135043
0.000130941
0.00011803
0.000124183
0.000122305
0.000133687
0.000131445
0.000119337
0.000116371
0.000112877
0.000107768
0.000104687
9.39258e-05
0.000113697
0.000117043
0.000108364
9.96112e-05
9.99564e-05
9.38296e-05
7.00917e-05
6.11925e-05
6.31409e-05
5.81117e-05
5.55882e-05
6.77211e-05
6.11016e-05
4.70358e-05
4.77091e-05
3.64547e-05
3.20399e-05
2.79623e-05
2.3092e-05
1.27265e-05
1.15466e-05
8.55222e-06
3.73275e-06
2.12202e-06
4.80544e-06
2.56401e-06
2.69702e-06
1.67468e-06
5.49234e-07
3.20689e-07
1.43895e-07
6.41201e-07
3.87905e-06
5.89172e-06
8.04447e-06
9.52909e-06
1.30633e-05
1.54512e-05
1.73051e-05
1.98382e-05
2.75712e-05
3.13604e-05
3.31497e-05
3.4757e-05
3.64284e-05
3.82633e-05
4.35267e-05
5.45653e-05
4.57748e-05
6.49274e-05
7.01873e-05
7.64881e-05
7.99917e-05
8.11582e-05
8.65631e-05
8.81983e-05
9.06165e-05
8.58179e-05
8.61584e-05
8.91893e-05
9.07377e-05
9.57639e-05
6.1057e-05
6.33462e-05
6.36552e-05
6.38987e-05
6.65621e-05
5.67475e-05
5.62527e-05
5.79258e-05
6.54633e-05
6.5892e-05
6.7271e-05
6.68567e-05
6.88258e-05
6.6971e-05
6.64578e-05
6.74368e-05
6.38776e-05
6.28878e-05
6.99988e-05
6.95038e-05
7.18268e-05
6.45722e-05
6.43034e-05
6.78587e-05
6.82296e-05
6.11001e-05
6.12249e-05
5.51634e-05
5.46162e-05
5.51398e-05
6.02258e-05
6.07307e-05
5.29289e-05
5.53466e-05
5.33589e-05
5.33006e-05
5.47567e-05
5.89952e-05
5.92004e-05
6.02584e-05
5.99511e-05
6.39939e-05
6.35604e-05
6.48585e-05
3.33451e-05
3.48491e-05
3.52709e-05
8.8583e-05
8.79659e-05
9.34721e-05
9.34121e-05
9.63071e-05
0.000104322
0.00010425
0.000104792
9.75009e-05
9.86265e-05
4.11175e-05
4.11946e-05
8.49465e-05
3.84877e-05
3.9173e-05
3.89042e-05
