0.000395073
0.000301802
0.000279699
0.000232532
0.00018909
0.000175336
0.000154526
0.000161766
0.00144961
0.00138373
0.00145889
0.001188
0.00127476
0.0010851
0.00092037
0.000805103
0.000654807
0.00052957
0.000432078
0.000371722
0.000355498
0.000482999
0.000747327
0.00113469
0.00168547
0.00218438
0.00300882
0.00450691
0.0055959
0.00386604
0.00333317
0.00181574
0.00134226
0.000640041
0.000329583
0.000221647
0.000183962
0.000330221
0.000263619
0.000420101
0.000590214
0.00085276
0.000664399
0.000768694
0.00109375
0.00122706
0.00119541
0.00123997
0.00148757
0.00230552
0.00257629
0.00316223
0.003236
0.0025262
0.00310413
0.00295728
0.00365382
0.00250325
0.00330412
0.00385308
0.00308688
0.00360803
0.0042471
0.00380559
0.00278836
0.00518865
0.00405059
0.00275242
0.00715686
0.00627037
0.00607124
0.00340106
0.00461891
0.00487837
0.00547148
0.00695501
0.00742243
0.0101236
0.0120245
0.00703711
0.00584758
0.0133738
0.0156083
0.00120036
0.00118536
0.00116475
0.00115855
0.00115118
0.00114859
0.00114781
0.00113705
0.00113396
0.00113564
0.0011335
0.00112678
0.00116426
0.00111601
0.00112302
0.00112905
0.00083418
0.00113471
0.00033155
0.000331306
0.000847305
0.000291292
0.000615175
0.000494989
0.000945986
0.000674407
0.000498866
0.00151323
0.000495323
0.00153012
0.00211889
0.00342125
0.0028319
0.00369088
0.00409973
0.00657322
0.00499432
0.00534627
0.0101435
0.00551136
0.0081339
0.00609593
0.00854035
0.0091128
0.00731062
0.00964112
0.00890751
0.00952074
0.00903843
0.0102572
0.00978185
0.00802109
0.00902926
0.00844226
0.00790994
0.00770242
0.00953635
0.00766308
0.00687859
0.00632663
0.0047779
0.00248641
0.00230367
0.000562549
0.000185393
0.000163576
7.45345e-05
0.000110395
0.000404125
0.000233213
0.000617905
0.000921214
0.000789693
0.00287136
0.000401901
0.00120528
0.000103146
0.00126539
3.85735e-05
4.09365e-05
4.63155e-05
4.90288e-05
0.000106161
0.000249395
0.000764375
0.00222598
0.0039127
0.00423516
0.000825472
0.00348344
0.00619576
0.00399689
0.00187051
0.00181015
0.00388267
0.00421198
0.00408476
0.00296888
0.00173841
0.00112744
9.65504e-05
0.000392064
0.00157388
0.00348807
0.00846905
0.0119408
0.0159111
0.0107368
0.0099517
0.00871804
0.000868698
0.000661217
0.000385161
0.000228449
0.000144534
0.000204422
0.000334989
0.000463724
0.000100919
9.09414e-05
7.46545e-05
1.90548e-05
4.74181e-05
3.547e-06
2.95705e-06
2.92349e-06
9.875e-06
6.02258e-06
3.76206e-06
3.62076e-06
4.68812e-06
7.77064e-06
7.1459e-06
9.65928e-06
2.58882e-05
1.47966e-05
4.57893e-05
5.43025e-05
1.57123e-05
9.61612e-06
2.9191e-05
1.24512e-05
5.07791e-06
0.000261176
0.000405405
0.0056755
0.00374958
0.00245971
0.00173398
0.00108784
0.000674502
0.000365133
0.000236968
0.000118074
0.000102975
3.65965e-05
0.00340623
0.00335455
0.00323026
0.00290243
0.00254062
0.00249069
0.00211816
0.00188512
0.00155866
0.00112802
0.000767955
0.000370323
0.000108422
5.83694e-05
0.000189145
0.00077846
0.00116187
0.000970047
0.00204097
0.0038441
0.00512015
0.00504819
0.00513467
0.00424529
0.00350409
0.00271193
0.00184878
0.00152865
0.00123668
0.000604895
0.000552315
0.000476823
0.000339579
0.000282416
0.000187621
8.23786e-05
5.06473e-05
3.38111e-05
4.98939e-05
2.26655e-05
6.49088e-05
0.000111103
0.000240485
0.000495179
0.000727166
0.000559301
0.000933203
0.00125293
0.00144088
0.00188574
0.00279121
0.00272842
0.00349786
0.00349165
0.00631687
0.0062126
0.00723847
0.00653066
0.0116152
0.0102193
0.0134204
0.0159819
0.0082916
0.0088245
0.0128513
0.0122542
0.0155812
0.0244397
0.0238638
0.0171052
0.0188069
0.0154676
0.0147713
0.0125014
0.00139555
0.00139605
0.0118489
0.00174302
0.00130834
0.00103421
0.00104935
0.00105106
0.00112264
0.00120184
0.00176701
0.00117799
0.0016541
0.00152551
0.000881344
6.89591e-05
3.14234e-05
0.00025113
3.61599e-05
0.000395617
0.000936168
0.00113857
0.000761196
0.00123161
0.0019579
0.00189175
0.00274314
0.00339507
0.00351318
0.00332892
0.00339727
0.00296774
0.00503318
0.0050611
0.00493822
0.00562128
0.00515624
0.00518019
0.0057903
0.00557245
0.00596965
0.004251
0.00633213
0.00405007
0.00425453
0.00614021
0.00419789
0.00608624
0.0047163
0.00558959
0.00366339
0.00382649
0.00388832
0.00343295
0.00133735
0.00214661
0.00171972
0.00131106
0.00112339
0.000386515
8.47847e-05
1.88635e-05
3.95776e-05
4.87713e-05
3.55671e-05
3.19281e-05
1.13211e-05
0.000706069
5.91381e-05
0.000275609
0.000268006
0.00150356
3.20789e-05
3.31474e-05
3.49305e-05
3.47295e-05
3.50997e-05
4.25363e-05
1.21025e-05
1.68299e-05
4.1973e-05
0.00121899
0.00250301
5.86067e-05
0.00326645
0.000217471
0.000139917
0.000112259
0.00295803
0.00242969
0.00161985
0.00110259
0.000575498
0.00023847
0.000178999
3.13191e-05
3.81427e-05
1.02649e-05
1.2286e-05
2.93286e-05
6.31344e-05
5.39244e-06
9.36862e-06
2.1069e-05
1.1941e-05
1.65055e-05
6.87726e-05
2.12566e-05
4.55448e-05
1.29267e-05
2.45928e-05
6.78457e-05
8.24659e-05
3.00281e-05
7.46314e-05
0.000170138
0.000114404
0.00239112
0.00139484
0.00366065
0.00241884
0.00173329
0.00124418
0.000612708
0.00113364
0.00164021
0.00175562
0.000740103
0.000436812
0.000503415
9.36558e-05
0.000290089
0.00011061
2.83167e-05
4.56053e-05
2.62217e-05
7.56208e-06
7.71325e-06
6.1706e-06
6.43663e-06
1.06221e-05
7.62675e-06
7.07607e-06
8.67733e-06
1.29212e-05
1.83108e-05
1.09725e-05
1.48063e-05
1.34178e-05
8.51861e-06
0.00427181
0.00201048
0.000823139
0.000328166
0.000101697
3.93915e-05
3.3385e-05
8.03186e-06
0.0076831
0.00694731
0.0062411
0.00555854
0.00475482
0.00387754
0.00325017
0.00179865
0.00142062
0.000837657
0.000355757
0.000100789
9.41993e-05
0.000344711
0.000856916
0.000699874
0.00189804
0.0037814
0.00604028
0.00587072
0.00634272
0.00595991
0.0051305
0.00424796
0.00353642
0.00296682
0.00239568
0.00169322
0.00139013
0.00115383
0.000792215
0.000757524
0.000496854
0.000404638
0.000252216
0.000211182
9.75214e-05
9.04573e-05
0.000110436
0.000157628
0.000266052
0.000307227
0.000421659
0.000903884
0.000831697
0.00151726
0.00151468
0.00171784
0.00195721
0.00237875
0.0027016
0.00330292
0.00371359
0.00377956
0.00484573
0.00664246
0.00574288
0.00569247
0.00661803
0.00799023
0.0106165
0.0146871
0.0138439
0.0103574
0.0105166
0.00826539
0.0068075
0.00557689
0.00985988
0.00118798
0.00520329
0.00596905
0.00107856
0.00106854
0.00111298
0.00113558
0.00115716
0.00118522
0.0011165
0.00123547
0.00112919
0.00115168
0.00105822
0.00114506
0.0011153
0.00121419
0.00112795
0.00110909
0.00116314
0.00121229
0.00121554
0.00113395
0.00110534
0.000832108
0.00110857
0.00059787
0.000278141
0.000579614
0.00012609
0.000361415
0.000357917
9.3259e-05
0.000282098
0.000420695
0.000214374
0.000336998
0.000477483
0.000927712
0.00198418
0.00101115
0.00112866
0.00187034
0.00247675
0.00333334
0.0048588
0.00458645
0.00152097
0.00358162
0.00562602
0.00578013
0.00651989
0.00859542
0.0108215
0.00733053
0.00577732
0.00538979
0.00458577
0.00404928
0.00664877
0.00314426
0.00464381
0.00328437
0.00242955
0.00256517
0.00228228
0.00173917
0.00125315
0.00150138
0.000428085
0.000538748
0.00066879
0.000379412
0.00107456
0.000888531
0.000172862
0.000119123
0.00341481
9.28885e-06
9.31191e-06
9.32417e-06
9.3413e-06
9.35753e-06
9.37799e-06
9.39181e-06
0.000414609
3.13162e-06
0.00101912
0.00374035
0.00322312
0.00294439
0.00246208
0.00199088
0.00160259
0.00104443
0.00063302
0.00045089
0.00214222
0.00293886
0.00215963
0.00179192
0.00129334
0.000915095
0.000749411
0.00038383
0.000224327
0.00022756
8.89943e-05
4.02987e-05
2.60123e-05
8.86895e-06
7.8401e-06
3.0306e-05
2.60824e-05
2.61342e-05
0.00213179
0.00155619
0.00109335
0.000792925
0.000502668
0.000375362
0.000187455
0.000114628
6.00477e-05
3.50527e-05
1.18436e-05
0.00214399
0.00122693
0.000956897
0.000580705
0.00026507
8.36885e-05
4.73936e-05
4.74809e-05
6.2338e-05
1.10647e-05
3.18311e-05
1.18008e-05
3.55038e-05
8.2832e-05
2.55566e-05
1.05182e-05
3.10385e-05
2.78084e-05
0.00329575
0.0018981
0.000921061
0.00156973
0.000677896
0.000359256
0.000184902
0.000158942
6.48284e-05
0.00918844
0.0081334
0.00732703
0.00601572
0.00519768
0.00317137
0.00232161
0.00137504
0.00028926
0.000494105
0.00073569
0.00204886
0.00411955
0.00539009
0.00553921
0.00574497
0.00512677
0.00392997
0.00278304
0.0021191
0.00174031
0.00114584
0.00102163
0.000990059
0.000658051
0.000488732
0.000379353
0.000267759
0.000173002
0.000148158
0.000139836
0.000199157
0.000152895
0.000459278
0.000583347
0.00115534
0.00176001
0.00234546
0.00220244
0.00304126
0.0035398
0.00361347
0.00465962
0.00867168
0.0164689
0.00934417
0.00439806
0.0038629
0.00300797
0.00257934
0.00220137
0.00204928
0.00238124
0.00197053
0.00196648
0.00187925
0.00190131
0.00191387
0.00190526
0.00185059
0.0017784
0.00176117
0.00180491
0.00180887
0.00177122
0.00172062
0.00170306
0.00165071
0.00166636
0.00162954
0.00166222
0.00164685
0.00162807
0.00167881
0.00133668
0.000968932
0.00130559
0.000669002
0.000483197
0.000497594
0.00031147
0.000307285
0.000385782
0.000607298
0.00131909
0.000871947
0.00156073
0.0023265
0.00237383
0.00273882
0.00353832
0.00263196
0.00216362
0.00220433
0.00161553
0.00379871
0.00254532
0.00209508
0.000236155
0.00121072
0.000324323
0.000334388
0.000513985
0.000527061
0.000111364
0.000358986
9.5842e-05
0.00196829
9.63892e-05
0.000213862
0.000122646
0.00054183
0.000443698
0.000135575
0.000113356
0.000223522
0.00116667
0.000128237
0.0140895
0.0229562
0.00431551
0.0247081
7.41584e-06
7.452e-06
7.44738e-06
7.4188e-06
7.23517e-06
7.23361e-06
4.90123e-05
4.88163e-05
0.00151453
0.00287248
0.00793837
0.00660169
0.00546184
0.00496419
0.0041254
0.00391784
0.00317862
0.00233638
0.00203641
0.000744205
0.000417772
0.000322741
0.000210815
7.89178e-05
4.18349e-05
1.69444e-05
1.77726e-05
1.94005e-05
1.67038e-05
6.92509e-05
0.000124174
5.96583e-05
6.44468e-05
0.000122655
0.000102212
0.000190772
7.68867e-05
7.87866e-05
1.57158e-05
1.47875e-05
0.000441596
0.000246166
0.000193173
0.000107462
2.17453e-05
1.19639e-05
1.43223e-05
1.52853e-05
2.72632e-05
1.55621e-05
2.65218e-05
3.01785e-05
0.00312779
0.00176748
0.000992252
0.00058184
0.000339423
0.000117976
5.98112e-05
4.22816e-05
1.81686e-05
2.13085e-05
2.3352e-05
1.76616e-05
1.55852e-05
1.69805e-05
1.76477e-05
2.18327e-05
2.26474e-05
3.04465e-05
2.57424e-05
2.07817e-05
2.15573e-05
4.8524e-05
4.30591e-05
1.89661e-05
0.0068981
0.00634187
0.0053858
0.00480494
0.00398494
0.00292643
0.00218548
0.00151886
0.000822836
0.000346662
0.00018485
0.00032366
0.000465999
0.000281041
0.0010489
0.00291943
0.00357088
0.00323688
0.00411192
0.00427165
0.00410892
0.00381422
0.00340186
0.0020278
0.00154338
0.00115679
0.00101968
0.000690506
0.000426613
0.000374893
0.000284295
0.000225097
0.000143242
0.000102188
0.000110638
6.20571e-05
5.35694e-05
3.73097e-05
5.3813e-05
0.000265683
0.000302314
0.000950771
0.00111518
0.000972942
0.00167099
0.00172939
0.00264755
0.00259931
0.0033562
0.00410397
0.00376059
0.00320762
0.0040909
0.00482277
0.00502036
0.00530448
0.00776103
0.00313535
0.0027265
0.00241908
0.00241477
0.00234989
0.00253606
0.00243254
0.00249537
0.00258832
0.00256418
0.00229833
0.00230646
0.00241231
0.00235341
0.00231874
0.00239091
0.00236325
0.00253991
0.0026517
0.00239817
0.00260364
0.00291419
0.00299208
0.00288527
0.00282879
0.00276242
0.00256482
0.0024906
0.00276328
0.00260209
0.00135373
0.00057295
0.000381991
0.00013147
0.000114715
0.000116586
0.000142893
0.000176351
0.000592399
0.000574131
0.000704043
0.00106382
0.000871959
0.00168362
0.00166719
0.00350773
0.00325626
0.00472313
0.00472659
0.00483576
0.00853384
0.0065179
0.00705023
0.00544292
0.00883327
0.00693485
0.00658368
0.00835234
0.00857526
0.00844744
0.00868257
0.00814815
0.0085361
0.00631377
0.00844837
0.00641138
0.00615564
0.0048335
0.00561812
0.00546249
0.00400499
0.00368304
0.0118216
0.00212995
1.14087e-05
1.17212e-05
1.18659e-05
1.22348e-05
1.27437e-05
1.33013e-05
9.64629e-06
0.000164115
0.00288998
0.000535467
4.70896e-05
0.000139459
0.000119861
0.000103811
9.49617e-05
7.76564e-05
7.68243e-05
0.00015395
0.000323746
0.00022693
0.0213987
0.0180591
0.0150081
0.0119889
0.00903547
0.00677073
0.0045473
0.00297721
0.00194164
0.0011935
0.000592814
0.000522415
0.000194587
2.23654e-05
3.70251e-05
0.000428141
0.000353651
0.000278046
0.000372321
0.000270542
0.000210806
0.000309798
0.000376989
0.000145316
0.000136809
0.000167966
0.000113062
0.000128651
0.000116434
8.95808e-05
0.000194111
0.00015575
0.000161424
0.00375546
0.00329981
0.00227149
0.00208424
0.00172055
0.00139991
0.00128126
0.000972212
0.000800324
0.000741605
0.000599438
0.000568295
0.00044594
0.000456287
0.00040449
0.00046771
0.000362298
0.000365691
0.000343725
0.000264464
0.000241723
7.89073e-05
6.5372e-05
6.96764e-05
7.68051e-05
0.00010534
0.000100787
7.03753e-05
2.17676e-05
7.10565e-05
0.000133571
0.000231169
0.000277022
0.000243188
0.000190118
0.00011974
0.000332278
0.000749009
0.00169529
0.00185256
0.00091701
0.00125224
0.00222252
0.00200164
0.00182459
0.00144048
0.00109831
0.000483716
0.000548056
0.000389739
0.000221713
1.0197e-05
1.44837e-05
5.78178e-06
1.59706e-05
3.44018e-05
6.8029e-05
9.81361e-05
0.000137147
0.000318862
0.000442065
0.000668738
0.000939322
0.00158559
0.00191776
0.00251728
0.00313217
0.00279531
0.00512855
0.00515972
0.00677446
0.00729036
0.00793205
0.00859299
0.00824013
0.0119861
0.0125085
0.0139928
0.0133706
0.0168869
0.0190854
0.0135489
0.0182571
0.0209995
0.0180221
0.0256779
0.0211809
0.0168862
0.0198855
0.00863425
0.0031275
0.00293205
0.00302864
0.00271697
0.00277777
0.00277667
0.00338948
0.00318299
0.00309779
0.00408325
0.00417596
0.00360259
0.00327331
0.00327386
0.00308592
0.00284087
0.00297776
0.00278104
0.00267906
0.00264856
0.00109946
0.000248857
0.00011077
9.69637e-05
2.84465e-05
5.92609e-05
0.000138877
0.000118532
4.64692e-05
4.73034e-05
0.000439129
0.000425261
0.000754138
0.000427726
0.0014073
0.00172951
0.00102051
0.00308807
0.00190208
0.00220085
0.00206713
0.00445274
0.00355017
0.006524
0.00635394
0.00458324
0.00667348
0.00606008
0.00650654
0.0062602
0.0059669
0.00494463
0.00585272
0.005255
0.00566669
0.00537795
0.00393851
0.00476305
0.00527346
0.00544932
0.00444336
0.00418084
0.00304102
0.0027616
0.00152467
0.00220156
0.000706894
0.00106795
0.000902615
5.09423e-05
0.000213553
0.000170411
0.000159979
0.000101816
0.000746825
0.00166587
3.01931e-05
3.16214e-05
3.27211e-05
3.55972e-05
3.77701e-05
4.5581e-05
1.56199e-05
1.57583e-05
0.00182047
0.000122554
0.00264218
0.00593247
0.00521602
0.00512833
0.00454242
0.00339066
0.00244976
0.00210539
0.00124317
0.000756074
0.000580175
0.000257189
0.000178159
7.32196e-05
9.09004e-05
5.99377e-05
1.11246e-05
1.01711e-05
1.44314e-05
1.57037e-05
3.6186e-05
4.2898e-05
4.67441e-05
0.000143363
2.84565e-05
3.67324e-05
2.01792e-05
4.01539e-05
4.21577e-05
0.000126599
7.73833e-05
9.35244e-05
0.00404267
0.00254117
0.00185773
0.00100642
0.00354601
0.00244281
0.00083692
0.000967283
0.0013547
0.00133103
0.00476603
0.00361461
0.00402309
0.00284748
0.00128268
0.000681007
0.000877697
0.000616437
0.00017005
0.000167426
2.42882e-05
9.32212e-06
0.000439098
0.000608937
0.000738685
0.000574615
0.000316622
0.000331373
0.000278893
0.000130606
0.000149477
0.00105195
0.0175005
0.0124741
0.00793211
0.00432436
0.00199621
0.000924835
0.000292721
0.000136883
5.92537e-05
0.00916787
0.00833581
0.00766866
0.00687323
0.00597872
0.00522231
0.0044163
0.0035236
0.00261011
0.00189667
0.00106301
0.000472682
0.00048211
0.000186377
0.000147138
0.000409383
0.000926646
0.000433517
0.00125624
0.00160985
0.00294876
0.0042819
0.00450401
0.00339782
0.00260002
0.00212122
0.00137212
0.00111162
0.000857547
0.000495022
0.000430431
0.000303167
0.00026005
0.000167999
0.000146478
0.000114258
8.47749e-05
0.000118552
0.000129752
0.000146423
0.000176062
0.000519574
0.00078284
0.000646475
0.00106974
0.00117313
0.00114735
0.00170578
0.00224553
0.00245158
0.00245832
0.00338709
0.00316018
0.00441255
0.00603817
0.00632216
0.00553193
0.0052572
0.00605531
0.00842371
0.00840702
0.00696482
0.0114404
0.0127991
0.00843244
0.00908805
0.0098731
0.00684859
0.00743697
0.00689862
0.00837689
0.00236673
0.00220304
0.00208249
0.00194517
0.00186772
0.00199874
0.00195632
0.00172132
0.00173818
0.00168613
0.00179008
0.00154462
0.00164025
0.00146127
0.00157144
0.00146943
0.00160044
0.00146115
0.00145575
0.00144195
0.00137635
0.00146363
0.00142472
0.00143842
0.00137861
0.00139994
0.00132473
0.00133388
0.00141105
0.00131312
0.00140053
0.000597555
0.000789458
0.000494278
0.000175395
0.000141939
0.000140501
0.000178764
0.000143763
0.000229314
0.000473014
0.000343857
0.000423779
0.000722791
0.00073143
0.000713701
0.00245395
0.00296317
0.00282874
0.00360503
0.0033035
0.00411468
0.00436152
0.00376304
0.00499472
0.00281649
0.00656473
0.00538886
0.00510605
0.00489257
0.00420773
0.00438904
0.00298416
0.00374531
0.00283541
0.00300884
0.00172996
0.00157564
0.00161691
0.00113399
0.00166698
0.000803308
0.00114797
0.000273273
0.000700037
0.00053384
0.000602436
0.000328134
0.000279307
0.00479491
0.00015722
0.000103071
9.45669e-06
9.51841e-06
9.52648e-06
9.50793e-06
9.52473e-06
9.53427e-06
1.5253e-05
0.00124715
0.000361162
0.000680296
0.00151157
0.00166835
0.00169286
0.00134622
0.000988651
0.000832915
0.000585368
0.000309409
0.000158768
4.67978e-05
2.85986e-05
1.41655e-05
6.86327e-05
0.000974157
0.000715412
0.000106755
0.000480508
0.000347487
0.00025428
0.000103351
2.24309e-05
1.83637e-05
8.80244e-06
9.10151e-06
3.30586e-05
3.48005e-05
4.42998e-05
0.000122248
4.36056e-05
5.37286e-05
0.00012822
8.28391e-05
9.25396e-05
0.00207107
0.0012761
0.00110768
0.000800573
0.000570105
0.000506637
0.000263485
0.000180473
0.000139298
6.19783e-05
0.00192947
0.00118865
0.000846983
0.000638571
0.000301347
0.000172452
0.00012094
5.539e-05
1.49761e-05
1.1237e-05
1.11852e-05
9.86821e-06
1.51004e-05
9.82006e-06
1.05971e-05
9.8245e-06
1.45455e-05
1.91729e-05
1.06923e-05
2.37864e-05
6.21e-05
1.17306e-05
1.34559e-05
1.09936e-05
2.68879e-05
0.00317286
0.00185926
0.000855834
0.000742507
0.000848342
0.000421824
0.00020663
0.000107577
6.46401e-05
5.61837e-05
0.00849911
0.00738511
0.00655107
0.00547749
0.00422476
0.00325846
0.00220582
0.00140023
0.00107952
0.0011194
0.000462954
0.000180608
0.00025372
0.000513974
0.000257731
0.00192293
0.0032968
0.00526275
0.00493488
0.00548589
0.00489364
0.00464448
0.00363667
0.00311278
0.00296722
0.00200093
0.000939699
0.00101107
0.000932917
0.000724705
0.000503651
0.000237979
0.000167408
0.00013014
0.000104812
8.59487e-05
9.68357e-05
0.000144522
0.000280497
0.00033489
0.000685755
0.000799366
0.000791989
0.00119559
0.00146387
0.00208483
0.00199639
0.00220426
0.00248359
0.00284421
0.00300429
0.00391223
0.00417408
0.0075336
0.00659141
0.00660193
0.00656515
0.00662423
0.00769412
0.00468346
0.00621677
0.00301717
0.00255165
0.00229425
0.0019169
0.00193617
0.00161129
0.00170552
0.00181142
0.00174873
0.00162869
0.00165422
0.00161725
0.00168583
0.00161223
0.00159369
0.00158312
0.00157504
0.0015474
0.00155292
0.00155005
0.00152118
0.00152657
0.00151312
0.00148453
0.00149013
0.00152817
0.00143074
0.00153537
0.00150723
0.00130521
0.000817318
0.000446117
0.000366715
0.000234822
0.000330991
0.000337101
0.000310662
0.00033819
0.00131025
0.00103907
0.00131046
0.00171124
0.00146256
0.00169067
0.00162696
0.00225193
0.00416712
0.00202498
0.00295907
0.00136158
0.00230927
0.00159415
0.00137249
0.000994209
0.000216779
0.000246281
0.000726887
0.000188586
0.000615809
0.000829932
0.000122095
0.000917013
0.000572749
0.000154763
0.000524978
0.000179261
9.7068e-05
0.00111643
0.000725032
0.000117397
0.000318902
0.00619253
0.0094766
0.00406664
0.00355819
0.00275128
0.00345338
0.00267048
8.98721e-06
9.00882e-06
9.01064e-06
8.93774e-06
8.75006e-06
8.74897e-06
8.74941e-06
3.66176e-05
0.000404951
0.00438816
0.00741057
0.00737819
0.0064162
0.00502162
0.00550596
0.00375794
0.00325273
0.00256542
0.00168676
0.00107496
0.000576544
0.000389516
0.000126595
0.000211572
0.000134119
1.36735e-05
2.20644e-05
4.26842e-05
9.64453e-05
8.43991e-05
5.95531e-05
0.000149338
0.000133615
4.70589e-05
6.23447e-05
3.32763e-05
3.88568e-05
5.47409e-05
3.79342e-05
6.01618e-05
6.23311e-05
6.11826e-05
7.96539e-05
3.60623e-05
9.70922e-05
1.88522e-05
0.000333775
0.000320498
0.000195211
0.000156775
6.74847e-05
2.06646e-05
1.35623e-05
1.16704e-05
1.34712e-05
1.46048e-05
1.51691e-05
1.22853e-05
1.06688e-05
0.00315418
0.00182399
0.00108306
0.000649937
0.000286232
0.000180504
8.15142e-05
3.43433e-05
5.58099e-05
2.98348e-05
4.83248e-05
2.50879e-05
1.15632e-05
1.16934e-05
1.19704e-05
1.40565e-05
1.73061e-05
1.4961e-05
1.77598e-05
1.52195e-05
1.49835e-05
1.42217e-05
1.47334e-05
1.60299e-05
1.82294e-05
0.00667407
0.00618151
0.00551982
0.00461724
0.00369851
0.00261484
0.00206331
0.00112333
0.000595333
0.000296725
0.000147593
0.000374721
0.000551886
0.000452935
0.00193883
0.00262129
0.00385935
0.00536201
0.0050796
0.0048343
0.00433663
0.00422516
0.00367657
0.00294389
0.00269262
0.00138193
0.00136358
0.000978921
0.000697176
0.000753924
0.000387258
0.000347287
0.000292586
0.000150112
0.000149756
8.78299e-05
5.85397e-05
4.23172e-05
4.74356e-05
4.4323e-05
5.61861e-05
0.000129801
0.00033422
0.000417917
0.000882027
0.0010985
0.00206578
0.00278381
0.00255596
0.00272207
0.00368091
0.0039673
0.0038181
0.00516451
0.00568632
0.00586353
0.00603238
0.0079196
0.0025357
0.00229656
0.00288865
0.00231375
0.00238865
0.00220133
0.00226302
0.00269615
0.00264224
0.00245269
0.00223146
0.00226004
0.00228158
0.00234295
0.00233029
0.00234796
0.0024113
0.00227216
0.00241717
0.00234113
0.0024553
0.0022383
0.00234581
0.00229879
0.00209591
0.00227005
0.00217716
0.00225193
0.00227908
0.00107473
0.00220622
0.000985485
0.000342885
0.000153358
0.000178352
0.000157499
0.000249859
0.000397634
0.000478075
0.00131318
0.00137331
0.00202225
0.00129524
0.00182109
0.00363439
0.00378352
0.00419553
0.00454333
0.00646897
0.00572527
0.00593473
0.00619108
0.00790814
0.0078125
0.00537012
0.00762512
0.00675995
0.00509154
0.00648348
0.00562867
0.0033972
0.00604355
0.00410889
0.00374493
0.0040236
0.00382121
0.00282311
0.00345622
0.00405832
0.00374601
0.00460831
0.00359429
0.00963218
0.00524779
0.00560132
0.00477937
1.35629e-05
1.42116e-05
1.44322e-05
1.45858e-05
1.52169e-05
1.50666e-05
1.077e-05
2.09715e-05
2.11999e-05
0.00078559
0.00236102
0.00164126
0.0182013
0.0196358
0.0169338
0.0147726
0.0127723
0.0114299
0.00998821
0.00811049
0.00604844
0.00470245
0.00282498
0.00191714
0.00120141
0.000776045
0.000357278
0.000240477
0.000122533
6.77094e-05
4.63978e-05
7.81148e-05
0.000166429
9.00196e-05
9.52133e-05
0.000126352
0.000102851
9.07389e-05
0.000142463
4.36746e-05
4.34615e-05
6.39436e-05
6.47839e-05
5.82831e-05
6.73606e-05
5.88764e-05
0.000112782
0.00011698
7.19414e-05
0.000137871
0.00126353
0.00165538
0.00139565
0.00128991
0.00104437
0.000902403
0.000566074
0.000508563
0.00066429
0.000507583
0.000493753
0.000524552
0.000491953
0.00037995
0.000452992
0.000434328
0.000358363
0.000389103
0.000359982
0.000326041
0.000290013
0.000362605
0.00031742
0.000276676
0.000270576
0.000241217
0.000318301
0.000252229
0.000235287
0.000228741
0.000273056
0.000236151
0.000228994
0.000169533
0.000134818
0.000246906
0.000338134
0.000303938
0.000232653
0.000145277
9.25493e-05
8.79311e-05
0.000154959
0.000417026
0.00173911
0.00118338
0.000966028
0.00161349
0.00182015
0.00205217
0.00189797
0.00143366
0.000836482
0.000560106
0.000178129
0.000205484
0.000111938
4.66575e-05
3.03103e-05
6.41231e-06
2.90174e-06
3.12007e-05
8.64535e-05
0.000132071
0.000340436
0.000497676
0.000653781
0.00112574
0.00151223
0.00176052
0.00160962
0.00139447
0.00209327
0.0038966
0.00540467
0.00500635
0.00694066
0.00748545
0.00811004
0.00674354
0.00782018
0.00964984
0.012821
0.0109773
0.0168453
0.016963
0.0123555
0.0164012
0.0170667
0.018812
0.0173051
0.0252526
0.0260403
0.012834
0.0123891
0.0051179
0.00476863
0.00624479
0.00600309
0.00505711
0.00398775
0.00364269
0.00392619
0.00324277
0.00306439
0.00305205
0.00284805
0.0024709
0.00260563
0.00245611
0.00260124
0.00244705
0.00231322
0.00234266
0.00221843
0.00192875
0.00197549
0.00112131
0.00187277
0.000703071
0.000510956
0.000181172
0.000171123
0.000166399
0.000358425
6.43621e-05
0.000581863
0.000123766
0.000758777
0.00115753
0.00062472
0.000628728
0.00091546
0.00165558
0.00233379
0.00261556
0.00255928
0.00242169
0.00326131
0.0033102
0.00492356
0.00429883
0.00567443
0.00439328
0.00411152
0.00452883
0.00456276
0.00718683
0.00427485
0.00787936
0.00784903
0.00488675
0.00508034
0.00467957
0.00422032
0.00389699
0.00316722
0.00320386
0.00132196
0.00404543
0.0010779
0.00268123
0.00112014
0.00129477
0.00263509
0.00276882
0.00060987
0.00065009
0.00246566
0.000430448
0.000529031
0.00310984
0.00144044
7.87973e-06
1.18615e-05
1.40726e-05
1.43321e-05
1.12829e-05
1.44452e-05
1.17781e-05
1.56385e-05
1.6327e-05
1.3959e-05
0.000867785
0.000883262
0.00313543
2.12173e-05
0.00582022
0.00463469
0.00400005
0.00361669
0.00352628
0.00338315
0.00276875
0.00253047
0.00178838
0.00128879
0.00080645
0.000640773
0.000292348
0.000163866
0.000113084
0.000170635
5.7211e-05
6.91549e-05
1.30956e-05
1.46442e-05
6.59359e-05
9.55497e-05
2.82497e-05
5.13856e-05
0.000203367
0.000117782
0.000124852
3.90782e-05
0.000123952
0.00013127
0.000269344
0.000253891
0.00218936
0.00239068
0.00138803
0.000740636
0.00217404
0.00183297
0.000743847
0.000480182
0.000255039
0.000467511
0.000189859
0.000120484
0.000171478
4.31729e-05
2.69425e-05
3.1782e-05
2.14861e-05
2.42836e-05
3.1098e-05
1.21854e-05
1.34063e-05
3.06994e-05
2.5603e-05
7.77228e-05
4.77697e-05
0.0122023
0.00827858
0.00147472
0.00583879
0.00317379
0.00182786
0.000732141
0.000271346
7.59915e-05
3.59622e-05
4.3178e-05
1.76355e-05
1.61941e-05
2.25284e-05
1.73871e-05
0.00955586
0.00868951
0.00808026
0.00707336
0.00602171
0.00509101
0.00452596
0.0036001
0.00233346
0.00175235
0.00113411
0.00104671
0.000569253
0.000188952
0.000178637
0.000474413
0.000772239
0.00065596
0.00184994
0.00260329
0.00361483
0.00448407
0.00465484
0.00401846
0.0031192
0.00268923
0.00190843
0.00115059
0.00111333
0.000742983
0.000568076
0.000386567
0.000307371
0.000148226
9.06578e-05
7.63194e-05
9.92464e-05
0.000202548
0.000202756
0.000311525
0.000451016
0.000581192
0.00081069
0.00117039
0.00155807
0.00229111
0.00253367
0.00236544
0.00317781
0.00328758
0.00342487
0.0045519
0.00504615
0.00602323
0.00851242
0.00797586
0.00868061
0.0114196
0.00771278
0.0105144
0.0069629
0.00728781
0.00548567
0.00505338
0.00912763
0.00947772
0.00681405
0.00568375
0.0104516
0.00936939
0.00208707
0.00196709
0.00196352
0.00185211
0.00188006
0.00182439
0.00174567
0.0017476
0.00165352
0.00158664
0.0016195
0.00162371
0.00151394
0.00170214
0.00148794
0.00147085
0.00147567
0.00140853
0.00144628
0.00136008
0.00140222
0.001544
0.001372
0.00132974
0.00132079
0.00140163
0.00137435
0.00141457
0.00128055
0.00133405
0.00116051
0.000516422
0.000365619
0.000565406
0.000356704
0.000442351
0.00020618
0.000158019
0.000578007
0.000352738
0.000574692
0.00165355
0.000502662
0.00146077
0.0020648
0.00222251
0.0017224
0.00191236
0.00193577
0.00301823
0.00366637
0.00204605
0.00485082
0.00409885
0.00528337
0.00512413
0.00462052
0.00476127
0.00411965
0.00332256
0.00355465
0.00569911
0.00430766
0.00327913
0.00271902
0.00243292
0.00223622
0.00400994
0.00173179
0.00145237
0.00142504
0.000794114
0.000701175
0.000630472
0.000593914
0.000964194
0.000614414
0.000432388
0.000493734
0.000335352
0.000315144
0.00538467
1.0809e-05
1.06475e-05
1.06514e-05
1.08591e-05
1.06985e-05
1.07047e-05
1.03155e-05
1.3181e-05
0.000984846
0.000322228
4.18376e-05
0.00121508
0.001809
0.00184295
0.00158988
0.00105043
0.000855203
0.000511341
0.0002658
9.5691e-05
5.37373e-05
1.09921e-05
8.56657e-06
0.00156859
0.000918568
0.000546716
0.000480667
0.000332268
0.000234568
0.000167834
6.5655e-05
1.99123e-05
1.29826e-05
7.19062e-06
1.78089e-05
8.83198e-06
1.06415e-05
8.52578e-06
1.57167e-05
9.41608e-06
1.91453e-05
7.77401e-05
8.10538e-06
0.00232092
0.00145545
0.00100697
0.000903855
0.000634395
0.000441813
0.00016362
0.000182215
8.0366e-05
4.40283e-05
0.000219174
0.000250585
9.63703e-05
0.000202916
0.000194385
0.000410382
0.000197511
0.000266597
5.31443e-05
0.00024135
0.000204314
0.00028884
0.000271154
0.000214022
0.000282519
0.00019109
0.000238102
0.00022362
0.000202461
4.96576e-05
6.00552e-05
0.000154973
0.000200288
0.000190455
0.000200491
4.57726e-05
0.000206419
0.000203211
0.000200916
8.94093e-06
1.03484e-05
9.5818e-06
0.0183853
0.00114289
0.00121236
0.0012596
0.00113095
0.00084629
0.000664837
0.000596745
0.000471102
0.000149655
0.000114414
7.64379e-05
0.000235799
0.000647523
0.00131013
0.000726111
0.00177152
0.00336507
0.00366424
0.00525925
0.00503822
0.00483963
0.00421581
0.00319077
0.00237695
0.00159773
0.00144398
0.00118679
0.00107475
0.000582353
0.000468935
0.000377159
0.000234628
0.000147306
0.000103731
7.43171e-05
4.82971e-05
0.000168467
0.0001823
0.000233237
0.00041294
0.000711553
0.000744841
0.00112958
0.00115112
0.0014965
0.00164048
0.00225121
0.0026763
0.00323052
0.00420492
0.00396964
0.00483532
0.00507703
0.00703661
0.00735486
0.0107469
0.00936194
0.037862
0.0051705
0.00431397
0.00521411
0.0109567
0.00664395
0.00622345
0.00340201
0.00303605
0.00262214
0.00237769
0.00205001
0.00205025
0.00203097
0.00183327
0.0016703
0.00160305
0.00170266
0.00161475
0.00152518
0.00147562
0.00137855
0.00149947
0.00161055
0.00136625
0.00133651
0.00140807
0.00138645
0.00133579
0.00122655
0.00135512
0.0013474
0.00131066
0.000878962
0.000678296
0.000187491
0.000303825
0.000164406
0.000529674
0.000193173
0.000136754
0.000642955
0.00117575
0.000716955
0.00235807
0.00208061
0.0016646
0.00359766
0.0029115
0.0030637
0.00181273
0.00172389
0.00313294
0.00167818
0.00135703
0.00115488
0.00100195
0.000789216
9.97973e-05
0.00143464
0.000333616
0.000220514
0.00163347
9.73205e-05
0.000801675
0.000471798
0.000169378
9.70011e-05
0.000979343
0.000106919
0.000464631
0.00471699
0.00680118
0.00473077
0.00488363
0.00310263
0.00277127
0.00307617
0.00194784
0.00494002
1.05796e-05
1.06048e-05
1.06191e-05
1.06127e-05
1.05482e-05
1.03806e-05
1.03715e-05
4.64791e-05
0.000513411
0.00215708
0.00976805
0.00687817
0.0051994
0.00619415
0.0038534
0.00380304
0.00273651
0.00207728
0.00144462
0.00104637
0.000739442
0.000228942
6.72604e-05
6.38677e-05
5.28686e-05
1.28499e-05
1.77746e-05
3.30397e-05
0.000140884
0.000121418
5.94251e-05
1.55415e-05
9.61291e-05
6.67244e-05
8.54353e-05
8.0536e-05
0.000134946
0.000226484
5.7408e-05
0.000202801
7.00028e-05
6.6287e-05
1.07742e-05
5.26243e-05
0.000405127
0.000272993
0.000223676
9.81706e-05
6.04629e-05
1.45755e-05
3.32286e-05
1.5979e-05
1.94767e-05
8.67552e-06
1.42222e-05
0.00134172
0.000770813
0.000466406
0.000320084
0.000134577
8.18354e-05
5.09989e-05
2.31213e-05
7.97923e-06
1.16924e-05
9.35148e-06
1.80561e-05
9.91359e-06
1.2913e-05
1.38346e-05
1.37061e-05
1.65761e-05
1.15641e-05
3.33054e-05
1.36427e-05
2.18941e-05
1.78815e-05
1.72601e-05
1.23186e-05
2.95098e-05
0.00447089
0.00425115
0.00406884
0.00349253
0.00275177
0.0023158
0.00149482
0.000920463
0.000589949
0.000178916
0.000112284
0.000245705
0.000692244
0.000684307
0.000590005
0.0020432
0.00409751
0.00631965
0.00692254
0.00579428
0.00480357
0.00481318
0.00324646
0.00252292
0.0019205
0.00162027
0.00132104
0.00103832
0.000935779
0.000789112
0.000668451
0.000552465
0.000483837
0.000221303
0.000182642
0.000140564
8.48196e-05
6.7823e-05
0.000100498
0.000133223
0.000612293
0.00076996
0.000802804
0.0012865
0.00180504
0.00238885
0.00263662
0.00257339
0.00402165
0.00455342
0.00642932
0.00684919
0.00840357
0.00765768
0.00948847
0.00337245
0.00868527
0.00318633
0.00277686
0.00279051
0.00263568
0.00258925
0.00253239
0.00225986
0.00235934
0.00259006
0.00232772
0.00249935
0.00255378
0.00230738
0.00224398
0.00207348
0.00221598
0.00191798
0.00210197
0.00208375
0.0021438
0.00206864
0.00201328
0.00203577
0.00191184
0.00198589
0.0020289
0.00189481
0.00202643
0.000915304
0.000515275
8.87875e-05
0.000135876
0.000128153
0.000311609
0.000492941
0.000162868
0.000171737
0.00160458
0.00101597
0.00203837
0.00128951
0.00244181
0.00421543
0.00294465
0.00846563
0.00519483
0.00636809
0.00631221
0.00458984
0.00729251
0.00741566
0.00593492
0.00802479
0.0081546
0.00511306
0.00968722
0.00716257
0.0075161
0.00762702
0.00549825
0.00711826
0.00452491
0.00340365
0.00311646
0.00281389
0.00194357
0.00173509
0.00411894
0.00259638
0.00268361
0.00168472
0.0015992
0.00105517
0.000462304
1.21168e-05
1.21671e-05
1.22584e-05
1.23056e-05
1.24295e-05
1.26312e-05
1.26066e-05
1.21844e-05
0.000329019
0.00137489
2.16738e-05
0.0220372
0.0184231
0.0156304
0.0136968
0.0119119
0.0110867
0.0101606
0.00939983
0.00810637
0.00658704
0.00491951
0.00361897
0.00221531
0.00148583
0.000721669
0.00038245
0.000173614
0.00010291
0.000108777
2.84025e-05
2.12828e-05
8.7847e-05
6.38158e-05
0.000143026
0.000131236
0.000157551
0.000133019
0.000118473
7.16582e-05
6.05587e-05
0.000117961
6.62224e-05
4.58955e-05
7.33019e-05
8.53167e-05
7.28793e-05
7.51025e-05
9.06605e-05
0.000104302
3.12686e-05
0.000106535
9.69954e-05
4.38248e-05
4.4868e-05
0.00155968
0.0014092
0.00120032
0.00122114
0.00118165
0.0010468
0.00106857
0.000923289
0.000891553
0.000815164
0.00070647
0.000671986
0.000594012
0.000578258
0.000453144
0.000468812
0.000555462
0.000461084
0.000401925
0.000380059
0.000351611
0.000288905
0.000329483
0.000321567
0.000233827
0.00021338
0.000198261
0.000220462
0.000326565
0.00015056
0.000133718
7.46054e-05
0.000230542
0.000580017
0.00110811
0.00149508
0.00120736
0.00171842
0.00174085
0.00330079
0.00373989
0.0034363
0.00292125
0.00211913
0.00177255
0.00105108
0.000816485
0.000728184
0.00044309
0.000255343
8.48276e-05
3.41485e-05
3.79418e-05
2.38715e-05
0.000188357
0.000190886
0.000163957
0.000291276
0.000621179
0.000989247
0.000946725
0.00173632
0.0032917
0.00358269
0.00380689
0.00441708
0.00537947
0.00683871
0.00741717
0.00975253
0.00966003
0.0126258
0.0108729
0.0136637
0.0121264
0.0165113
0.0222177
0.0162576
0.0151711
0.0153914
0.0137278
0.0111482
0.00169545
0.00175123
0.00179254
0.00192533
0.00177448
0.00193187
0.00179913
0.00183935
0.00194874
0.00190932
0.00200205
0.00219408
0.00204688
0.00208837
0.00211348
0.00217305
0.00218312
0.00214763
0.00254353
0.00220152
0.00250993
0.00231078
0.00231331
0.0023009
0.0019395
0.00197726
0.00036009
0.0010411
0.000978274
0.000346873
0.000342129
0.000621373
0.000442565
4.64357e-05
0.000117958
0.000103745
6.17126e-05
0.00100302
0.00140733
0.000457384
0.00113678
0.000954466
0.00154193
0.000869119
0.00111596
0.00431475
0.00346993
0.00352119
0.00503009
0.00809326
0.00472988
0.00590033
0.00553663
0.00378365
0.00539277
0.00424641
0.00460802
0.00453695
0.00413969
0.00398807
0.00287052
0.00196352
0.00163865
0.00119342
0.000577382
4.90928e-05
1.13495e-05
0.000448796
0.00065205
0.00207117
0.0037406
0.00734141
0.00923637
0.0129477
0.00990664
0.00782412
0.00725918
0.00648149
0.00815162
0.00736569
0.00801818
0.00436619
0.00649764
0.00855815
0.00283587
0.00276404
0.00299905
0.00317577
0.00398483
7.59855e-05
8.9502e-05
0.000100924
0.000111606
0.000269937
0.0029184
0.000132433
0.00233659
0.00181533
0.00180004
0.00145028
0.00102509
0.000865414
0.000504824
0.000163509
7.26145e-05
4.87985e-05
2.15843e-05
7.37196e-06
7.14498e-06
5.70811e-06
1.5586e-05
4.19383e-05
5.8613e-05
8.42373e-05
0.000178458
0.000305805
0.000101756
0.000247742
0.000306288
0.000220967
0.000185131
0.000149027
0.000275963
0.000213473
0.000296886
0.00181727
0.00086795
0.000821559
0.00140045
0.000775431
0.000502451
0.000579776
0.000202874
0.000330399
0.000143484
4.38647e-05
2.69661e-05
8.86085e-06
8.40704e-06
3.79553e-06
3.88067e-05
1.3284e-05
3.15508e-06
4.38881e-06
1.09177e-05
1.69195e-05
2.01292e-05
6.83882e-05
7.21024e-06
1.43116e-05
1.82417e-05
3.39373e-06
3.21631e-05
2.70593e-05
1.40116e-05
9.8133e-06
1.20285e-05
0.00980086
0.00676903
0.00411603
0.00179942
0.000653482
0.000264468
0.000102421
4.09951e-05
1.64233e-05
9.87574e-06
6.06597e-06
0.00685256
0.00648396
0.00582784
0.00510958
0.00439295
0.003701
0.00304144
0.00222658
0.00160022
0.000486336
0.000203729
0.000176638
0.000217037
0.00071665
0.000695368
0.00219794
0.00480059
0.00674905
0.00761235
0.00964781
0.0101728
0.00954723
0.00781263
0.00708519
0.00707021
0.00512091
0.00429674
0.00388222
0.00260574
0.00247246
0.002002
0.00174902
0.00157345
0.001088
0.00106899
0.000944563
0.000608498
0.000563268
0.00038087
0.000252429
0.000126902
0.000252798
0.000341676
0.000241586
0.000462547
0.00199782
0.00182959
0.00298525
0.00387078
0.0050395
0.0063471
0.00648073
0.00306122
0.00307657
0.00285929
0.00422664
0.00507903
0.00672492
0.00765826
0.00952928
0.00572818
0.00423732
0.00143037
0.00132628
0.00141554
0.00137323
0.0013963
0.00140415
0.00124863
0.00138724
0.00122064
0.00132973
0.00127593
0.00119388
0.00123891
0.00123971
0.00124018
0.0011987
0.00120693
0.00121362
0.00125098
0.00111441
0.00123276
0.00115766
0.00128867
0.00112892
0.00112724
0.00112083
0.00111809
0.000593626
0.000917346
0.00013703
0.000662958
7.0649e-05
7.97437e-05
0.000214048
0.000694689
0.00056052
0.00298089
0.0033058
0.003096
0.00481899
0.00399205
0.00544242
0.00589116
0.00928748
0.0086931
0.00568147
0.00838561
0.0078548
0.00621229
0.00906318
0.00799385
0.00419939
0.00341414
0.00551707
0.00443704
0.0034056
0.00325689
0.00208765
0.00207278
0.00104998
0.00141728
0.00144418
0.00116928
0.00048553
0.000591057
0.000840773
0.000357469
0.000516397
0.000592368
0.000554022
0.000943114
0.00152332
1.3307e-05
1.34883e-05
1.33402e-05
1.35416e-05
1.3503e-05
1.33571e-05
1.28686e-05
0.000259424
0.000861201
0.000596273
0.00330748
0.00311757
0.00286169
0.00255414
0.001859
0.00141632
0.000798823
0.000561294
0.00296077
0.00230575
0.00131699
0.00100082
0.0008861
0.000539792
0.000515147
0.000355058
0.000198395
7.35176e-05
9.9255e-05
4.94735e-05
1.28211e-05
6.33617e-06
7.45925e-06
1.9654e-05
7.37025e-06
0.00192901
0.00109756
0.000813577
0.000631651
0.000524298
1.04019e-05
8.83183e-06
7.12448e-06
1.06557e-05
2.4074e-05
2.91987e-05
5.77513e-05
4.3231e-05
0.000100206
0.000122243
0.000231699
0.000218062
0.000129028
0.000212352
0.000220736
0.000259962
0.000216797
0.000253663
6.68671e-05
0.000110551
0.000241995
0.00025075
0.000237126
7.80567e-05
0.000138637
0.000294439
3.30196e-05
2.96085e-05
0.000541121
0.000667858
0.000845762
0.000693613
0.000677134
0.000589905
0.000427661
0.000262578
0.000144934
5.65571e-05
0.000107743
0.000311081
0.00110228
0.000783663
0.00224744
0.00450683
0.00594447
0.00607122
0.00577091
0.00489087
0.0049182
0.00391827
0.0034101
0.00218642
0.00228563
0.00157831
0.0011338
0.000932857
0.000807285
0.000751556
0.000541445
0.00037189
0.000270064
0.000242797
0.000214526
0.000118772
0.000456134
0.000619495
0.000805903
0.00118625
0.00175776
0.00241641
0.00312308
0.00313611
0.00357563
0.00404377
0.00462608
0.0061544
0.00803974
0.0095675
0.0105619
0.0528679
0.012961
0.00648242
0.00449676
0.00363723
0.0029344
0.00259103
0.00230008
0.00204496
0.00194468
0.0017374
0.00162316
0.00153055
0.00142787
0.00142684
0.00136596
0.00139086
0.00142237
0.00132538
0.0014954
0.00129481
0.0012997
0.00134437
0.00134345
0.00123336
0.00124954
0.00128593
0.00126374
0.00105754
0.0011225
0.000865947
0.000352794
0.000213731
0.000201295
0.000249013
0.000420643
0.000491167
0.000377767
0.0022835
0.00372419
0.00335328
0.00333629
0.00247639
0.00224894
0.00535061
0.00201519
0.00278281
0.00268615
0.00221938
0.00234958
0.00204763
0.000581617
0.00133683
0.000337353
0.000397165
0.00134953
0.000105074
0.00102414
0.000590827
0.000281018
0.000194348
0.000824513
0.000116557
0.000482802
0.000128057
0.00110943
0.000452204
0.00135084
0.0001163
0.00996366
0.00691468
0.00486225
0.0124806
0.00672731
0.00560475
0.00689198
1.16635e-05
1.17149e-05
1.17153e-05
1.17169e-05
1.17063e-05
1.14419e-05
0.000182536
0.00493129
0.0141373
0.00993887
0.0068279
0.00601206
0.00569948
0.00436129
0.00376607
0.00247568
0.0018098
0.00119252
0.000684507
0.000295353
0.000110028
0.000166328
0.000109423
9.88388e-05
1.44537e-05
3.01461e-05
3.01722e-05
3.59184e-05
4.73151e-05
3.81903e-05
9.50392e-06
2.97465e-05
1.92799e-05
3.99263e-05
7.21517e-05
6.27075e-05
2.77843e-05
1.47132e-05
6.85966e-05
0.000510535
0.000339045
0.000134888
7.87297e-05
3.26259e-05
9.83142e-06
1.92902e-05
7.90327e-06
2.19193e-05
0.00142482
0.000780456
0.000533171
0.000234636
0.000142682
8.88376e-05
2.31574e-05
2.67746e-05
1.54504e-05
1.04953e-05
1.05168e-05
1.11866e-05
1.35733e-05
1.53594e-05
1.86541e-05
2.15971e-05
1.38199e-05
1.31706e-05
1.64086e-05
2.25278e-05
3.70129e-05
3.58038e-05
0.0045628
0.00440385
0.00409528
0.00354283
0.00311907
0.00251879
0.00182055
0.00126452
0.000831745
0.000404131
0.000123226
0.000126777
0.000154331
0.000447049
0.000343897
0.000950681
0.00263968
0.00618167
0.0059738
0.00496732
0.00398168
0.00304661
0.00251525
0.00237072
0.00171971
0.00134107
0.00116792
0.0009656
0.000773245
0.00062559
0.000500614
0.000411376
0.000439745
0.000307573
0.000299458
0.000217259
0.000139301
7.30873e-05
6.06834e-05
0.000120939
0.000125231
0.000288995
0.000389139
0.000745003
0.00133219
0.00213449
0.00221755
0.00250341
0.00353372
0.00380608
0.00469975
0.00569436
0.00566181
0.00614976
0.00673324
0.00776836
0.00942095
0.00920441
0.00631705
0.00364268
0.00340204
0.00306878
0.00332015
0.00282586
0.00288886
0.00279654
0.0030204
0.00235815
0.00263139
0.00245146
0.00248676
0.00237261
0.00231265
0.00213945
0.00223357
0.00222503
0.00214574
0.00205269
0.00219034
0.00211973
0.00205468
0.0020269
0.00217399
0.00215971
0.00201744
0.00186186
0.00198922
0.00185879
0.00180944
0.00186521
0.000858797
0.000745664
0.000103167
0.000348416
0.000408195
0.000141401
0.000123073
0.000267642
0.000148889
0.00119827
0.000451695
0.000937332
0.00259087
0.00291317
0.00376352
0.00348194
0.00493516
0.00593429
0.00569894
0.0055557
0.0053251
0.00595675
0.00830319
0.00700391
0.00788357
0.0087763
0.00757033
0.00657587
0.00645103
0.010085
0.00784633
0.00596798
0.00445339
0.00620575
0.00523697
0.00493758
0.00509227
0.0077438
0.00206282
0.00332777
0.0017111
1.51564e-05
1.21526e-05
1.2234e-05
1.23986e-05
1.22313e-05
1.23594e-05
1.25599e-05
0.000625332
0.0030426
2.8564e-05
0.0112207
0.0124525
0.0111305
0.00920879
0.00865827
0.00772174
0.00762991
0.00658482
0.0055965
0.00421671
0.00310912
0.00177142
0.00111417
0.000424826
0.000318485
0.000113914
6.80908e-05
2.3953e-05
2.34025e-05
1.3907e-05
1.20296e-05
1.86871e-05
2.01605e-05
9.48831e-05
7.08474e-05
8.59017e-05
0.000216094
0.000165327
0.000104754
0.000131322
0.000412965
0.00032831
0.000320977
0.000265769
0.000275029
0.000232946
0.000186265
0.000188346
0.000165849
0.00014489
9.70141e-05
8.95746e-05
8.68503e-05
0.000103288
4.15272e-05
0.000185852
0.000186644
0.000151421
0.000123298
9.04527e-05
3.44683e-05
6.39909e-05
0.000169787
0.000155111
0.000157492
0.000169365
0.000856275
0.000562794
0.000407178
0.000305799
0.000190499
0.000142753
7.95721e-05
0.000768471
0.000608733
0.000399815
0.000276429
0.000177796
9.26245e-05
6.24835e-05
4.39713e-05
3.10243e-05
0.00294111
0.00284157
0.00270215
0.00228021
0.00154187
0.000965988
0.000518544
0.000467492
0.000134015
0.00037515
0.000819406
0.00100105
0.000512867
0.001728
0.00310619
0.00441943
0.00409891
0.00365579
0.00259207
0.0022716
0.00156594
0.00106826
0.00103894
0.000609461
0.000467301
0.000405904
0.000294664
0.000297382
0.000205373
9.59062e-05
3.16521e-05
8.04834e-06
1.37113e-05
4.01431e-05
3.04661e-05
0.000110391
0.00027962
0.000540462
0.000547344
0.000808799
0.000985749
0.00249878
0.00461151
0.0037363
0.00430146
0.00397239
0.00726944
0.00661097
0.00734385
0.0116303
0.013548
0.0135286
0.010882
0.00978819
0.0144983
0.0166071
0.0259299
0.0173117
0.00175248
0.00183814
0.00183587
0.00186393
0.00191358
0.00191544
0.00189626
0.00208097
0.00194949
0.00206366
0.00213042
0.00196709
0.00197427
0.00198233
0.00191554
0.00202165
0.00209968
0.00205492
0.00158176
0.000626332
0.00118454
0.000124639
0.000449458
9.28706e-05
9.56269e-05
0.000135974
0.000195014
0.000468706
0.000374416
0.000404291
0.00263661
0.00202121
0.002436
0.00154418
0.00324795
0.00303202
0.00337233
0.00331692
0.00708363
0.00358488
0.00871717
0.00484572
0.00567209
0.00561529
0.0074239
0.00636705
0.00666815
0.0057754
0.00550657
0.00567722
0.00443984
0.00494928
0.00512463
0.00408347
0.00371548
0.00556267
0.00337976
0.00310009
0.00471551
0.00259411
0.00231298
0.00267706
0.00148807
0.000818382
0.000863283
0.000573367
0.000619059
0.000206037
7.80611e-05
1.58e-05
4.18057e-06
0.000131748
0.000340134
0.000549578
0.00182618
0.00443626
5.03121e-05
5.36313e-05
5.93066e-05
6.48972e-05
7.24844e-05
8.20805e-05
9.33198e-05
0.000101532
0.00129294
0.00386221
2.36114e-05
0.000150714
0.00281819
0.00242493
0.00250453
0.00201557
0.00177161
0.00152917
0.000678089
0.000269843
0.000121287
3.28068e-05
2.38013e-05
1.05369e-05
1.09399e-05
1.30162e-05
2.28025e-05
6.53322e-05
8.45635e-05
0.000114156
0.000114024
0.000102941
0.000153942
0.000188261
0.000286844
0.000136085
0.000226132
0.000174799
0.00012537
6.28928e-05
4.32808e-05
0.000162897
0.00212951
0.00216821
0.00155285
0.000727392
0.00198899
0.00138895
0.000740066
0.000563043
0.000279617
8.83482e-05
6.09227e-05
2.77291e-05
8.6436e-06
8.32425e-06
9.27609e-06
1.09675e-05
1.60005e-05
1.08492e-05
1.32608e-05
2.17066e-05
1.03275e-05
2.05337e-05
1.54453e-05
3.20961e-05
4.63679e-05
2.23838e-05
1.08358e-05
1.88775e-05
3.14356e-05
1.14398e-05
0.0117476
0.00702601
0.0040554
0.00257426
0.00105613
0.000453904
0.00016153
6.56096e-05
4.39622e-05
2.70719e-05
2.29493e-05
1.54097e-05
0.00788488
0.00716926
0.00653574
0.00585303
0.0049812
0.00433995
0.00350754
0.00261494
0.00147001
0.000971366
0.000348171
0.00022135
0.000492968
0.000807381
0.00132768
0.00267861
0.00421976
0.00445935
0.00456233
0.00366098
0.00329654
0.0019364
0.00146394
0.000880517
0.000715389
0.000565713
0.000380784
0.000276759
0.00013537
0.000105449
4.97663e-05
7.50261e-05
5.44601e-05
5.40367e-05
7.86994e-05
0.000311864
0.000211023
0.00056251
0.000815793
0.00139039
0.00134458
0.00124558
0.0020503
0.00192232
0.00296982
0.00350846
0.00257023
0.00194873
0.00211738
0.00161543
0.00242087
0.00218795
0.00181926
0.00170402
0.00142511
0.00141052
0.00157676
0.00120403
0.00162113
0.00163408
0.00110097
0.00112895
0.00118616
0.000868719
0.00107017
0.000760027
0.000937161
0.00104085
0.00125832
0.000858779
0.000863428
0.000866153
0.000708696
0.000749206
0.000936209
0.000598526
0.000682887
0.000694678
0.000775187
0.000440947
0.000543328
0.000650024
0.000687813
0.000373183
0.000559109
0.000774086
0.00065601
0.000319961
0.00034112
0.000487492
0.000258746
0.000373997
0.000367315
0.00027363
0.000312988
0.000184882
0.000489686
0.000359931
0.000231415
0.000381984
0.00019903
0.000206303
0.000277158
0.000205738
0.000387984
0.000162757
0.000258874
0.000269356
0.000345823
0.000305291
0.000336028
0.000253767
0.000194182
0.000113426
0.000198897
0.000184587
0.000165636
0.000152098
0.000147614
0.000134703
0.000138283
0.000125576
0.000119513
0.000111432
0.000101871
8.90539e-05
0.000321466
0.000184418
0.00016268
0.00023476
0.000205051
0.000199255
0.000171357
0.000151705
0.000137864
0.000120371
0.000109192
0.000107413
9.94849e-05
9.72046e-05
8.28167e-05
7.75746e-05
7.70325e-05
8.61788e-05
7.34156e-05
7.12999e-05
7.52414e-05
7.4906e-05
7.3426e-05
0.000739978
0.000692616
0.000653809
0.000582678
0.000553421
0.000524465
0.000524428
0.000480559
0.000444251
0.000393022
0.000363991
0.000346622
0.000325246
0.000311333
0.000299967
0.000294705
0.000279989
0.000262298
0.000266363
0.000265997
0.000295417
0.000294753
0.000421472
0.000460011
0.000466475
0.000517228
0.00061197
0.000690543
0.000739324
0.000855946
0.00122457
0.00172385
0.00200799
0.00233598
0.00283695
0.00312381
0.00362509
0.00520911
0.00606308
0.00539108
0.00573322
0.00407189
0.00178909
0.001137
0.00168865
0.00105488
0.000549875
0.00207373
0.00284144
0.00199419
0.00103585
0.00189341
0.0020014
0.000528572
0.000308845
0.000787924
0.00147477
0.000839878
0.000812912
0.000499011
0.00155035
0.00184482
0.00130358
0.000491144
0.00121926
0.000956817
0.000863237
0.000703978
0.00237639
0.00168929
0.00191795
0.00125195
0.00305362
0.00244308
0.00253642
0.00133867
0.00328604
0.00397024
0.00300685
0.00332879
0.00265637
0.00569885
0.0044253
0.00779819
0.00589868
0.00588909
0.00691933
0.00525066
0.00290377
0.000729475
0.000718981
0.000770977
0.00372288
0.000723517
0.000717008
0.000701854
0.000698975
0.000690748
0.000660999
0.000679907
0.000669313
0.000695752
0.000692977
0.000684288
0.000690369
0.000687739
0.000674491
0.000641145
0.000660044
0.000658203
0.000651467
0.000647404
0.000640014
0.000635377
0.000626164
0.000621734
0.000625165
0.000617937
0.000616509
0.000614224
0.000612857
0.000612307
0.000610392
0.000610092
0.00060791
0.000606665
0.00060431
0.000605152
0.000606789
0.000604397
0.000605114
0.000612501
0.000609373
0.000609569
0.000600533
0.000596216
0.000593935
0.000595057
0.000595501
0.000594884
0.000599682
0.000609432
0.000282742
0.000248799
0.000164414
0.00058902
0.000586445
0.000588259
0.000590287
0.000591059
0.000218599
0.000588703
0.000586066
0.000589831
0.000574993
0.00055461
0.000588372
0.000596027
0.000384589
0.000527498
0.000524501
0.000365373
0.000382087
0.000263782
0.000107857
0.000108002
0.000130494
0.000110397
0.000110476
0.000169163
0.000168368
0.000253605
0.000195056
0.000194288
0.000325587
0.000646182
0.000809229
0.00109082
0.00199544
0.00196992
0.00236435
0.0018969
0.00209377
0.00190325
0.00187729
0.00269828
0.00364223
0.00358043
0.00362347
0.00317051
0.00311632
0.0032386
0.00614049
0.00674259
0.00336627
0.00355829
0.00720289
0.00700465
0.00748493
0.00725617
0.00733548
0.0062638
0.0063125
0.0082618
0.00791219
0.00824044
0.00706458
0.00672057
0.00743277
0.00519798
0.00646181
0.00819523
0.00841716
0.0077794
0.00760357
0.0054642
0.00527655
0.00602574
0.005779
0.00518634
0.0048565
0.0046681
0.00425107
0.00347261
0.00345717
0.00382484
0.00312185
0.00272411
0.00270449
0.000855987
0.000831312
0.00110198
0.00101007
0.000650656
0.00029963
0.000297959
0.00029244
0.00012334
0.000151475
0.000133577
0.000118229
0.000119348
0.000129461
0.000120942
0.000227166
0.000257232
0.000181572
0.000149771
0.00070441
0.000579677
0.000145725
0.00067756
0.00032173
0.000218479
0.000145644
0.00017017
0.000137754
0.000175733
0.000640703
0.000373513
0.000236536
0.00033287
0.00015061
0.00280082
1.47309e-05
1.47368e-05
1.47271e-05
1.47418e-05
1.4741e-05
1.47534e-05
1.47933e-05
1.4778e-05
1.50788e-05
1.50421e-05
1.6004e-05
3.16749e-05
3.22223e-05
3.23127e-05
0.000138784
0.000157086
0.000170385
0.000185642
0.000156981
0.00086753
0.000741385
0.000918779
0.000805327
0.000894217
0.000787557
0.000550369
0.000468676
0.000205723
0.000163419
0.000151847
4.83381e-05
3.52808e-05
6.83288e-06
1.04895e-05
6.54664e-05
7.34454e-05
6.5866e-05
9.47481e-05
9.69732e-05
8.92589e-05
4.0198e-05
0.000131621
0.000134815
0.000201551
0.000201409
0.000247442
0.000245277
0.00015742
0.000152528
0.000109258
7.80547e-05
7.83424e-05
7.0669e-05
4.54158e-05
4.43029e-05
5.48815e-05
5.30449e-05
4.71312e-05
8.24059e-05
8.49045e-05
8.07221e-05
7.12342e-05
0.000121645
9.24658e-05
8.26364e-05
4.71933e-05
3.23725e-05
3.4235e-05
2.37579e-05
4.74509e-06
4.53438e-06
7.03366e-06
6.18419e-06
2.09832e-05
1.23048e-05
4.95529e-06
3.56637e-06
2.13273e-05
2.43409e-05
5.19347e-05
4.74648e-05
1.49437e-05
1.65495e-05
1.62146e-05
1.00589e-05
9.40772e-06
1.84826e-05
1.94425e-05
2.13833e-05
2.11722e-05
1.95369e-05
3.85096e-06
7.8485e-06
6.67152e-05
6.67894e-05
3.64081e-05
5.71636e-05
0.000135653
0.000167528
0.000194013
0.000252341
0.000210943
0.000262423
0.000346788
0.000491549
0.000281271
0.000285313
0.00036532
0.00034574
0.000404212
0.000361195
0.000453125
0.000757613
0.000646075
0.000354154
0.000736848
0.000439197
0.000861714
0.000449466
0.000881395
0.000728595
0.000575878
0.00106272
0.000880429
0.000601658
0.000687227
0.000583423
0.000765432
0.000842029
0.019344
0.0147864
0.0101867
0.00603147
0.00320356
0.001595
0.000668867
0.000288505
9.49064e-05
4.05291e-05
2.18168e-05
8.64798e-06
7.65662e-06
5.63997e-06
5.22184e-06
5.3103e-06
5.44602e-06
5.54925e-06
5.71779e-06
6.10024e-06
5.72934e-06
6.50258e-06
7.14502e-06
6.16633e-06
9.15879e-06
0.00012406
8.72687e-05
3.10776e-05
2.15102e-05
1.62239e-05
1.23653e-05
6.91793e-06
7.80275e-06
9.43627e-06
0.00652423
0.00601553
0.00555434
0.00511958
0.00407336
0.00363566
0.00318073
0.00291374
0.00268149
0.00251134
0.00218075
0.0019732
0.00165203
0.00153883
0.00121078
0.000927248
0.00079658
0.000761199
0.000507099
0.000448482
0.000200608
0.000206807
6.85819e-05
5.66176e-05
3.57128e-05
4.48041e-05
2.63128e-05
0.000126375
0.000135742
0.000389453
0.000423047
0.000463875
0.000994647
0.00103335
0.000733244
0.000828464
0.000847587
0.000883437
0.000883182
0.000761267
0.00208974
0.0018795
0.00379053
0.00393165
0.00623905
0.00612553
0.00566199
0.00679444
0.00664132
0.0074429
0.00813532
0.00738108
0.00822589
0.0078466
0.00738157
0.00696224
0.00645536
0.00644514
0.00556033
0.00522138
0.00477999
0.00289864
0.00294649
0.00244711
0.00298199
0.00250358
0.00210448
0.00221346
0.00172637
0.00143053
0.00139259
0.0011474
0.000994182
0.000986738
0.000719395
0.000862267
0.000837282
0.000492334
0.000390536
0.0003014
0.000412956
0.000337195
0.000245606
0.000164242
8.23797e-05
0.000138442
0.000117811
3.0737e-05
2.41511e-05
5.4852e-05
5.46662e-05
3.3087e-05
5.80736e-05
5.65107e-05
6.2924e-05
0.000192447
0.000205993
0.000291076
0.000217527
0.00027133
0.000361669
0.000551344
0.000764283
0.000804188
0.000805286
0.000774023
0.000640595
0.000820296
0.00138865
0.00129531
0.00146723
0.00140638
0.00177381
0.00144773
0.00157241
0.0022024
0.00228038
0.00194255
0.00224229
0.00181114
0.00186004
0.00243326
0.00317557
0.00207781
0.00158801
0.00155917
0.00325712
0.0018544
0.00227295
0.00171206
0.0019947
0.00235945
0.00183311
0.00401229
0.00301625
0.00451613
0.00347551
0.00346326
0.00172471
0.00451524
0.00336266
0.00491609
0.00390164
0.00229335
0.00121841
0.0026894
0.0012715
0.00124813
0.00134837
0.00129742
0.0013064
0.00115042
0.0011575
0.00134807
0.00132821
0.00128735
0.00125658
0.00126347
0.00125314
0.00138744
0.00136147
0.00128475
0.00127927
0.00125355
0.00123765
0.00122209
0.00121826
0.00127504
0.00123869
0.00116254
0.00119023
0.00110125
0.00109305
0.0011845
0.00118288
0.00119712
0.00116862
0.00121032
0.00114976
0.0011242
0.00113762
0.0011139
0.00111196
0.00113361
0.00114224
0.00111735
0.00112837
0.00120078
0.00121716
0.00111548
0.00109242
0.00110917
0.00108291
0.00106195
0.00106197
0.00118854
0.00117264
0.00101085
0.00099453
0.00100123
0.00109189
0.00107033
0.00107158
0.0010253
0.00102563
0.00102462
0.00100729
0.000889616
0.000173559
0.000108462
0.000267667
0.000264499
0.000218836
0.000127264
0.000126713
8.04155e-05
7.9167e-05
0.00052429
0.000713745
0.000863922
0.000211547
0.000209617
0.00024393
0.000952868
0.000934435
0.00112083
0.00124898
0.0017168
0.000441893
0.000435585
0.000563169
0.00132324
0.00129352
0.00154819
0.000848032
0.000831183
0.00121931
0.00337508
0.00356802
0.00304837
0.00294973
0.00391036
0.00363736
0.00360751
0.00367782
0.00327232
0.00550539
0.00586392
0.00591933
0.00558309
0.00549714
0.00491234
0.0045965
0.00340691
0.00563253
0.00515374
0.00472316
0.00328664
0.00364352
0.00332502
0.00314282
0.00302848
0.00421695
0.00374367
0.00363739
0.00239463
0.0021268
0.00169309
0.00183409
0.00151953
0.00136061
0.00144705
0.00162199
0.00222718
0.00201376
0.00100563
0.00100662
0.000387456
0.000374293
0.000362638
0.000571727
0.000567329
0.00100019
0.00101346
0.000619004
0.000573037
0.000626353
0.00291937
0.00185116
0.00107098
0.000672624
0.000389063
0.000251337
0.000196328
0.000160867
0.000104998
0.00011216
0.000100875
0.000100068
0.000206512
0.000257491
0.000213642
0.000131667
0.000106907
0.00010229
0.000109605
9.46106e-05
0.00018226
0.000187429
0.000193148
0.000691745
0.00084878
0.000107952
9.70835e-05
9.90933e-05
0.000219723
0.00327259
0.00263944
1.44877e-05
1.45085e-05
1.45254e-05
1.45251e-05
1.45229e-05
1.45396e-05
1.44631e-05
1.44847e-05
1.45087e-05
1.45342e-05
1.63604e-05
1.64386e-05
1.67404e-05
0.00118802
0.00109463
0.000755871
0.000736524
0.000315302
0.000249739
0.00102076
0.000911138
0.00103464
0.000946551
0.000841178
0.000754871
0.000459438
0.000427158
0.00037402
0.000125448
9.8904e-05
3.85861e-05
2.96503e-05
1.18523e-05
1.27803e-05
1.27291e-05
1.36973e-05
2.3104e-05
2.58323e-05
3.94903e-05
4.37078e-05
3.97863e-05
4.35438e-05
6.43171e-05
6.39203e-05
0.000108538
0.00010803
0.000167313
0.000161666
0.000149354
0.000143165
0.000147483
0.000142891
0.000131396
0.000109238
0.00010354
0.000174531
0.00015223
9.03523e-05
7.91843e-05
5.46438e-06
0.00143035
0.00112884
0.000802461
0.00061086
0.000480627
0.000361251
0.000515408
0.00038517
0.00033858
0.000245101
0.00021314
0.000171702
0.000118992
7.02082e-05
4.64904e-05
7.30994e-05
1.97893e-05
1.06706e-05
3.43275e-05
2.06076e-05
1.04225e-05
6.83901e-06
1.94388e-05
1.12581e-05
7.31538e-06
6.8592e-06
6.92926e-06
7.22544e-06
2.33251e-05
2.5937e-05
6.5478e-06
7.62868e-06
7.10311e-06
2.53127e-05
0.0038786
0.00319098
0.00178862
0.00135298
0.00111163
0.000785972
0.000591391
0.000860435
0.000624589
0.000511364
0.000557633
0.000391557
0.000321693
0.000215595
0.000181429
1.68567e-05
8.65573e-06
7.47647e-06
7.41635e-06
1.70312e-05
2.43868e-05
7.53761e-05
4.58852e-05
4.25339e-05
1.33995e-05
1.91673e-05
1.69717e-05
4.19811e-05
5.18157e-05
4.20379e-05
3.23475e-05
3.84318e-05
7.51482e-06
1.00896e-05
6.19579e-05
3.77034e-05
1.0089e-05
7.54986e-06
7.85939e-06
3.29131e-05
4.06639e-05
3.11743e-05
7.74643e-05
4.54324e-05
1.61769e-05
2.20323e-05
1.22606e-05
8.11046e-06
8.48042e-06
7.67244e-06
9.48153e-06
1.45029e-05
8.72497e-06
8.48611e-06
7.83835e-06
0.000372415
0.00105509
0.000751784
0.000586383
3.63646e-05
0.000234268
0.00198395
0.00139573
0.00105439
0.000671593
0.000442861
0.000349065
0.00022846
0.000126244
8.5771e-05
0.0001114
6.69268e-05
5.41939e-05
5.79876e-05
3.721e-05
1.54108e-05
1.24605e-05
1.16805e-05
1.13031e-05
1.13145e-05
1.23765e-05
1.17047e-05
1.19334e-05
1.77339e-05
1.36309e-05
1.52202e-05
1.38893e-05
1.49357e-05
1.82033e-05
1.75931e-05
1.51264e-05
1.83126e-05
1.47973e-05
1.40489e-05
1.45381e-05
1.59199e-05
2.14038e-05
1.64849e-05
2.1776e-05
2.90469e-05
2.51094e-05
0.00159176
0.00118333
0.000796204
0.00244651
0.00218488
0.00110717
0.0013761
0.000652784
0.000611377
0.000417502
0.00021607
0.000218524
0.000212715
0.000305326
0.000167708
0.000849043
0.000824547
0.000601249
0.0011844
0.00115163
0.00298864
0.00380279
0.00368972
0.00419761
0.00499193
0.00470855
0.00405764
0.00471553
0.00435066
0.00499138
0.00528328
0.00496862
0.00443148
0.00417429
0.00406921
0.00352245
0.0023233
0.00210499
0.00271431
0.0019152
0.0017694
0.00145894
0.00155741
0.00111704
0.00100623
0.000839484
0.000704349
0.000457035
0.000482353
0.000360363
0.000279438
0.000226611
0.000122972
0.000111827
5.85782e-05
3.90799e-05
9.41772e-05
1.84157e-05
0.000107788
0.000188015
0.000209773
0.000301418
0.00015633
0.000326566
0.00183697
0.00178784
0.00169893
0.00164028
0.00150183
0.00138086
0.00137453
0.00136141
0.00126188
0.0012728
0.00127058
0.00119448
0.00122551
0.00120645
0.00114526
0.00116495
0.00106833
0.00123954
0.00125841
0.00120883
0.00117213
0.00124356
0.00129896
0.00134954
0.00139748
0.00131624
0.00154909
0.00151125
0.00157478
0.00152855
0.00149623
0.0016223
0.00178198
0.00174643
0.00185698
0.00167789
0.00165142
0.00171293
0.00159891
0.00166859
0.00186307
0.00197544
0.0020785
0.00201257
0.0019857
0.00205401
0.00211921
0.00213156
0.00221324
0.00221032
0.00228261
0.00226484
0.00220789
0.0022055
0.0020965
0.00208496
0.00210203
0.0020829
0.00206242
0.0020049
0.00200358
0.00201219
0.00199356
0.00200314
0.00195804
0.00197337
0.00207365
0.00204414
0.00206759
0.00197678
0.00200893
0.00207049
0.00208556
0.00197717
0.00200075
0.00208945
0.00212926
0.00216944
0.00205325
0.00212778
0.00217492
0.00212412
0.0021839
0.00204274
0.00211325
0.00120451
0.00118002
0.000697189
0.000232715
0.00023128
0.000237883
0.000481175
0.000256782
0.000212967
0.000892687
0.000853053
0.00120798
0.000474537
0.00109496
0.00171769
0.00211765
0.00188579
0.00186256
0.00291644
0.00305168
0.00283924
0.00367325
0.00505297
0.00528337
0.00372964
0.0033625
0.00495854
0.0043855
0.00607878
0.00661283
0.00465979
0.00473107
0.00547534
0.00491372
0.00578684
0.00463511
0.00433701
0.00445375
0.00395414
0.00312277
0.00271679
0.00219567
0.0026048
0.00220403
0.00237406
0.00217094
0.00209069
0.00162724
0.00424107
0.00357558
0.00135937
0.00121521
0.00211129
0.00186378
0.00340639
0.00364633
0.00456399
0.00678521
0.00664026
0.00687695
0.00337213
0.00312778
0.0028947
9.69373e-05
0.0237079
0.0201931
0.00625774
0.00575696
0.00082959
9.28927e-05
6.15211e-05
6.16346e-05
0.00024389
0.00039043
0.000264569
0.000442253
0.000638682
0.000643601
8.98873e-05
0.000104033
0.000252264
0.000176075
0.000155878
0.000124219
8.43707e-05
0.000279826
0.000213843
0.000267065
0.000207657
8.20913e-05
6.77388e-05
0.000119362
0.000118895
0.000111614
4.29752e-05
3.47829e-05
2.50922e-05
2.98499e-05
2.90189e-05
3.36335e-05
3.10315e-05
3.65454e-05
5.03419e-05
3.00001e-05
3.30708e-05
2.85564e-05
2.84563e-05
2.79889e-05
2.84833e-05
2.95539e-05
2.97452e-05
3.06126e-05
3.32426e-05
4.21342e-05
4.02812e-05
5.30775e-05
5.178e-05
3.40726e-05
3.33523e-05
9.23673e-05
9.05861e-05
8.24008e-05
2.68556e-05
3.12994e-05
2.49535e-05
2.82228e-05
2.70508e-05
2.47328e-05
2.39557e-05
2.42686e-05
2.47648e-05
2.28045e-05
7.81912e-05
4.92308e-05
8.41607e-05
5.20148e-05
2.25893e-05
2.51149e-05
2.28169e-05
2.00902e-05
2.11607e-05
2.08784e-05
3.53307e-05
2.74722e-05
3.11633e-05
3.12664e-05
8.98624e-05
8.02997e-05
7.55043e-05
0.000132909
0.000102315
8.11219e-05
7.59415e-05
7.0538e-05
4.85498e-05
4.09325e-05
3.06443e-05
2.7834e-05
2.36926e-05
2.7037e-05
3.37606e-05
3.42172e-05
4.39807e-05
3.75924e-05
3.26896e-05
4.21532e-05
2.45825e-05
2.62989e-05
4.2702e-05
9.32104e-05
0.000134852
9.64963e-05
9.4979e-05
0.000109474
5.05294e-05
6.0675e-05
7.78465e-05
9.04638e-05
7.9557e-05
6.23172e-05
7.13919e-05
6.54438e-05
6.96243e-05
5.57759e-05
6.55997e-05
6.23123e-05
8.75824e-05
8.97744e-05
9.77419e-05
6.7781e-05
7.66584e-05
8.93778e-05
9.88424e-05
7.58072e-05
8.28391e-05
9.66097e-05
0.000103992
6.67548e-05
7.21353e-05
9.54365e-05
9.42781e-05
0.000100976
0.000103659
8.57706e-05
8.82795e-05
8.19934e-05
8.38257e-05
6.2968e-05
6.48742e-05
6.01981e-05
7.1491e-05
7.19378e-05
6.18417e-05
5.6897e-05
5.61056e-05
5.54637e-05
5.74151e-05
5.68106e-05
4.99782e-05
5.0403e-05
4.93531e-05
4.76425e-05
4.83342e-05
4.80502e-05
4.73637e-05
4.68771e-05
4.67987e-05
5.1711e-05
4.83312e-05
4.90797e-05
0.000210576
0.0140419
0.0128631
0.0119195
0.0104673
0.00854041
0.0110164
0.00649728
0.00761682
0.0063786
0.000288167
0.000346613
0.00057726
0.00086642
0.00070298
0.000556787
0.000666253
0.000579157
0.000644983
0.000635058
0.00060782
0.000526378
0.000446906
0.00049298
0.000394513
0.000335794
0.000293456
0.000205601
0.000175638
0.000183252
0.000134364
0.000136121
0.00023148
0.000257557
0.000175976
0.000515623
0.000523633
0.00124212
0.00131543
0.000917798
0.00134459
0.00143659
0.00163566
0.0013414
0.000524455
0.000510086
0.000763583
0.00069639
0.0012293
0.00130414
0.00117188
0.00121395
0.00137558
0.00117812
0.00106552
0.000808067
0.000810997
0.000495092
0.000208669
0.00016598
0.00016996
0.000121257
2.3163e-05
2.51496e-05
1.11661e-05
1.01042e-05
1.81273e-05
1.08299e-05
6.05891e-06
2.58564e-05
6.14406e-05
8.78028e-05
0.000193991
7.71948e-05
0.000176721
0.000193051
0.000261883
0.000333927
0.000437261
0.000545524
0.000714638
0.000622708
0.000740695
0.000766359
0.0010326
0.00100432
0.00125859
0.00119068
0.00161188
0.00117729
0.00151898
0.00229781
0.00275202
0.00162501
0.00181213
0.00206575
0.0023739
0.00256976
0.00270316
0.00226692
0.00245057
0.00238623
0.00249709
0.00207528
0.00226869
0.00346424
0.00353938
0.00343135
0.00359255
0.00416298
0.00347297
0.00371226
0.00452446
0.00408649
0.00573548
0.00529167
0.0062019
0.00455789
0.00643747
0.00594714
0.00651654
0.00674189
0.00549801
0.0070695
0.0058117
0.00778689
0.00704769
0.0101014
0.00631756
0.00869818
0.00877335
0.00812127
0.00949865
0.0115975
0.0146454
0.014005
0.0139736
0.0113798
0.0113438
0.00894002
0.00734652
0.00934978
0.0153012
0.0158004
0.0132743
0.00713442
0.012661
0.00817779
0.0156048
0.0153618
0.00702569
0.00135388
0.0013597
0.00134456
0.001254
0.00124763
0.00131337
0.00128253
0.00127884
0.00134307
0.00194177
0.00123785
0.00178077
0.00176289
0.00189766
0.00183217
0.00113824
0.00161849
0.00116425
0.0016249
0.0011441
0.00113576
0.00116399
0.00115213
0.00122211
0.00171009
0.00110599
0.00146278
0.00145453
0.001101
0.00143346
0.00114917
0.00114329
0.00125962
0.00143664
0.00125167
0.00125552
0.0013446
0.00131049
0.00135979
0.00133778
0.00134744
0.00156277
0.0015256
0.00128104
0.00126736
0.00128326
0.00129065
0.0012552
0.00125465
0.00118005
0.00118188
0.00117916
0.00116255
0.00115252
0.00117599
0.00110808
0.00108519
0.00110305
0.00115189
0.00117052
0.00111415
0.000979292
0.000150984
0.00011066
0.000391489
0.000252059
0.000585358
0.000581559
0.000356033
5.69415e-05
5.48454e-05
6.44931e-05
5.07694e-05
5.192e-05
5.66695e-05
5.55379e-05
0.000183414
0.00028996
0.000578949
0.000573579
0.000671685
0.000851007
0.000768563
0.000864668
0.000958508
0.00180058
0.00221627
0.00211275
0.00203936
0.00231948
0.00275489
0.00264628
0.00276856
0.00393792
0.00399752
0.00291786
0.00291324
0.00333985
0.00314582
0.0032758
0.00297287
0.00342336
0.00305463
0.00295183
0.00328729
0.00530914
0.00543398
0.00417751
0.0048841
0.0048256
0.00457275
0.00456714
0.0043104
0.00411365
0.00450248
0.00436154
0.0070128
0.00644105
0.00585205
0.0026646
0.00248217
0.00235922
0.00330752
0.00303511
0.00218865
0.00242416
0.00222948
0.00217453
0.00236453
0.00216119
0.00210705
0.00298432
0.00267109
0.00257129
0.00218223
0.0021671
0.00354369
0.00325259
0.00102449
0.000958269
0.000831812
0.00113037
0.00123812
0.000963988
0.000984005
0.000957598
0.000899986
0.000831237
0.00291734
0.00259301
0.00234095
0.00187756
0.0018817
0.00178415
0.00144064
0.00124926
0.00122953
0.000979259
0.000928027
0.00114303
0.000917138
0.00073684
0.000613122
0.000619116
0.000156609
0.000120111
0.000129432
0.000206053
0.000155615
0.000213093
5.64962e-05
4.27911e-05
4.64462e-05
3.6289e-05
3.69191e-05
4.47013e-05
3.84504e-05
9.89433e-05
0.000114007
3.94731e-05
5.04119e-05
4.08234e-05
4.70391e-05
0.000346945
0.000308548
0.000702401
0.000790913
0.000586006
0.000741043
0.00062276
3.95995e-05
3.86063e-05
4.08719e-05
4.16198e-05
4.15187e-05
4.15379e-05
4.31684e-05
3.93785e-05
4.16441e-05
1.83696e-05
1.83305e-05
1.84169e-05
1.74232e-05
1.79688e-05
2.42223e-05
2.36359e-05
9.46893e-05
0.000117839
0.000252253
0.000260822
0.000751195
0.000650424
0.00123771
0.00113068
0.000927265
0.000863927
0.00142799
0.00127009
0.000288367
0.000253311
0.000150975
0.000133611
0.0001311
0.000118265
0.000114963
5.02019e-05
4.95642e-05
4.68293e-05
3.70045e-05
5.9235e-05
6.18171e-05
5.74158e-05
5.95837e-05
6.00067e-05
5.43102e-05
0.000127338
0.000119005
8.92755e-05
8.42652e-05
2.2475e-05
2.74835e-05
2.61543e-05
0.000103097
9.40032e-05
8.16834e-05
7.17099e-05
3.3648e-05
3.91667e-05
1.35526e-05
1.70858e-05
1.76105e-05
1.2146e-05
1.29971e-05
3.03048e-05
3.80054e-05
9.9181e-05
9.82343e-05
0.000151793
0.000153633
0.000155915
1.04877e-05
1.41762e-05
1.34126e-05
2.16849e-05
3.12211e-05
2.70823e-05
1.71083e-05
2.25432e-05
1.35185e-05
1.39441e-05
1.22084e-05
1.6063e-05
1.73329e-05
1.58458e-05
1.57924e-05
2.8058e-05
3.36025e-05
1.96528e-05
2.18942e-05
6.28022e-05
6.77191e-05
6.06138e-05
4.48101e-05
4.54506e-05
6.87168e-05
6.79994e-05
2.13763e-05
2.2686e-05
3.32555e-05
3.30194e-05
3.30629e-05
3.3689e-05
3.17334e-05
5.75171e-05
5.55255e-05
5.15892e-05
5.33064e-05
4.89538e-05
4.32026e-05
2.43651e-05
2.55588e-05
2.56027e-05
2.60054e-05
2.70121e-05
2.70907e-05
3.44369e-05
4.24675e-05
3.42334e-05
4.31414e-05
3.49672e-05
4.31466e-05
4.29582e-05
5.1254e-05
6.692e-05
8.12267e-05
0.000107775
8.93261e-05
0.000123689
0.000120271
0.000160565
0.000186147
0.000204896
0.000266802
0.00026374
0.000177282
0.000238218
0.000240843
0.00031864
0.000342677
0.000448688
0.000446951
0.00039795
0.000371045
0.0011313
0.000166224
0.00102313
0.000763866
0.000583713
0.000531369
0.000680527
0.00051662
0.000463948
0.000281604
0.000199882
0.000176962
0.000172087
0.000110984
0.000105741
8.54695e-05
5.16067e-05
5.04925e-05
4.64727e-05
2.7482e-05
1.47726e-05
1.22425e-05
1.59107e-05
1.2724e-05
1.31424e-05
1.27278e-05
1.61599e-05
1.45668e-05
1.51934e-05
1.49173e-05
1.56488e-05
2.17572e-05
1.91865e-05
1.61345e-05
3.76662e-05
4.77112e-05
6.21596e-05
5.03907e-05
2.24085e-05
3.05031e-05
2.74059e-05
3.78138e-05
5.00629e-05
3.91329e-05
4.18428e-05
4.78211e-05
5.84173e-05
6.16311e-05
3.25284e-05
4.18498e-05
3.69403e-05
2.72386e-05
2.70402e-05
2.30958e-05
0.0269191
0.0248498
0.0228841
0.0211357
0.0194457
0.0173287
0.0156266
0.0135116
0.0116704
0.00970659
0.00798684
0.00634997
0.00297995
0.00246035
0.0022554
0.00144176
0.00143659
0.000830688
0.000727449
0.000407289
0.000362481
0.000349781
0.00029553
0.000256965
0.000209386
0.000242798
0.000353852
0.000151176
0.00164996
0.00160294
0.00135221
0.00204302
0.00369736
0.00450745
0.00435636
0.00315921
0.00484085
0.00512084
0.00467344
0.00508104
0.00464933
0.00410162
0.00384633
0.00367254
0.00337855
0.00302431
0.00272405
0.00224337
0.00222098
0.00188807
0.00188156
0.00149168
0.00124411
0.000946773
0.00074761
0.000738919
0.000822653
0.000402411
0.000395337
0.000331459
0.000318208
0.000210097
0.000205564
0.000184786
0.000121852
0.000165965
0.000166435
0.000172602
0.000155473
0.000171328
0.000133559
0.000203302
0.000127466
0.000159115
0.000210056
0.00028383
0.000322516
0.000320551
0.000432741
0.000365887
0.00580778
0.00504331
0.00467551
0.00428108
0.00395594
0.00379349
0.00337495
0.00321196
0.00303111
0.0026749
0.00252168
0.00261795
0.00254539
0.00216778
0.00211151
0.00227991
0.00228843
0.00183253
0.00186808
0.00175425
0.00181242
0.00168667
0.00160053
0.00157724
0.00158191
0.00154679
0.00174277
0.00167117
0.00172612
0.00160026
0.00154652
0.00164625
0.0015259
0.0014831
0.00155694
0.0016185
0.001577
0.00169139
0.00165868
0.00162074
0.00175003
0.00175568
0.00172015
0.00186548
0.0018359
0.00192634
0.00200814
0.00200507
0.001971
0.00209539
0.00224115
0.00238631
0.00254721
0.00243425
0.00239377
0.00242218
0.00235884
0.00238254
0.00241913
0.00237287
0.00242696
0.00240242
0.00242218
0.00242847
0.00246819
0.00243985
0.00248253
0.00239877
0.00251828
0.00255827
0.00272167
0.00284525
0.00252038
0.00252127
0.00270783
0.00275357
0.00225624
0.0016023
0.000563986
0.00150652
0.000982662
0.000261956
0.000282963
0.000368338
0.000580662
0.00139842
0.00210403
0.00137071
0.00174402
0.00216037
0.00298359
0.00284533
0.00265358
0.00355532
0.00416186
0.00531621
0.0035255
0.00320963
0.00434804
0.00326208
0.00431192
0.00477606
0.00486039
0.00455472
0.00496026
0.00581975
0.0052753
0.00473291
0.00427083
0.00453596
0.00399152
0.00364821
0.00362752
0.00396092
0.00300839
0.00321604
0.00282552
0.00238546
0.00258614
0.00305055
0.00203135
0.00314173
0.00270911
0.0022657
0.00269724
0.00390446
0.0034553
0.00312202
0.00221245
0.00262036
0.00298498
0.00295981
0.00198589
0.0018647
0.00255865
0.00399559
0.00433222
0.00829857
0.00783873
0.0081212
0.00220217
0.00215403
0.00244094
0.00136984
0.00790256
0.00650643
0.0076964
0.00655052
0.00148806
0.00059743
0.000215886
0.000153689
0.00143695
0.00141214
0.00128886
0.00149574
0.00150444
0.00113701
0.00113501
0.000334902
3.96072e-05
2.84098e-05
0.000330742
0.000250951
0.00038857
0.000300947
0.000276395
0.000220167
0.000112407
8.93075e-05
7.84093e-05
6.15072e-05
6.18288e-05
0.000110004
0.000128257
0.000150142
0.000135283
0.000228295
0.000234239
4.92768e-05
5.58446e-05
0.00011506
0.000128557
5.48335e-05
6.31862e-05
6.00113e-05
8.18786e-05
9.31817e-05
9.04651e-05
0.00018643
0.000190745
0.000175059
0.000181609
0.000107731
0.00011744
0.000165525
0.000168432
0.000109693
9.37134e-05
7.2846e-05
7.46082e-05
8.35497e-05
6.05212e-05
9.0242e-05
7.0743e-05
0.000109768
8.41458e-05
7.63567e-05
6.1935e-05
5.53156e-05
3.72877e-05
3.71955e-05
3.78356e-05
3.65649e-05
3.618e-05
3.39715e-05
3.44908e-05
3.44726e-05
3.43269e-05
3.50257e-05
4.02793e-05
3.95657e-05
3.83274e-05
3.07509e-05
3.19329e-05
3.29305e-05
3.45698e-05
4.84247e-05
4.10883e-05
7.73853e-05
0.00012797
0.000134775
0.000111458
0.000125012
0.000346052
0.000353433
0.000168718
0.000305021
0.000227022
0.000381617
0.000176548
0.000239208
0.000222151
0.000234317
0.000247648
0.000327495
0.000316236
0.000427028
0.000395345
0.000339193
0.000537796
0.000536505
0.000702159
0.000630288
0.000464949
0.000566939
0.000498019
0.000473418
0.000997645
0.000886249
0.000493656
0.000662845
0.00056425
0.000811651
0.000970031
0.000789002
0.000971839
0.000979784
0.00125868
0.00106324
0.00101297
0.00120193
0.00100375
0.000835545
0.00168211
0.0013807
0.000799998
0.00169152
0.00135956
0.000616434
0.000842484
0.000726569
0.0279429
0.0206863
0.0143919
0.00919175
0.00502801
0.00255267
0.0012992
0.000567855
0.000269451
0.000142649
7.58945e-05
6.98578e-05
7.18224e-05
9.95939e-05
8.29718e-05
7.39604e-05
7.5158e-05
7.42458e-05
7.55298e-05
7.54001e-05
7.23648e-05
8.15434e-05
7.88295e-05
8.72902e-05
8.29612e-05
8.23317e-05
0.000196434
0.000165395
0.000190924
0.000130449
0.000105562
9.90153e-05
8.3774e-05
8.46349e-05
8.18463e-05
7.90476e-05
8.05085e-05
8.04075e-05
9.04077e-05
8.75315e-05
8.85064e-05
8.83218e-05
8.97626e-05
8.55465e-05
8.68336e-05
8.60122e-05
0.0119947
0.0111855
0.00993602
0.00857454
0.00822872
0.00722259
0.0063841
0.00601657
0.00533783
0.00494862
0.00447839
0.00427005
0.00377117
0.00327294
0.00274586
0.00242195
0.00201252
0.00175784
0.00159846
0.00123937
0.00109012
0.000999872
0.000648473
0.000564814
0.000585059
0.000317453
0.000352013
0.00028269
0.000277146
0.000270168
0.000296284
0.000268316
0.000535202
0.000505783
0.000891953
0.000985011
0.000381305
0.00043489
0.000298692
0.000293824
0.000336766
0.00103789
0.00097404
0.0011207
0.00128084
0.00132868
0.00137958
0.00123889
0.00129027
0.00128283
0.000954093
0.000961606
0.000814357
0.000668468
0.000413817
0.000242336
0.000220202
0.000145791
9.60651e-05
4.74785e-05
1.90535e-05
3.39404e-05
8.88824e-05
2.4281e-05
3.70663e-06
3.36141e-05
1.51549e-05
6.17713e-05
0.000181057
0.000240476
0.000198772
0.000259088
0.00037125
0.000418523
0.000408161
0.000472863
0.000387024
0.000630522
0.000774494
0.000605541
0.000522429
0.000702086
0.000756047
0.000842824
0.000893932
0.00115401
0.000876192
0.00117809
0.0011887
0.00125407
0.00140381
0.0016103
0.00201408
0.00220015
0.00258159
0.00280218
0.00246153
0.0033431
0.00279005
0.00305873
0.00365521
0.0041196
0.00390407
0.00366437
0.00333806
0.00422665
0.00381827
0.00502426
0.00428386
0.00581708
0.00451583
0.00561545
0.00367846
0.00435333
0.00436375
0.00485809
0.00436641
0.00368755
0.00401284
0.00430829
0.00361222
0.00328259
0.00274398
0.00351462
0.00291871
0.00347318
0.00286271
0.00312873
0.00425034
0.00391488
0.00431594
0.00384807
0.00438943
0.00358302
0.00387161
0.00511605
0.00421
0.00441057
0.00576711
0.00494953
0.00469511
0.00427713
0.00543479
0.00372844
0.00356989
0.00326575
0.00316601
0.00293197
0.00304132
0.00279695
0.00271409
0.00243753
0.00239148
0.00258054
0.00242955
0.00240946
0.00229563
0.00218743
0.00216915
0.00201205
0.00205738
0.00205368
0.00198084
0.00196868
0.00196651
0.00193884
0.00184025
0.0017908
0.0017889
0.00179747
0.00177399
0.00183086
0.00178019
0.00177687
0.00183128
0.00177951
0.00177252
0.00160297
0.00159682
0.00161892
0.00182478
0.00177256
0.00176415
0.00169559
0.00167593
0.00159972
0.00163327
0.00165118
0.00167009
0.00154689
0.00151978
0.00152332
0.00163921
0.00165973
0.00166776
0.00173479
0.00172792
0.00160967
0.00160405
0.00159816
0.00157989
0.00156719
0.00154741
0.000646037
0.000459383
0.000744053
0.000591136
0.000400323
0.000267102
0.000357682
0.000268329
0.000212179
0.000513126
0.00058045
0.000212121
0.000208554
0.000265381
0.000334621
0.000326873
0.000600535
0.000558377
0.000942036
0.00122551
0.00133437
0.00107793
0.00193995
0.00213237
0.00174708
0.00190653
0.00189312
0.00235744
0.00223847
0.00296921
0.00275481
0.00299365
0.00268095
0.00250889
0.00263044
0.0040028
0.00390183
0.00340983
0.00362309
0.00372222
0.00335736
0.0030305
0.00293293
0.00296992
0.00263556
0.00242596
0.00286014
0.00246521
0.0018808
0.00122859
0.00309601
0.00165323
0.00152471
0.0018901
0.00162178
0.00162935
0.000760504
0.000677785
0.000593532
0.0010074
0.000881218
0.000859184
0.00108517
0.000731703
0.000647662
0.000614116
0.000257295
0.000346098
0.000416188
0.000473614
0.000743659
0.000620984
0.000284592
0.000366564
0.000102715
0.000113481
0.000132065
7.90601e-05
0.000318765
0.00367966
0.00331561
0.000590571
0.00130886
0.000899595
0.000708247
0.000422527
0.000169291
0.000130457
9.56726e-05
0.000287019
0.000167045
0.000100751
0.000125109
9.08957e-05
9.06895e-05
8.89842e-05
9.78187e-05
0.000104222
0.00019376
0.000239235
9.68365e-05
0.00291959
0.0022652
1.30406e-05
1.30503e-05
1.30808e-05
1.30058e-05
1.29728e-05
1.29733e-05
1.29828e-05
1.29902e-05
1.42812e-05
1.38189e-05
1.48855e-05
1.47744e-05
1.51313e-05
0.000765769
0.000800147
0.00254579
0.00241102
0.00215322
8.03382e-05
6.64257e-05
0.000364718
0.00024116
0.000209979
5.43453e-05
4.48381e-05
4.45733e-05
4.75893e-05
3.69292e-05
4.14394e-05
0.000270516
0.000269981
0.000246839
0.000193567
0.000197897
0.000166504
0.000164186
0.000166593
0.000142368
0.000219463
0.000222348
0.000333623
0.000320712
0.00037578
0.000354937
0.000261133
0.000244348
0.000462941
0.000341049
0.00031695
0.000320012
0.000301217
0.000264179
0.000194937
0.000246413
0.000228608
0.000201475
0.000184767
0.000170958
0.000264569
0.000240836
0.000211517
0.000119821
0.00150038
0.00116786
0.00114391
0.00090817
0.000652891
0.000494565
0.000366061
0.000325581
0.000271306
0.000195052
0.000230887
0.000160857
0.000146848
0.000128229
8.84082e-05
7.52036e-05
5.17989e-05
5.8022e-05
3.58292e-05
3.14464e-05
4.42693e-05
2.65925e-05
2.71936e-05
7.79108e-06
1.05857e-05
1.03722e-05
1.11839e-05
1.65609e-05
1.41996e-05
9.16652e-06
8.06327e-06
8.23729e-06
9.84293e-06
7.5903e-05
8.80179e-05
7.19124e-05
4.16935e-05
3.0473e-05
4.23018e-05
3.66681e-05
3.06013e-05
1.7715e-05
0.00419659
0.00280998
0.0021857
0.00166126
0.00136964
0.00085537
0.000625598
0.000258069
0.000173111
0.000187829
0.000309344
0.00021906
0.00045398
0.000317936
0.00025833
3.47605e-05
2.0654e-05
1.93998e-05
0.000141629
0.000180645
0.000120392
1.86063e-05
1.12344e-05
1.08709e-05
1.87612e-05
5.5004e-05
6.12509e-05
8.22223e-05
8.90469e-05
0.000111284
0.000110688
1.72878e-05
1.15294e-05
1.19354e-05
9.14859e-06
9.30713e-06
9.86863e-06
1.98513e-05
1.22605e-05
1.29697e-05
9.53382e-06
9.45721e-06
1.11963e-05
1.06348e-05
1.8625e-05
0.000251773
0.000207395
1.62454e-05
1.24626e-05
0.000855006
0.000625393
0.00139831
0.00155629
0.00126037
0.00088958
0.00056234
0.000369808
0.000283566
0.000289578
0.000190234
8.96717e-05
5.45806e-05
4.91282e-05
4.13962e-05
2.76916e-05
4.09291e-05
2.90307e-05
1.36124e-05
1.29459e-05
1.30849e-05
1.34395e-05
1.3607e-05
1.50339e-05
1.39903e-05
1.47528e-05
1.52945e-05
1.8367e-05
1.58262e-05
1.65853e-05
2.65753e-05
2.21902e-05
1.62105e-05
1.67312e-05
2.00693e-05
1.9872e-05
1.89031e-05
1.77878e-05
1.91385e-05
1.96443e-05
2.53899e-05
1.90965e-05
0.000533377
0.000437494
0.000767927
0.00242026
0.00154407
0.00128634
0.00113065
0.000587844
0.000409301
0.00023035
0.00022807
0.000238184
0.000290881
0.000100454
0.000124248
0.00054814
0.000571339
0.00239779
0.00229083
0.00220608
0.00279736
0.00353799
0.00424558
0.00406392
0.00365555
0.00397024
0.00370935
0.00319622
0.00360107
0.0033843
0.0030736
0.00270675
0.0026536
0.00231445
0.00213198
0.00168063
0.00140127
0.00104959
0.00103176
0.000738822
0.00097944
0.000413786
0.000483883
0.000360055
0.000283798
0.000156073
0.000181067
0.000187423
8.23484e-05
7.57929e-05
2.32911e-05
3.22629e-05
6.8345e-05
6.57422e-05
4.84584e-05
0.000111492
9.55206e-05
8.26303e-05
0.000143335
0.000254865
0.000233632
0.000356865
0.000356917
0.000511257
0.00053042
0.000629955
0.00239337
0.00220908
0.00229428
0.0018672
0.00179771
0.00167121
0.00164623
0.00166454
0.00153888
0.00152995
0.00166595
0.00163261
0.00140062
0.00141876
0.00136035
0.00129247
0.00133143
0.00127288
0.00138611
0.00142562
0.00138595
0.00147104
0.00126497
0.00122706
0.00131289
0.00143592
0.00156069
0.0014544
0.00151548
0.00160833
0.00157365
0.00186837
0.00199398
0.00180107
0.00177225
0.00190937
0.00187892
0.00193818
0.00188171
0.00193575
0.00206791
0.0020359
0.00213493
0.00214295
0.00221477
0.00211193
0.00208513
0.00212296
0.00222951
0.00240973
0.00236546
0.00235518
0.00221046
0.00219785
0.002176
0.0023008
0.00226966
0.00221103
0.00217589
0.00215571
0.00203054
0.00204032
0.00201605
0.00212182
0.00206746
0.00208153
0.00201752
0.00199442
0.0020266
0.00204654
0.00202126
0.00206549
0.00202098
0.00206003
0.00213078
0.00217365
0.00207758
0.00211694
0.00216745
0.00227923
0.00218554
0.00227134
0.00221432
0.00139346
0.0016569
0.000828402
0.00125063
0.000695624
0.00031113
0.000292837
0.000588553
0.000213611
0.00079015
0.000538125
0.000739441
0.00168095
0.0015811
0.00204963
0.00117411
0.00110555
0.00173462
0.00331088
0.00305569
0.00374905
0.00266795
0.00458218
0.00442304
0.00399453
0.00478096
0.00418349
0.00508103
0.00424578
0.00359729
0.00355829
0.00325829
0.00353897
0.00383884
0.00305625
0.00306055
0.00220463
0.00177204
0.00156853
0.00187279
0.00205301
0.00174173
0.00139262
0.00116467
0.00130664
0.0012295
0.00129876
0.00253585
0.00207304
0.000956614
0.000976818
0.00103167
0.00100856
0.00088294
0.0010301
0.00202808
0.00176358
0.00180971
0.00204062
0.00192402
0.00142347
0.00143634
0.00205126
0.0018643
0.00125328
0.00468797
0.00430438
0.0051624
0.00898505
0.00993449
0.00354619
0.00349717
0.00461554
0.00432591
0.00101011
0.000294706
0.00030959
0.011114
0.0224207
0.00224128
0.000148994
0.000342944
0.000355554
0.000319661
0.00138357
2.29771e-05
9.58057e-05
9.03822e-05
0.000661025
0.000689375
2.5482e-05
4.27166e-05
3.64167e-05
0.000261304
0.000178136
0.000168586
0.001169
0.000946717
0.000845611
0.00127479
0.00110261
0.00101135
0.00126201
0.00109581
0.0010274
0.000712907
0.000594233
0.000426705
0.000370065
0.000249913
0.000231966
0.000160573
0.000149056
5.68745e-05
4.86757e-05
4.87252e-05
5.85646e-05
5.28549e-05
5.33303e-05
4.48797e-05
4.56896e-05
4.52893e-05
6.06636e-05
7.22185e-05
7.20346e-05
0.000113564
0.000125861
7.49217e-05
6.89799e-05
0.000121042
0.00010325
0.000203329
0.00019538
0.000166939
0.000115656
9.6361e-05
8.30292e-05
8.82301e-05
7.31937e-05
6.90561e-05
3.54848e-05
3.27945e-05
3.23844e-05
4.02683e-05
4.0699e-05
3.8723e-05
4.12465e-05
4.94072e-05
3.25417e-05
3.30808e-05
5.05069e-05
3.49414e-05
3.25511e-05
3.02501e-05
3.15335e-05
3.22129e-05
3.35348e-05
3.36257e-05
3.06996e-05
3.40508e-05
3.33645e-05
3.42695e-05
4.02602e-05
2.89953e-05
2.7259e-05
2.69021e-05
2.73649e-05
3.83506e-05
4.87566e-05
4.77541e-05
3.26014e-05
3.86032e-05
3.9036e-05
2.90648e-05
2.6667e-05
2.66819e-05
3.9496e-05
3.30263e-05
2.83248e-05
2.94936e-05
2.91689e-05
3.16853e-05
3.25737e-05
3.24119e-05
4.09198e-05
3.77797e-05
3.42478e-05
3.2268e-05
4.11983e-05
4.87406e-05
5.0768e-05
6.01383e-05
0.000116353
0.000134104
0.000121846
7.06769e-05
7.8049e-05
8.62418e-05
6.81146e-05
7.79495e-05
5.98236e-05
7.0981e-05
6.7465e-05
6.43882e-05
7.26967e-05
6.92219e-05
7.75573e-05
7.15426e-05
8.16942e-05
6.01024e-05
7.01744e-05
6.56421e-05
8.14452e-05
8.88675e-05
5.52847e-05
6.34017e-05
5.94419e-05
7.81854e-05
8.67363e-05
0.000100101
0.000104113
8.36796e-05
9.27557e-05
8.78915e-05
0.000133471
0.000134242
9.23388e-05
9.27368e-05
7.74045e-05
8.32762e-05
7.80132e-05
6.48197e-05
6.76427e-05
7.05768e-05
8.13063e-05
8.39802e-05
6.16967e-05
6.45035e-05
6.04446e-05
7.14201e-05
7.20146e-05
7.13864e-05
6.90018e-05
6.76394e-05
6.16382e-05
6.14167e-05
5.88749e-05
6.14012e-05
6.3174e-05
6.25588e-05
6.10389e-05
5.98289e-05
5.73107e-05
6.11276e-05
6.35741e-05
5.73025e-05
0.0148921
0.0130737
0.0125686
0.0103992
0.00995026
0.0113785
0.00958687
0.00830648
0.000132307
0.000328491
0.000297292
0.000520068
0.000427925
0.000373722
0.000554963
0.000481482
0.000475867
0.000570174
0.000461621
0.000454602
0.000358111
0.000355246
0.000296031
0.000327555
0.000242866
0.000240901
0.00016945
0.000162421
0.000167273
0.000159479
0.00029834
0.000312655
0.000676648
0.000539689
0.000725764
0.00108926
0.00133371
0.00144412
0.00180642
0.00114127
0.00144324
0.000438402
0.000448239
0.000527497
0.000716235
0.000928034
0.000825892
0.00118775
0.00132143
0.0011519
0.000825327
0.000747056
0.000892224
0.000693192
0.000624912
0.000464501
0.000419648
0.000470184
0.000353807
0.000145413
0.000154376
9.69889e-05
5.92737e-05
3.13341e-05
4.07581e-05
1.27175e-05
4.68237e-05
5.28749e-05
7.91758e-05
0.000100494
0.000190508
0.000196304
0.000263012
0.000279182
0.000276143
0.000601614
0.000483253
0.000491141
0.000586944
0.000466879
0.000828574
0.000868168
0.000893485
0.00119863
0.00139607
0.00141596
0.00162237
0.00177916
0.00200486
0.00146667
0.00185208
0.00199711
0.00279764
0.00231617
0.00331157
0.00233635
0.00261337
0.00304124
0.00348037
0.00293014
0.00310716
0.00393062
0.00364699
0.00327471
0.00309892
0.00430787
0.004076
0.00411328
0.00572873
0.00475798
0.00517963
0.0051599
0.00485033
0.00590975
0.00532634
0.0073386
0.00768299
0.00582195
0.00721382
0.00670493
0.00841941
0.0065273
0.00968845
0.0073551
0.0100349
0.00977184
0.00765243
0.00695689
0.00862315
0.00718207
0.00805742
0.00685038
0.0111687
0.0091017
0.00885262
0.00878159
0.00714845
0.00717582
0.0111576
0.00892359
0.00905572
0.00603908
0.0102526
0.0104161
0.00838991
0.00802331
0.00934157
0.00760181
0.00542629
0.0112653
0.00899027
0.00927359
0.00747356
0.00212522
0.0020393
0.00159002
0.00246632
0.00685761
0.00155145
0.00171792
0.00169256
0.00171218
0.0016836
0.0014032
0.00139854
0.00144891
0.00141164
0.00140406
0.00136089
0.00199017
0.00217536
0.00207175
0.00136268
0.00135029
0.00125304
0.0016778
0.00185529
0.00177333
0.00177588
0.00155722
0.00162359
0.00161499
0.00163543
0.00157626
0.00155981
0.00142484
0.00138506
0.00139382
0.00155925
0.00153136
0.00140335
0.00141547
0.00165705
0.00163926
0.00136084
0.00136108
0.00140306
0.00142538
0.00138186
0.00135749
0.00131624
0.00133438
0.00137686
0.00133562
0.00111365
0.00128856
0.00125622
0.00121036
0.00082738
0.000805981
0.000676452
0.000842183
0.000841707
0.000479804
0.000259538
0.000261724
0.000175691
7.73838e-05
4.89074e-05
0.000137404
0.000135047
7.10128e-05
5.00676e-05
5.67221e-05
5.7122e-05
0.000473855
0.000576331
0.00059022
0.000561835
0.000559715
0.000200709
0.000358457
0.000693408
0.000641337
0.00142041
0.00168797
0.00174566
0.00189129
0.00305241
0.00297629
0.00315184
0.00452314
0.00485375
0.00290156
0.00297828
0.00283467
0.00269754
0.00302425
0.00472259
0.00434939
0.00467386
0.00650618
0.00671315
0.00685064
0.00649705
0.00650216
0.00635536
0.00573388
0.00562216
0.00664383
0.00651023
0.00525047
0.00479087
0.00411925
0.0038131
0.00378391
0.00492929
0.00267106
0.00525246
0.0052272
0.00507184
0.00471479
0.00374342
0.00388216
0.00319205
0.00300227
0.00177309
0.00162991
0.00454869
0.00406448
0.00373266
0.0035983
0.00350614
0.00297653
0.00264642
0.00247834
0.00126437
0.00111428
0.00105296
0.00148053
0.00136359
0.00132553
0.00109396
0.00111222
0.000858882
0.000716212
0.000660157
0.00039219
0.000302857
0.000565306
0.000450243
0.000488632
0.000162575
0.000124639
0.000180891
0.000144653
3.15551e-05
3.12156e-05
8.18818e-05
0.000118015
9.47694e-05
3.48583e-05
4.48699e-05
0.000202985
0.000196019
0.00029696
0.0003976
0.000293359
0.000156952
0.000237652
0.000181207
9.52948e-05
9.06204e-05
0.000135773
0.000216161
0.00246988
0.00256164
0.00287658
4.42919e-05
4.39834e-05
4.67365e-05
4.67066e-05
4.81541e-05
5.21618e-05
5.21255e-05
5.23969e-05
4.8751e-05
4.93139e-05
2.05588e-05
2.05974e-05
4.24737e-05
1.92439e-05
1.95866e-05
1.94521e-05
