0.000109189
0.00016093
0.000246386
0.000347246
0.000456394
0.000576366
0.000673788
0.000782561
0.00131038
0.00178572
0.00194742
0.00199036
0.00215769
0.00248699
0.00317798
0.00369798
0.00460636
0.00559002
0.00680279
0.00795553
0.0110625
0.0144573
0.0180825
0.0220461
0.0261076
0.0285603
0.0330436
0.0392318
0.0423043
0.0339524
0.0301163
0.0204757
0.0169953
0.00922784
0.00594444
0.00386942
0.00226818
0.00348589
0.00219658
0.00272039
0.00192188
0.00324732
0.00177072
0.00323158
0.00402536
0.00428251
0.00467726
0.00509924
0.00588689
0.00786748
0.00766391
0.0105464
0.0112827
0.00784014
0.00904771
0.00812787
0.00991681
0.00542829
0.0079033
0.00896386
0.00572865
0.00804033
0.0101028
0.00622594
0.00272973
0.0129021
0.00704698
0.00237204
0.0148646
0.0108948
0.00918612
0.000917103
0.00488141
0.00363493
0.00364064
0.00682583
0.00804993
0.0166203
0.0225924
0.00539077
0.00273062
0.0216904
0.0173407
0.00032962
0.000401624
0.000408414
0.000443102
0.000478409
0.000534619
0.000522912
0.000568865
0.000600159
0.000638326
0.000665836
0.000683389
0.000748589
0.000722469
0.000762498
0.000793952
0.000412884
0.000846617
2.24934e-06
1.27519e-06
0.000499921
1.99731e-05
0.00181079
0.00141327
0.00289308
0.00205958
0.00149911
0.00462923
0.00153736
0.00472003
0.00645735
0.0101778
0.00863573
0.0111653
0.0125067
0.0196071
0.0155324
0.0168533
0.0307719
0.0182198
0.0264049
0.0210886
0.0290289
0.0316453
0.0270335
0.0353847
0.0340225
0.0374363
0.0367935
0.0419753
0.0421496
0.03633
0.0412884
0.0375286
0.0342589
0.0328239
0.039804
0.0339453
0.0317821
0.0296046
0.0237782
0.0149661
0.0159662
0.00749203
0.0053545
0.00589104
0.00515491
0.00146617
0.000690296
0.00115855
0.000306804
0.000239537
0.00029278
0.00093463
0.00088457
8.37592e-06
5.10617e-05
0.00941607
5.55174e-08
5.79246e-08
6.47161e-08
6.77906e-08
1.32385e-07
0.000498689
0.00131145
0.00331706
0.00550363
0.0123441
0.00596091
0.000831514
3.76396e-05
0.000261067
0.00117017
0.00156618
0.000723562
0.000508695
6.28084e-05
0.000156717
0.00110508
0.00204559
0.0065679
0.0119031
0.0171669
0.0253601
0.0386373
0.0473046
0.0526504
0.0405734
0.0373968
0.0317859
0.000110188
8.59719e-05
6.24981e-05
4.96166e-05
4.2273e-05
4.58484e-05
5.26803e-05
5.8366e-05
5.49974e-05
5.79901e-05
6.33843e-05
6.92851e-05
6.63572e-05
7.59781e-05
7.88252e-05
8.18984e-05
8.8837e-05
8.48756e-05
8.92355e-05
9.27108e-05
9.369e-05
9.3328e-05
9.81118e-05
9.90815e-05
9.70572e-05
0.000102104
9.75866e-05
9.79957e-05
0.000103662
0.000110524
0.000105309
0.000116781
0.000119972
0.000109492
0.000117232
0.000138399
0.000134082
0.000131668
0.000133813
0.000132691
0.000131887
0.000130846
0.00013183
0.000130073
0.000133555
0.000132043
0.000164792
0.000186453
0.000224676
0.000236769
0.0002478
0.000280992
0.000373775
0.000403452
0.000534073
0.000752522
0.00100096
0.00148325
0.00217824
0.00309249
0.00426182
0.00690078
0.00776666
0.00355376
0.000779242
3.36928e-06
0.000579982
0.000771576
0.00179347
0.0032991
0.00390165
0.00487376
0.0064567
0.00668593
0.00686698
0.00975284
0.00870299
0.00887438
0.0117046
0.00916495
0.00735496
0.00502917
0.0045593
0.00443674
0.00372541
0.00291871
0.00193997
0.000927988
0.000271418
7.40888e-05
0.000693609
1.50552e-06
0.000414403
0.000310481
0.000428645
0.00152875
0.00299134
0.00306368
0.00414925
0.00343263
0.00942532
0.00857635
0.0113679
0.0077233
0.0194097
0.0140726
0.0206971
0.0278668
0.00633422
0.00505966
0.0195286
0.0167218
0.0258967
0.0489616
0.047262
0.0275746
0.0283792
0.0230524
0.0224989
0.0162799
0.000609757
0.00065937
0.0125823
0.000700582
0.000740837
0.000942598
0.00102108
0.001051
0.00106748
0.000964404
0.000948071
0.00074066
0.00100788
0.00101756
0.000383956
0.000209702
0.000511177
4.53906e-07
0.000513122
0.00248321
0.00439661
0.00509441
0.00370878
0.00496796
0.00695834
0.00673175
0.00928549
0.0112613
0.0116926
0.0113059
0.0115745
0.010463
0.0166855
0.0167367
0.016431
0.0190912
0.019974
0.0205566
0.0201016
0.0208048
0.0225085
0.0196745
0.0248937
0.0176586
0.0222421
0.0255994
0.0233006
0.0318286
0.0222683
0.0176134
0.0110643
0.0115268
0.0118558
0.0106621
0.00439884
0.00698671
0.00577491
0.00458427
0.00411672
0.00171084
0.000562621
0.000279845
0.000425405
0.000599997
7.51708e-07
1.25969e-06
1.29145e-05
0.00140388
0.000440767
0.00133003
0.00141189
0.00593558
2.81318e-08
2.89503e-08
2.9699e-08
3.04612e-08
3.05334e-08
2.08663e-08
8.59627e-09
1.12988e-08
6.25924e-07
7.66194e-05
0.000295646
0.000390561
0.000425158
0.000509092
0.000673046
0.000677288
0.000635908
0.000570946
0.000432373
0.000365892
0.000314297
0.00026463
0.000256068
0.000225708
0.000224998
0.000212319
0.000188408
0.000188841
0.000179337
0.000190459
0.000187894
0.000201992
0.000185639
0.000185145
0.000184331
0.000186723
0.000191652
0.000194579
0.000205706
0.000189779
0.000190781
0.00018535
0.000184462
0.00018494
0.000193178
0.000195119
0.000179671
0.000196274
0.000185102
0.000185691
0.000182948
0.000166972
0.000175849
0.000187354
0.000194281
0.000197717
0.000193123
0.000185709
0.000180679
0.0001914
0.000179931
0.000169787
0.00017942
0.000179382
0.000175497
0.000169915
0.000172247
0.00017367
0.000178446
0.00017863
0.00017793
0.000176756
0.000179723
0.000175478
0.00017632
0.000175026
0.000177052
0.000181006
0.000281675
0.00024637
0.000227396
0.000217885
0.000206025
0.000203001
0.00021019
0.000198518
0.000181756
0.00020439
0.000251882
0.000301211
0.000374591
0.000503518
0.000632102
0.00116021
0.00130928
0.00177684
0.00256155
0.00371677
0.00501674
0.00709171
0.00976991
0.00444355
0.00118433
6.38471e-05
0.000398051
0.000517751
0.00140782
0.00243819
0.00466031
0.00499659
0.00615559
0.00647654
0.00730722
0.00801124
0.00725548
0.00624374
0.0096442
0.00823337
0.00678512
0.00565775
0.00382527
0.00344139
0.00154089
0.00148071
0.000285785
5.71257e-05
0.000271077
4.81223e-05
2.67007e-06
0.000467107
0.000168231
0.000823882
0.000924088
0.000901084
0.00147009
0.00272901
0.00328624
0.0041082
0.00453448
0.00536991
0.00821598
0.0105964
0.00674849
0.0105455
0.0119585
0.0160033
0.0313833
0.044867
0.0421851
0.0259056
0.0267341
0.0181199
0.0124915
0.00889726
0.0234863
0.000682839
0.0064831
0.00894462
0.000728953
0.00081006
0.000917358
0.00100894
0.00109664
0.00118475
0.00121011
0.00134749
0.0013408
0.00141251
0.00139247
0.00151249
0.00153819
0.00165358
0.00163137
0.00165516
0.00173606
0.00180963
0.00181676
0.00181028
0.00181445
0.00126422
0.00186953
0.000883532
0.000288275
0.000898814
0.000123145
0.000487904
0.000699825
3.4338e-06
0.000511848
0.0008576
0.0003539
0.000662087
0.00101646
0.00211772
0.0047153
0.00244138
0.00278109
0.00470615
0.00634958
0.00874568
0.0130092
0.0128846
0.00492535
0.0108866
0.0171375
0.0187242
0.0220121
0.0303378
0.0402873
0.0320735
0.0294279
0.0308722
0.0305698
0.0310469
0.0464721
0.0325022
0.0448706
0.0407444
0.0382398
0.0415981
0.0419657
0.0381072
0.0341621
0.0378534
0.0248588
0.0254535
0.0261229
0.0215929
0.0280821
0.0255308
0.0154431
0.0120498
0.0414273
1.20555e-08
1.21952e-08
1.22412e-08
1.22219e-08
1.23026e-08
1.20627e-08
1.21221e-08
2.13988e-05
0.000394284
0.00115502
0.00309875
0.00361963
0.00325197
0.00276858
0.00261845
0.0023249
0.0019018
0.00167367
0.00152217
0.00181029
0.0020068
0.00171091
0.00166854
0.00148915
0.00135146
0.00130623
0.00113313
0.00102599
0.00104595
0.000931885
0.000869918
0.000845252
0.000797354
0.000774846
0.000713631
0.000708984
0.000682783
0.000939659
0.000916514
0.000835919
0.000808666
0.00074526
0.000734651
0.000676506
0.000646668
0.000614248
0.000599369
0.000568326
0.000850058
0.000790445
0.000765497
0.000716948
0.000662805
0.000618264
0.00060379
0.000604217
0.000625755
0.000583771
0.000611152
0.000594511
0.000548382
0.000516598
0.000557548
0.000582664
0.000551117
0.00056193
0.00098295
0.000884067
0.000789129
0.000908428
0.000785607
0.000749253
0.000720184
0.000747896
0.000720081
0.000515965
0.000650091
0.000779052
0.00105053
0.00128827
0.00234953
0.00296595
0.00418588
0.0135869
0.0158958
0.00590203
0.00297033
0.000752864
1.2898e-05
9.69662e-06
0.000269167
0.000980866
0.00147653
0.00275085
0.00280661
0.00332901
0.00376042
0.00256858
0.0020341
0.00181375
0.00102038
0.000992483
0.000179394
0.000373888
0.000445461
0.000160051
0.000444703
2.69423e-05
0.00136211
0.00120669
0.00247485
0.00116959
0.00222862
0.00326987
0.00267411
0.0057511
0.00744825
0.00829836
0.0235856
0.0579152
0.00521655
0.00473883
0.00514424
0.00507738
0.00513985
0.00510643
0.00517209
0.00560296
0.00536549
0.00543212
0.00536975
0.0055291
0.00573499
0.00580736
0.00592139
0.00555623
0.00554054
0.00573534
0.00583644
0.0057511
0.0056086
0.00554592
0.00534149
0.00539906
0.00526156
0.00532144
0.00525263
0.00518098
0.00527145
0.00427672
0.00316309
0.00419235
0.00214543
0.00143917
0.00150977
0.000613555
7.9995e-05
1.82798e-09
0.000155337
0.0011988
0.000652137
0.00194571
0.00374077
0.00437414
0.00593154
0.0091062
0.00834945
0.00861794
0.0107742
0.0103807
0.0217536
0.0215497
0.0208737
0.0141741
0.0187404
0.014154
0.0165896
0.0128246
0.0161573
0.00936168
0.00942682
0.00634715
0.017733
0.00460896
0.00670501
0.00350038
0.00592584
0.00549295
0.00238032
0.00239059
0.000422267
0.00547276
0.000914526
0.0327178
0.0676932
0.0133032
0.0874991
2.07679e-08
2.09927e-08
2.09775e-08
2.08824e-08
2.02918e-08
2.04642e-08
1.26523e-05
1.1707e-05
0.000358929
0.00417738
0.008595
0.00997961
0.0137247
0.0126123
0.0122248
0.00971515
0.00755279
0.00560478
0.00494789
0.00320877
0.00274787
0.00245682
0.00223881
0.00200585
0.00185952
0.00161444
0.00155215
0.00148033
0.00132213
0.00127459
0.00115136
0.00118882
0.00116919
0.00108485
0.00108085
0.000974131
0.00105751
0.00104455
0.00113163
0.00110246
0.00134818
0.00125758
0.0012653
0.00119646
0.00107639
0.00102246
0.00104439
0.000989762
0.000950948
0.00106468
0.00110236
0.0010098
0.00190115
0.0016164
0.00144378
0.00133268
0.00127718
0.00115986
0.00110154
0.00109938
0.00105596
0.00106686
0.00107625
0.00100069
0.00103138
0.00101916
0.00102826
0.00100595
0.001004
0.000986159
0.000990435
0.00101952
0.00102021
0.000982323
0.000982522
0.00105561
0.000888243
0.00105345
0.00136439
0.00161161
0.00205376
0.00270691
0.00354402
0.0044696
0.0061032
0.00845916
0.0111713
0.0149151
0.0168864
0.00972388
0.00597534
0.00215555
0.00131264
0.00148006
0.000563505
0.000154142
7.1546e-06
6.72732e-06
0.000385145
0.00112778
0.00159149
0.00241432
0.00173816
0.00256922
0.00348913
0.00404647
0.0028524
0.00191407
0.0016996
0.000982167
0.00152841
0.000555298
0.000320825
6.38387e-06
9.37541e-05
0.000226006
0.000258778
0.000495254
0.00100382
0.000177811
0.000792213
0.00147074
0.00249509
0.00230441
0.00251241
0.00618149
0.0045794
0.00226048
0.00360609
0.0047076
0.0072136
0.00837246
0.0129648
0.00469354
0.00464278
0.00458143
0.00469581
0.00475439
0.00497007
0.00497868
0.00513856
0.00534511
0.00540805
0.00516177
0.00524628
0.00545378
0.0054314
0.00543414
0.0055757
0.00558427
0.00583031
0.00598296
0.00571285
0.00595606
0.00632208
0.00641441
0.0063397
0.00628924
0.00622533
0.00602346
0.00590846
0.00621032
0.00595875
0.0030865
0.00123963
0.000784901
1.18098e-05
5.06788e-06
1.0103e-05
1.22078e-05
6.17695e-05
0.000883902
0.000846892
0.00115291
0.00198602
0.00157671
0.00346198
0.00348859
0.00811773
0.00770146
0.0117005
0.0121262
0.0127389
0.0235585
0.0189034
0.0211958
0.01727
0.0285948
0.0239064
0.0239697
0.0267196
0.0261084
0.0263292
0.0282817
0.0277107
0.0303321
0.0235939
0.0316947
0.0250453
0.0249546
0.0204523
0.0238897
0.02387
0.018337
0.0172419
0.0505409
0.0113592
4.50787e-08
4.62538e-08
4.68411e-08
4.84478e-08
5.04874e-08
5.28383e-08
3.7682e-08
1.7848e-05
0.000677193
0.00305489
0.00487369
0.00587187
0.00582442
0.00576497
0.00574305
0.00550991
0.00447172
0.00403938
0.00348141
0.00317805
0.0118741
0.00876099
0.00728503
0.0057246
0.00446258
0.00369933
0.00296012
0.00250738
0.00218769
0.00190416
0.00161663
0.00161916
0.00139074
0.00119818
0.00111048
0.000981945
0.00103947
0.0010538
0.00096775
0.00100294
0.00102629
0.000946462
0.000887462
0.00103137
0.00103658
0.00100102
0.0010454
0.00103094
0.00104483
0.00107745
0.000964003
0.00100319
0.00097931
0.00166459
0.00122379
0.00121586
0.00104413
0.00105721
0.00103492
0.00105476
0.000985975
0.00100065
0.0010196
0.000998499
0.000993344
0.00103675
0.00104215
0.00106657
0.00107914
0.00116078
0.00115453
0.00116349
0.00115405
0.00109812
0.00108661
0.00113131
0.00115552
0.0012458
0.00124145
0.00127285
0.00123701
0.00124598
0.00126728
0.0015188
0.00182055
0.00225693
0.00281548
0.00307556
0.00749233
0.0106099
0.0143365
0.0205252
0.021436
0.0127861
0.00613294
0.00183407
0.00191421
0.000571605
8.50517e-05
1.96461e-05
0.000157975
4.92149e-05
0.00019754
0.000160496
0.00200805
0.00091788
0.00219144
0.00263514
0.00347494
0.00165948
0.00286027
0.00184806
0.00138224
0.000518537
1.06041e-05
0.000114361
0.000669047
0.00114612
0.00365389
0.00548729
0.00329986
0.00653679
0.00487901
0.00834824
0.00762466
0.00984917
0.0110261
0.00923663
0.018859
0.0204935
0.023699
0.0196166
0.031922
0.0360549
0.0199999
0.0348151
0.0385381
0.0296943
0.0551516
0.040099
0.0262214
0.0352863
0.00396813
0.00318862
0.00320125
0.00333647
0.00324104
0.00332732
0.00337356
0.00361416
0.00360735
0.0036067
0.00407424
0.00421172
0.00405829
0.00398196
0.00405574
0.00402825
0.0039529
0.0040865
0.00402716
0.0040093
0.00403794
0.0014046
5.85081e-05
2.33969e-08
2.51676e-06
7.48964e-05
0.000492357
1.57023e-05
1.15882e-05
0.000464122
0.000498312
0.00199371
0.00193717
0.00295508
0.00181399
0.00481263
0.00591664
0.00325995
0.00891966
0.00578141
0.0065638
0.00625688
0.0127825
0.0107458
0.0191716
0.0195323
0.0177136
0.0247952
0.0205837
0.0274767
0.0230926
0.0227725
0.0254243
0.0240842
0.0228849
0.0327013
0.0331725
0.0200955
0.0272963
0.0241227
0.0161076
0.0130084
0.0125561
0.00897704
0.008314
0.00450016
0.0067447
0.00208614
0.00328623
0.00283455
0.000129359
0.000657713
0.000561277
0.000573068
0.000422522
0.0022822
0.00521709
4.25349e-08
4.88569e-08
5.29643e-08
5.71684e-08
6.05169e-08
4.02093e-08
2.10335e-08
2.11347e-08
0.000221871
0.000743861
0.0011554
0.00352243
0.00326566
0.00344997
0.00313875
0.00271199
0.00197403
0.00198931
0.0015027
0.00131157
0.0012453
0.00106843
0.00105347
0.000942572
0.000927393
0.000901069
0.000839271
0.000756236
0.000738264
0.000753745
0.000723639
0.000734778
0.000725305
0.000667823
0.000774057
0.000735148
0.000741015
0.000747821
0.000745998
0.00070044
0.000685932
0.000716775
0.00113818
0.000982436
0.000928103
0.000828908
0.00109654
0.000983458
0.00597659
0.00540605
0.000792029
0.000812655
0.000758118
0.00157635
0.000873662
0.000558453
0.000548166
0.000530695
0.000521448
0.000532605
0.000571512
0.000543491
0.000588116
0.000571983
0.000667771
0.000677983
0.000695944
0.000712852
0.000648272
0.000684044
0.000695965
0.000644428
0.00065628
0.000792395
0.00292052
0.00205222
0.00150787
0.00117185
0.000979305
0.0009093
0.000799142
0.000782095
0.000757269
0.000396325
0.000451937
0.000514926
0.000620643
0.000664549
0.000790149
0.00101604
0.00127257
0.00175587
0.00227368
0.00321213
0.00466051
0.00444819
0.00618966
0.00831489
0.0114625
0.0148743
0.00842006
0.00354213
0.00271395
0.000725243
1.84344e-05
5.97377e-05
0.000883061
0.00179549
0.00179059
0.00255233
0.00227965
0.0034541
0.00372455
0.00513113
0.00552919
0.00522276
0.00466794
0.00370721
0.00362543
0.00256629
0.00176507
0.000902748
0.00126662
0.000134852
3.24367e-06
0.000514434
1.81738e-05
0.00018134
0.000405299
0.000491606
0.00107156
0.00211476
0.00250488
0.00234719
0.00466521
0.00460504
0.00743432
0.00926052
0.00907018
0.00567718
0.00791138
0.00850709
0.0108219
0.0166378
0.0181077
0.0349148
0.040528
0.0206427
0.0221312
0.021352
0.012325
0.0135292
0.00984266
0.0156668
0.00239365
0.00253681
0.00267316
0.00276962
0.00288773
0.00314309
0.00325499
0.00317658
0.00331027
0.00336179
0.00355901
0.0033778
0.00356964
0.00340632
0.00362939
0.00353792
0.00376574
0.00360891
0.00363776
0.00364791
0.00356883
0.00373356
0.00369846
0.00372793
0.00364124
0.00368943
0.00356977
0.00359687
0.00373806
0.00357229
0.00372977
0.00162724
0.00216639
0.00135416
0.000304368
7.41957e-05
7.16029e-05
0.000336549
4.1357e-05
2.61368e-05
0.000343479
0.00017013
0.000294719
0.000804066
0.000846757
0.000842724
0.00436868
0.00562615
0.00554503
0.00754002
0.00717129
0.0094822
0.0106091
0.00964823
0.0135284
0.00833396
0.0197141
0.017875
0.0185333
0.0195473
0.0189727
0.0216579
0.0178483
0.0228482
0.020836
0.023477
0.0181903
0.0182673
0.0194342
0.0169263
0.0211559
0.0155311
0.0185027
0.0100926
0.0141579
0.012795
0.0125777
0.00948185
0.00836366
0.0377728
0.00239545
0.00221972
1.23004e-08
1.44422e-08
1.44881e-08
1.24933e-08
1.24947e-08
1.23219e-08
1.38432e-07
6.12555e-05
0.000567462
0.00172099
0.00261492
0.00330198
0.00403752
0.00352851
0.0028504
0.00274223
0.00236432
0.0019975
0.00172062
0.00148
0.00142205
0.00122869
0.00107712
0.00148424
0.00138028
0.00118366
0.00125152
0.00118377
0.00113946
0.00101036
0.000886124
0.000873165
0.000836734
0.000815051
0.000733968
0.000729985
0.000714919
0.000635658
0.000695217
0.000682432
0.000607754
0.000631652
0.000604043
0.0010204
0.000889471
0.000915294
0.000877596
0.000850432
0.000879522
0.000804922
0.000788103
0.000785347
0.000738926
0.0011376
0.00101502
0.000941839
0.000932709
0.000827745
0.000791864
0.000779664
0.000756968
0.000718187
0.000710895
0.000711717
0.000700997
0.000665063
0.000690531
0.000694794
0.000691241
0.000655358
0.000643935
0.000680061
0.000679669
0.000628688
0.000677662
0.000675074
0.000704443
0.000667428
0.00139713
0.00118896
0.00103726
0.0010137
0.00108562
0.000997424
0.000941061
0.000907528
0.000887945
0.0009028
0.000570943
0.000727049
0.000864812
0.00109231
0.00146659
0.00191944
0.00260809
0.00342435
0.00380967
0.00360113
0.00524441
0.00969371
0.0107427
0.013233
0.00814948
0.00213415
0.000699112
5.31859e-06
2.24519e-06
0.000331671
0.000683327
0.000862722
0.00174044
0.00085836
0.00200612
0.00285205
0.00518114
0.00385818
0.00289978
0.00262612
0.00241274
0.00135753
0.00257743
0.00188626
0.0013353
0.000805622
0.000248402
5.41872e-05
1.48063e-05
0.000833813
0.00125287
0.0011587
0.00170706
0.00240854
0.00295969
0.0040907
0.00214023
0.00398187
0.00295292
0.00351282
0.00460661
0.00721882
0.00746831
0.0135122
0.0155342
0.0165259
0.016124
0.018034
0.00664975
0.0063369
0.0181361
0.00557085
0.00554597
0.00556343
0.00531778
0.00539481
0.00512098
0.00522687
0.00537502
0.00529585
0.00503001
0.00522232
0.00516464
0.00539136
0.00523938
0.00521062
0.00522656
0.00522685
0.0051224
0.00517922
0.00515626
0.00506193
0.00503062
0.00499737
0.00489544
0.00491146
0.00499897
0.00468301
0.00490958
0.00484288
0.00422979
0.00273822
0.00145654
0.00113823
0.00014247
1.92716e-09
3.04616e-06
1.647e-06
1.77375e-05
0.00135889
0.00103932
0.00164124
0.00259539
0.00238489
0.00317647
0.00342762
0.0054782
0.0116398
0.00711268
0.0115776
0.00924797
0.0131732
0.012391
0.0140246
0.0138055
0.00900845
0.0115851
0.0116842
0.00977263
0.0143833
0.0135764
0.00573398
0.0122293
0.0117119
0.00396795
0.00684016
0.0054538
0.00220842
0.00965165
0.00836643
0.00330563
0.00370225
0.0195502
0.0294586
0.01389
0.013458
0.0114388
0.0146243
0.0119874
1.59288e-08
1.59496e-08
1.59978e-08
1.56994e-08
1.5063e-08
1.50887e-08
1.51009e-08
2.32561e-06
6.06959e-05
0.0039924
0.00774902
0.0144405
0.0122633
0.0119878
0.0151691
0.00855956
0.00690099
0.00508724
0.00380808
0.00311531
0.00249057
0.00224003
0.00182011
0.00184134
0.00169024
0.00136376
0.0011994
0.00109742
0.000975888
0.000946685
0.000915007
0.000807195
0.000796177
0.000849079
0.000816322
0.000844079
0.000827106
0.000807069
0.000825727
0.000779182
0.000772365
0.000767978
0.000751806
0.000798335
0.000727495
0.000785376
0.000951123
0.000976288
0.00093852
0.000938556
0.000881997
0.000817785
0.000801729
0.000795392
0.000753191
0.00075168
0.000754827
0.000771652
0.000780878
0.0014994
0.00128453
0.00116454
0.00109125
0.000968636
0.000941234
0.000890584
0.000843967
0.000898026
0.000850723
0.000878104
0.000855232
0.000804671
0.000800293
0.000803825
0.000825104
0.000771792
0.000790476
0.00078372
0.000800413
0.000846989
0.00083678
0.000833245
0.000837137
0.000841214
0.000547597
0.000555118
0.000914535
0.00119184
0.0015455
0.00210156
0.00255924
0.00376223
0.00496229
0.00627024
0.0085225
0.0121813
0.0134688
0.00580432
0.00209376
0.00127039
0.000322005
8.68038e-05
0.000185039
0.000496802
0.00124641
0.00117389
0.000870779
0.00128557
0.00168032
0.00380719
0.00320796
0.00344019
0.0042289
0.00284881
0.00353386
0.00266728
0.000918604
0.00219111
0.000361394
0.000622666
0.000637571
0.000578848
0.000346946
0.000189282
8.80352e-06
0.000298302
0.000882522
0.00194211
0.00179816
0.0021991
0.00400761
0.00678024
0.00399248
0.00389457
0.0065573
0.00682013
0.00740531
0.00881703
0.0117814
0.0141774
0.0140142
0.0198687
0.00424238
0.00424212
0.00479241
0.00456355
0.00473256
0.0046978
0.00481277
0.00522182
0.00527926
0.00516955
0.00498104
0.00508472
0.0051946
0.00532811
0.0053747
0.00543053
0.00555811
0.00539137
0.00560625
0.00552603
0.00565559
0.00540738
0.00552987
0.00547774
0.00521382
0.00545416
0.00533766
0.00541024
0.00544402
0.00250549
0.00534786
0.00237696
0.000711849
5.29836e-06
0.00022769
2.4202e-06
0.000121945
0.000381448
0.000545962
0.00232632
0.00251442
0.00405735
0.00248189
0.00375675
0.00824188
0.00889232
0.0102635
0.0116159
0.017296
0.0161637
0.0177735
0.0192167
0.0262258
0.0278037
0.0205311
0.0305323
0.0295983
0.0257848
0.0324766
0.0313061
0.0234085
0.0358704
0.0289103
0.0275367
0.0303532
0.0305719
0.025088
0.029619
0.0264028
0.0253212
0.0238306
0.0160183
0.0395467
0.0227273
0.0243531
0.0211836
9.04686e-08
9.72341e-08
9.91927e-08
1.00796e-07
1.07817e-07
1.07838e-07
5.82917e-08
5.8106e-07
5.93727e-07
6.41707e-05
0.00083562
0.000815805
0.01247
0.0363291
0.028788
0.0241698
0.0177669
0.0123345
0.00829141
0.00616192
0.00463628
0.00422325
0.00297152
0.0026238
0.00225989
0.00203964
0.00171112
0.00160149
0.00148014
0.00138665
0.00132647
0.00109146
0.00100278
0.00106543
0.0010313
0.00098182
0.000984925
0.000981183
0.000906543
0.00102863
0.00103283
0.000992888
0.000987413
0.00098663
0.000973433
0.000988148
0.000907841
0.000893232
0.00093801
0.000859674
0.000757591
0.000691745
0.000714235
0.000714686
0.000745417
0.000763874
0.000864009
0.000878831
0.000801491
0.00085673
0.000859293
0.000830994
0.000836021
0.000870368
0.000839558
0.00084447
0.000856138
0.000842697
0.000852097
0.000870742
0.000914683
0.000860688
0.000966714
0.00100496
0.00102064
0.0010546
0.00102828
0.00111399
0.00111868
0.00113608
0.00115637
0.00121063
0.00124234
0.00118321
0.00128846
0.00150012
0.00174938
0.00223205
0.00288549
0.00390965
0.00515537
0.0052707
0.00729433
0.0101915
0.0186599
0.0148496
0.00733214
0.00295344
0.00216627
0.00081426
0.000103087
5.88772e-05
0.000185329
0.000728674
0.00111937
0.000441347
0.00074522
0.00118754
0.00111793
0.000892247
0.00184636
0.00109512
0.000863691
0.000341467
5.66994e-05
5.68578e-05
0.000495248
0.001893
0.00341933
0.00313206
0.0015535
0.000643626
0.00300065
0.00421138
0.0076792
0.00506476
0.00884341
0.0117629
0.0101955
0.00642556
0.0116678
0.013146
0.0207402
0.0172844
0.0315218
0.0299372
0.0156353
0.0297734
0.0297993
0.031215
0.0310342
0.0544268
0.0519367
0.0160375
0.0159992
0.00361481
0.0036832
0.00433439
0.00451291
0.00440686
0.00412243
0.00409456
0.00437728
0.00410939
0.00409951
0.00416245
0.00411509
0.00393307
0.00406963
0.00401909
0.00416685
0.00409852
0.0039855
0.00408976
0.00400383
0.00375053
0.00381384
0.00200058
0.00376464
0.00124908
0.000882926
0.000216187
0.000209544
0.00021032
0.000646999
2.3097e-06
0.0012043
0.000125107
0.00148963
0.00241151
0.00121575
0.0013229
0.0023782
0.00427039
0.00598875
0.00683828
0.00674392
0.00649753
0.00888025
0.00873131
0.0130009
0.0113023
0.0166987
0.0131001
0.0115467
0.0149626
0.0135934
0.0213598
0.01597
0.0247703
0.0255781
0.020943
0.0226397
0.0175667
0.0199429
0.0194293
0.0182299
0.0141413
0.0136959
0.0168622
0.012493
0.0120214
0.006281
0.0134607
0.0119303
0.0125402
0.00389778
0.00394822
0.0108148
0.00659382
0.00293137
0.0182752
0.00655951
0.000276862
1.43278e-08
1.66534e-08
1.68931e-08
1.36154e-08
1.70497e-08
1.42198e-08
1.7964e-08
1.85544e-08
4.97738e-08
3.39921e-05
3.54854e-05
0.00052693
0.00115412
0.00359706
0.0049729
0.00563801
0.00549797
0.00433
0.00370312
0.00290544
0.00271202
0.0020272
0.00185067
0.00148648
0.00149689
0.00122521
0.0011125
0.00107026
0.00110114
0.00101992
0.000982727
0.000886459
0.000854484
0.000769972
0.000728242
0.00078821
0.000714281
0.000647362
0.000677366
0.00065559
0.000714738
0.000614651
0.000607771
0.000598194
0.000577679
0.000900618
0.000943608
0.000825208
0.000744756
0.000905727
0.000929277
0.000753012
0.000713893
0.000666603
0.000778409
0.000704909
0.000687933
0.000705434
0.000659186
0.000649978
0.000637901
0.00062995
0.000599264
0.000581191
0.000619159
0.000620071
0.000561314
0.000575318
0.000550313
0.000573695
0.0023305
0.00173401
0.000405439
0.00147038
0.00117659
0.0010179
0.000874193
0.000787334
0.000709722
0.000685299
0.000713684
0.000684777
0.000681256
0.000717068
0.000701155
0.000353547
0.000471407
0.000468846
0.000570695
0.000733598
0.000935032
0.000938938
0.00121444
0.00181463
0.00224591
0.00291197
0.00292505
0.00387394
0.00573886
0.0080594
0.0109904
0.0128492
0.00439012
0.00158699
0.000715185
8.51958e-05
4.62502e-05
0.000985611
0.00161336
0.00224134
0.00196715
0.00392509
0.00546086
0.00446286
0.00574716
0.0053173
0.00561631
0.00522057
0.00341057
0.00286271
0.00232889
0.000609865
0.000257773
2.3421e-05
9.22216e-05
0.000286969
7.97449e-07
1.33804e-05
0.000599987
0.00220502
0.0042102
0.00343476
0.00294896
0.00463469
0.00306184
0.00206
0.00571212
0.00523563
0.00927177
0.0117396
0.0138512
0.0180361
0.0297777
0.020469
0.0292548
0.0175931
0.0156009
0.00789033
0.00802374
0.0233262
0.0215432
0.0121804
0.00823029
0.0204089
0.0172244
0.00244041
0.00255481
0.00272996
0.00280632
0.00297496
0.003061
0.00311234
0.00322071
0.00322861
0.00324354
0.00337327
0.00344535
0.0033813
0.00367011
0.00344834
0.00346961
0.00351734
0.00343832
0.00354093
0.0034295
0.00352073
0.00375372
0.00351922
0.00346507
0.00345552
0.00360042
0.00355576
0.00362952
0.0034122
0.00348381
0.00307373
0.00136499
0.000933957
0.00152001
0.000910346
0.00117435
0.000406862
0.000178474
0.000484878
0.000164934
0.000511974
0.00253423
0.000453763
0.00226816
0.00358241
0.00404098
0.0031137
0.00364224
0.00383331
0.00648332
0.00833414
0.00476278
0.012035
0.010767
0.0146527
0.0153363
0.014948
0.0165804
0.0160209
0.0145419
0.0166762
0.0267208
0.0237333
0.0217631
0.0209463
0.0211893
0.0216278
0.0334234
0.0225945
0.0215493
0.0221626
0.0178392
0.0164671
0.0153916
0.0149419
0.0176367
0.0142428
0.0117996
0.0118976
0.00980379
0.00889933
0.0401964
2.31616e-08
2.07041e-08
2.06699e-08
2.36718e-08
2.12183e-08
2.11211e-08
1.26597e-08
5.89062e-08
3.40642e-05
0.000473859
0.000989129
0.00193951
0.00280683
0.00345005
0.00327667
0.00240824
0.00229683
0.0020093
0.00174179
0.00143162
0.00137158
0.00120946
0.00112312
0.00169907
0.00142428
0.00123432
0.00122346
0.00114723
0.00109344
0.00103154
0.000936868
0.000864153
0.000843687
0.000809265
0.00073364
0.000815556
0.000769118
0.000792389
0.000874082
0.000841483
0.000779426
0.000684581
0.000747371
0.00127154
0.00108815
0.00101339
0.00103024
0.000987044
0.000948724
0.000820745
0.000858067
0.000666981
0.000706282
0.000660996
0.000635783
0.000643957
0.000647808
0.000658425
0.000559151
0.000637224
0.000598979
0.0006542
0.000603179
0.000635402
0.000594633
0.00059993
0.000637923
0.000599606
0.000640489
0.000634771
0.000643388
0.000653132
0.000650566
0.000660277
0.000685751
0.000643648
0.000672761
0.000676559
0.00068194
0.000646551
0.000679057
0.000685329
0.000732899
0.000763773
0.00073345
0.00427437
0.000796756
0.000942391
0.00106499
0.00131784
0.00177496
0.00215232
0.00212177
0.00234043
0.0038011
0.00403317
0.0057779
0.00798657
0.011099
0.0148783
0.00655281
0.00256071
0.000627064
0.000374357
9.02465e-05
0.000312933
0.00165669
0.00235532
0.00301794
0.00479048
0.00533277
0.00493833
0.00420151
0.00343226
0.00349242
0.00258816
0.00466955
0.00274197
0.00195088
0.00180325
0.00112754
0.000218082
6.4894e-05
5.82764e-05
2.20247e-05
0.000528936
0.00137907
0.000415714
0.00200629
0.00111712
0.00100201
0.00114744
0.00165106
0.00194056
0.00292958
0.00457629
0.00318755
0.00660287
0.00781377
0.0133792
0.0152516
0.0288506
0.026252
0.0212286
0.0150291
0.0102486
0.0137069
0.0154324
0.0133075
0.0141238
0.010286
0.00949461
0.008731
0.00824261
0.00755994
0.00739683
0.00733079
0.00688294
0.00649276
0.00625753
0.00640636
0.00619181
0.00577758
0.00561275
0.00534615
0.00565646
0.00582013
0.00518991
0.0050865
0.00526196
0.00512146
0.00496287
0.00471295
0.00493357
0.00483334
0.00474575
0.00338192
0.00271359
0.000158246
0.00133723
0.000367733
9.49006e-05
6.32993e-05
0.000186657
0.000226839
0.000993976
0.000441536
0.00316666
0.00295456
0.00249781
0.00698767
0.00634264
0.00775485
0.00533867
0.00586065
0.0118101
0.00984472
0.00839357
0.0108102
0.0112216
0.009761
0.00615123
0.0132723
0.00916721
0.0089724
0.0159192
0.00572785
0.011116
0.00955863
0.00309021
0.00309391
0.00810357
0.00257998
0.00455394
0.0155496
0.0201725
0.0157366
0.0179018
0.0130567
0.0126068
0.0143948
0.0103678
0.0233009
1.41584e-08
1.41985e-08
1.4253e-08
1.42276e-08
1.4036e-08
1.36693e-08
1.33893e-08
1.32267e-06
3.09706e-05
0.00136462
0.00454376
0.00360435
0.00403756
0.00760766
0.00611741
0.00604261
0.00384934
0.00321562
0.0026083
0.00218196
0.00198476
0.00154038
0.00130183
0.0012648
0.00118381
0.00108584
0.000979435
0.000913242
0.000759454
0.000728278
0.000769906
0.000796157
0.000695497
0.000719187
0.000698686
0.000693096
0.000646111
0.000576629
0.000667144
0.000562339
0.000636263
0.000635567
0.000680054
0.000607577
0.000847339
0.00083332
0.000830716
0.000768742
0.00076275
0.000698107
0.000739422
0.000631226
0.000627707
0.000662955
0.000638624
0.00105546
0.000941653
0.000884596
0.000863804
0.00079028
0.000768561
0.000757793
0.000732552
0.000685503
0.000708703
0.000703879
0.00066395
0.000703843
0.000692531
0.00068935
0.0006946
0.00068937
0.00070174
0.000658917
0.000711053
0.000688715
0.000694341
0.000699714
0.000713104
0.000689427
0.000523771
0.000596441
0.000670992
0.000987534
0.00127427
0.00155015
0.00216006
0.00286742
0.00355335
0.00523817
0.00750849
0.00929453
0.0125923
0.0124432
0.0052486
0.00169399
0.000206767
0.000243605
0.000957531
0.00259485
0.00375705
0.00249964
0.00481389
0.005588
0.00648376
0.00643024
0.00715451
0.00856341
0.00882943
0.00708394
0.00660039
0.0036834
0.00277448
0.00220646
0.00237178
0.00152029
0.000450324
0.000220748
8.56143e-05
4.60295e-05
0.00108068
0.00293557
0.00142288
0.00123371
0.00216414
0.00522147
0.00558098
0.00535072
0.00892165
0.011389
0.0163723
0.0194968
0.0224328
0.0202236
0.0280756
0.00601368
0.0193271
0.00584249
0.005661
0.00575284
0.00570368
0.00569835
0.00573791
0.00548565
0.00569699
0.00602355
0.00576325
0.00599181
0.00608162
0.00581406
0.00576719
0.0055508
0.00574629
0.00534763
0.00558121
0.00555905
0.00565368
0.00554967
0.00546213
0.00547529
0.00529333
0.00538228
0.00542536
0.00524706
0.00543604
0.00261051
0.00154218
1.21757e-05
0.000369436
3.46281e-06
0.000214015
0.000509507
2.79323e-05
3.54178e-05
0.00264336
0.00151295
0.00366889
0.00215606
0.00467602
0.00880894
0.00606694
0.0197063
0.012176
0.0157612
0.0162956
0.0125455
0.0204566
0.0219322
0.019005
0.0269256
0.0287566
0.0201574
0.0372734
0.0308519
0.0332003
0.0369047
0.0307682
0.0380969
0.028379
0.0258955
0.025097
0.0226322
0.0184507
0.0170842
0.0285681
0.0216539
0.0214224
0.015463
0.0139779
0.010449
0.00594502
5.20288e-08
5.24597e-08
5.31502e-08
5.35263e-08
5.48737e-08
5.67066e-08
5.65887e-08
4.09632e-08
1.70978e-05
0.000521237
0.00245578
0.0366638
0.0397391
0.0307843
0.0264604
0.0188589
0.0124718
0.00940967
0.00702578
0.00470259
0.00401371
0.00297318
0.00257241
0.00198746
0.00176743
0.00141256
0.00126802
0.00112087
0.00105657
0.00106947
0.000947836
0.000929187
0.000799397
0.000811425
0.000736417
0.000729838
0.000687993
0.000685467
0.00068176
0.000710976
0.000718534
0.000662036
0.000691211
0.000715465
0.000682785
0.000666431
0.00066883
0.000660553
0.000641039
0.000634507
0.000708235
0.000633919
0.000630925
0.000684907
0.000687733
0.000550879
0.000569691
0.0005931
0.000585179
0.000585258
0.000602145
0.000601936
0.000625508
0.000626204
0.000631846
0.000654798
0.000663834
0.000685665
0.000687163
0.000740897
0.00073214
0.000717845
0.000753834
0.000779689
0.000799835
0.00082342
0.000868705
0.000863565
0.000878955
0.00094366
0.000978417
0.00112143
0.00132288
0.0015454
0.00224426
0.00269941
0.00517457
0.00724284
0.00995921
0.0131574
0.0150815
0.0129909
0.00335882
0.00317499
0.000393351
0.000109033
0.000112525
0.000439835
0.00108169
0.0015827
0.00260305
0.00328463
0.00209145
0.00321664
0.00378958
0.0033218
0.00176551
0.000570926
3.87761e-07
0.000406992
3.35908e-05
9.47356e-05
0.000229527
0.000330813
0.00191994
0.000681429
0.00361725
0.00390559
0.00443337
0.00441521
0.00573155
0.00755675
0.0118172
0.013755
0.0179628
0.0178663
0.0224441
0.0160039
0.025067
0.0227599
0.034934
0.0510687
0.0327081
0.029498
0.0253765
0.0238273
0.0152285
0.00352443
0.00368964
0.00383438
0.00405959
0.00395817
0.00423398
0.00415289
0.00427434
0.00447371
0.00439982
0.00457327
0.00493905
0.00475817
0.00495148
0.00506186
0.00510707
0.00535137
0.00536895
0.00579681
0.00548836
0.00593065
0.00580809
0.00589837
0.00565458
0.00483117
0.00470059
0.000829357
0.00412006
0.00359089
0.00141091
0.00154432
0.00222589
0.00137001
3.62666e-06
6.21816e-05
3.54024e-05
3.41233e-07
0.00175453
0.00365754
0.000628225
0.00208496
0.00185391
0.00347279
0.00205609
0.00293299
0.0115931
0.0097166
0.009563
0.0135231
0.0217258
0.012767
0.0159988
0.0151373
0.010478
0.0148986
0.0116901
0.0128334
0.0128058
0.0118049
0.0115152
0.00854874
0.00619029
0.00544041
0.00436729
0.00264197
0.00152816
0.00105923
6.9402e-06
7.78896e-07
0.000755813
0.00156264
0.00428592
0.00451104
0.00849783
0.00448646
0.00211844
0.00170312
0.0012293
0.00335981
0.00275641
0.00363865
0.000373633
0.00219375
0.00482257
0.00421254
0.00411752
0.00442501
0.00465726
0.00572323
2.27375e-08
2.51465e-08
2.70047e-08
2.87967e-08
5.96042e-06
6.11453e-05
0.000336658
0.000923357
0.00101316
0.00103666
0.000961219
0.000746136
0.000636521
0.000546568
0.000428631
0.000389812
0.000380687
0.000349602
0.000313439
0.000313605
0.000298053
0.000307515
0.000275063
0.000267131
0.000257033
0.000235722
0.000210716
0.000232806
0.000215612
0.000212392
0.000212988
0.00021021
0.000212659
0.000186957
0.000203165
0.000196945
0.000288825
0.000247839
0.00025063
0.000273356
0.000233986
0.000221603
0.000238121
0.000214185
0.000229118
0.000215688
0.000208785
0.000207405
0.00019932
0.000201034
0.000196643
0.000204681
0.000201038
0.000194669
0.000196045
0.000191398
0.00019036
0.000187845
0.000171514
0.000182906
0.000183703
0.000189675
0.000193937
0.000176662
0.000179075
0.000187886
0.000187751
0.000188209
0.000578807
0.000456746
0.00039274
0.000315243
0.000264421
0.000247127
0.000235254
0.000229765
0.000225337
0.000226464
0.000226819
0.000138264
0.000146042
0.000170371
0.000208351
0.000260016
0.00032561
0.0004241
0.000573986
0.00075609
0.00153436
0.00202405
0.0045274
0.00476138
0.00698892
0.00318902
0.000437454
7.8913e-05
0.000728027
0.00123147
0.00339494
0.00591328
0.00807963
0.0107972
0.0110354
0.00827771
0.0120861
0.0124928
0.0117051
0.0146088
0.0135152
0.0107714
0.00988071
0.00902524
0.00719489
0.0058517
0.00845821
0.00438428
0.00349802
0.00259199
0.00113046
2.65541e-05
1.02559e-05
0.000972779
0.000172565
0.00114876
0.00421932
0.00214718
0.00772461
0.0117964
0.0162013
0.0236968
0.0250453
0.00910348
0.00978555
0.00634408
0.0127994
0.0153044
0.0209883
0.0213765
0.030403
0.0133498
0.00789982
0.00189199
0.00194764
0.00214339
0.00222444
0.00235389
0.00245964
0.00240189
0.00262594
0.00252749
0.00271525
0.00272319
0.00268448
0.00278906
0.00283373
0.00288106
0.00286123
0.00291301
0.00295346
0.00303696
0.00287368
0.00306541
0.0029894
0.00318072
0.00297956
0.00299237
0.00292657
0.00300883
0.00167046
0.00253594
0.00039
0.00191912
6.75459e-05
1.39178e-05
9.42487e-05
0.000858495
0.000640458
0.00539808
0.00622043
0.00592468
0.00987384
0.00833702
0.0119707
0.0135162
0.0226362
0.0225215
0.0158379
0.0246258
0.02519
0.0221279
0.0339748
0.0342193
0.0231001
0.0219911
0.0338699
0.0326451
0.0303561
0.0322851
0.0270823
0.0281201
0.0215135
0.0249668
0.0254128
0.0235147
0.0165098
0.0167171
0.0178926
0.0121
0.0128081
0.0129863
0.0119976
0.0139845
0.0183466
2.07187e-08
2.25927e-08
2.09817e-08
2.31179e-08
2.26048e-08
2.09852e-08
1.33386e-08
5.79223e-06
0.0010978
0.000981063
0.00268367
0.00333046
0.00479949
0.00400297
0.00263762
0.00225389
0.00175998
0.00166159
0.00210151
0.00195926
0.00151577
0.00140768
0.0014218
0.00124013
0.00125433
0.00118282
0.00107235
0.00095053
0.000989355
0.000927282
0.000853467
0.000786359
0.000788222
0.000748328
0.000754082
0.00113204
0.000975775
0.000929296
0.000902808
0.000910096
0.000730306
0.000714854
0.000713351
0.000696122
0.000671194
0.000665601
0.000626328
0.000665384
0.0006214
0.000604208
0.000577825
0.000583058
0.000638978
0.000587859
0.000589027
0.000574764
0.000590228
0.000579861
0.000594317
0.000575579
0.000611062
0.000614266
0.000621628
0.000638143
0.000635589
0.000640184
0.000662615
0.000702361
0.000751051
0.000831144
0.000964735
0.00119355
0.001267
0.00153585
0.00193516
0.00263055
0.00333058
0.00445805
0.00649277
0.00862878
0.0138155
0.00918086
0.00255107
0.000349181
7.58406e-06
0.000394217
0.000883771
0.0023529
0.00100903
0.00282319
0.00277765
0.00559089
0.00316687
0.00440135
0.00609638
0.00905706
0.00701104
0.00740839
0.0049171
0.00359869
0.00271401
0.0024278
0.00191276
2.3941e-05
0.000375909
0.000892072
3.30238e-05
0.00102534
0.00134519
0.00389497
0.00737316
0.00588947
0.00627694
0.00681061
0.00657143
0.0130433
0.022322
0.0305307
0.0322409
0.0311391
0.0240358
0.0183797
0.0150874
0.0130291
0.0112576
0.0101823
0.00924654
0.00846912
0.00802666
0.0073875
0.00695571
0.00660735
0.00625336
0.00613158
0.00591473
0.00593467
0.00594495
0.0056196
0.00598836
0.00541886
0.00535427
0.00548365
0.00543758
0.00506224
0.00501665
0.00515856
0.00505846
0.00434418
0.00455821
0.00371195
0.00168364
0.000179047
0.000185691
6.22266e-05
8.38378e-06
4.43548e-05
7.39704e-06
0.00244856
0.00516413
0.00486762
0.00526804
0.00404737
0.00404447
0.0118751
0.0050539
0.00795107
0.0090574
0.0100431
0.0138345
0.0131555
0.0103547
0.0135323
0.00865243
0.0108226
0.0140071
0.00758043
0.0125079
0.0102739
0.00812089
0.00317703
0.00779487
0.00392782
0.00587889
0.00194782
0.00669151
0.000160327
0.00690887
0.00111685
0.0236939
0.0174865
0.0136211
0.0417174
0.0261092
0.0246814
0.0291625
1.8967e-08
1.9189e-08
1.91966e-08
1.92048e-08
1.91459e-08
1.83422e-08
1.11226e-05
0.00304837
0.00950344
0.011225
0.0118431
0.0101974
0.0106809
0.00648928
0.00514614
0.00385707
0.0032857
0.00275091
0.00225115
0.00179693
0.00149764
0.0015704
0.00147977
0.00136232
0.00109263
0.00100127
0.000972611
0.00094024
0.000897426
0.000905833
0.000983144
0.000903653
0.000935526
0.000857464
0.000821414
0.00082456
0.000876268
0.000843639
0.000755468
0.00114106
0.00109382
0.000968985
0.000933398
0.000882389
0.00082597
0.000870932
0.00081026
0.00075128
0.00134694
0.00121346
0.00116555
0.0010339
0.000998348
0.000983218
0.000908205
0.000930258
0.000912012
0.000889687
0.00086262
0.000899068
0.000848661
0.000860488
0.000855974
0.000847581
0.0008868
0.000894254
0.000870433
0.000869979
0.000838332
0.000839562
0.000640777
0.000725625
0.00083607
0.00106279
0.00126411
0.00160375
0.00211475
0.0027633
0.00357923
0.00477876
0.0070862
0.00884409
0.0093308
0.0121958
0.0096606
0.00483872
0.00170462
6.37428e-05
7.61855e-05
0.00158032
0.00219266
0.00288796
0.00358871
0.00288775
0.00372112
0.00379559
0.00377916
0.00379796
0.00383113
0.00389188
0.00238505
0.00300112
0.00146075
0.00182321
0.00393515
0.00265209
0.00132588
0.000286904
9.91059e-05
9.58273e-05
0.00085111
0.00164084
0.00408983
0.00251665
0.00183985
0.00435225
0.00511055
0.00641292
0.0101047
0.0105999
0.0129058
0.0124203
0.0134548
0.0166728
0.01742
0.0218999
0.0286558
0.0267264
0.0132438
0.00628544
0.00625119
0.00610656
0.00645166
0.00608348
0.00622348
0.00621749
0.00652158
0.00584741
0.00625354
0.00607127
0.00615262
0.00604109
0.00599776
0.00577123
0.005915
0.00589496
0.00579667
0.00567005
0.00586308
0.00576682
0.00567593
0.00561215
0.00580632
0.00578113
0.00556866
0.00532133
0.00550731
0.00529634
0.00520355
0.00527121
0.00257971
0.0022913
0.000181421
0.00113553
0.00133613
0.000380614
0.000266868
6.95525e-05
1.67572e-06
0.00157368
0.000316501
0.00112292
0.00436663
0.00511935
0.00703998
0.0065543
0.0100052
0.0125077
0.0123436
0.0123248
0.0121238
0.0138809
0.0206907
0.0182189
0.0212829
0.0247653
0.0227987
0.0205589
0.0207311
0.0331243
0.0279878
0.0231156
0.0183117
0.025634
0.0232401
0.0225569
0.0235763
0.0349896
0.0123924
0.0180667
0.0109711
0.00159441
2.00778e-08
2.02993e-08
2.06401e-08
2.0295e-08
2.05903e-08
2.11035e-08
1.55606e-05
0.000296572
0.00139876
0.0125239
0.02113
0.0204075
0.0148688
0.00955785
0.00819757
0.00516658
0.00439756
0.00328751
0.00225546
0.0019595
0.00142669
0.00123203
0.000941893
0.000913332
0.000783812
0.00074185
0.000679718
0.000677268
0.000595991
0.000602322
0.000571337
0.000559053
0.000476973
0.000476977
0.000485749
0.000444933
0.000450931
0.000472302
0.000451434
0.000422957
0.00044155
0.000430949
0.000436623
0.000422404
0.000428116
0.000437397
0.000428776
0.000436565
0.000441286
0.000462083
0.00046886
0.000467097
0.000458353
0.000506008
0.000422311
0.000418816
0.000432745
0.0004453
0.000460091
0.000515096
0.000491196
0.000440374
0.000452316
0.000455599
0.000439102
0.000648158
0.000609337
0.000599469
0.000599225
0.000574021
0.000574905
0.000545546
0.000672509
0.000696167
0.000661825
0.000650918
0.000634155
0.000604559
0.000598162
0.000595435
0.000592397
0.000537635
0.000648271
0.000768953
0.000974918
0.00168615
0.00235593
0.00327606
0.00329428
0.006886
0.00957842
0.012406
0.0133348
0.0059485
0.00179891
0.00030532
0.000183318
8.69117e-05
0.00133726
0.00200718
0.00248576
0.00387153
0.00423367
0.00264839
0.00510692
0.00394387
0.00340074
0.00185482
0.00150852
0.00145423
0.00117801
0.000258273
4.0757e-05
0.000393984
0.000239791
1.95907e-05
0.000268182
0.0001277
0.00260458
0.00164446
0.00379329
0.0022883
0.0070132
0.00554176
0.00853549
0.0105608
0.0071559
0.0160307
0.0114302
0.0140299
0.0262262
0.0328176
0.0285749
0.0186136
0.0158636
0.030719
0.0344703
0.0605659
0.0356932
0.00263892
0.00282567
0.00291427
0.00300032
0.00312433
0.00318551
0.00322997
0.00346861
0.00338996
0.00356179
0.00366899
0.00355861
0.0036126
0.00365695
0.00363924
0.0037847
0.0039113
0.00390674
0.00296771
0.00101838
0.00226423
4.38929e-05
0.000966298
1.01863e-05
1.07291e-05
0.000105002
0.000231587
0.000857873
0.000617174
0.000679022
0.00589133
0.00442839
0.00539275
0.00325089
0.00725787
0.00674069
0.00755153
0.00748098
0.0167639
0.00819154
0.0212059
0.0116221
0.0138651
0.0138415
0.0187346
0.0162944
0.0173515
0.0151614
0.0145438
0.0154035
0.0121702
0.0136927
0.0144171
0.0116466
0.0107248
0.0165619
0.0101024
0.00940312
0.0147955
0.00825469
0.00752368
0.00893484
0.00514092
0.0029644
0.00320903
0.00228337
0.00257663
0.0010501
0.000541095
0.000247307
0.000162485
8.32677e-05
0.00038245
0.000782642
0.00371333
0.0106182
3.17122e-08
3.29099e-08
3.42162e-08
3.5883e-08
3.80574e-08
4.08895e-08
4.38981e-08
4.60885e-08
6.19747e-05
0.000453114
0.000793525
0.00164089
0.00341502
0.00371398
0.00350301
0.00214432
0.00204321
0.00179583
0.00108711
0.000864069
0.000726184
0.000651062
0.000621028
0.000565427
0.000576117
0.000530015
0.000518108
0.000484566
0.000474393
0.000449218
0.000446637
0.000418715
0.000428979
0.000374049
0.000366379
0.000411226
0.00038146
0.000390871
0.000389798
0.000450088
0.000428815
0.000414239
0.000584458
0.000610459
0.000573188
0.000510875
0.000601041
0.000563788
0.00052142
0.000505712
0.000454739
0.000409134
0.000406875
0.000394974
0.000376002
0.000368164
0.000371598
0.000390862
0.00040143
0.000396617
0.000377316
0.00040975
0.000394304
0.000420183
0.000420839
0.000380016
0.000382549
0.000384898
0.000401428
0.000396972
0.000375647
0.000415517
0.00140556
0.00101763
0.000814987
0.000727162
0.000610817
0.000559088
0.00052127
0.000500769
0.000505015
0.000503709
0.000511291
0.000485184
0.000264084
0.000299477
0.000346398
0.000408685
0.000518565
0.000635434
0.000829403
0.00110111
0.00186333
0.00229277
0.00364633
0.00418085
0.00942181
0.0112112
0.0019251
0.000348269
6.02602e-05
0.000329634
0.00111611
0.00222713
0.00273347
0.00445715
0.00490165
0.00593495
0.00602563
0.00586644
0.00503509
0.00411127
0.00443658
0.00272788
0.00243307
0.00378916
0.00231805
0.00114009
0.000901221
0.000298927
8.86682e-05
2.58633e-05
0.000512609
0.000954055
0.00227953
0.00098002
0.00463088
0.00324397
0.00619132
0.00895507
0.00357246
0.00238282
0.00237267
0.00139393
0.0020051
0.00270486
0.00311472
0.00187693
0.00171392
0.00186024
0.00102504
0.00121497
0.00261353
0.00217463
0.000808421
0.00164121
0.00181644
0.000844583
0.00120262
0.00104397
0.00161909
0.00133
0.00198309
0.00171748
0.000878888
0.00125356
0.00114177
0.000744631
0.00078351
0.000645471
0.000654529
0.000992153
0.00133239
0.000492117
0.000833188
0.000584515
0.000997872
0.000442804
0.000676194
0.00120197
0.000660889
2.65539e-08
0.000162168
0.000405786
7.81357e-05
0.000505442
0.000142585
0.00029331
0.000812959
0.000230249
0.000596209
0.000316055
9.50911e-05
0.00106583
0.000221463
7.02392e-05
0.000239659
0.000328245
0.000394299
0.000169494
0.000199026
0.000317287
4.64514e-05
0.000585168
0.000849385
0.000224869
1.33976e-05
7.44026e-05
0.000682511
0.000703369
0.000719388
0.000737725
0.000756381
0.000773197
0.000828821
0.000837881
0.000852987
0.000853861
0.000860142
0.000845646
0.00105903
0.000984396
0.000979512
0.00105412
0.00104843
0.0010986
0.00106701
0.00104706
0.00106855
0.0010317
0.00102295
0.00104724
0.00103921
0.00104536
0.000979111
0.000970305
0.000976458
0.00103019
0.000973263
0.000968721
0.000994559
0.000996689
0.000989497
0.00113608
0.00117501
0.00120728
0.00139781
0.00143957
0.00145885
0.00140413
0.00156906
0.00170769
0.00203995
0.00233616
0.00245597
0.00253763
0.00267735
0.00299506
0.00321343
0.00338973
0.00348678
0.00402878
0.00424418
0.00463998
0.00525429
0.00676752
0.00718155
0.00707499
0.00755262
0.00848359
0.00903844
0.00920627
0.00992329
0.0119328
0.0142764
0.0153337
0.0164372
0.0179898
0.0185596
0.0198256
0.0236906
0.0252829
0.0232925
0.0221834
0.0163347
0.00908669
0.00596491
0.00727191
0.00438755
0.0026577
0.00892245
0.0103175
0.0067556
0.00321536
0.00647335
0.00645829
0.00121735
0.000284044
0.00210423
0.00435121
0.00204258
0.00150609
0.000449185
0.0033096
0.00434002
0.0022712
4.34406e-06
0.00067123
2.9813e-05
0.000284046
5.85881e-06
0.00294303
0.00113723
0.00194001
3.47308e-05
0.00486619
0.00301568
0.00293483
8.30481e-05
0.00483623
0.00505695
0.00251141
0.00406888
0.00208111
0.0102728
0.00658481
0.0137151
0.00874575
0.00863455
0.0141774
0.00933804
0.0025458
0.000598809
0.0006191
0.000591697
0.00360337
0.000619371
0.000634253
0.000656784
0.000666889
0.000683662
0.00074045
0.000709053
0.000729252
0.000702912
0.000710053
0.000725016
0.000722562
0.000728368
0.000748036
0.000816224
0.000776818
0.000780712
0.000794468
0.000803851
0.000818304
0.000828205
0.000858434
0.000877352
0.000853907
0.000887688
0.000887382
0.000899835
0.000898457
0.000935954
0.000933847
0.000947166
0.000946661
0.000949191
0.000945477
0.000961335
0.000979705
0.000976014
0.000987564
0.00101527
0.00101054
0.00101761
0.000998342
0.000988129
0.000983703
0.00099608
0.0010031
0.00100456
0.00102435
0.00104859
0.000372294
0.000305396
0.000139591
0.00101122
0.00100581
0.00101388
0.00102219
0.00102616
0.000253353
0.00102798
0.00102573
0.00103624
0.00100571
0.00096434
0.00104522
0.0010595
0.000609151
0.000919272
0.000913643
0.000574784
0.000614605
0.000358775
1.55125e-05
1.54961e-05
6.53441e-05
2.66652e-05
2.66078e-05
0.000151756
0.000150933
0.000337479
0.000217903
0.000217022
0.000504704
0.00120894
0.00157232
0.00219959
0.00421774
0.00419161
0.00511038
0.00410624
0.0045783
0.00419876
0.00417131
0.00608582
0.00833081
0.00827092
0.00847369
0.007492
0.00743742
0.0078226
0.0148715
0.0165404
0.00859135
0.00916847
0.018359
0.0181895
0.0198153
0.0197196
0.0203504
0.017996
0.0185223
0.0245447
0.0242632
0.0260922
0.0234055
0.0231116
0.0262691
0.0202606
0.0252967
0.0320334
0.0342846
0.0337225
0.0351704
0.0292056
0.0298052
0.0346768
0.0358597
0.035098
0.0360164
0.0369726
0.0367038
0.0352152
0.0367249
0.0414527
0.0385375
0.037292
0.0393702
0.0289428
0.0284379
0.0359482
0.0347113
0.0344324
0.0313537
0.0294406
0.0283499
0.024224
0.0233329
0.0196429
0.0179501
0.0174661
0.0158497
0.0142481
0.00843714
0.00814521
0.00728056
0.00661145
0.00333331
0.00248313
0.00353919
0.00123817
0.000851576
0.000806661
0.00101798
0.0012255
0.0011451
0.000498926
1.82292e-05
2.47131e-07
0.00252369
0.00305702
0.00107891
0.00343627
1.01231e-08
1.01377e-08
1.01174e-08
1.01548e-08
1.0156e-08
1.01902e-08
1.02775e-08
1.02467e-08
1.07179e-08
1.06804e-08
1.1716e-08
1.81887e-07
1.85241e-07
1.86461e-07
4.66158e-05
0.000887804
0.000848058
0.000808696
0.000784306
0.00253627
0.00247767
0.00302545
0.00296586
0.00321406
0.00314669
0.0026325
0.00258318
0.00208999
0.00206176
0.00202774
0.00163061
0.00161712
0.0013065
0.00129165
0.00107302
0.00106393
0.00104633
0.00101151
0.00101664
0.00100356
0.00111648
0.000989784
0.000997757
0.000880761
0.000890128
0.000823291
0.000836397
0.000871659
0.000892382
0.000968209
0.00104356
0.00106835
0.00106222
0.00108371
0.0011148
0.00102415
0.00103365
0.00103042
0.00095595
0.000895924
0.000903383
0.000902101
0.000824358
0.000772972
0.000770779
0.000864202
0.000828452
0.000812389
0.000797196
0.000896629
0.000886024
0.000796651
0.000804327
0.000774113
0.000741339
0.000784743
0.00077307
0.000832281
0.0008226
0.000773098
0.000770468
0.000765935
0.000756249
0.000756409
0.000699133
0.000664854
0.000647586
0.000651286
0.00063904
0.00063523
0.000633735
0.000574863
0.00056568
0.000631217
0.00062666
0.000573325
0.000564948
0.00059348
0.000593646
0.000600766
0.000597727
0.000566427
0.000566677
0.000603723
0.000608367
0.000596419
0.000552631
0.000560682
0.000565708
0.000572231
0.000554306
0.0005648
0.000593458
0.000585773
0.000537355
0.000580478
0.000566587
0.000619145
0.000555266
0.000609116
0.000596859
0.000604786
0.000672812
0.000660748
0.000636448
0.000655558
0.000630635
0.000666808
0.000692149
0.00523949
0.00353708
0.00236661
0.00164869
0.00123254
0.0010026
0.000829796
0.000736657
0.000656765
0.000624822
0.000610036
0.000589312
0.000583787
0.000575158
0.000568849
0.000569609
0.000573694
0.000568993
0.000569689
0.000586818
0.000585391
0.000572492
0.000567923
0.000570354
0.000551184
0.000480022
0.000490837
0.000524466
0.00053432
0.000539125
0.000546145
0.000562556
0.000560471
0.000548832
0.000242684
0.000270776
0.000260825
0.000300724
0.000338108
0.000351278
0.000360967
0.000361088
0.000425555
0.00047128
0.00057829
0.000582411
0.000635971
0.000627074
0.000791943
0.00100007
0.00102957
0.00100582
0.00127613
0.00126939
0.0017489
0.00171892
0.00226761
0.00228657
0.0031649
0.00328329
0.00279875
0.00398899
0.00405993
0.00541427
0.00562804
0.00577603
0.00786187
0.00814517
0.00706737
0.00483239
0.00589975
0.00378919
0.00392702
0.00387396
0.000620726
0.000965681
1.66221e-05
1.60458e-06
0.000533962
0.000478736
0.000301041
0.000853636
0.000795971
0.00145584
0.00256951
0.00174519
0.00383243
0.00499633
0.00393013
0.00343744
0.00458945
0.0040842
0.00530057
0.00557665
0.00604826
0.00967589
0.00860878
0.00844242
0.00711188
0.00678392
0.0079535
0.00656817
0.00643712
0.0078051
0.00568123
0.0072708
0.00611029
0.00526767
0.0040956
0.00427773
0.00398554
0.00391519
0.0023218
0.00294438
0.00179283
0.00200834
0.00202707
0.000957449
0.000151836
0.000479494
0.000106935
7.32236e-05
1.95142e-05
0.000303942
0.000361947
6.39596e-05
5.11554e-05
0.000123684
1.13341e-05
5.64029e-05
0.000374242
0.000390067
4.80443e-05
0.00013755
0.000905221
0.0022805
0.00134934
0.000433175
0.00162892
0.00143501
0.000438264
0.000464418
0.00249336
0.00111274
0.00387802
0.00192785
0.00408115
0.00210519
0.00208682
0.00680676
0.00489482
0.00255146
0.00550926
0.00306764
0.00298953
0.00585407
0.0103211
0.00445522
0.00412637
0.0075939
0.0170981
0.00801175
0.00746437
0.00427332
0.00431819
0.00928788
0.00596776
0.0161604
0.0110478
0.0164134
0.0117085
0.0113194
0.00398317
0.0145162
0.00954362
0.0147975
0.0101393
0.00369346
0.00303754
0.00368458
0.00309912
0.00311007
0.00324267
0.00322111
0.00326197
0.00315141
0.00317107
0.00339193
0.00339271
0.00336233
0.00333823
0.00338064
0.00338267
0.00361207
0.00358783
0.00348996
0.00349078
0.00347533
0.0034556
0.00343827
0.00343533
0.00354451
0.00348808
0.00336317
0.00341048
0.00326045
0.00324276
0.00342117
0.00341289
0.00344506
0.0033908
0.00346406
0.00335963
0.0033061
0.00333286
0.00329512
0.00328212
0.00331009
0.00332052
0.00326675
0.00328599
0.00340533
0.00341688
0.00325415
0.0032018
0.00322947
0.00318591
0.00313563
0.00313397
0.00334218
0.00330394
0.00301929
0.00297518
0.00298673
0.00315285
0.00310229
0.00310078
0.00301474
0.00300164
0.00299702
0.00295237
0.00264169
0.000580837
0.000324997
0.000896003
0.000883764
0.000737426
0.000408806
0.000402602
0.00016617
0.00015526
0.000483764
0.000795603
0.00106014
7.10935e-05
6.99379e-05
0.000110805
0.00124466
0.0012249
0.00157984
0.00183955
0.00275729
0.000445818
0.000439813
0.000659871
0.00207701
0.00204333
0.00257692
0.00124525
0.00122625
0.00200099
0.00654634
0.00707539
0.00608365
0.0059674
0.00825447
0.00779457
0.00795513
0.00829492
0.00754413
0.0131864
0.0144726
0.0151073
0.0147105
0.0150814
0.0140639
0.0136614
0.0107823
0.0180557
0.0173831
0.0167889
0.0129132
0.0148989
0.0143556
0.0144931
0.0148365
0.0202461
0.0193378
0.0201842
0.0157584
0.0149791
0.01354
0.0147761
0.0134404
0.0126923
0.0136725
0.0152391
0.0190971
0.0182596
0.0128106
0.0126166
0.00829884
0.00771063
0.00748546
0.0097313
0.00927519
0.0126968
0.012426
0.0103722
0.00941968
0.00970075
0.000363256
0.000381182
0.00055147
0.000538986
0.000713433
0.000683836
0.000608309
0.000587552
0.00086377
0.000534766
0.000524412
0.000470911
0.00154766
0.00175122
4.04741e-06
5.92269e-06
4.97384e-05
0.00019965
0.000216504
4.57332e-05
0.00043693
0.000437986
0.000500395
0.00250413
0.00325276
1.62041e-05
2.87511e-05
9.44862e-05
0.000520183
0.0108624
0.00954404
1.81646e-08
1.82746e-08
1.83271e-08
1.83373e-08
1.84789e-08
1.83721e-08
1.8146e-08
1.82234e-08
1.83103e-08
1.8642e-08
2.29968e-08
2.28519e-08
2.34725e-08
4.20088e-05
4.15682e-05
0.000868015
0.000854385
0.00299734
0.00294195
0.00548881
0.0054008
0.00718636
0.00702721
0.00625419
0.00613478
0.0043207
0.00438484
0.00436727
0.0032303
0.00319693
0.00280112
0.00279262
0.00242167
0.00244173
0.00247509
0.00248716
0.00228869
0.00231843
0.00220486
0.00222953
0.0022115
0.00224183
0.00210621
0.00215753
0.00192126
0.00195453
0.00180776
0.00185364
0.00181496
0.00185957
0.00178445
0.00183935
0.00189499
0.0019137
0.00197632
0.00176446
0.00184573
0.00198871
0.00179941
0.00113958
0.00134365
0.00129001
0.00116098
0.00112202
0.00106704
0.00104287
0.00118341
0.00115323
0.00114088
0.00111579
0.00110272
0.0010315
0.00101469
0.000954293
0.000946298
0.000989496
0.000916825
0.000911721
0.000998966
0.000994004
0.000938945
0.00093498
0.000994084
0.000991216
0.000971426
0.000965528
0.000959385
0.000907138
0.000860856
0.000862587
0.000951368
0.00094747
0.000952411
0.000853379
0.00160423
0.00150879
0.00127242
0.00119848
0.00116116
0.00110511
0.00106914
0.00118216
0.00112864
0.00110549
0.00107965
0.00103276
0.00101644
0.000978099
0.000969898
0.000841994
0.000843488
0.000828012
0.000832937
0.000785401
0.000774283
0.000910659
0.000889128
0.000890755
0.000846271
0.000836746
0.000839605
0.000771711
0.000762681
0.000767573
0.000768838
0.000764072
0.000802057
0.000789628
0.000884556
0.000867861
0.00082295
0.000808169
0.000813754
0.000754125
0.000746024
0.000754362
0.000741619
0.000859054
0.000791704
0.000785549
0.00080975
0.000795959
0.000798661
0.000784837
0.000777322
0.000806723
0.000791766
0.000788799
0.000781816
0.000977283
0.0011751
0.00110534
0.00106764
0.000763429
0.00101017
0.00153791
0.0014036
0.00133065
0.00119963
0.00112602
0.00110835
0.00106077
0.000988339
0.000967505
0.00101625
0.000983977
0.000976402
0.000996514
0.000978083
0.000916736
0.000906204
0.000896459
0.000879329
0.000887803
0.000903832
0.000887677
0.000899721
0.000946048
0.000930419
0.00094594
0.000943745
0.000893011
0.000880134
0.000881611
0.000900684
0.000888605
0.000909914
0.000942366
0.000954692
0.000972762
0.00101409
0.000993761
0.00101767
0.00105509
0.00104311
0.00190227
0.00179022
0.00161546
0.00260381
0.00268278
0.00403915
0.0034033
0.00484577
0.00483253
0.00551049
0.00733853
0.0084664
0.00718019
0.00976504
0.00877055
0.00231942
0.00240974
0.0028926
0.00158215
0.00164876
0.00011818
3.77163e-07
2.9343e-08
4.65897e-05
0.00033853
0.000290036
7.19812e-05
0.000409653
0.000350949
0.000743258
0.00133961
0.00126667
0.000823415
0.00234506
0.0017685
0.0016475
0.00357436
0.00286558
0.00320395
0.00362738
0.00269118
0.00508995
0.0040641
0.00392632
0.00260581
0.00366932
0.00406356
0.00334896
0.00237345
0.00226313
0.00327782
0.00244005
0.00144175
0.000426586
0.00038051
0.000449672
0.00108947
4.74655e-06
0.00071727
7.26186e-05
3.80769e-06
3.85189e-05
0.000595001
0.000364891
0.00661369
0.00667672
0.00658216
0.00659477
0.00632522
0.00610456
0.00617426
0.00620467
0.00599984
0.00606691
0.00608471
0.00590991
0.00598931
0.00594821
0.00578808
0.00582079
0.00559963
0.00591398
0.0058942
0.00576997
0.00565382
0.0057559
0.00581103
0.0058471
0.0058525
0.00566439
0.00594613
0.00581211
0.00586406
0.00576725
0.00563678
0.00577395
0.00594302
0.00581109
0.0059062
0.00560613
0.00549125
0.00553006
0.00535216
0.00536468
0.00557045
0.00561687
0.00565027
0.00554459
0.00543468
0.00546961
0.00548338
0.00544077
0.00548454
0.00548293
0.0057015
0.00564087
0.00546355
0.00544502
0.0050789
0.00504145
0.00512798
0.00505032
0.00497463
0.0047317
0.00474251
0.00480331
0.00473262
0.00478864
0.00460223
0.00466776
0.00496614
0.00487919
0.00493351
0.00468995
0.00477
0.0049051
0.00491855
0.0046593
0.00469342
0.00486608
0.00491282
0.00496302
0.004734
0.00484679
0.00491966
0.00481228
0.00489582
0.00465504
0.00474473
0.00257218
0.00251693
0.00133445
8.92005e-05
9.06608e-05
2.09501e-05
0.000804856
0.00019003
6.28764e-07
0.00136963
0.00133154
0.00218744
0.000600123
0.00204703
0.00360971
0.00471492
0.00430753
0.0044017
0.00730519
0.0079592
0.00770584
0.0103942
0.0149284
0.0164498
0.0126755
0.01218
0.0182151
0.0174237
0.024966
0.0290163
0.0236979
0.0258261
0.0315873
0.0316007
0.0388518
0.035987
0.0375893
0.0405774
0.0402108
0.0363449
0.0349543
0.0312988
0.0345795
0.0312044
0.0323848
0.0299534
0.0289307
0.0242655
0.0396252
0.0343903
0.0196754
0.017215
0.0220164
0.0192753
0.0266218
0.0267876
0.0295911
0.0377442
0.0350279
0.0345052
0.0142674
0.0140352
0.0127652
0.000134314
0.112183
0.0977688
0.0587505
0.0519053
0.012242
0.00512478
0.00481994
0.00465573
0.0048266
0.00186231
0.00182649
0.0014234
0.00114582
0.0010928
0.00174807
0.00168808
0.00317648
0.00304064
0.00295174
0.00281592
0.00273077
0.00335713
0.00328498
0.00343593
0.00335554
0.00285057
0.00278692
0.00309531
0.00304653
0.00300796
0.00264734
0.00260674
0.00228411
0.00226934
0.00221511
0.002188
0.00217761
0.00207278
0.00204483
0.00245557
0.00246057
0.00243682
0.00241361
0.0023887
0.00236769
0.00237223
0.00241094
0.00239523
0.00211199
0.00210111
0.00208544
0.00195451
0.00194758
0.00201628
0.00202114
0.00169968
0.00169273
0.00168352
0.00192235
0.00193671
0.00191747
0.00192102
0.00189113
0.00188624
0.00192308
0.00192804
0.00181152
0.00180871
0.00154826
0.00154071
0.00148484
0.00147431
0.00155705
0.00155059
0.00155957
0.00163099
0.00162109
0.00161085
0.00161934
0.00159816
0.00159013
0.00158997
0.00171451
0.00171895
0.00172856
0.00172849
0.00173374
0.00171988
0.00171433
0.00164949
0.00164472
0.00163163
0.0016297
0.00162885
0.00161235
0.00151496
0.00152043
0.00152161
0.00152041
0.00153651
0.00155262
0.00155338
0.00161884
0.00162752
0.00149291
0.00140348
0.00141608
0.001474
0.00148048
0.00149085
0.0016302
0.00165207
0.00157432
0.00158875
0.00159523
0.00163317
0.00165276
0.00162694
0.00167483
0.00171377
0.0017357
0.0017261
0.0016186
0.0016615
0.00169933
0.00177785
0.00180781
0.0017054
0.00173937
0.00184973
0.00188821
0.00177778
0.00182055
0.00201491
0.00207101
0.00190676
0.00198223
0.0019247
0.00197855
0.00204495
0.00211177
0.00210741
0.00217949
0.00221483
0.00229333
0.00229679
0.00219158
0.00227391
0.00231983
0.00245779
0.00242882
0.00254035
0.00250141
0.00261044
0.00266901
0.00278103
0.00277982
0.00275673
0.0028252
0.00281588
0.00276941
0.0027282
0.00274754
0.00283592
0.00264892
0.00264788
0.00153004
0.00336864
0.00300835
0.002842
0.00259662
0.00232975
0.00296813
0.00201897
0.00233646
0.00220084
0.000898274
0.000884216
0.000943109
0.00102216
0.00106871
0.00111649
0.00124612
0.0012719
0.00150671
0.00144483
0.00177746
0.00181946
0.00222788
0.00216111
0.00266554
0.0027393
0.00284553
0.00355652
0.00369036
0.0034711
0.00469765
0.00479603
0.00651828
0.00670012
0.005713
0.00863444
0.00862189
0.0122919
0.0125826
0.0106008
0.0122052
0.0125656
0.0133782
0.0119121
0.00549185
0.00400256
0.00176195
0.0019679
0.000217526
1.88857e-05
0.000246708
2.10181e-05
4.38329e-05
0.000667966
0.00119413
0.00110879
0.00123652
0.000549008
0.00178284
0.00132103
0.00203324
0.00165917
0.0027185
0.00251482
0.00241292
0.00205203
0.00225564
0.00179011
0.00261156
0.00251294
0.00360132
0.00310932
0.00124787
0.00196837
0.00230027
0.00140506
0.000671427
0.0006478
0.000387081
7.82758e-05
1.02438e-05
0.000259692
0.000235985
0.000394274
6.35002e-06
0.000106381
0.000333358
7.74734e-07
0.000500841
4.62131e-05
6.43426e-05
0.000241485
0.000738665
0.000182724
0.000905052
0.000943125
0.00120049
0.00112279
0.000951162
0.000218294
0.000231838
0.000392993
0.00040529
1.60897e-05
2.09196e-05
0.00231239
0.00106666
0.0018588
0.000713092
0.00286703
0.00125918
0.0012801
0.00440693
0.00233079
0.00608553
0.00359315
0.00599225
0.00280586
0.0077414
0.00569988
0.00842952
0.00831364
0.00403218
0.0102182
0.00637503
0.012933
0.00752495
0.0185993
0.00736212
0.0173404
0.0168947
0.0133286
0.0188069
0.0244187
0.0360667
0.0344119
0.0346567
0.0264553
0.0256978
0.0178332
0.0124542
0.0181547
0.0380579
0.0387864
0.0303857
0.0135186
0.0316252
0.0171425
0.0407099
0.0395478
0.0132301
0.00235405
0.00238785
0.00240157
0.00232296
0.00234219
0.00244474
0.00243315
0.00244869
0.0025499
0.00313183
0.00246023
0.00306386
0.00307593
0.00321286
0.00317783
0.00241418
0.00302644
0.00248311
0.00306463
0.00248041
0.00248253
0.00253256
0.00252871
0.00263633
0.00321146
0.00248734
0.00298714
0.00298917
0.00250158
0.00297917
0.00258703
0.0025879
0.00273853
0.00299951
0.00275888
0.00276518
0.00290993
0.00285813
0.00292772
0.00290967
0.0029179
0.00315042
0.00311162
0.00284096
0.00283092
0.00285246
0.00286484
0.0028183
0.00281935
0.00271442
0.00272746
0.00272501
0.00269514
0.00268602
0.00271704
0.00261519
0.00257902
0.00260421
0.0026703
0.0026893
0.00256091
0.00225754
0.000309929
0.000209336
0.000910836
0.000574145
0.00139186
0.00138904
0.000847241
8.06967e-07
5.02508e-07
9.04863e-06
1.04337e-05
1.00839e-05
3.11698e-09
3.00785e-07
0.000189983
0.000397383
0.00098261
0.000972369
0.00118658
0.00154772
0.00139983
0.00159767
0.00179864
0.00365324
0.00464008
0.00443251
0.00434287
0.00504291
0.00607405
0.00594453
0.00633045
0.00916636
0.00952011
0.00699883
0.00715112
0.00822565
0.00800743
0.00851877
0.00795544
0.0092544
0.00833467
0.00817686
0.00928507
0.0151153
0.0158173
0.0128019
0.0151257
0.0154409
0.0150582
0.0156189
0.015206
0.0151823
0.0169839
0.0170021
0.0268074
0.0258924
0.0252147
0.0140298
0.0135351
0.0135678
0.0180989
0.0173658
0.0143403
0.0158147
0.015113
0.015452
0.0168844
0.0160415
0.0163797
0.0212826
0.0200459
0.0203489
0.0187243
0.0186269
0.0262508
0.024997
0.0125185
0.0116115
0.0107936
0.0125395
0.0127456
0.0111918
0.0107886
0.00889922
0.00813395
0.00775565
0.00905371
0.00805138
0.00753826
0.00592392
0.00589148
0.00556654
0.00429892
0.00366157
0.00373881
0.00298095
0.00278261
0.00362312
0.00283872
0.00226976
0.00183698
0.00191616
0.000363248
0.000234592
0.000272195
0.000528669
0.000358513
0.000561149
5.26475e-05
1.29859e-05
2.34569e-05
3.91311e-06
4.98037e-08
2.13357e-05
2.90222e-06
0.000199479
0.000219954
3.01012e-06
2.19515e-05
1.9346e-05
8.30328e-05
0.000794909
0.000576535
0.00178063
0.00187556
0.0012074
0.00146777
0.00120929
1.32375e-07
1.28016e-07
1.36981e-07
1.40807e-07
1.40452e-07
1.4138e-07
1.46821e-07
1.33683e-07
1.42719e-07
5.26251e-08
5.21889e-08
1.8454e-08
2.08298e-08
1.77796e-08
1.43394e-07
1.37436e-07
7.64699e-05
7.82301e-05
0.00127206
0.00129045
0.00482323
0.00483074
0.00624501
0.006223
0.0074124
0.00744192
0.00501593
0.00495385
0.00449546
0.00453402
0.00400422
0.00406928
0.00403438
0.00411199
0.00406596
0.00347912
0.00359281
0.00260847
0.0026264
0.00259305
0.00266746
0.00265232
0.00276247
0.00286251
0.00286623
0.00253157
0.00263416
0.00212211
0.00221114
0.00175907
0.00179312
0.00178334
0.00253275
0.00265411
0.00279259
0.00293884
0.00138525
0.00142372
0.00126526
0.00123964
0.00123807
0.00118475
0.00115412
0.00136906
0.00139849
0.00134115
0.00139439
0.00130305
0.00134961
0.00139659
0.00105642
0.00107308
0.00107197
0.000976785
0.00099289
0.000995753
0.00103556
0.00106747
0.0011769
0.00122685
0.00117964
0.00124195
0.00138995
0.00142426
0.00141725
0.00124683
0.00128752
0.00143254
0.00149066
0.00128389
0.00132886
0.00133131
0.00138789
0.00145764
0.00137744
0.00144545
0.00164872
0.00172318
0.00157797
0.00166236
0.00165
0.00173041
0.00172942
0.00151403
0.00159136
0.00168603
0.00167448
0.00177244
0.00178512
0.0020182
0.00214289
0.00214217
0.00210276
0.00222775
0.0022285
0.00242424
0.0026059
0.0025418
0.00274493
0.00258382
0.00277845
0.00276384
0.00286338
0.00307788
0.00315998
0.00342389
0.00330257
0.00360988
0.00359322
0.00390311
0.00403087
0.00417876
0.00455756
0.00455009
0.00409973
0.00446781
0.00449131
0.00489995
0.0050239
0.00551355
0.00552238
0.005321
0.00519023
0.000601748
0.00424588
0.000656404
0.000599698
0.0005983
0.000604898
0.000693462
0.000691762
0.00069409
0.000652242
0.00065224
0.000651889
0.000650097
0.000650271
0.000656411
0.00065685
0.000657994
0.00066317
0.00065013
0.000652046
0.000628627
0.000638481
0.000656583
0.000659588
0.000667884
0.000641415
0.000652768
0.000711119
0.000716111
0.000718725
0.000714512
0.000720597
0.00072881
0.000744969
0.000725659
0.000740747
0.00075094
0.000762743
0.000815943
0.000827521
0.000833314
0.00078089
0.000792864
0.000809314
0.000787434
0.000810409
0.00080754
0.000840223
0.000884284
0.000901853
0.000908826
0.000920178
0.000938914
0.000863043
0.00655828
0.00569814
0.00465298
0.003951
0.00331773
0.00281162
0.00242677
0.00211782
0.00182959
0.00163859
0.00141045
0.00131716
0.00145068
0.00163439
0.0016442
0.0023211
0.00220267
0.00307481
0.00318193
0.00418612
0.00435229
0.00432935
0.00647588
0.00549227
0.00622311
0.00646617
0.00714661
0.00224898
6.1597e-05
7.46687e-05
0.000165491
4.8917e-07
0.000579173
0.00127021
0.00120955
0.000311079
0.00206128
0.00306566
0.00222645
0.00519508
0.00649592
0.0072142
0.00485457
0.00574427
0.00475383
0.00595937
0.00457355
0.00774136
0.00707634
0.00681251
0.0073784
0.00654773
0.00796811
0.00771786
0.0080789
0.00802141
0.0059917
0.00575512
0.00910504
0.00749246
0.00658845
0.00629888
0.00602691
0.0058261
0.00366571
0.00517325
0.00499364
0.00499797
0.00429895
0.00415744
0.00280393
0.0017742
0.00219956
0.00134307
0.00114391
0.000196312
0.000695488
0.000342599
0.00030553
9.5206e-05
0.00894719
0.00838074
0.00821939
0.00802803
0.00788077
0.00792948
0.00755547
0.0074917
0.00739943
0.00697438
0.00686465
0.00710512
0.00708732
0.00657474
0.00654458
0.00685097
0.00688769
0.00621338
0.00628381
0.00610431
0.00620046
0.00600068
0.00584401
0.00579994
0.00579811
0.00570812
0.00598824
0.00583753
0.00589206
0.00568184
0.00554997
0.00566585
0.00545877
0.00533891
0.00541594
0.00548135
0.00536004
0.00548184
0.00540249
0.00528401
0.00541805
0.00537855
0.00526571
0.00540967
0.00534359
0.00538122
0.00540555
0.00535956
0.00525215
0.00535445
0.00545961
0.00555208
0.00579349
0.00553526
0.00542439
0.00551184
0.00535608
0.0054146
0.0055077
0.0053869
0.00551133
0.00547096
0.00549536
0.00549661
0.00555295
0.00549136
0.0055475
0.00540127
0.00558196
0.00562305
0.00585321
0.00599327
0.00552958
0.00550855
0.00576128
0.00579749
0.00469691
0.00324224
0.000866908
0.0030798
0.00187636
0.000166412
0.000224819
0.000402231
0.000938408
0.00298579
0.00484478
0.00311907
0.00417011
0.00542128
0.00780289
0.00776577
0.0074964
0.0104226
0.0126609
0.0167357
0.0120908
0.0115901
0.0160762
0.0132774
0.0177331
0.0207153
0.0223069
0.022673
0.0258061
0.0318148
0.0315637
0.0314498
0.0309107
0.0338542
0.0327458
0.0319554
0.033994
0.0365967
0.0314688
0.0325389
0.0301049
0.0266286
0.0277369
0.030845
0.0234328
0.0295134
0.0257817
0.0225201
0.024142
0.0287098
0.0252421
0.0229025
0.0176902
0.0185979
0.0196953
0.0185802
0.0139612
0.012642
0.0152507
0.0205023
0.0208994
0.0336973
0.0310976
0.0313712
0.0110089
0.0103459
0.0111845
0.00701866
0.017294
0.0153709
0.0884567
0.0742835
0.0199181
0.00350084
0.00908765
0.00847777
0.00177836
0.00168954
0.00163289
0.000979823
0.000952387
0.00147397
0.00143619
0.00237299
0.0044821
0.00435964
0.00653103
0.00630366
0.00683283
0.0066259
0.00644648
0.00630289
0.00551996
0.0054503
0.00529584
0.00518296
0.00422454
0.00376455
0.00373665
0.00371511
0.00368177
0.00330943
0.00335471
0.00438204
0.0043896
0.00386208
0.0038769
0.00435789
0.00436606
0.00434676
0.00410293
0.0041274
0.00406351
0.00335095
0.00342254
0.00334136
0.00340765
0.00362546
0.00368673
0.00336294
0.00342758
0.00357564
0.00351516
0.00354684
0.00354348
0.00351482
0.00342552
0.00328965
0.00319665
0.00303501
0.00294178
0.00294
0.00300883
0.0029766
0.00287492
0.00314028
0.00316213
0.00299874
0.00297131
0.00287282
0.00288993
0.00276188
0.00274309
0.00274083
0.00279582
0.00277788
0.00274707
0.00251264
0.00247025
0.00247484
0.00245016
0.00240021
0.00237997
0.00233491
0.0026089
0.00259006
0.00231213
0.00229446
0.00268102
0.00266784
0.00237078
0.00236964
0.00241263
0.00239367
0.00221862
0.00220398
0.0021986
0.00218029
0.00217242
0.00216887
0.00214151
0.00214906
0.00215097
0.00206327
0.0020887
0.00212589
0.00215797
0.00214573
0.00197615
0.00199783
0.00197515
0.00199244
0.00214079
0.00212794
0.0019942
0.00204617
0.00200445
0.00218035
0.00225278
0.00206543
0.00213107
0.0022259
0.00232684
0.00226971
0.00229837
0.002383
0.00223784
0.00215378
0.00248033
0.00239442
0.00216401
0.00253085
0.00242728
0.00206872
0.00218932
0.0022128
0.0196648
0.0115744
0.00709161
0.0046216
0.00331409
0.00266774
0.00238848
0.00212949
0.00197958
0.00188114
0.00171498
0.0016712
0.0016841
0.0018334
0.00178385
0.00166273
0.00163676
0.00166593
0.00158938
0.00157301
0.00157922
0.00169245
0.00167784
0.00173768
0.00171334
0.00169708
0.00148149
0.00147369
0.0014332
0.00148683
0.0014957
0.0014938
0.00155651
0.00154499
0.00154182
0.00154943
0.00152843
0.00157007
0.00165552
0.00162959
0.00163934
0.00161463
0.00163753
0.00156484
0.00154234
0.00156889
0.000564051
0.000623861
0.00064865
0.000665732
0.000764689
0.000800722
0.000826225
0.000947237
0.000973674
0.000941079
0.00115534
0.00109723
0.0013248
0.00140785
0.00174424
0.00181972
0.00219613
0.00227236
0.00228454
0.00281182
0.0028873
0.00289364
0.00383326
0.00395624
0.00372267
0.00524465
0.00476524
0.00535394
0.00528338
0.00718527
0.00748225
0.00691946
0.00952504
0.00920947
0.011385
0.0117899
0.00767487
0.00814032
0.00372432
0.00380469
0.00355703
0.00063636
0.000810454
0.000414117
8.64884e-05
1.59354e-08
6.93339e-06
4.29352e-05
7.69861e-05
0.000327171
0.000262233
0.000723041
0.00119949
0.00112786
0.00111584
0.00174723
0.00178365
0.00169222
0.000729485
0.00134354
0.00125782
0.00207657
0.00115104
0.00105428
0.00275743
0.00211149
0.001385
0.00220986
0.00191464
0.0029479
0.00179525
0.00276188
0.00220151
0.00184534
0.00177088
0.00171626
0.00158605
0.00060338
0.000139275
0.000747518
0.00157991
0.00156413
0.00030701
0.00103961
0.00102088
0.000289959
0.000797794
1.62493e-05
0.000207966
4.71752e-05
4.08207e-05
3.62612e-05
0.000268554
4.4314e-05
0.000664976
0.000684204
0.000449775
0.00225555
0.00127917
0.00258336
0.00272212
0.003211
0.00166218
0.00366125
0.00192384
0.00368571
0.00184461
0.00534578
0.00194716
0.00655721
0.00266375
0.00621691
0.00301223
0.00646151
0.00628948
0.00338141
0.00368564
0.00176066
0.0044357
0.00382045
0.00183048
0.00476176
0.00264024
0.00528688
0.00293719
0.00526493
0.0028427
0.00288093
0.00597844
0.00360245
0.00769138
0.00478521
0.00785824
0.00464395
0.00466887
0.0104931
0.00689521
0.00682658
0.0122654
0.00808843
0.0067009
0.00658448
0.0117703
0.00619769
0.00619861
0.00604233
0.00604821
0.00590284
0.00605747
0.00587535
0.00583706
0.00560586
0.00556146
0.00574094
0.00558635
0.00556879
0.00546258
0.00532634
0.00529753
0.00512949
0.00514082
0.00515018
0.00503181
0.00502692
0.00503915
0.00498876
0.00481966
0.00471806
0.00472342
0.00474886
0.00469503
0.0048141
0.00470548
0.00470105
0.00480632
0.00469498
0.00468058
0.00431265
0.00428823
0.00432877
0.00473167
0.00462108
0.00460111
0.00446464
0.0044091
0.00425389
0.0043071
0.00434051
0.00435798
0.00409919
0.00402385
0.00402894
0.00425334
0.00427187
0.00428107
0.00437784
0.00434658
0.00413103
0.00410379
0.00408901
0.00403812
0.0040098
0.00395632
0.00162518
0.00112474
0.00189321
0.00148859
0.000968028
0.00057211
0.000849711
0.000577372
0.000390233
0.000497022
0.000629323
5.06152e-05
4.88114e-05
0.000129831
0.000242744
0.000236432
0.000734331
0.000677468
0.00144534
0.00206808
0.00234197
0.00185845
0.00377537
0.00429456
0.00353981
0.00398904
0.00406292
0.00527554
0.00512417
0.00710441
0.0068225
0.00765167
0.00713419
0.00690018
0.00752014
0.0117246
0.0119272
0.0110186
0.012145
0.0132568
0.0126855
0.0123141
0.0125297
0.013423
0.0127588
0.0126921
0.015165
0.0142005
0.0124929
0.00966009
0.0190542
0.0128845
0.0125
0.0150089
0.0139088
0.0145598
0.00956209
0.00882431
0.00831679
0.0113578
0.0103755
0.0103709
0.0118516
0.00929008
0.00886099
0.00826469
0.00531651
0.00563663
0.00612587
0.00612463
0.00817566
0.00703996
0.0048067
0.00502103
0.00246725
0.00224213
0.00228318
0.00149473
0.00329467
0.000288424
0.000835151
0.00314657
1.93492e-05
1.34563e-05
3.36267e-05
6.94966e-06
7.35567e-05
7.99892e-05
0.000279869
0.000144858
5.18082e-05
0.000173893
0.000291246
4.30395e-05
1.31751e-06
2.59473e-05
5.97849e-05
7.58474e-05
0.000304321
0.000475651
1.88129e-05
0.00884907
0.00762041
1.71275e-08
1.71692e-08
1.72466e-08
1.69908e-08
1.68749e-08
1.69066e-08
1.69544e-08
1.70654e-08
2.0564e-08
1.93595e-08
2.17158e-08
2.17702e-08
2.25504e-08
7.69812e-05
7.66624e-05
0.000836978
0.000818886
0.000814406
0.00386753
0.00383186
0.00624873
0.00522299
0.00513308
0.00375964
0.00371055
0.00365441
0.00371535
0.00286012
0.00285185
0.00199699
0.00199618
0.00196668
0.0019655
0.00197402
0.00200825
0.00203074
0.00204659
0.0020526
0.00184808
0.00186349
0.00164635
0.00167857
0.0015416
0.0015764
0.00166202
0.00170486
0.00138089
0.00151948
0.00156792
0.00151745
0.00156342
0.00157192
0.00164619
0.0015912
0.00164448
0.00165167
0.0016292
0.00166756
0.00148846
0.00154806
0.00155835
0.00169883
0.00119936
0.0010953
0.00116198
0.00112887
0.00105076
0.00102347
0.000996405
0.00099086
0.000971593
0.000954217
0.00103991
0.00102056
0.00102024
0.00100636
0.000995166
0.000956828
0.000952174
0.00100951
0.000998428
0.000991339
0.0009968
0.000986345
0.000991972
0.00089879
0.000892475
0.000888935
0.000837557
0.000832274
0.000835484
0.000911926
0.000905685
0.000924974
0.000918398
0.000777084
0.000776246
0.000784103
0.000820575
0.000818574
0.000781554
0.00078082
0.000785149
0.000835955
0.00161593
0.00135502
0.00126662
0.00118411
0.00114562
0.00104746
0.00100042
0.000853014
0.000825883
0.00085738
0.000974657
0.000950173
0.00101103
0.000972657
0.000956229
0.000849733
0.000834447
0.000834468
0.000897302
0.000960634
0.000934392
0.00081013
0.000793703
0.000791179
0.00081806
0.000769667
0.000766916
0.00072936
0.00072493
0.000753325
0.000758695
0.00079864
0.000787818
0.000792266
0.000778244
0.000780005
0.000768441
0.000810019
0.00079515
0.000799712
0.000782931
0.000777895
0.00076621
0.00076801
0.000824109
0.000957253
0.000943676
0.000829132
0.000824391
0.00115461
0.00110014
0.00136881
0.0014368
0.00136702
0.00126966
0.00114001
0.00107227
0.00104473
0.0010925
0.00105079
0.000951047
0.000919759
0.000919674
0.000913992
0.000897802
0.000948278
0.000937841
0.000860131
0.000843019
0.000850356
0.000856595
0.000853139
0.000839523
0.000860922
0.00084042
0.000846485
0.000918896
0.000904842
0.000917129
0.000967929
0.000965986
0.000890453
0.000897468
0.000964369
0.000975363
0.000909574
0.000951454
0.00097986
0.000987843
0.00103338
0.000984053
0.00139187
0.00137883
0.00158116
0.00232797
0.00319926
0.00344849
0.0035598
0.00483462
0.00554278
0.00737965
0.00768531
0.00688519
0.00929463
0.00754662
0.00784225
0.00320648
0.00299741
0.000368458
0.000437093
0.000457103
0.000147958
5.80062e-07
0.000107103
8.49228e-05
1.96755e-05
0.000314603
0.00067847
0.000273168
0.00112884
0.000522535
0.000461303
0.00147239
0.000900653
0.000810692
0.00225801
0.00207157
0.00163591
0.00251769
0.00226711
0.00209788
0.00172038
0.00357357
0.00216074
0.00203207
0.00175279
0.00177801
0.00248398
0.00171921
0.00157333
0.000379885
0.000305915
0.000648436
0.000185526
0.000310219
7.8126e-06
2.0833e-06
0.000193577
2.80485e-06
3.65685e-07
0.000207269
8.6447e-08
2.38485e-06
8.77217e-05
2.09071e-05
0.000405247
0.000124238
0.00767251
0.00735902
0.00771605
0.00680676
0.00675318
0.00651507
0.00653381
0.00662455
0.00637192
0.0063777
0.00667553
0.00658331
0.0061123
0.00613317
0.00600192
0.00582792
0.00588804
0.00572646
0.00591955
0.00594272
0.00583727
0.00595084
0.00554306
0.00540976
0.0055316
0.00568819
0.00581587
0.00557863
0.00560499
0.005713
0.00558778
0.00600271
0.00608507
0.00574828
0.00565455
0.00579176
0.00565411
0.00568106
0.00554193
0.00556272
0.00566402
0.00554603
0.00561993
0.00558976
0.00561655
0.00542689
0.00532087
0.00532404
0.00538532
0.00589122
0.00577633
0.00575053
0.00534096
0.00529139
0.00520837
0.00556023
0.00546309
0.00532635
0.00521117
0.00515579
0.00468804
0.00474928
0.00464855
0.00502884
0.00486543
0.00490818
0.00470258
0.00461471
0.00472854
0.00478246
0.00471058
0.0048253
0.0047
0.00479213
0.00493056
0.00499252
0.00478496
0.00485628
0.00493266
0.00511107
0.00493558
0.00505772
0.00494502
0.00301595
0.00366552
0.00165662
0.00269655
0.00132319
0.000308634
8.09585e-05
0.000673367
9.70681e-07
0.00114727
0.000648279
0.0011194
0.00332961
0.00321454
0.00447021
0.0024847
0.00240341
0.00409306
0.00836646
0.00805762
0.0103651
0.00784327
0.0138427
0.0142561
0.0137881
0.017275
0.0164199
0.0209612
0.0195872
0.0184452
0.0198201
0.0201434
0.0229838
0.0261797
0.024183
0.0256903
0.0222703
0.0202674
0.0197137
0.022548
0.0240952
0.0226301
0.0200172
0.0183209
0.0188172
0.0180695
0.0179121
0.0255754
0.0221431
0.0142997
0.0139374
0.0134011
0.0127452
0.0110879
0.0115794
0.0167401
0.0146271
0.0144846
0.0152984
0.0140408
0.0111826
0.0106745
0.0131455
0.011791
0.0087405
0.0223287
0.0202735
0.0229688
0.0351968
0.036905
0.0112815
0.0110105
0.0147634
0.0136922
0.0034123
0.000948559
0.000911023
0.0991658
0.116838
0.019176
0.00308478
0.00221119
0.0020624
0.00195707
0.000405016
0.000103675
0.000118895
0.000116494
0.000634885
0.000612591
0.00199154
0.00188029
0.00182678
0.00331663
0.00315302
0.00309379
0.00572954
0.0054545
0.00526741
0.00683766
0.00656034
0.00637876
0.00757905
0.00727777
0.00713378
0.00581246
0.00561342
0.00500528
0.00492124
0.0045329
0.00444184
0.00416012
0.00410406
0.00344757
0.00338618
0.00334933
0.00344319
0.00339221
0.00336593
0.00313852
0.00311608
0.00309467
0.0027224
0.0026526
0.00264858
0.0023447
0.00233683
0.00250367
0.00250206
0.00225999
0.00224141
0.00193533
0.00192789
0.00193947
0.00199649
0.00198674
0.00199643
0.00197107
0.00196133
0.00194485
0.00221718
0.00220313
0.00220671
0.00200892
0.00199832
0.00199203
0.00235779
0.00234196
0.00214493
0.00214086
0.00187773
0.00186834
0.00187749
0.00200905
0.00199832
0.00199923
0.00198789
0.00198132
0.00188439
0.0019738
0.00196206
0.00196533
0.00194821
0.00172058
0.00171317
0.00171954
0.00174621
0.00175369
0.00183775
0.00184411
0.0016861
0.00168138
0.00168276
0.00165257
0.00163849
0.00163322
0.00180378
0.00180268
0.00167229
0.00166207
0.00166325
0.00178266
0.0017788
0.0015719
0.00156539
0.00157043
0.00176594
0.00177208
0.00165929
0.00167053
0.00171476
0.00172516
0.00152154
0.00152853
0.00152521
0.00153265
0.00154544
0.00157215
0.00159549
0.00162215
0.00165944
0.00166878
0.00165882
0.00165604
0.00168314
0.00167206
0.00170137
0.00167922
0.00170836
0.00179341
0.00181441
0.00181138
0.00170603
0.00174094
0.00190665
0.00193436
0.00193438
0.00177772
0.00181679
0.00174224
0.00178934
0.00183803
0.00187746
0.00186662
0.00170738
0.00176636
0.00189203
0.00195873
0.00199828
0.00205347
0.0020497
0.00207547
0.00214208
0.0022253
0.00215973
0.00222524
0.00234608
0.002427
0.00244262
0.00231946
0.00239382
0.00250248
0.0024831
0.00260793
0.00260696
0.0027463
0.0028832
0.00305352
0.00285756
0.00284567
0.00286665
0.00292911
0.00279269
0.00292882
0.00166842
0.00260956
0.00373206
0.00342392
0.00334938
0.00296472
0.0029637
0.00334722
0.00298311
0.00270147
0.0010097
0.00104716
0.00104949
0.00112033
0.00116171
0.0011784
0.00130423
0.00132922
0.00125768
0.00147228
0.00152754
0.00189353
0.00194664
0.00235994
0.00244712
0.00238966
0.00301505
0.00295626
0.00389344
0.00510199
0.00521012
0.00487427
0.00702463
0.00708969
0.00970573
0.00874963
0.00984803
0.0116654
0.0126816
0.0131301
0.0144457
0.0112295
0.012613
0.00536043
0.00547349
0.0066074
0.00132789
0.000616311
0.000685656
4.75289e-05
1.36279e-05
5.80505e-06
4.44726e-05
8.32895e-06
4.97286e-05
0.000259715
6.66512e-05
0.0002767
0.00070628
0.00025085
0.000208806
0.0008614
0.000699993
0.000627959
0.00120429
0.00111083
0.000581551
0.00160579
0.000820193
0.00285775
0.00204436
0.00164752
0.00090197
0.00163463
0.00110151
0.00159752
0.000552861
0.000440503
0.000775594
0.000344336
0.000307936
0.000163224
9.50173e-05
0.000459261
0.000625126
6.16325e-05
0.000235947
3.23078e-06
4.60079e-05
0.00046015
0.000499719
6.11982e-05
0.000315113
0.000130116
0.00149622
0.000569978
0.00309674
0.000740198
0.00196162
0.00208416
0.00185767
0.000725755
0.000751512
0.00311446
0.00161959
0.0027445
0.00131735
0.00446117
0.00260648
0.00294642
0.00722395
0.00425266
0.00435176
0.00646331
0.00407426
0.00650549
0.00391033
0.0117685
0.0117152
0.00636947
0.0110806
0.00700371
0.0123706
0.00762036
0.0185475
0.00871864
0.0194195
0.0186923
0.0127784
0.00875497
0.0150122
0.0100897
0.0140407
0.00962907
0.0192425
0.0131529
0.0126621
0.0170652
0.0119112
0.0116356
0.026172
0.0190757
0.0187209
0.0090266
0.0229028
0.0207387
0.0146877
0.0140372
0.0212875
0.0153492
0.00775671
0.0265867
0.019495
0.0178133
0.0123889
0.00301224
0.0029891
0.00268975
0.00339683
0.0100811
0.0026895
0.0028734
0.00287711
0.0029144
0.00291274
0.00263273
0.00265055
0.00272525
0.00270215
0.00270704
0.00266686
0.00330042
0.00348398
0.00342014
0.00273989
0.00274068
0.00260823
0.0031131
0.00330423
0.00323893
0.00325739
0.00302501
0.00312695
0.00313034
0.00315336
0.00309782
0.00309001
0.00295132
0.00290727
0.00292109
0.00311891
0.00309141
0.00294756
0.00297612
0.0032449
0.00322826
0.00292232
0.00292238
0.00297019
0.00300582
0.00294943
0.00291948
0.00287179
0.00290228
0.00290069
0.00285104
0.00238619
0.00284131
0.00279826
0.00269446
0.00183652
0.00180753
0.00152252
0.0019191
0.00192366
0.00109186
0.000575364
0.000583627
0.000374426
0.000113699
2.66493e-05
0.000282101
0.000277134
9.54909e-05
1.91616e-05
7.20234e-12
1.07821e-06
0.000755364
0.000986525
0.0010015
0.000969554
0.000976205
0.000254722
0.000562847
0.00127999
0.00117116
0.00282553
0.00342387
0.00360343
0.00399093
0.00670835
0.00660136
0.00712077
0.0104317
0.0113754
0.00685535
0.00724076
0.00691522
0.00674668
0.00771149
0.0122642
0.0113258
0.0123566
0.0175314
0.0185124
0.0193292
0.0188335
0.0195428
0.0196532
0.0184741
0.0186399
0.0225516
0.0228943
0.0198937
0.0188989
0.0172678
0.0166281
0.0172679
0.0223055
0.0140681
0.0248527
0.0256151
0.0261585
0.0254915
0.0223009
0.0234367
0.021029
0.0203968
0.0146766
0.0137772
0.0235928
0.0219062
0.0213123
0.013408
0.0131345
0.0115425
0.0103736
0.0100506
0.0053837
0.00470736
0.00456393
0.00629844
0.0057538
0.00552523
0.00468379
0.00467413
0.00359746
0.00298763
0.00281299
0.00176
0.00134164
0.00238819
0.00190373
0.00207825
0.000732195
0.000544734
0.000779483
0.000622115
5.06281e-05
1.57121e-05
7.6497e-05
0.000157419
0.000109592
3.7115e-07
3.3707e-06
0.000384279
0.000325478
0.000580704
0.000790116
0.000538568
0.000193577
0.000331138
0.000218357
8.63844e-05
4.2409e-05
0.000107532
0.000202563
0.00681541
0.00673926
0.0072543
3.1177e-08
3.09838e-08
3.2531e-08
3.26e-08
3.33805e-08
3.55703e-08
3.56496e-08
3.57364e-08
3.03227e-08
3.14587e-08
1.52961e-08
1.51184e-08
2.74807e-08
1.41833e-08
1.29744e-08
1.28812e-08
