0.00277279
0.00241674
0.0020723
0.00175793
0.00146294
0.00122757
0.00103126
0.000898776
0.000105555
0.000146481
0.000175194
0.00015126
0.000180503
0.000171612
0.000171179
0.000166064
0.000155822
0.000149144
0.000141322
0.000142105
0.00018225
0.000278127
0.000437116
0.000654283
0.000964026
0.00125704
0.00172088
0.00261686
0.00330636
0.00189917
0.00148901
0.000514529
0.000315831
8.50746e-05
0.000106605
9.41222e-05
3.6053e-05
1.59992e-05
5.07133e-06
2.59268e-05
0.000150111
0.000254041
0.000228433
0.000208266
0.00041199
0.000513549
0.000469478
0.000489111
0.000658546
0.00128383
0.00158015
0.00196394
0.00200661
0.00156091
0.00207057
0.00201127
0.00261296
0.00181766
0.00245353
0.00297309
0.00248069
0.00282494
0.00335368
0.00330189
0.00263393
0.00420253
0.00352431
0.00268643
0.00634325
0.00575211
0.00574751
0.00397587
0.00461428
0.00520655
0.00599437
0.00728876
0.00767838
0.00985004
0.0114987
0.00769039
0.00673141
0.0133246
0.0169993
0.00147796
0.00150486
0.00152847
0.00152019
0.00153318
0.00158275
0.0014472
0.0015115
0.0015189
0.00155086
0.00154612
0.00151481
0.00166095
0.00146995
0.00151136
0.00153431
0.00119779
0.00154806
0.000472465
0.000469368
0.00117345
0.000384447
0.000322427
0.000257568
0.000517933
0.00034494
0.000249348
0.000891579
0.000238246
0.000886824
0.00129612
0.00224876
0.0017602
0.00236679
0.00262459
0.00443683
0.00313641
0.00331611
0.00677938
0.00319828
0.00495671
0.00337786
0.00494211
0.00515439
0.00377486
0.00515469
0.00450133
0.00471594
0.00427552
0.00490392
0.00444941
0.0033657
0.00388486
0.00368274
0.00352905
0.00354362
0.0047342
0.00356861
0.00311509
0.00295512
0.00219737
0.00101447
0.00103661
0.000125812
9.23862e-06
9.62311e-06
3.37279e-06
0.000303808
0.000665959
0.000442106
0.000868116
0.00119262
0.00103076
0.0030321
0.000584457
0.00137285
0.000200409
0.000784776
4.80842e-05
4.88987e-05
5.08896e-05
5.18219e-05
6.9541e-05
0.000272534
0.000863766
0.00248141
0.00432193
0.00417694
0.0011698
0.0053515
0.0103837
0.00770716
0.0035291
0.00318506
0.00702123
0.00757934
0.00767225
0.00622142
0.00441015
0.00341183
0.00102145
0.000448072
0.000656664
0.00179503
0.00554743
0.00841058
0.0122831
0.00762158
0.00702513
0.00620569
0.000834094
0.000657801
0.00044458
0.000305971
0.000219318
0.000238315
0.000317183
0.000401509
0.000142667
2.52615e-06
1.66159e-06
5.0289e-06
1.25271e-06
1.44573e-05
1.53948e-05
1.63858e-05
3.41976e-05
6.1578e-06
9.74701e-06
1.10721e-05
6.72477e-06
3.27348e-06
3.96327e-06
2.68155e-06
3.49498e-06
2.23711e-06
1.02318e-05
1.40977e-05
2.86165e-06
2.53515e-06
6.92002e-06
2.71789e-06
5.38844e-06
0.000138717
0.000224038
0.00274845
0.00182859
0.00123497
0.000917591
0.000608636
0.000402729
0.000239898
0.000168287
9.43304e-05
8.48457e-05
3.82466e-05
0.00137269
0.00141004
0.00141473
0.00129283
0.00114063
0.00117896
0.00104397
0.000948591
0.000835461
0.000653398
0.000479856
0.000263469
8.41919e-05
2.37796e-05
6.61159e-05
0.000376373
0.000603793
0.000950248
0.00300276
0.00616488
0.00849432
0.00853578
0.00881547
0.00720716
0.00582194
0.00420022
0.0023442
0.00180704
0.00135013
0.000271589
0.000300263
0.000210586
5.21351e-05
6.75807e-05
6.08312e-05
4.73537e-05
3.60123e-05
8.08234e-05
0.000132716
6.14566e-05
0.000111658
0.000108923
0.000165556
0.000382959
0.000252542
0.000391181
0.00052982
0.000930333
0.00110823
0.0012875
0.00199161
0.00192975
0.0026089
0.00276956
0.00500206
0.00505162
0.00584785
0.00564356
0.00992243
0.00908056
0.0119897
0.0141653
0.0082673
0.00934042
0.0116353
0.0113731
0.0141766
0.0222371
0.0218317
0.0159915
0.0180398
0.0147036
0.0139684
0.01212
0.00169152
0.00169486
0.01203
0.00196185
0.00160959
0.00139062
0.0014221
0.00142224
0.00153722
0.00158766
0.00198715
0.00150822
0.00187447
0.00173394
0.00108633
0.000155035
7.92647e-05
0.000392417
7.58597e-05
0.000283485
0.000696644
0.000847404
0.000525667
0.000861647
0.00140871
0.00133075
0.0019928
0.00248769
0.00253939
0.00235017
0.00236216
0.00198934
0.00356899
0.0035158
0.00335162
0.00381096
0.00338281
0.00331185
0.00370344
0.00344639
0.0036544
0.00232657
0.00375847
0.00211466
0.00213969
0.0034447
0.00199245
0.00315569
0.00234899
0.00347082
0.00224483
0.00240924
0.00246627
0.00214439
0.000693396
0.00128059
0.000989046
0.000719855
0.000614066
0.000153995
1.01379e-05
2.74306e-06
2.1365e-06
5.369e-06
9.59684e-05
8.76136e-05
5.34791e-05
0.000850902
1.07037e-05
0.000131766
0.000134383
0.00104243
4.60474e-05
4.64636e-05
4.70123e-05
4.71392e-05
4.72282e-05
4.53673e-05
3.67024e-05
3.83104e-05
0.000101735
0.000526377
0.00131914
0.000146061
0.00221213
0.000318321
0.000239902
0.000203249
0.00212829
0.001754
0.00116372
0.000793176
0.000436402
0.000193447
0.000151874
3.81281e-05
4.31559e-05
1.62418e-05
2.55952e-06
6.70136e-06
2.08122e-05
2.41924e-06
2.38125e-06
3.93363e-06
3.16507e-06
4.51448e-06
2.43447e-05
6.27998e-06
1.45653e-05
3.60854e-06
6.22393e-06
2.6518e-05
3.36562e-05
1.24262e-05
3.35801e-05
8.11756e-05
5.18804e-05
0.0010813
0.000623153
0.00165483
0.00110757
0.000839192
0.000627669
0.000313555
0.000569931
0.000838398
0.000922971
0.000464925
0.000293612
0.000300949
8.38853e-05
0.000192517
8.14539e-05
2.53292e-05
3.98934e-05
2.53909e-05
8.33275e-06
3.3908e-06
3.91464e-06
3.80307e-06
8.24539e-06
5.79927e-06
4.91787e-06
3.92295e-06
4.87163e-06
7.63399e-06
5.2804e-06
7.08336e-06
6.34089e-06
4.36841e-06
0.00194025
0.000922696
0.000417526
0.00019358
7.05085e-05
3.26985e-05
2.96782e-05
5.87882e-06
0.00337315
0.00312372
0.00289324
0.00265971
0.00234194
0.00199255
0.00175987
0.00106639
0.000856672
0.000537675
0.000251473
6.80533e-05
3.21701e-05
0.000144447
0.000440018
0.000779485
0.00280563
0.00579374
0.00936862
0.00935624
0.0102385
0.00967765
0.0078622
0.0063584
0.00485955
0.00386446
0.00278195
0.00166595
0.00136933
0.00118633
0.000421723
0.000469453
0.000314158
0.000284075
0.000227723
0.000199151
0.000154675
0.000136594
0.00012985
0.000141928
0.000298166
0.000209071
0.00038895
0.000702878
0.000729741
0.00132581
0.00130482
0.00156241
0.00171319
0.00196211
0.00224989
0.00282531
0.0032522
0.00320557
0.00405209
0.00585788
0.00538655
0.00478143
0.00570395
0.00684783
0.00849873
0.0121429
0.0115383
0.008715
0.00886305
0.00709037
0.00601137
0.0050107
0.00850496
0.00140157
0.0049548
0.00555255
0.00128345
0.00127052
0.00132475
0.00135142
0.00137577
0.00141451
0.00132535
0.00147697
0.00134091
0.00137052
0.00125201
0.00136094
0.00132016
0.00145111
0.00133865
0.00131387
0.00138262
0.00144339
0.00145468
0.00134149
0.00130448
0.00102283
0.0013089
0.000760406
0.000402082
0.000737007
0.000151228
0.000496894
0.00031343
0.000147519
0.000247488
0.000347971
0.000186656
0.000270248
0.000372076
0.000723858
0.00159569
0.000750383
0.000827613
0.00141646
0.00187895
0.00253875
0.00371666
0.00336932
0.000891546
0.00240321
0.00387443
0.00381679
0.00416088
0.00541866
0.006612
0.00379701
0.00260749
0.00226282
0.00173964
0.00143498
0.0029264
0.000961097
0.00182284
0.00112866
0.000761902
0.000910071
0.000829165
0.000600783
0.000405522
0.000590351
0.000105133
0.000170676
0.000258002
0.000133934
0.00054977
0.000442799
7.36505e-05
6.53726e-05
0.00237948
3.50129e-05
3.50173e-05
3.50165e-05
3.50138e-05
3.50152e-05
3.50048e-05
3.50049e-05
0.000712422
5.88095e-08
0.000522268
0.00258146
0.00230642
0.00208883
0.00173377
0.00142679
0.00115073
0.000753248
0.00047457
0.000342913
0.00129456
0.00174786
0.00126122
0.00108345
0.000785853
0.000565119
0.00047893
0.000252822
0.000151101
0.000163377
6.88635e-05
3.42381e-05
2.4125e-05
8.03103e-06
5.13851e-06
9.40884e-06
8.00073e-06
9.18424e-06
0.000971387
0.000762044
0.000534827
0.000411253
0.000263406
0.000211731
0.000108658
6.89069e-05
3.71686e-05
2.3501e-05
7.86734e-06
0.0010436
0.000639911
0.000514137
0.000326132
0.000161368
6.06337e-05
3.73679e-05
3.63749e-05
4.81749e-05
9.3516e-06
2.53901e-05
9.54757e-06
1.11352e-05
3.36453e-05
8.30885e-06
4.94707e-06
1.18284e-05
1.00633e-05
0.00152576
0.000912149
0.000467059
0.000825183
0.000371625
0.000219765
0.000125579
0.000118552
5.45529e-05
0.00425501
0.00385454
0.00360107
0.00303923
0.00274996
0.001809
0.00137108
0.000866789
9.89155e-05
0.000196307
0.00150399
0.00375952
0.00718917
0.00975581
0.00990819
0.0104282
0.00917463
0.0069339
0.00434974
0.00321677
0.00239617
0.00136263
0.00143439
0.00150764
0.000989787
0.000887408
0.000671799
0.000730823
0.00038093
0.000264021
0.00019325
0.000232385
0.000160923
0.000193088
0.000294362
0.000647387
0.00151071
0.00196174
0.0016233
0.00270666
0.0027473
0.00261116
0.00367403
0.0064543
0.0126019
0.00687784
0.00359043
0.00313484
0.00259814
0.00228445
0.00199288
0.00190063
0.00229049
0.00190765
0.0019368
0.00187795
0.00190737
0.00191075
0.00190772
0.0018371
0.00181291
0.00180186
0.00183825
0.00183347
0.00180096
0.0017576
0.00174493
0.00170245
0.00171744
0.00168493
0.00172191
0.00170869
0.00169071
0.00174749
0.00140626
0.00103931
0.00137191
0.000740344
0.0005544
0.000568348
0.000376041
0.000355002
0.000412953
0.000592565
0.00121125
0.000763155
0.00132787
0.00191436
0.0018358
0.00199653
0.0024481
0.0015482
0.00109558
0.00105038
0.000638694
0.00199992
0.00108828
0.000816336
4.36901e-05
0.000542071
0.000102199
0.000166484
0.000224407
0.000300989
6.42027e-05
0.000184936
7.27362e-05
0.00137477
9.32941e-05
0.000137759
7.28368e-05
0.000326043
0.00025304
0.000115334
8.70044e-05
0.000180674
0.000830482
0.000108667
0.00956055
0.0156806
0.00204652
0.0168507
2.9549e-05
2.95605e-05
2.95556e-05
2.95435e-05
2.94913e-05
2.949e-05
0.000121135
0.000120953
0.00203347
0.00161949
0.00516188
0.00470676
0.00406659
0.0036707
0.0030524
0.00288319
0.00235317
0.00174368
0.00149558
0.000590691
0.000356788
0.000264855
0.000184678
8.94385e-05
5.28624e-05
1.04625e-05
9.19928e-06
7.59138e-06
6.46107e-06
2.04873e-05
4.99589e-05
2.19981e-05
2.40629e-05
5.35358e-05
4.5058e-05
9.82474e-05
3.53506e-05
3.68278e-05
7.07057e-06
7.0602e-06
0.000190488
0.000106493
9.46064e-05
5.20303e-05
9.32528e-06
5.32679e-06
6.68752e-06
7.20358e-06
1.36476e-05
8.79283e-06
1.65584e-05
1.12265e-05
0.00146455
0.000826897
0.000480447
0.000295277
0.000190701
7.22968e-05
3.75533e-05
2.97804e-05
1.21916e-05
1.42327e-05
1.53784e-05
6.99673e-06
7.4936e-06
7.16578e-06
7.46985e-06
8.76534e-06
9.25896e-06
1.27492e-05
1.11691e-05
8.7613e-06
9.16351e-06
2.03227e-05
1.90385e-05
8.66313e-06
0.00331255
0.00314701
0.002742
0.00255035
0.00221352
0.00166231
0.00132933
0.000964197
0.000545921
0.000221111
7.86789e-05
0.000105599
0.000161783
0.000649024
0.00222611
0.00559286
0.00678201
0.00641586
0.00800472
0.00860789
0.00848974
0.00800454
0.00689502
0.0038865
0.00273343
0.00169416
0.00171512
0.000908162
0.000378012
0.000256056
0.000263385
0.000284902
0.000177856
0.000185057
0.000132793
0.000120049
0.000109498
0.000104652
8.46558e-05
0.000115958
0.000136703
0.000687826
0.000739549
0.000847162
0.00143789
0.00132296
0.00214835
0.00214526
0.00301346
0.00313565
0.00304599
0.00291959
0.00367273
0.00432343
0.00407437
0.00422346
0.00637727
0.00298962
0.00275812
0.00252479
0.00252853
0.00246006
0.00267016
0.0025541
0.0026308
0.0027499
0.00272384
0.00241195
0.00242705
0.00256589
0.00249151
0.00244909
0.00254238
0.00251841
0.00272988
0.00286389
0.00255474
0.00272701
0.00298573
0.00307534
0.00293046
0.00287983
0.00281616
0.00280605
0.00271609
0.00283502
0.00266937
0.00142537
0.000641216
0.000444434
0.000139398
0.000134393
0.000135996
0.000142016
0.000162973
0.000496712
0.000472029
0.000577018
0.000875293
0.000697941
0.00137006
0.00133203
0.00288244
0.00260849
0.00378614
0.00370236
0.00369514
0.00661326
0.00480364
0.00508068
0.00370391
0.00618024
0.00457428
0.0042004
0.00548439
0.00565889
0.00550616
0.00560141
0.0051516
0.00538355
0.00377665
0.00533847
0.00390137
0.00373992
0.00284735
0.003459
0.00339397
0.00240837
0.00223258
0.00846633
0.00121498
3.16995e-05
3.18675e-05
3.19454e-05
3.21555e-05
3.24382e-05
3.2754e-05
3.06877e-05
0.000353494
0.00143321
0.000118873
0.00010633
0.000232516
0.00019562
0.000163325
0.000140487
0.000108066
1.98029e-05
2.70536e-05
9.57396e-05
5.55346e-05
0.0135914
0.0107193
0.00851011
0.00640712
0.0045625
0.00331998
0.00216725
0.00143464
0.000960657
0.000603909
0.000303426
0.000296326
0.000112511
1.25576e-05
1.22369e-05
0.000166956
0.000131399
0.000106766
0.000168119
0.000121099
9.4519e-05
0.000155593
0.000202685
6.82142e-05
6.49096e-05
8.47706e-05
5.4845e-05
6.40982e-05
5.73943e-05
4.26329e-05
0.000106771
8.17799e-05
8.84486e-05
0.00211843
0.00178678
0.00117565
0.00110498
0.000913773
0.000748578
0.000693783
0.000535362
0.00044367
0.000415041
0.000341363
0.00032869
0.00025655
0.000265719
0.000236212
0.000276786
0.000210913
0.000216398
0.000205225
0.000158783
0.00014915
4.93266e-05
3.92793e-05
4.1274e-05
4.32934e-05
6.14068e-05
5.83488e-05
4.0753e-05
1.05459e-05
4.07639e-05
7.70065e-05
0.000145338
0.000191722
0.000184309
0.000146137
3.78097e-05
9.17488e-05
0.000262976
0.000735662
0.000778456
0.000962826
0.00285323
0.00563098
0.00528499
0.0053728
0.00450013
0.00341588
0.00171803
0.00197842
0.00137898
0.000935043
1.96337e-05
8.61965e-05
2.50123e-05
6.19632e-05
0.000124965
0.00011363
0.00024151
0.000246974
0.000474471
0.000478923
0.000483217
0.000565735
0.000979267
0.00117322
0.00118805
0.00148059
0.00157609
0.00340737
0.00386953
0.00493234
0.00573949
0.00600526
0.00655797
0.00656762
0.00908804
0.00946751
0.0107173
0.0107286
0.012981
0.0150271
0.0110516
0.0144373
0.0171939
0.0150214
0.0209685
0.017564
0.0144662
0.0168467
0.00712899
0.00335661
0.00314095
0.00326118
0.002882
0.00293771
0.00291542
0.00342503
0.00321597
0.00305398
0.00391495
0.00402398
0.0034387
0.00311836
0.00314668
0.00299175
0.00275318
0.00292323
0.00274773
0.00263194
0.00265032
0.00116189
0.000268222
0.000140829
0.000116575
5.89038e-05
8.42642e-05
0.000164731
0.000148697
8.00835e-05
8.19575e-05
0.000441831
0.000415633
0.000691964
0.000375312
0.00121652
0.00147963
0.000776558
0.00248146
0.00144714
0.00165741
0.00151936
0.0034299
0.00263787
0.00498673
0.0047418
0.00331405
0.00483262
0.00417452
0.0044467
0.00411123
0.00380558
0.00297145
0.00358534
0.00310067
0.0032754
0.00302538
0.00211182
0.00261144
0.0030813
0.00382289
0.00311068
0.00290862
0.00210757
0.00190857
0.00100483
0.00156179
0.000434971
0.000732956
0.000629942
1.93673e-05
0.000135293
0.000116122
0.000116679
7.88603e-05
0.000640948
0.00140946
4.14437e-05
4.26729e-05
4.34667e-05
4.46517e-05
4.55558e-05
4.32034e-05
3.49672e-05
3.50053e-05
0.000924939
4.50841e-05
0.00136253
0.00406208
0.0035493
0.00347872
0.00305074
0.0022936
0.00159184
0.00140474
0.00080384
0.000497874
0.000391893
0.000180482
0.000137548
5.9983e-05
6.94441e-05
4.92152e-05
6.81068e-06
4.41271e-06
5.19128e-06
5.35846e-06
1.25169e-05
1.43458e-05
1.65526e-05
6.44387e-05
8.77029e-06
1.31686e-05
7.42221e-06
1.43661e-05
1.56108e-05
5.73479e-05
3.66504e-05
4.15669e-05
0.00198005
0.00122185
0.000908901
0.000497632
0.00176397
0.00121564
0.000686574
0.000773953
0.000711598
0.000719479
0.00243537
0.00209419
0.0021168
0.00134142
0.000535183
0.000273313
0.000383245
0.000266546
6.23545e-05
6.93363e-05
8.04472e-06
4.87451e-06
0.000229812
0.00030884
0.000375256
0.000313832
0.000167802
0.000189487
0.000168166
7.92947e-05
9.06081e-05
0.000548023
0.00988162
0.00611045
0.00340028
0.00170172
0.000790353
0.000415562
0.000140891
7.95575e-05
3.8392e-05
0.00429254
0.00397994
0.00376693
0.00347619
0.00302045
0.00271049
0.00239924
0.00196368
0.00154862
0.00119256
0.000702123
0.000341483
0.000338533
0.000125804
5.3001e-05
0.000156785
0.000430692
0.000519161
0.00228883
0.00297438
0.00560758
0.00790226
0.00847659
0.00661112
0.00480614
0.0039388
0.00232294
0.00192919
0.00117798
0.000577554
0.000320576
0.000167483
0.000143528
0.000106916
0.00011018
0.000106528
0.000112466
0.000185385
0.000172877
0.000216027
0.000152715
0.000422012
0.000480491
0.000649837
0.000934638
0.000962562
0.000910185
0.00138601
0.00176076
0.00192354
0.00197724
0.0026037
0.00237112
0.0033484
0.0049551
0.0053402
0.00503528
0.00430743
0.00516777
0.00764808
0.00678544
0.00506481
0.00855159
0.00970604
0.00652644
0.00714884
0.00813766
0.00572889
0.00628503
0.00616684
0.00716824
0.00249951
0.00231685
0.0021855
0.00204045
0.00195409
0.00210482
0.00206294
0.00181489
0.0018371
0.00178616
0.00190608
0.0016419
0.00174843
0.00156187
0.00167808
0.00157508
0.00171941
0.00157379
0.00157115
0.00155949
0.00149134
0.00158968
0.00154765
0.001568
0.00150465
0.00153058
0.00144826
0.00146018
0.00154805
0.00143931
0.00153909
0.000712512
0.000912696
0.000602885
0.000249133
0.00019426
0.00019089
0.000252094
0.000185377
0.000233743
0.000423827
0.000309719
0.000366964
0.0006035
0.000595005
0.000565377
0.00204376
0.00243396
0.00225259
0.00284218
0.00250351
0.00308454
0.00316749
0.00257084
0.00340768
0.00165322
0.00432261
0.00324124
0.00287833
0.00259525
0.00204249
0.00208741
0.00119412
0.00164299
0.00110617
0.00122957
0.00055384
0.000518165
0.000582518
0.000364872
0.000698337
0.000253103
0.000472561
5.8705e-05
0.000278833
0.000207119
0.000257024
0.000118387
0.000103284
0.00338242
0.000271137
0.000161384
3.45323e-05
3.46875e-05
3.4687e-05
3.45352e-05
3.45335e-05
3.45226e-05
4.9548e-05
0.00192152
0.000237894
0.000420175
0.0010468
0.0012048
0.00123358
0.00100197
0.000749417
0.000643337
0.000463149
0.000262421
0.000142405
4.97487e-05
3.30771e-05
4.64652e-06
2.39373e-05
0.000466644
0.000351292
6.96342e-05
0.000242368
0.000181032
0.00014003
5.56673e-05
1.04518e-05
9.71708e-06
4.6087e-06
3.73741e-06
1.63219e-05
1.60712e-05
2.04517e-05
6.6808e-05
2.01829e-05
2.52512e-05
7.15786e-05
4.38852e-05
5.28e-05
0.000891547
0.000535118
0.000513662
0.000385735
0.000289195
0.000281074
0.00014868
0.000108141
8.87327e-05
4.1461e-05
0.000953263
0.000594811
0.000424555
0.000347188
0.00016565
0.000103232
7.81025e-05
4.25468e-05
1.35483e-05
9.1724e-06
8.49352e-06
5.56954e-06
5.31968e-06
5.29313e-06
5.92636e-06
5.05445e-06
6.07472e-06
8.24566e-06
4.64679e-06
7.36454e-06
2.59942e-05
5.08084e-06
5.68816e-06
5.34585e-06
1.06877e-05
0.00144782
0.000845561
0.00042032
0.000368178
0.000450639
0.000245418
0.000134418
7.75428e-05
4.89762e-05
4.41818e-05
0.00389371
0.00347418
0.0031943
0.00275311
0.0021829
0.00176919
0.00123606
0.000796246
0.00061338
0.000645543
0.000262566
6.02794e-05
9.66842e-05
0.000240674
0.000419668
0.00346736
0.00586527
0.00928268
0.00894011
0.00997811
0.00914328
0.00870083
0.00670502
0.00618297
0.00537911
0.0033551
0.00104386
0.00137294
0.00143786
0.00112844
0.000779062
0.000480647
0.000182715
0.000165854
0.000147639
0.000136175
0.000116718
0.000121681
0.000174259
9.61766e-05
0.000288211
0.000399895
0.000335098
0.000608766
0.000800481
0.00127835
0.00149738
0.00143967
0.0019151
0.00223553
0.0022491
0.00289807
0.00317234
0.00620743
0.00493756
0.00488191
0.00491053
0.00483494
0.00573838
0.00359609
0.0046584
0.00246902
0.00216344
0.00202156
0.00174923
0.00184466
0.00155688
0.00169583
0.00183212
0.00179184
0.0016933
0.00171617
0.00168665
0.00175804
0.00168626
0.00167067
0.00165919
0.00165174
0.00162853
0.00163177
0.00163148
0.00160298
0.0016141
0.00159893
0.00156976
0.00157559
0.00161772
0.00151379
0.00163658
0.00160164
0.00140158
0.000906912
0.000526064
0.000442375
0.000281196
0.000348584
0.000342979
0.000309157
0.000321424
0.00114923
0.000871131
0.00106595
0.00136611
0.00108702
0.00120937
0.00108981
0.00150377
0.00284497
0.00106154
0.00162719
0.000574507
0.0010864
0.00062899
0.000541488
0.00036483
4.38456e-05
0.00010684
0.000337387
8.29826e-05
0.000386746
0.000437598
0.00012815
0.000580605
0.000341196
0.00015331
0.000300576
0.000112315
8.15462e-05
0.000805566
0.000445939
9.92808e-05
0.000167582
0.00386639
0.0058505
0.0020152
0.00171464
0.00124723
0.00172833
0.00126186
3.3563e-05
3.35636e-05
3.35621e-05
3.35299e-05
3.34766e-05
3.34729e-05
3.34694e-05
9.81282e-05
0.000665117
0.00201382
0.00477478
0.00526096
0.00452261
0.00357136
0.00379884
0.00265166
0.0022766
0.00176299
0.00115451
0.000751168
0.000412508
0.000293555
0.000110245
0.000158714
0.000107655
1.20856e-05
6.2395e-06
1.32617e-05
3.92476e-05
3.50057e-05
2.82366e-05
7.7727e-05
6.74816e-05
2.19991e-05
3.02345e-05
1.47269e-05
1.76041e-05
2.47261e-05
1.60399e-05
2.98814e-05
3.0673e-05
3.0058e-05
3.89493e-05
1.57425e-05
4.99683e-05
1.00835e-05
0.000121784
0.000134112
8.59326e-05
7.52821e-05
3.28311e-05
9.11314e-06
6.22507e-06
5.53622e-06
6.20877e-06
6.4586e-06
6.38765e-06
5.14804e-06
4.91646e-06
0.00136601
0.000807596
0.000510324
0.000333656
0.000153046
0.000107242
5.38549e-05
2.39435e-05
4.26923e-05
1.97941e-05
3.10249e-05
1.70166e-05
5.75079e-06
5.54342e-06
5.83843e-06
7.97092e-06
7.12527e-06
6.0214e-06
7.02169e-06
6.24744e-06
8.4231e-06
6.63283e-06
6.5041e-06
6.82307e-06
7.38922e-06
0.002986
0.00282655
0.00269167
0.00233599
0.0019385
0.00139409
0.00115899
0.000657442
0.00034862
0.000162309
5.01976e-05
0.00016335
0.000261399
0.000927496
0.00351426
0.00472204
0.00688642
0.00966848
0.00941484
0.00906811
0.00800281
0.00782451
0.00705507
0.00558732
0.00491872
0.00188494
0.00199945
0.00130965
0.000725543
0.00105105
0.000384202
0.000428175
0.000657561
0.000174266
0.000490365
0.000254724
0.000168616
6.59388e-05
6.18428e-05
5.70923e-05
4.75918e-05
3.08292e-05
7.28097e-05
5.55909e-05
0.000392193
0.000543295
0.00125883
0.00165857
0.00180675
0.00202009
0.00268533
0.00298272
0.00275047
0.00408369
0.00429288
0.00423934
0.00446653
0.00596163
0.00250552
0.00229006
0.00296781
0.00232722
0.00242912
0.0022334
0.00232411
0.0028274
0.00277142
0.00256408
0.00232137
0.00236561
0.00238591
0.00246246
0.00244502
0.00247528
0.00254385
0.00240084
0.00256747
0.0024868
0.00263847
0.0023812
0.00252501
0.00247136
0.00223265
0.00243851
0.0023283
0.00243312
0.00246408
0.00123395
0.00238045
0.00112154
0.000431869
0.000165814
0.000239696
0.000164939
0.000218976
0.000323114
0.000380981
0.00106405
0.00109294
0.001616
0.000979893
0.00138684
0.00285952
0.00291446
0.00317859
0.00338219
0.00482251
0.00409259
0.00413413
0.00417027
0.00532954
0.00505462
0.00312858
0.00461979
0.00387818
0.00267406
0.00355398
0.00293954
0.00151857
0.0032366
0.0019846
0.00178887
0.00200542
0.00191615
0.00132416
0.00177875
0.00225871
0.0020841
0.00285593
0.00233559
0.0070983
0.00372234
0.00405871
0.00347608
3.76961e-05
3.82369e-05
3.84018e-05
3.85259e-05
3.90694e-05
3.90062e-05
3.51674e-05
6.14664e-05
6.16585e-05
0.00138801
0.00113124
0.000723625
0.0107516
0.0128345
0.0109629
0.00945282
0.00822955
0.00725647
0.00601124
0.00461407
0.00326168
0.00256125
0.00143135
0.0010052
0.000642242
0.000433966
0.000200523
0.000141695
7.81508e-05
4.44717e-05
2.9952e-05
3.02267e-05
7.1225e-05
3.50099e-05
4.09511e-05
5.91181e-05
4.88966e-05
4.40863e-05
7.69048e-05
1.98074e-05
1.95611e-05
3.05184e-05
3.12733e-05
2.86768e-05
3.3361e-05
2.83051e-05
6.09049e-05
6.40275e-05
3.7173e-05
7.75873e-05
0.000580783
0.000807536
0.000687475
0.000648601
0.000527051
0.000459356
0.000274599
0.000249151
0.00034948
0.000261582
0.000257609
0.000282842
0.00026773
0.000205713
0.000251444
0.000242579
0.000202103
0.000222168
0.000206175
0.000186037
0.000161677
0.000210405
0.000173685
0.000149742
0.000147062
0.000130128
0.000177671
0.000136621
0.000128642
0.000125853
0.000153032
0.000131163
0.000127877
9.548e-05
7.30846e-05
0.000141468
0.000208749
0.000200989
0.000167513
0.000114302
6.35884e-05
4.79125e-05
4.59922e-05
0.000146327
0.000835069
0.000620608
0.00165491
0.0038285
0.00432715
0.0051815
0.00505458
0.00387587
0.00243279
0.00145028
0.000474908
0.000712345
0.00037208
0.000135342
9.62941e-05
2.39639e-05
1.11314e-05
2.29913e-05
7.38119e-05
5.9523e-05
6.08902e-05
0.000185657
0.000175128
0.000311787
0.000433005
0.000679697
0.000838478
0.000894546
0.00105321
0.00274668
0.00374047
0.0038776
0.00532726
0.00543288
0.00649064
0.00572819
0.00592922
0.00783407
0.0102907
0.00874841
0.0135211
0.0139412
0.0108157
0.0134499
0.0142886
0.0162085
0.0145558
0.0212384
0.0224707
0.011661
0.0111682
0.00448447
0.0042328
0.00500368
0.00495632
0.00426206
0.00352127
0.00325076
0.00346294
0.00299346
0.00285571
0.00290609
0.0027224
0.00236663
0.00254609
0.00240825
0.00257634
0.00243912
0.00244545
0.00235865
0.00228051
0.00206731
0.00213351
0.00127511
0.00203183
0.000840246
0.00063894
0.000277456
0.000268058
0.00026304
0.000477925
0.000112231
0.000721691
0.00013518
0.000615654
0.000940464
0.000490573
0.000505488
0.000822254
0.00144647
0.00198747
0.00219109
0.00207919
0.00191616
0.00258167
0.00250724
0.00376037
0.00314866
0.00428353
0.00311763
0.00278161
0.00311503
0.00300132
0.00491713
0.00267129
0.00523025
0.00507491
0.00282759
0.00289549
0.0026004
0.00221778
0.0019811
0.0014977
0.00157381
0.00042728
0.00219025
0.000317856
0.00133753
0.000392782
0.000468929
0.00138367
0.00148615
0.00017061
0.000203951
0.00137682
8.77908e-05
0.000180468
0.00180026
0.000775184
2.66333e-05
3.6083e-05
3.68961e-05
3.69871e-05
3.58648e-05
3.70286e-05
3.60271e-05
3.7433e-05
3.76827e-05
4.08036e-05
0.00139627
0.00140535
0.00201037
5.93444e-06
0.00342833
0.00292154
0.00253768
0.00228504
0.0021844
0.00204415
0.00162249
0.00146089
0.000967731
0.000705753
0.000407273
0.000348974
0.000146193
7.88821e-05
5.64134e-05
8.86867e-05
3.21237e-05
3.50062e-05
6.69986e-06
7.37381e-06
3.48867e-05
5.266e-05
1.4153e-05
3.08442e-05
0.000114094
6.4817e-05
7.09306e-05
2.067e-05
7.63414e-05
7.95119e-05
0.000148792
0.000145965
0.000863601
0.000991985
0.000570887
0.000309277
0.000934507
0.000855972
0.00034006
0.000229297
0.000127265
0.000266546
0.00011614
7.86956e-05
0.000103948
3.30861e-05
2.18451e-05
2.13852e-05
1.49488e-05
7.4188e-06
1.05227e-05
6.89285e-06
8.06836e-06
1.34437e-05
1.02903e-05
3.16793e-05
1.8102e-05
0.0058839
0.00356655
0.000688444
0.00242063
0.00128746
0.000765616
0.000343692
0.000148004
4.69448e-05
2.46123e-05
3.16416e-05
1.15555e-05
9.20805e-06
1.48609e-05
8.85239e-06
0.00423116
0.00396686
0.00376178
0.00334958
0.00292698
0.00257099
0.00225619
0.00185179
0.00122902
0.000959782
0.000637191
0.000590764
0.000329182
8.88954e-05
6.78389e-05
0.000235424
0.000404564
0.00120682
0.00334616
0.00456218
0.00643978
0.00791639
0.00828054
0.00710502
0.00538749
0.00473895
0.0027536
0.00122955
0.00134345
0.000619954
0.000450533
0.000224764
0.00017026
0.000112024
8.64715e-05
9.20181e-05
0.000111184
0.000192279
0.000137622
0.00028337
0.000524295
0.000533126
0.000764618
0.000904342
0.00099065
0.00146234
0.00185778
0.00176939
0.00240327
0.00284681
0.00327938
0.0038491
0.00455246
0.00501308
0.00760425
0.00665933
0.00696667
0.00889829
0.00573286
0.00807166
0.00524929
0.00582944
0.00474959
0.00424316
0.00722856
0.00780677
0.00580193
0.00501897
0.00912842
0.0082543
0.0020845
0.00197982
0.00198121
0.00188039
0.00191857
0.00187126
0.00179683
0.0018087
0.0017149
0.00165218
0.00168663
0.00169971
0.00158788
0.00179096
0.0015715
0.00155826
0.00156751
0.00150463
0.00154454
0.0014564
0.00150561
0.00166277
0.0014748
0.00143104
0.00142568
0.00151813
0.00149233
0.00153865
0.00138877
0.00145349
0.00127483
0.000615028
0.000455918
0.000666819
0.000446353
0.000537687
0.000278651
0.000217161
0.000544119
0.000336672
0.000516475
0.00145831
0.000427449
0.00124898
0.00174901
0.0018387
0.00136908
0.00149609
0.00147628
0.00233621
0.00280054
0.00140641
0.0035861
0.00284833
0.00364148
0.00335721
0.00282231
0.00278633
0.00222042
0.00161134
0.00170908
0.00303927
0.00202708
0.00136983
0.00105586
0.00092283
0.000848237
0.00195646
0.000615281
0.000512412
0.000542739
0.000249382
0.000231651
0.000220632
0.000225637
0.000461671
0.000264551
0.000175353
0.000223775
0.000144761
0.00014189
0.0039188
3.79554e-05
3.75111e-05
3.74958e-05
3.80208e-05
3.75739e-05
3.75432e-05
3.63564e-05
4.40538e-05
0.00158891
0.000136051
4.36047e-05
0.000915766
0.00140765
0.00145764
0.0012743
0.000863379
0.000721946
0.000468404
0.000272838
0.000116691
7.73823e-05
2.23015e-05
8.64946e-06
0.0008912
0.000521708
0.000309287
0.000288331
0.000207277
0.000153918
0.000111612
4.76431e-05
1.6393e-05
1.138e-05
4.83809e-06
6.035e-06
7.65504e-06
3.48004e-06
4.25582e-06
1.72953e-05
6.70287e-06
5.28367e-06
3.3421e-05
3.57586e-06
0.00109421
0.000667341
0.00047371
0.000453119
0.000332671
0.000242
8.77229e-05
0.000107939
2.44694e-05
1.08641e-05
7.36649e-05
9.52464e-05
3.99012e-05
7.82748e-05
7.4871e-05
0.000198806
8.4406e-05
0.000125837
2.55338e-05
0.000115311
9.16894e-05
0.000141586
0.000133291
9.89787e-05
0.000141679
9.09306e-05
0.000114774
0.000107804
9.75581e-05
2.82586e-05
3.17795e-05
7.16191e-05
0.00010176
9.27056e-05
9.82745e-05
2.45582e-05
0.000108361
0.000102075
0.000101361
4.41428e-06
5.42651e-06
4.81439e-06
0.00980366
0.000643159
0.000695053
0.000748212
0.000700146
0.000554583
0.000461548
0.00040879
0.000329746
0.000117376
8.65365e-05
2.59017e-05
8.73413e-05
0.000311663
0.000706782
0.000926021
0.0029524
0.00584047
0.00644803
0.00928639
0.0091597
0.00850563
0.00719257
0.00520359
0.00319982
0.0018673
0.00170544
0.00147013
0.00144951
0.00067877
0.000641987
0.000262528
0.000247608
0.000190381
0.000127593
0.000123681
8.44624e-05
0.000132317
8.23025e-05
0.000129695
0.000156087
0.000273894
0.000482939
0.000562247
0.00074611
0.00115843
0.00129177
0.00187658
0.00231526
0.00273814
0.00353914
0.00359086
0.00390339
0.00398478
0.00537945
0.00551034
0.00776755
0.00659851
0.0188017
0.00401739
0.00355475
0.00421465
0.00696988
0.00463817
0.00431159
0.00267822
0.00254904
0.00228336
0.00212153
0.00188598
0.00192564
0.0019207
0.00176843
0.00164279
0.00160214
0.00170178
0.00162847
0.00158022
0.00154238
0.00145752
0.00156907
0.00168719
0.00145719
0.00143215
0.00150189
0.0014907
0.00144254
0.00133086
0.00147217
0.00147278
0.00143088
0.000997609
0.000793552
0.000256591
0.000403975
0.000238094
0.000538346
0.000234684
0.000196374
0.000624381
0.0010296
0.000591679
0.00201087
0.00168092
0.00122689
0.00271471
0.0019572
0.00191636
0.000875647
0.000777128
0.00167231
0.000683121
0.000462081
0.000427121
0.000371474
0.000263273
3.90069e-05
0.000777843
0.000126969
0.00010297
0.000978567
0.000101912
0.000477051
0.000248741
0.000171487
6.83188e-05
0.000650391
8.54647e-05
0.000269484
0.00288366
0.00401618
0.00248263
0.0025423
0.00139933
0.00122448
0.00144103
0.00079094
0.00274759
3.68382e-05
3.68377e-05
3.6839e-05
3.68306e-05
3.68034e-05
3.67704e-05
3.67372e-05
0.000115896
0.000798074
0.00100711
0.0056665
0.00398748
0.00345956
0.00431045
0.00276589
0.00267841
0.00191892
0.00146271
0.00102233
0.000721638
0.00052985
0.000193648
6.99164e-05
6.4066e-05
4.63342e-05
1.51438e-05
5.14309e-06
9.09142e-06
6.38739e-05
6.0932e-05
2.55993e-05
7.43181e-06
4.90303e-05
3.02135e-05
3.92393e-05
3.75301e-05
6.81234e-05
0.000128232
2.92349e-05
0.000118417
3.67505e-05
3.45889e-05
6.37394e-06
3.40591e-05
0.000154853
0.000115934
0.000101768
4.39745e-05
3.13075e-05
6.6688e-06
1.84314e-05
8.89234e-06
9.84006e-06
3.91905e-06
6.68486e-06
0.0005867
0.00034344
0.000222567
0.000166834
7.41574e-05
4.88737e-05
3.40239e-05
1.69679e-05
4.6e-06
8.25046e-06
6.21569e-06
6.13746e-06
4.69484e-06
4.78058e-06
5.21404e-06
5.25084e-06
6.33158e-06
4.97331e-06
1.4643e-05
5.42125e-06
8.8268e-06
7.56601e-06
7.25168e-06
5.56452e-06
1.20547e-05
0.00199302
0.00195132
0.00194025
0.00177029
0.00142826
0.00126759
0.000839973
0.000531397
0.000359746
9.77752e-05
3.87482e-05
0.000112737
0.000390841
0.000382212
0.000965322
0.00333397
0.00656032
0.0101357
0.0110947
0.00905762
0.00700476
0.00752046
0.0041312
0.00279914
0.00174658
0.00137144
0.000896407
0.000468636
0.000365326
0.000372334
0.000305259
0.000426918
0.000444528
0.00018241
0.000152321
0.000138034
0.00011523
0.000108276
0.00011496
0.000100853
0.000345016
0.000294699
0.000486178
0.00104155
0.00145257
0.0016256
0.00185313
0.00182456
0.0029539
0.00325146
0.00476294
0.00492608
0.00635537
0.0057835
0.00709712
0.00307393
0.00711086
0.0029806
0.0025867
0.00264926
0.00252229
0.00253615
0.00248111
0.00223017
0.00232416
0.00256836
0.00231523
0.00251479
0.00258677
0.00233929
0.00227483
0.00210917
0.00227299
0.00196118
0.00218589
0.00217262
0.00223525
0.0021591
0.0021081
0.00214576
0.00201248
0.00210541
0.00216201
0.00200135
0.00214126
0.00101621
0.000606157
0.00011499
0.000196055
0.000135281
0.000271185
0.000414357
0.000147387
0.000150964
0.00133839
0.0008168
0.00167701
0.00101032
0.00195936
0.00342102
0.00227265
0.00686612
0.00395193
0.00480857
0.00461989
0.00315319
0.00512205
0.00504236
0.00378307
0.0051832
0.00509147
0.00282288
0.0059246
0.0040166
0.00419257
0.00419599
0.00276127
0.00385322
0.00217648
0.00151402
0.00139432
0.00126834
0.000793549
0.000716651
0.00231699
0.00132679
0.00143059
0.000814862
0.000798361
0.000483189
0.000164031
3.86185e-05
3.86464e-05
3.86922e-05
3.87161e-05
3.88325e-05
3.89861e-05
3.89722e-05
3.74054e-05
0.000632643
0.000605426
7.2643e-05
0.0149511
0.0113131
0.0099126
0.00869919
0.00802841
0.00764252
0.00688729
0.00615884
0.00498135
0.00393701
0.00277422
0.00202601
0.00120137
0.000824967
0.000394609
0.000223621
0.000104896
6.57774e-05
7.30003e-05
1.91157e-05
1.45279e-05
3.2366e-05
2.37698e-05
6.46994e-05
6.15312e-05
8.22433e-05
7.12311e-05
6.45386e-05
3.77802e-05
3.15044e-05
6.64817e-05
3.69212e-05
2.41029e-05
4.03996e-05
4.80577e-05
4.13659e-05
4.31234e-05
5.31372e-05
5.92573e-05
1.56953e-05
5.96347e-05
5.54071e-05
2.2516e-05
2.27004e-05
0.000732174
0.000668349
0.000572553
0.000600343
0.000593559
0.000530077
0.000551897
0.000478154
0.000469951
0.000435399
0.000377986
0.000363382
0.000321887
0.00031798
0.000244716
0.00025877
0.000314707
0.000259924
0.000226611
0.000215497
0.000200144
0.000162954
0.000190518
0.000187866
0.000133971
0.000122524
0.000113532
0.000132004
0.000219912
0.000108457
0.000109804
2.53162e-05
7.25736e-05
0.00024198
0.00053157
0.000752314
0.000654895
0.00296217
0.00311773
0.00636626
0.00743113
0.00695704
0.00593096
0.00415494
0.00326002
0.00161752
0.00104446
0.00117907
0.000491317
0.000185524
4.94701e-05
5.49247e-05
0.000169889
3.73561e-05
1.26586e-06
3.76068e-05
1.42077e-05
5.9772e-05
0.000310801
0.000354002
0.000552013
0.000810115
0.00241363
0.00265198
0.00293329
0.00338538
0.00416811
0.0051351
0.0055255
0.00760223
0.00754943
0.010362
0.00933354
0.0112905
0.00987178
0.0134808
0.0183983
0.0135852
0.0127713
0.0136189
0.0119019
0.0101286
0.0019326
0.00200224
0.00205254
0.00222
0.00202171
0.00221938
0.00204355
0.00209008
0.00222467
0.00217224
0.0022846
0.00251843
0.00232673
0.0023666
0.00238864
0.00246119
0.00245111
0.00239694
0.00289036
0.0024486
0.00281869
0.00255459
0.00254334
0.00254589
0.00217637
0.00222715
0.000498212
0.000959497
0.0010004
0.00040106
0.000368914
0.000685479
0.000541355
5.07701e-05
8.64147e-05
7.88836e-05
5.4867e-05
0.000819069
0.00107059
0.000357669
0.000928908
0.000746285
0.00121316
0.000633186
0.000816164
0.00349223
0.00273631
0.00278314
0.00405734
0.00666423
0.0037677
0.00474818
0.00442278
0.00293187
0.00429731
0.00335631
0.0036646
0.00360771
0.0032958
0.00322956
0.00238316
0.00165717
0.00139205
0.00103044
0.000513944
4.75353e-05
6.46881e-06
0.000380424
0.000573148
0.00188473
0.00359386
0.00730798
0.00965997
0.0134773
0.0106278
0.00873112
0.0081916
0.00738801
0.00883034
0.00801512
0.00864289
0.00508882
0.00717118
0.00914156
0.00329562
0.00321371
0.00347443
0.00367238
0.00459224
5.63258e-05
5.93095e-05
6.167e-05
6.38764e-05
0.000348095
0.0018428
0.000123573
0.00107343
0.000879597
0.000867092
0.000692929
0.000452821
0.000344427
0.000182966
3.73968e-05
1.10828e-05
7.54725e-06
2.64298e-06
1.67613e-05
1.35354e-05
1.35165e-05
1.66586e-05
4.1516e-05
5.07426e-05
6.59468e-05
0.000124446
0.000207533
7.77944e-05
0.000161122
0.00018882
0.00014247
0.000123543
0.000100066
0.000186002
0.000134129
0.000179696
0.000598783
0.000264231
0.000270624
0.000497438
0.000249408
0.00016588
0.000227341
8.01434e-05
0.000142961
6.59518e-05
2.50962e-05
1.71447e-05
6.00367e-06
6.11493e-06
2.70689e-06
1.88251e-05
7.89836e-06
2.00577e-06
2.78714e-06
3.14387e-06
5.13464e-06
7.03002e-06
3.24142e-05
3.96834e-06
6.18757e-06
5.91213e-06
1.54319e-06
1.61747e-05
1.28648e-05
5.34943e-06
4.16889e-06
4.88593e-06
0.00421721
0.00264424
0.00162295
0.000723081
0.000282754
0.000137986
6.35787e-05
3.08762e-05
1.41748e-05
9.2713e-06
5.57068e-06
0.00272685
0.00267702
0.00244463
0.00217572
0.00190691
0.00164291
0.00140286
0.00104199
0.000767529
0.000232798
8.96875e-05
0.000121471
0.000150061
0.000506987
0.00076735
0.00293333
0.00649254
0.00928263
0.0104803
0.0135103
0.0141926
0.0129238
0.00962922
0.00844435
0.0091677
0.00529281
0.00405476
0.00363743
0.00165314
0.00161506
0.00141383
0.00121807
0.001102
0.000749307
0.000851615
0.000515553
0.000456337
0.000473176
0.000337184
0.000287134
0.000212014
0.000268419
0.000200708
0.000209331
0.000280001
0.0014612
0.00157057
0.00214446
0.00270577
0.00357808
0.00442897
0.00451571
0.002144
0.00211478
0.00221639
0.00309553
0.00381559
0.00516367
0.00616607
0.00758725
0.00476123
0.00365106
0.00144915
0.00135311
0.00144655
0.0014128
0.00143889
0.00145578
0.00129926
0.00144839
0.00128104
0.00140259
0.00134811
0.00126573
0.00132036
0.00132791
0.00133008
0.00129203
0.00130129
0.00131196
0.00135268
0.00120644
0.00133809
0.00125468
0.00140403
0.00122782
0.00122807
0.00123067
0.00121926
0.000685273
0.00101833
0.000201155
0.000759122
0.000113656
0.000111632
0.00020954
0.000623936
0.000494283
0.0026492
0.00289659
0.00263279
0.00408976
0.00326418
0.004413
0.00464514
0.00730377
0.00648052
0.00381424
0.00565883
0.00492945
0.00349099
0.00522029
0.00417796
0.00166878
0.0012272
0.00246064
0.00180865
0.00126658
0.00124996
0.000687147
0.000750591
0.000293486
0.000532552
0.000595234
0.000479925
0.000156909
0.000230653
0.000392589
0.000139933
0.000238133
0.000298361
0.000285598
0.000547428
0.000970015
4.34305e-05
4.38505e-05
4.34648e-05
4.39532e-05
4.38117e-05
4.3423e-05
4.20324e-05
0.000498622
0.000686698
0.000506816
0.00257374
0.00248482
0.00228691
0.00206646
0.00155566
0.00121715
0.000740967
0.000557813
0.00197423
0.00158111
0.000920727
0.000721767
0.000665321
0.000423792
0.000412338
0.000302294
0.000184083
8.25084e-05
0.00010493
6.06209e-05
2.19997e-05
5.55155e-06
4.84593e-06
3.38785e-06
3.64812e-06
0.000944934
0.000547504
0.000423968
0.00034568
0.000308577
1.47058e-05
4.90481e-06
6.27713e-06
3.48826e-06
5.39754e-06
7.18933e-06
1.97852e-05
1.185e-05
3.73136e-05
4.98379e-05
0.000101422
9.60226e-05
4.95637e-05
9.63756e-05
0.000101319
0.00012417
0.000102383
0.000123315
3.5595e-05
5.92005e-05
0.000113176
0.000118823
0.000113106
3.74062e-05
6.67124e-05
0.00014296
1.59434e-05
1.23232e-05
0.000262064
0.000334521
0.000451104
0.000375492
0.000379201
0.000348495
0.000265889
0.000181598
0.000109287
3.80394e-05
3.38693e-05
0.000134248
0.00062036
0.000718209
0.00356135
0.00752516
0.0099097
0.0104044
0.00986036
0.00782382
0.00848247
0.00598685
0.00515344
0.00229241
0.00314497
0.00170866
0.000825938
0.000385075
0.000405141
0.000340887
0.000317355
0.000253783
0.000216588
0.000209823
0.000224929
0.00014029
0.000298623
0.000360546
0.000818448
0.000918697
0.00149786
0.00173676
0.00199004
0.00222325
0.0026584
0.00310953
0.0038343
0.0045808
0.00556146
0.0064535
0.0073892
0.0288555
0.00733959
0.00431868
0.00325467
0.00283477
0.00241442
0.00221692
0.00203826
0.00186336
0.00181161
0.00166033
0.00158527
0.00152166
0.00144453
0.00145879
0.00141072
0.00143969
0.00147806
0.00139154
0.00156807
0.00137037
0.00138382
0.00142724
0.00142922
0.00132219
0.00134853
0.00138112
0.0013598
0.00115836
0.00122033
0.000961155
0.000442485
0.000262208
0.000248955
0.000269999
0.000402515
0.000449063
0.000335554
0.00197199
0.00314191
0.00266303
0.00250069
0.00167464
0.00139735
0.0035986
0.000956432
0.00139933
0.00125077
0.000923782
0.00101016
0.000811493
0.000134287
0.000580062
9.06298e-05
0.000176433
0.000740898
7.26036e-05
0.000616839
0.000305986
0.000142012
0.000186697
0.000544511
8.85895e-05
0.000319977
0.000110844
0.000740875
0.00043224
0.00100222
9.83622e-05
0.00676659
0.00420265
0.00267804
0.00807404
0.00382679
0.00309552
0.00402051
3.79471e-05
3.79629e-05
3.79581e-05
3.79533e-05
3.79418e-05
3.78806e-05
0.000335183
0.00293959
0.00926514
0.00709414
0.0050538
0.00440969
0.00413858
0.00312846
0.00262906
0.00174656
0.00129421
0.000877897
0.000524595
0.000243587
0.000102058
0.0001505
0.000107416
8.34299e-05
4.20075e-06
7.46754e-06
8.09352e-06
1.06752e-05
1.65074e-05
1.24076e-05
5.42966e-06
9.97409e-06
6.08559e-06
1.6737e-05
3.19495e-05
2.76189e-05
1.0552e-05
7.69621e-06
3.91224e-05
0.000238464
0.000165978
6.28248e-05
3.83882e-05
1.59812e-05
4.55485e-06
1.12278e-05
3.8091e-06
1.14887e-05
0.000698837
0.000402837
0.000290307
0.000130571
8.53057e-05
5.89397e-05
1.70741e-05
2.05024e-05
1.18445e-05
6.47732e-06
4.83473e-06
6.96438e-06
5.65897e-06
6.00475e-06
7.18719e-06
8.66815e-06
5.88435e-06
5.86557e-06
7.15589e-06
9.19336e-06
1.65033e-05
1.6176e-05
0.00218429
0.00217828
0.0020883
0.00186488
0.0017055
0.00143186
0.00107068
0.000782411
0.000557659
0.000278322
6.71932e-05
4.15573e-05
5.12632e-05
0.000231537
0.000340988
0.00164644
0.0044143
0.0103538
0.0101575
0.00820859
0.00627686
0.00440363
0.00324361
0.00326918
0.00198115
0.00141527
0.00116761
0.000887154
0.000634693
0.000450069
0.00049274
0.000301301
0.00055342
0.000298283
0.000160519
0.0001495
0.000134885
0.000115836
0.000107009
9.62274e-05
5.85272e-05
7.86539e-05
3.51393e-05
0.000331596
0.00100801
0.00149325
0.00148467
0.00162952
0.00229369
0.00253766
0.00324865
0.00442131
0.0042662
0.00445628
0.00503464
0.00573305
0.00694268
0.00690839
0.00512427
0.00348193
0.00326738
0.00295366
0.00321763
0.00274833
0.00286124
0.00277226
0.0030248
0.00234007
0.00261275
0.00245025
0.00249771
0.00238852
0.00232859
0.00216441
0.00227377
0.0022869
0.00220607
0.00211137
0.00226939
0.002196
0.00212715
0.00211512
0.00228713
0.00227214
0.00212009
0.00195298
0.00209632
0.001956
0.00190661
0.00197912
0.000960904
0.000851033
0.000149646
0.00043247
0.000496954
0.000198141
0.000171733
0.000243979
0.00015258
0.00104018
0.000380122
0.00078513
0.00221833
0.00246407
0.0031621
0.00285448
0.00405689
0.00480819
0.00450495
0.00427593
0.00398495
0.00438426
0.0061521
0.00495548
0.00548608
0.00599741
0.00491463
0.00406045
0.00388174
0.00639264
0.00463746
0.00326593
0.00224777
0.00340335
0.00274162
0.00256378
0.00269447
0.00452851
0.000816806
0.00163722
0.00068123
5.27495e-05
3.60665e-05
3.61055e-05
3.61798e-05
3.60945e-05
3.61542e-05
3.62581e-05
0.00112109
0.0015568
1.85938e-05
0.00785865
0.00799204
0.00701577
0.00619326
0.00604537
0.00533374
0.00512183
0.00431142
0.00350678
0.00246956
0.00180969
0.000985812
0.00063013
0.000234739
0.000192266
7.12547e-05
4.5417e-05
1.6652e-05
1.71363e-05
6.35404e-06
5.88963e-06
8.49161e-06
9.53198e-06
5.49176e-05
4.15113e-05
4.2742e-05
0.000109171
8.58386e-05
5.32736e-05
7.14805e-05
0.000199604
0.000157182
0.000162818
0.000137919
0.000150082
0.000128354
0.00010321
0.000107562
9.34122e-05
8.18078e-05
5.34717e-05
4.84441e-05
4.78365e-05
5.75533e-05
2.07103e-05
0.00010871
0.000109479
8.66643e-05
6.91132e-05
4.98453e-05
1.6172e-05
3.24277e-05
9.41006e-05
8.35171e-05
8.40731e-05
9.51483e-05
0.000372911
0.000245303
0.000185642
0.000148303
9.35471e-05
7.49553e-05
4.10005e-05
0.000369806
0.000322762
0.000217075
0.000158745
0.000107691
5.90654e-05
4.23231e-05
3.15953e-05
2.33426e-05
0.00134288
0.00135409
0.00135489
0.00118818
0.000902082
0.000601201
0.000346858
0.00030898
4.87914e-05
0.000157309
0.000407193
0.000506716
0.00074445
0.00310945
0.00562812
0.00803633
0.00757706
0.00668228
0.00463559
0.00387292
0.00222806
0.00134432
0.00163963
0.000527327
0.000475164
0.000445941
0.000485337
0.000538414
0.000371937
0.000202071
0.000196812
0.000166216
9.03059e-05
4.15452e-05
3.01921e-05
1.52302e-05
0.000123917
7.65708e-05
0.000143629
0.000180533
0.000441245
0.00136793
0.00393393
0.00248861
0.00287634
0.00296481
0.00553398
0.00540686
0.00591833
0.00940855
0.0109676
0.0114112
0.00955942
0.00866422
0.0124239
0.0145184
0.0229269
0.0153216
0.00214873
0.00228415
0.00228338
0.0023176
0.00238896
0.00238471
0.00235167
0.00261511
0.00241366
0.00257292
0.0026578
0.00241561
0.00241918
0.00242232
0.00232359
0.00246519
0.00256778
0.00249752
0.00197894
0.000892889
0.0015157
0.000220208
0.000258026
0.000113336
0.000110102
9.7141e-05
0.000115812
0.000275702
0.00021413
0.000232915
0.00196145
0.00144889
0.00177353
0.00105428
0.00241596
0.00222385
0.00248587
0.0024221
0.00549635
0.00259135
0.00675763
0.00353399
0.00416782
0.00409109
0.00551022
0.00460775
0.0048102
0.00407618
0.00385718
0.00395208
0.00298238
0.0033857
0.00352091
0.00272
0.00245398
0.00387238
0.00223414
0.00204978
0.00329144
0.00171177
0.00152808
0.00183362
0.000955754
0.000492913
0.000543058
0.000354092
0.000407733
0.000116836
3.71537e-05
4.28442e-06
4.57329e-07
0.000128088
0.000300773
0.000473805
0.00154909
0.00376835
4.75918e-05
4.84491e-05
4.96441e-05
5.09343e-05
5.26315e-05
5.47756e-05
5.71341e-05
5.88288e-05
0.00163731
0.0023348
8.53176e-06
0.000197499
0.00196327
0.00169507
0.00173084
0.00139967
0.0012344
0.00106154
0.000468018
0.000194891
8.57937e-05
2.67535e-05
1.88981e-05
6.80094e-06
6.99698e-06
5.89041e-06
9.20607e-06
2.87465e-05
3.80462e-05
5.56317e-05
5.56978e-05
5.65113e-05
7.71571e-05
0.00011063
0.00016149
7.14323e-05
0.000124706
9.58663e-05
7.10597e-05
2.94663e-05
2.29294e-05
8.49178e-05
0.000944929
0.00100207
0.000727592
0.000349688
0.000940294
0.000672425
0.000378802
0.000295579
0.000146588
4.75939e-05
3.57626e-05
1.78044e-05
5.14771e-06
4.6201e-06
4.52037e-06
7.69492e-06
1.16893e-05
7.45877e-06
5.62695e-06
1.46815e-05
6.35465e-06
1.48128e-05
1.13599e-05
1.29409e-05
1.81325e-05
9.80977e-06
5.56551e-06
8.07634e-06
1.5296e-05
6.0505e-06
0.00587841
0.00318254
0.00177072
0.00115722
0.000506698
0.000246648
0.000103382
4.75805e-05
3.39894e-05
2.11306e-05
1.72825e-05
8.17832e-06
0.00362981
0.00335944
0.00313452
0.00287348
0.00249972
0.00226257
0.0018978
0.00145462
0.000900119
0.000595857
0.000229711
0.000137658
0.000237582
0.000423452
0.0023132
0.00467698
0.00724099
0.00778259
0.00795567
0.00629703
0.00551355
0.00275157
0.00187762
0.000841064
0.000602976
0.000429495
0.000285049
0.000229986
7.25932e-05
0.000105854
5.57397e-05
9.19983e-05
9.15198e-05
8.33324e-05
0.00010958
0.000348473
0.000175278
0.000562704
0.000534929
0.00105748
0.000763549
0.000907937
0.00117996
0.00124533
0.00196108
0.00222351
0.00193815
0.00146165
0.00166581
0.00130178
0.00212386
0.00171547
0.00125251
0.00133866
0.00106496
0.00103219
0.0014034
0.000934874
0.0011685
0.00125982
0.00092333
0.000807238
0.000848902
0.000672358
0.000834629
0.000533416
0.000640441
0.000799038
0.000942928
0.000564195
0.000696197
0.000643168
0.000498751
0.000607498
0.00081582
0.000468505
0.000562062
0.000524715
0.000567068
0.000340529
0.000399658
0.000555844
0.000534742
0.000289007
0.00045022
0.000609909
0.00056456
0.000355347
0.00031349
0.000428776
0.000247724
0.000297381
0.000353791
0.000229213
0.000210749
0.000157177
0.000416484
0.000320498
0.000224532
0.000259163
0.00017521
0.000206358
0.000251678
0.000171788
0.000349593
0.00015243
0.000242981
0.000238234
0.000378487
0.000245491
0.00025059
0.000238114
0.000215142
0.000126201
0.000225615
0.000209366
0.00019019
0.000175253
0.000167333
0.000153662
0.000152452
0.000140016
0.000132657
0.000123856
0.000114284
0.000101959
0.000236996
0.000158579
0.000143297
0.000179817
0.000161284
0.00015804
0.000139976
0.000126758
0.00011964
0.000106755
9.91553e-05
9.87598e-05
9.32385e-05
9.14969e-05
7.80221e-05
7.40938e-05
7.35517e-05
8.15998e-05
7.03956e-05
6.87672e-05
7.25771e-05
7.27236e-05
7.13781e-05
0.000287509
0.000276058
0.000265915
0.000258791
0.000250625
0.000243651
0.000231794
0.000222716
0.000213079
0.000206112
0.000207885
0.000203829
0.000192253
0.000190137
0.000194737
0.000198609
0.00019111
0.000178632
0.000189588
0.000190957
0.00021831
0.00021242
0.000303864
0.000327508
0.000335561
0.000367412
0.000419895
0.000468685
0.000507574
0.000583166
0.000840527
0.0011834
0.00137819
0.00160611
0.00197005
0.00220752
0.00258083
0.00382523
0.00451567
0.0039966
0.00427537
0.00285983
0.000994503
0.000545964
0.000984195
0.000554843
0.000217617
0.00129405
0.00198043
0.00134053
0.000634071
0.0012727
0.00138981
0.000318056
0.000216156
0.000500774
0.00102478
0.000566597
0.000595056
0.000398038
0.00121796
0.00145079
0.00106401
0.000545687
0.00120702
0.00108515
0.00087008
0.000825333
0.00225653
0.0017097
0.00185842
0.00147842
0.00284218
0.00234978
0.00247818
0.00156217
0.0031423
0.00394949
0.0031351
0.00330301
0.00277252
0.00544706
0.0043359
0.00764442
0.00590918
0.00591841
0.00653355
0.00504161
0.00304641
0.000904164
0.000893351
0.000941754
0.0039377
0.000890589
0.00088381
0.000869196
0.000864925
0.000857142
0.000836543
0.000845657
0.000836391
0.000856622
0.000852279
0.000843953
0.00084768
0.000843471
0.000831495
0.000809274
0.000818693
0.000815514
0.000809418
0.000805294
0.000798806
0.000794509
0.000789893
0.00078867
0.000784997
0.00078431
0.000781565
0.000780482
0.000777176
0.000786578
0.000783037
0.000784452
0.000779677
0.00077841
0.000773134
0.000778031
0.000782523
0.00077839
0.000780424
0.00079573
0.000790506
0.000790505
0.000772555
0.000764275
0.000760504
0.000763322
0.000764824
0.000764586
0.000773527
0.000791669
0.000427227
0.000383611
0.000271607
0.000754863
0.000750799
0.000755323
0.00075981
0.000762011
0.000337355
0.000757361
0.000752255
0.000759868
0.000752347
0.000727804
0.00075537
0.000770113
0.00052853
0.000690229
0.00068573
0.000502236
0.000520419
0.000379765
0.000128842
0.000127887
0.000131075
0.000124495
0.000123481
0.000147045
0.000144855
0.000198607
0.000158675
0.000156188
0.000245665
0.000494509
0.000621922
0.00084922
0.0016167
0.00157763
0.00190449
0.0014851
0.001636
0.00146259
0.00142464
0.00210295
0.00288755
0.00279751
0.00280048
0.00238274
0.00230574
0.0023769
0.00474989
0.0051661
0.00233408
0.00244714
0.00531997
0.00504405
0.00530683
0.00499422
0.00492342
0.00398526
0.00391356
0.00520484
0.00478141
0.00483727
0.00386874
0.0035114
0.00384161
0.00230354
0.00299188
0.00396406
0.00395376
0.00343254
0.00320135
0.00191559
0.00180371
0.00218449
0.00203036
0.00172939
0.00156883
0.00151131
0.00134513
0.000996786
0.00104971
0.00128975
0.000994704
0.000856376
0.000900967
0.00013466
0.00015655
0.000294214
0.000293366
0.000176879
9.24991e-05
9.93684e-05
0.00010779
0.000102762
8.96182e-05
0.000158698
0.000116741
9.53834e-05
0.000117595
0.000100376
0.000211811
0.000214843
0.00014605
0.00011734
0.000510638
0.00039927
0.00010406
0.000445435
0.000213644
0.000143987
0.000100356
0.000111765
0.000100309
0.00012028
0.000435431
0.000238402
0.000265181
0.000331211
0.000118198
0.00213305
4.60511e-05
4.60436e-05
4.60343e-05
4.60282e-05
4.602e-05
4.60142e-05
4.60142e-05
4.60028e-05
4.60723e-05
4.60546e-05
4.63633e-05
8.37146e-05
8.32248e-05
8.34052e-05
0.000494693
3.51051e-05
4.26625e-05
5.16337e-05
4.29667e-05
0.000774425
0.000674487
0.000806667
0.000716848
0.000775211
0.000691583
0.000508043
0.000441339
0.000224778
0.000185679
0.000172433
7.15776e-05
5.61938e-05
4.78068e-06
2.84269e-06
1.85572e-05
2.30369e-05
2.08173e-05
3.59006e-05
3.82902e-05
3.56837e-05
1.22339e-05
6.17732e-05
6.5436e-05
0.000107313
0.000109621
0.000140578
0.000142042
8.77688e-05
8.66398e-05
6.11376e-05
4.30256e-05
4.46512e-05
4.02651e-05
2.44101e-05
2.46341e-05
3.11211e-05
3.06501e-05
2.71388e-05
5.1077e-05
5.23447e-05
5.03922e-05
4.44122e-05
7.92157e-05
5.82017e-05
5.20791e-05
2.9394e-05
1.91175e-05
2.0542e-05
1.36453e-05
1.95714e-06
1.87412e-06
3.24642e-06
2.79548e-06
1.23901e-05
6.71595e-06
3.19211e-06
1.52405e-06
1.573e-05
1.79077e-05
3.7025e-05
3.39041e-05
1.08001e-05
1.19011e-05
1.16384e-05
6.84448e-06
6.14953e-06
1.20359e-05
1.27736e-05
1.38553e-05
1.3698e-05
1.26671e-05
1.96801e-06
4.28933e-06
4.25894e-05
4.25547e-05
2.16796e-05
3.35045e-05
8.14227e-05
9.99404e-05
0.000116284
0.000148468
0.000120546
0.000148392
0.000202383
0.000278825
0.000166646
0.000157384
0.000199876
0.000192472
0.000223477
0.000196405
0.000244004
0.000395569
0.000341903
0.000188217
0.000376594
0.000240726
0.000451638
0.000238025
0.000448259
0.000377395
0.000318635
0.000559001
0.000472814
0.000339342
0.000381146
0.000318236
0.000408923
0.00045126
0.0107929
0.00700634
0.00405495
0.00212571
0.00108769
0.000574391
0.000258965
0.000125259
4.50765e-05
2.28401e-05
1.3866e-05
5.80899e-06
4.59589e-06
3.2279e-06
2.71396e-06
2.7491e-06
2.88306e-06
2.71391e-06
2.76854e-06
3.41458e-06
2.9866e-06
3.17809e-06
3.50328e-06
3.10921e-06
5.12673e-06
5.43382e-05
4.10128e-05
1.54226e-05
1.11267e-05
8.94549e-06
6.69955e-06
3.67759e-06
4.09514e-06
5.54019e-06
0.00287269
0.00269953
0.00254704
0.00239414
0.00185676
0.00167489
0.00147188
0.00137086
0.00129747
0.0012568
0.00113292
0.00102895
0.000862233
0.000808759
0.000662661
0.000538877
0.000459384
0.000439134
0.00031091
0.00026834
0.000130652
0.000137827
5.01298e-05
3.77972e-05
1.17937e-05
1.58623e-05
1.19086e-05
5.61924e-05
6.3893e-05
0.000216264
0.000239416
0.00026277
0.000614852
0.000640983
0.000437757
0.000681329
0.000614102
0.00087491
0.00087806
0.000711689
0.00277053
0.00252274
0.00528528
0.00544019
0.00869184
0.00869286
0.00800193
0.00964473
0.00957395
0.0108303
0.0119747
0.0109955
0.0121704
0.0115175
0.0110508
0.0105483
0.00959005
0.00966428
0.00802391
0.0073949
0.00654953
0.00288361
0.00312127
0.00243684
0.0034171
0.00277227
0.00196882
0.00234414
0.00168148
0.00108488
0.00132307
0.000794533
0.00073942
0.000818276
0.000626756
0.000768944
0.00076494
0.000351811
0.000388981
0.000217484
0.000479003
0.000336726
0.000214574
0.000217418
0.000222751
0.000246189
0.000312283
9.27106e-05
9.78274e-05
8.36e-05
8.28158e-05
7.05415e-05
7.95793e-05
8.27099e-05
6.65693e-05
0.000243027
0.000126651
0.000204456
0.000204699
0.000237866
0.000209833
0.000249684
0.000565397
0.000800856
0.000574836
0.000571593
0.000604113
0.000820397
0.00110994
0.001255
0.00101965
0.0012316
0.00133744
0.00125486
0.00140905
0.0015067
0.00181917
0.00178036
0.0017067
0.00154347
0.00161562
0.00189241
0.00224497
0.00167149
0.00117008
0.000848226
0.00189763
0.00111084
0.0015874
0.00130618
0.00162107
0.00154581
0.00128054
0.00277151
0.00211186
0.0033026
0.00256238
0.00258951
0.00138151
0.00348872
0.00265699
0.00392632
0.00321841
0.00208682
0.00126953
0.00256692
0.00135325
0.00133684
0.0014581
0.00140725
0.00142016
0.00123599
0.00125356
0.00147338
0.0014559
0.00141335
0.00138387
0.00139009
0.00138254
0.00152751
0.00150201
0.00141774
0.00141519
0.00138245
0.00136854
0.00135335
0.00135245
0.00141181
0.00137407
0.00129136
0.00132512
0.00122551
0.00121951
0.00131813
0.00131943
0.00133263
0.00130335
0.00134868
0.00128134
0.00125576
0.00126943
0.00124083
0.00124156
0.00126895
0.00127918
0.00125369
0.00126466
0.00134494
0.00136692
0.00124694
0.00122367
0.00124129
0.00120865
0.00118793
0.00118675
0.0013285
0.00131262
0.00112929
0.00111374
0.00112035
0.00121927
0.0011976
0.00119761
0.00114456
0.00114782
0.00114531
0.00112839
0.00100601
0.000249067
0.000172447
0.000353119
0.000350077
0.000299291
0.000194307
0.000193491
0.000132026
0.000129379
0.000477677
0.000637637
0.00076171
0.000194801
0.000190135
0.000215702
0.000821621
0.000794382
0.000951377
0.00105564
0.00145319
0.000345114
0.000334786
0.00043592
0.00107751
0.00103699
0.00124547
0.000640045
0.00061713
0.000932487
0.00276918
0.00289189
0.00240984
0.00228559
0.00305689
0.00277292
0.00270813
0.00271169
0.00233514
0.00408009
0.00426766
0.00420326
0.00382945
0.0036631
0.00312745
0.00281485
0.00190527
0.00343136
0.00299589
0.00262171
0.00161164
0.00181603
0.00158824
0.00145679
0.00137637
0.00212145
0.00179896
0.00172249
0.000972362
0.000838955
0.000617529
0.00072193
0.00056919
0.000505762
0.000578763
0.00070589
0.00110744
0.000989088
0.00039648
0.000418623
0.000113484
0.000118837
0.000124946
0.000253289
0.000261972
0.000557392
0.000573896
0.000324779
0.000302786
0.00034784
0.00251477
0.00147781
0.000786759
0.000462585
0.000246903
0.000155758
0.000121465
0.00010059
7.70201e-05
7.85528e-05
7.51298e-05
7.55575e-05
0.000180578
0.000213706
0.000174711
0.000101965
7.93951e-05
7.80123e-05
8.29859e-05
7.09125e-05
0.000136691
0.000136325
0.000139783
0.000533758
0.000636058
9.69041e-05
7.93641e-05
7.39501e-05
0.000151165
0.00257234
0.00197156
4.46325e-05
4.46387e-05
4.46374e-05
4.4631e-05
4.46432e-05
4.46198e-05
4.45848e-05
4.45862e-05
4.45891e-05
4.46271e-05
4.55053e-05
4.55031e-05
4.56601e-05
0.00195674
0.00182947
0.000292229
0.000291682
0.000382643
0.000316697
0.000938027
0.000845685
0.000908521
0.000836099
0.000759676
0.000687607
0.000464104
0.000431477
0.000382145
0.00016306
0.000133087
6.53045e-05
5.08622e-05
1.5337e-05
1.16574e-05
1.44028e-05
1.03476e-05
5.19691e-06
5.64845e-06
9.1824e-06
1.14156e-05
1.04854e-05
1.2765e-05
2.30181e-05
2.42235e-05
4.93511e-05
5.12219e-05
8.93686e-05
8.91237e-05
8.20264e-05
8.09682e-05
8.42245e-05
8.4502e-05
7.95628e-05
6.52611e-05
6.4059e-05
0.000114002
0.000101892
5.85793e-05
4.66876e-05
2.71799e-06
0.000830009
0.000663943
0.000466018
0.000361746
0.000284534
0.000219743
0.000327644
0.000251474
0.000223191
0.000167066
0.000146586
0.000113759
8.23494e-05
4.87161e-05
3.42437e-05
5.2988e-05
1.57406e-05
9.05683e-06
2.88428e-05
1.87003e-05
8.93587e-06
5.34298e-06
1.69654e-05
1.0202e-05
5.73579e-06
3.47962e-06
3.33006e-06
2.9449e-06
9.99573e-06
1.12892e-05
3.64241e-06
3.17991e-06
3.23183e-06
1.19765e-05
0.00188602
0.0015559
0.000885111
0.00067856
0.000566336
0.000413153
0.000319827
0.00046946
0.000349467
0.000291478
0.000297127
0.000215064
0.000181166
0.000126334
0.000109041
1.35751e-05
7.73548e-06
4.38699e-06
4.73808e-06
5.31149e-06
8.0415e-06
4.49012e-05
2.88151e-05
2.71888e-05
4.2493e-06
5.45123e-06
5.17135e-06
1.66779e-05
2.14053e-05
1.75675e-05
1.40147e-05
1.68159e-05
3.64104e-06
4.69481e-06
3.08903e-05
1.97189e-05
5.36909e-06
3.79766e-06
4.08231e-06
1.49203e-05
1.87168e-05
1.42936e-05
3.40275e-05
2.23038e-05
6.64496e-06
9.07711e-06
5.82288e-06
3.98745e-06
4.21889e-06
3.79122e-06
4.54657e-06
6.97336e-06
4.3255e-06
4.21313e-06
3.882e-06
0.000171813
0.000489324
0.000355969
0.000284532
1.10218e-05
0.000134497
0.000980936
0.000701773
0.000543509
0.000348565
0.000238434
0.000197076
0.000135515
7.61755e-05
5.53631e-05
7.42901e-05
4.75048e-05
3.89999e-05
4.21241e-05
2.86087e-05
1.08745e-05
8.23077e-06
7.02815e-06
5.65197e-06
6.09762e-06
7.37259e-06
5.95249e-06
6.57932e-06
1.19089e-05
8.39428e-06
9.75811e-06
8.47097e-06
6.70482e-06
7.87808e-06
7.7531e-06
6.90825e-06
7.99244e-06
6.9623e-06
7.82226e-06
8.28297e-06
9.59457e-06
1.42588e-05
1.00916e-05
1.35735e-05
1.89959e-05
1.57524e-05
0.00075778
0.000580478
0.000392371
0.00139277
0.00124135
0.000633378
0.000787642
0.000360255
0.000337955
0.000214298
8.13288e-05
7.78708e-05
8.00371e-05
0.000127766
9.63202e-05
0.00169148
0.00167799
0.00129851
0.00224951
0.00223101
0.00512618
0.00638952
0.00629968
0.00703011
0.0082836
0.00801632
0.00708347
0.00813838
0.00773006
0.00859078
0.00903841
0.0086354
0.00792734
0.0073089
0.00726258
0.00643119
0.00386514
0.0036581
0.00454264
0.00305001
0.0030257
0.00189534
0.00224516
0.0015385
0.00161945
0.00110123
0.000810945
0.000530404
0.000703115
0.000505787
0.000254976
0.000252761
0.00018334
0.000325816
0.000186376
8.40662e-05
0.000114491
8.94679e-05
0.00012554
0.000155837
0.000149654
0.000275705
0.000190691
0.000405267
0.00149847
0.0014741
0.00140671
0.00138608
0.00126433
0.00117023
0.00117837
0.00117578
0.0010975
0.00111943
0.00112909
0.00106742
0.00110695
0.00109384
0.00104349
0.00106928
0.000973793
0.00116075
0.00118973
0.00114125
0.00110822
0.00118526
0.00124663
0.00130321
0.00135924
0.00127574
0.00152841
0.00149125
0.00155873
0.00150768
0.00147642
0.00161063
0.00178096
0.00174484
0.00186238
0.00167102
0.00164449
0.00170953
0.00158661
0.00166256
0.00186942
0.00199147
0.0021033
0.00202986
0.00200179
0.00207383
0.0021433
0.00215587
0.00224391
0.00224271
0.00232986
0.00231138
0.00224777
0.00224801
0.00211807
0.00210709
0.00212928
0.0021103
0.00208856
0.00201897
0.00202165
0.00203495
0.002015
0.00202837
0.00197612
0.00199952
0.00212205
0.00208896
0.00211659
0.0020102
0.00205012
0.00212292
0.00214239
0.00201745
0.00204924
0.00215368
0.00220385
0.00225159
0.00211863
0.00220779
0.00225827
0.00220249
0.00226977
0.00210502
0.0021913
0.00127498
0.00124904
0.000755675
0.000263005
0.000261407
0.000244951
0.000532941
0.000292018
0.000227102
0.000808472
0.000759337
0.00106921
0.000417432
0.000950152
0.00149508
0.00182104
0.00158444
0.00153346
0.00241974
0.00248364
0.00224648
0.00290548
0.00399911
0.00407098
0.00270931
0.00234348
0.00352125
0.00296854
0.00417621
0.00442947
0.00285762
0.00283606
0.00330478
0.00284251
0.00341552
0.00258163
0.00238957
0.00248727
0.00217835
0.00165264
0.00143204
0.00112652
0.00145435
0.00121356
0.00137859
0.00126549
0.00124834
0.000941318
0.00296132
0.00245369
0.000801124
0.00071545
0.00141276
0.00123531
0.00248978
0.0027098
0.00348552
0.00541914
0.00527706
0.00550548
0.00244367
0.00227096
0.00210955
0.000158149
0.0201057
0.0171272
0.00453068
0.00421154
0.000946272
0.000240338
0.000180615
0.000168825
0.000355999
0.000100468
6.00691e-05
0.000143745
0.000244471
0.0002538
1.26437e-05
1.8236e-05
0.000274171
0.000204853
0.0001813
0.000147364
0.000107715
0.000277268
0.000220624
0.000260738
0.000209292
9.34048e-05
7.70993e-05
0.000123911
0.000120003
0.000110953
4.40788e-05
3.33886e-05
9.59978e-06
9.1896e-06
9.02601e-06
9.79159e-06
9.50846e-06
1.11436e-05
1.64939e-05
2.01941e-05
2.32459e-05
1.6359e-05
1.582e-05
1.41449e-05
1.53973e-05
1.64682e-05
1.5264e-05
1.65502e-05
1.22846e-05
1.60771e-05
1.55471e-05
2.30262e-05
2.26529e-05
1.35614e-05
1.33e-05
4.99121e-05
4.92313e-05
4.48463e-05
1.09663e-05
1.30261e-05
1.01973e-05
1.16669e-05
1.12558e-05
1.02e-05
1.01685e-05
1.01996e-05
1.04734e-05
9.50026e-06
4.59032e-05
2.82615e-05
5.09217e-05
3.1118e-05
1.09306e-05
1.25245e-05
1.08377e-05
8.41047e-06
8.85506e-06
8.71761e-06
1.66622e-05
1.23341e-05
1.43917e-05
1.45771e-05
5.01097e-05
4.50622e-05
4.27378e-05
7.57502e-05
5.89955e-05
4.6588e-05
4.35884e-05
3.9047e-05
2.63836e-05
2.17214e-05
1.53564e-05
1.34708e-05
1.02077e-05
1.17416e-05
1.52582e-05
1.55252e-05
2.09494e-05
1.72874e-05
1.4502e-05
1.97185e-05
1.04744e-05
1.0927e-05
2.1027e-05
5.28926e-05
7.82652e-05
5.3931e-05
5.32148e-05
6.23419e-05
2.46359e-05
3.06444e-05
4.23893e-05
5.04262e-05
4.38039e-05
3.27899e-05
3.85429e-05
3.52657e-05
3.77117e-05
2.87028e-05
3.50654e-05
3.32175e-05
5.10567e-05
5.25322e-05
5.81017e-05
3.75177e-05
4.37325e-05
5.33158e-05
6.02259e-05
4.39324e-05
4.9221e-05
5.96473e-05
6.55009e-05
3.81486e-05
4.24271e-05
6.02857e-05
6.00576e-05
6.53833e-05
6.82524e-05
5.47337e-05
5.74492e-05
5.25349e-05
5.47625e-05
3.73604e-05
3.92967e-05
3.52737e-05
4.49938e-05
4.59949e-05
3.71939e-05
3.28035e-05
3.20533e-05
3.14155e-05
3.34028e-05
3.28264e-05
2.49805e-05
2.46437e-05
2.30704e-05
2.06889e-05
2.05189e-05
1.98684e-05
1.91984e-05
1.88235e-05
1.77644e-05
1.78667e-05
1.71819e-05
1.75327e-05
0.000152926
0.00840654
0.00741967
0.00667339
0.00567448
0.00450042
0.00583557
0.00319876
0.00376846
0.00309477
0.000149244
0.000184404
0.000306468
0.000474421
0.000382613
0.00030016
0.000370302
0.000321944
0.000374744
0.000372999
0.000374648
0.000322899
0.000286933
0.000326173
0.000277077
0.000231746
0.000201289
0.000141895
0.00011316
0.000118863
6.243e-05
5.63963e-05
7.41942e-05
8.52624e-05
5.73741e-05
0.000197966
0.000203621
0.000577452
0.000614452
0.000399683
0.00060155
0.000642365
0.000754831
0.000572216
0.000693581
0.0010142
0.00207224
0.00189055
0.00358043
0.00392183
0.00343149
0.0037389
0.00411752
0.00368337
0.00327921
0.00269757
0.00262572
0.00202054
0.000916385
0.000840151
0.000704221
0.000590989
0.000133239
0.000142893
7.39623e-05
4.72901e-05
1.86556e-06
5.5765e-05
2.90437e-06
8.12435e-06
0.000118196
0.000139351
0.000120417
5.82179e-05
0.000237981
0.000166794
0.000149854
0.000235874
0.000299701
0.000297241
0.000413459
0.00051221
0.000664009
0.000791939
0.000829498
0.000585592
0.000736099
0.00104313
0.00107615
0.00117957
0.00131422
0.00214261
0.00240781
0.00136531
0.00123301
0.00152768
0.00181137
0.00209539
0.00235245
0.00225162
0.00249746
0.00229908
0.00244972
0.0023222
0.00258499
0.00290429
0.00350042
0.00304481
0.00378394
0.00365614
0.00337117
0.00368524
0.00372012
0.00378697
0.00481827
0.00494128
0.00544384
0.0042723
0.00536582
0.0052449
0.00535635
0.00566846
0.00515562
0.00573354
0.00500069
0.00616343
0.00629509
0.00804231
0.00547331
0.00669107
0.00686821
0.00665077
0.00751324
0.00925128
0.0115335
0.011053
0.0110697
0.00902326
0.00910466
0.00728282
0.0061537
0.00777715
0.0126069
0.0131598
0.0111112
0.00593049
0.0104497
0.00678428
0.0131276
0.0129949
0.00597987
0.00143911
0.00144492
0.00143443
0.00134576
0.0013429
0.0014104
0.0013822
0.00137779
0.00145171
0.00184071
0.00134061
0.00167692
0.00166553
0.00180408
0.00175586
0.00124987
0.00155863
0.00128104
0.00157311
0.00126247
0.0012561
0.00128446
0.00127421
0.00135231
0.0016757
0.00122411
0.00144083
0.00143509
0.00121941
0.00142213
0.00127295
0.00126939
0.00133207
0.00143827
0.00129418
0.00130413
0.00135606
0.00134129
0.00138293
0.00135904
0.00137679
0.00159931
0.00156784
0.00132236
0.00130499
0.0013215
0.00132796
0.00129838
0.00129803
0.0012354
0.00122798
0.00122543
0.0012175
0.00120403
0.00122817
0.00117018
0.00115114
0.00116957
0.00121962
0.00124468
0.00118599
0.00104214
0.00020648
0.000162644
0.000457606
0.000312152
0.000656368
0.000650155
0.000419708
9.11039e-05
8.93081e-05
9.51981e-05
8.86073e-05
8.88307e-05
8.80074e-05
8.67727e-05
0.000186882
0.000280452
0.000539235
0.000527331
0.000612691
0.000762044
0.000685518
0.000761188
0.00083583
0.00159099
0.00196066
0.00184269
0.00176566
0.00200222
0.00236479
0.00225135
0.00233807
0.00333818
0.00335664
0.00236705
0.00233958
0.00266396
0.00247466
0.00255204
0.00226607
0.00260295
0.00225335
0.00213514
0.00237489
0.00397407
0.00399537
0.00292164
0.00341792
0.00330399
0.00304462
0.00297992
0.00273204
0.00253607
0.00277168
0.00262104
0.00448871
0.00397371
0.00346739
0.00126712
0.00115522
0.00107948
0.00168909
0.00151181
0.000978269
0.0011365
0.00102892
0.00100548
0.00113861
0.00102693
0.0010062
0.00159574
0.00140147
0.00134754
0.00110882
0.00112193
0.00208486
0.00189677
0.000438328
0.000420892
0.000362137
0.000566238
0.000656972
0.000489964
0.000520826
0.000531884
0.000507838
0.000469413
0.00243485
0.00216605
0.00193177
0.00155946
0.00158143
0.00151231
0.001251
0.00110121
0.0010723
0.000854318
0.000826334
0.00100248
0.000822611
0.000665918
0.000570752
0.000568945
0.000155084
0.000127406
0.000134305
0.000207568
0.000167024
0.0002196
6.33276e-05
4.85624e-05
5.27889e-05
3.18897e-05
3.75133e-05
5.38814e-05
4.21402e-05
5.15627e-05
5.76262e-05
3.32615e-05
3.21307e-05
4.54181e-05
6.04548e-05
0.000209122
0.000179948
0.00046586
0.000529115
0.000378598
0.00049529
0.000410096
6.11602e-05
6.03689e-05
6.20577e-05
6.26687e-05
6.25859e-05
6.26529e-05
6.37727e-05
6.10862e-05
6.27666e-05
4.49418e-05
4.48587e-05
3.95908e-05
3.98974e-05
3.93108e-05
5.9776e-05
5.9385e-05
6.41935e-06
1.60389e-06
2.20344e-05
2.99971e-05
0.000870978
0.000762148
0.00123505
0.00113157
0.000902367
0.000836191
0.00139418
0.00125182
0.000358255
0.000312492
0.000207509
0.000178805
0.000171863
0.000148908
0.000141961
6.5072e-05
5.68014e-05
8.14176e-05
5.96202e-05
1.26324e-05
1.45073e-05
1.37816e-05
1.58551e-05
1.73777e-05
1.57466e-05
5.49274e-05
5.37626e-05
2.85766e-05
2.86524e-05
9.01641e-06
7.6063e-06
7.68186e-06
5.38071e-05
5.06817e-05
4.44065e-05
3.91169e-05
6.56722e-06
8.52273e-06
1.99235e-05
2.68135e-05
2.64027e-05
8.22943e-06
1.72516e-05
8.12163e-06
1.1658e-05
4.63623e-05
4.82961e-05
8.39975e-05
8.89822e-05
9.44103e-05
5.99045e-06
4.48809e-06
4.51346e-06
6.25138e-06
1.07797e-05
9.21253e-06
5.41093e-06
7.93118e-06
9.60115e-06
5.42982e-06
5.75001e-06
6.09596e-06
1.02627e-05
7.60815e-06
7.4916e-06
1.33422e-05
1.76022e-05
8.6455e-06
1.03406e-05
4.01719e-05
4.54091e-05
4.01946e-05
2.86642e-05
3.03848e-05
4.89077e-05
5.02834e-05
1.05994e-05
1.17881e-05
2.16205e-05
2.21444e-05
2.21179e-05
2.34259e-05
2.13762e-05
4.32054e-05
4.32427e-05
4.14876e-05
4.30716e-05
4.06236e-05
3.46338e-05
1.19549e-05
1.17112e-05
1.11783e-05
1.32936e-05
1.24098e-05
1.17624e-05
1.08341e-05
1.27352e-05
1.12156e-05
1.23097e-05
1.15596e-05
1.22724e-05
1.22955e-05
1.4502e-05
1.9576e-05
2.67209e-05
3.82859e-05
2.91139e-05
4.46087e-05
4.29412e-05
6.26071e-05
7.8235e-05
8.74555e-05
0.000121361
0.000119871
6.9572e-05
0.000102519
0.000103884
0.000148591
0.000163494
0.000227872
0.000226623
0.000196248
0.000177748
0.000904745
6.10418e-05
0.000837306
0.000634184
0.000498853
0.000455973
0.000571021
0.000446626
0.000402992
0.000258474
0.000192071
0.000170789
0.000163763
0.000112611
0.000106356
8.76153e-05
5.67675e-05
5.44579e-05
4.91598e-05
3.03147e-05
1.50013e-05
9.30465e-06
1.52699e-05
8.40238e-06
9.49226e-06
6.43148e-06
6.11533e-06
1.02769e-05
7.09382e-06
7.22451e-06
6.89256e-06
8.31485e-06
7.62454e-06
7.28896e-06
1.6395e-05
2.22032e-05
3.10745e-05
2.45673e-05
9.56197e-06
1.3673e-05
1.22183e-05
1.84626e-05
2.61906e-05
1.97121e-05
2.17558e-05
2.57584e-05
3.30369e-05
3.55641e-05
1.65734e-05
2.28306e-05
1.97507e-05
1.35406e-05
1.34623e-05
1.12739e-05
0.0185432
0.0165912
0.0146381
0.0128744
0.0111568
0.00930267
0.00780765
0.00627136
0.00498111
0.00385465
0.00288456
0.0021857
0.00257797
0.00215989
0.00197459
0.00134822
0.00132399
0.000822114
0.000715056
0.000397079
0.000338406
0.000321784
0.000132533
0.000160869
3.74108e-05
4.53201e-05
9.75171e-05
0.000505994
0.00298877
0.00295536
0.00254422
0.00365635
0.00616013
0.00738091
0.00724194
0.00548387
0.00807354
0.00853602
0.00793408
0.00830389
0.00738988
0.00634204
0.0064368
0.00592642
0.00565079
0.00475845
0.00456123
0.00301589
0.00307526
0.00256491
0.00239333
0.00192094
0.00128073
0.000885339
0.000572722
0.000547404
0.0008692
0.000322919
0.000144037
0.000146742
0.000161241
0.000119734
0.000118905
0.00013263
0.000111645
0.000154778
0.000184123
0.000197865
0.000177114
0.00023938
0.000180811
0.000306936
0.000173423
0.000219283
0.000290707
0.00027876
0.000421354
0.000364976
0.000512382
0.00036307
0.00366392
0.00323572
0.00305273
0.00285947
0.00270503
0.00267829
0.00241208
0.00233506
0.00225811
0.00197935
0.00190708
0.00201946
0.00201838
0.00171781
0.00171369
0.00190084
0.00195685
0.00154669
0.00161274
0.00153162
0.0016092
0.00150251
0.00144032
0.00142986
0.0014463
0.00143059
0.00164173
0.00158594
0.00165176
0.00152932
0.00148732
0.0015978
0.00147838
0.00144445
0.0015263
0.00159302
0.00155867
0.00168295
0.0016514
0.00161905
0.00175876
0.00176829
0.00173647
0.00189324
0.00186178
0.00196389
0.00205643
0.00205387
0.0020208
0.0021549
0.00231351
0.00247204
0.00265614
0.00252536
0.00248325
0.0025159
0.00244298
0.00247463
0.00251641
0.00246822
0.00252994
0.00249621
0.00252362
0.00253293
0.0025835
0.00255059
0.0026049
0.00250079
0.00264649
0.00269772
0.00288223
0.0030302
0.00264803
0.00265384
0.00286543
0.00292303
0.00240754
0.00173982
0.000664903
0.0016309
0.00109371
0.000262068
0.000350523
0.00033445
0.000506677
0.0012038
0.00179757
0.00113306
0.00143002
0.00176742
0.00243408
0.00228119
0.00206986
0.00278363
0.0032196
0.00408048
0.00254585
0.00223434
0.0030737
0.00216982
0.00291158
0.0031944
0.00317206
0.0028754
0.00310687
0.00367368
0.00321253
0.00279349
0.00245341
0.00263813
0.00226836
0.0020509
0.00207643
0.00234383
0.00170545
0.00188864
0.00164898
0.00137036
0.00155428
0.00194441
0.00121721
0.00208755
0.00177931
0.00147168
0.0018351
0.00281472
0.00247197
0.00223256
0.00152804
0.00187061
0.00219347
0.00218694
0.00141513
0.00132807
0.00191639
0.0031566
0.00345873
0.00698698
0.00659686
0.0068894
0.00168298
0.00165006
0.0019086
0.00101156
0.00789327
0.00638561
0.0052164
0.00445577
0.00130438
0.000226598
0.000264848
0.000197705
0.00072258
0.000717375
0.000655051
0.000766006
0.000777657
0.00058702
0.000593027
0.000145844
4.69492e-05
2.96792e-05
0.000298655
0.000230976
0.000336982
0.00026473
0.000241686
0.000193288
0.000100136
7.65649e-05
6.45217e-05
4.5154e-05
1.94534e-05
4.26848e-05
5.35634e-05
6.71903e-05
6.03207e-05
0.000118394
0.000124323
1.79839e-05
2.02916e-05
5.38219e-05
6.31808e-05
2.05029e-05
2.46547e-05
2.32525e-05
3.64838e-05
4.40799e-05
4.29463e-05
0.000108657
0.000113358
0.000103493
0.000109714
5.86266e-05
6.62562e-05
0.000101325
0.000104948
6.27879e-05
5.16417e-05
3.6968e-05
3.85144e-05
4.53945e-05
2.90546e-05
5.1075e-05
3.7214e-05
6.62075e-05
4.77716e-05
4.24659e-05
3.21642e-05
2.76041e-05
1.53741e-05
1.46733e-05
1.48533e-05
1.48516e-05
1.45534e-05
1.307e-05
1.32839e-05
1.419e-05
1.40559e-05
1.44887e-05
1.80528e-05
1.7481e-05
1.65932e-05
1.20098e-05
1.31894e-05
1.38237e-05
1.51013e-05
2.52536e-05
2.00385e-05
4.54381e-05
8.04687e-05
8.52061e-05
6.86272e-05
7.77462e-05
0.000229072
0.000234009
0.000108008
0.000197126
0.000147627
0.000247069
0.000112351
0.000152433
0.000141792
0.000149354
0.000157833
0.000207651
0.000200174
0.000268068
0.000249724
0.000212364
0.000331067
0.000333704
0.00043198
0.000390725
0.000283906
0.00034376
0.00030415
0.000292326
0.000595968
0.000535263
0.00030659
0.000404963
0.000347022
0.000500994
0.000594651
0.000473597
0.000578333
0.000596384
0.000755339
0.000644668
0.000621602
0.000730002
0.000604218
0.000505151
0.000981693
0.000817275
0.000488811
0.000991525
0.000809484
0.000381188
0.000510788
0.000455673
0.0169654
0.0121838
0.00789885
0.00466018
0.0024469
0.00126834
0.000699346
0.000331084
0.000166429
8.80198e-05
3.86465e-05
3.24286e-05
3.33866e-05
5.25874e-05
4.03512e-05
3.29055e-05
3.36089e-05
3.34e-05
3.44557e-05
3.45563e-05
3.28833e-05
3.77575e-05
3.62761e-05
4.15944e-05
3.86627e-05
3.7916e-05
9.15809e-05
8.35767e-05
9.99042e-05
6.87696e-05
5.58819e-05
5.15814e-05
4.05847e-05
4.09256e-05
3.92232e-05
3.72397e-05
3.81184e-05
3.7414e-05
4.31901e-05
4.13286e-05
4.19175e-05
4.15842e-05
4.25624e-05
4.04021e-05
4.11733e-05
4.05849e-05
0.00655021
0.00618152
0.00546568
0.00466977
0.00460677
0.00402709
0.00355755
0.00345326
0.00306208
0.00285556
0.00267414
0.00256801
0.00234529
0.00203484
0.001775
0.00156854
0.00136247
0.00118422
0.00107369
0.000875904
0.000765112
0.000698234
0.000478981
0.000409081
0.000421195
0.000213424
0.000245294
0.000176318
0.000171898
0.000102308
0.000106529
0.000103746
0.000192161
0.000179059
0.000361833
0.000409518
0.000204451
0.000177643
0.00083256
0.000813056
0.000975979
0.00298095
0.0026964
0.00320446
0.00372673
0.00394795
0.00395523
0.00380683
0.00387497
0.00380622
0.00314853
0.00299027
0.00248749
0.00214457
0.00150441
0.000881571
0.000789822
0.000583049
0.000578677
0.000288882
0.000155427
0.00014796
0.000414784
0.000173524
1.64415e-06
2.20179e-05
2.91919e-06
7.76442e-05
0.000244191
0.000491019
0.000277937
0.000524394
0.000652273
0.000682965
0.000664284
0.000772663
0.000617938
0.000757221
0.000743135
0.000792514
0.000878345
0.00117402
0.000876475
0.00129069
0.00137363
0.00148624
0.00129844
0.00126382
0.00151451
0.00145578
0.0016689
0.00167365
0.00196361
0.0024941
0.00247485
0.00276799
0.00247016
0.00281862
0.00249267
0.00239248
0.00309739
0.00354034
0.00382578
0.00287746
0.00300746
0.00358508
0.00367701
0.00415909
0.00426392
0.00486561
0.00431837
0.00472328
0.00316302
0.0032016
0.00326292
0.00457974
0.00387818
0.00361978
0.00328158
0.0038025
0.00352018
0.00239999
0.0022265
0.00259639
0.002387
0.00258156
0.00236423
0.00268475
0.00338852
0.00349183
0.00320781
0.0031789
0.00329689
0.00291888
0.00326615
0.00379114
0.00330037
0.00355592
0.00434675
0.00401097
0.00412266
0.00375878
0.00414419
0.00332243
0.00319823
0.00294487
0.0028724
0.00268071
0.00283086
0.00261675
0.00255402
0.0022841
0.00226971
0.00249461
0.00236335
0.00235641
0.00224712
0.00215542
0.00214712
0.00199075
0.00205517
0.00205714
0.00199519
0.0019854
0.00198426
0.00196492
0.00186874
0.00182712
0.00182631
0.00183534
0.00181769
0.00187356
0.00182861
0.00182575
0.00188049
0.0018334
0.00182642
0.00165857
0.00165604
0.00168223
0.00189631
0.00184584
0.00183609
0.0017646
0.00174841
0.00166634
0.00170581
0.00172313
0.00174778
0.00161752
0.00159222
0.00159556
0.00172185
0.00174845
0.00175489
0.00183145
0.00182791
0.00169776
0.00169504
0.00168585
0.00166951
0.00165339
0.00163518
0.000729148
0.000536704
0.000827857
0.000671571
0.000472114
0.000331245
0.000426633
0.00033185
0.000270093
0.000487446
0.000538939
0.000216773
0.000210365
0.000254712
0.000308835
0.000296907
0.00052883
0.000488351
0.000814557
0.00105642
0.00113494
0.000899981
0.00163562
0.00177586
0.00142022
0.00153168
0.00149611
0.00186344
0.00172818
0.00231279
0.00209544
0.00224705
0.00195288
0.00177324
0.00183694
0.00288373
0.00272875
0.00228269
0.00238821
0.00241201
0.00208332
0.00180528
0.00170097
0.00170005
0.00144283
0.00128763
0.00157321
0.00129282
0.000910244
0.000512495
0.00175534
0.00078487
0.000716675
0.000969874
0.000805532
0.000827405
0.000300616
0.000268743
0.000236325
0.000511753
0.000440629
0.000440394
0.00060541
0.00037531
0.000333628
0.000320332
0.000108561
0.000167375
0.000221191
0.000264644
0.000465925
0.000378744
0.000154773
0.000213278
5.41046e-05
6.04831e-05
7.35306e-05
7.23827e-05
0.000211296
0.00273078
0.00230327
0.000510933
0.00080369
0.000511754
0.000385725
0.000216266
8.71102e-05
7.65602e-05
8.20972e-05
0.000183975
0.000104744
9.07492e-05
0.000112535
6.97761e-05
6.77677e-05
6.82553e-05
7.5301e-05
7.89753e-05
0.000142618
0.000173584
6.4115e-05
0.00230216
0.00169037
3.89159e-05
3.89144e-05
3.89147e-05
3.88841e-05
3.88693e-05
3.88687e-05
3.88674e-05
3.8879e-05
3.94699e-05
3.92124e-05
3.97629e-05
3.97329e-05
3.99281e-05
0.000219363
0.000239005
0.00122533
0.0011713
0.00104146
0.000157595
0.000133129
0.000398821
0.000294413
0.00025976
9.85444e-05
7.99307e-05
7.62737e-05
7.6264e-05
1.19922e-05
1.10033e-05
9.06108e-05
9.50843e-05
8.78929e-05
6.55079e-05
7.09197e-05
5.84453e-05
6.00837e-05
6.41107e-05
5.38746e-05
9.78525e-05
0.00010305
0.000172291
0.00016927
0.000206549
0.000198478
0.000142103
0.000135268
0.00027977
0.000204405
0.000193233
0.00019715
0.000189215
0.00016548
0.000119851
0.000158929
0.000150488
0.000132201
0.000120559
0.00011336
0.000181301
0.000168609
0.000147697
8.10557e-05
0.000851587
0.000654867
0.000664143
0.000536293
0.000387113
0.000300042
0.000227621
0.000204772
0.00017225
0.000128166
0.000158707
0.000115171
0.000105889
9.25811e-05
6.70202e-05
5.52666e-05
4.01811e-05
4.71502e-05
3.10865e-05
2.71455e-05
3.5459e-05
2.2615e-05
2.28311e-05
4.02746e-06
3.98073e-06
3.98857e-06
4.56979e-06
6.87612e-06
5.90344e-06
6.04682e-06
4.05846e-06
4.60759e-06
4.12646e-06
3.98821e-05
4.67005e-05
3.79952e-05
2.07188e-05
1.51759e-05
2.29078e-05
1.99702e-05
1.65717e-05
8.46373e-06
0.00208311
0.00137279
0.00107636
0.000826115
0.000691212
0.000442279
0.000330166
0.000133513
9.24168e-05
0.000105665
0.00018644
0.000137198
0.00025288
0.000182665
0.000151199
2.77373e-05
1.73849e-05
1.59699e-05
8.06453e-05
0.000109643
7.63899e-05
1.24524e-05
7.33631e-06
6.90055e-06
1.25582e-05
1.73412e-05
2.05038e-05
3.25081e-05
3.6479e-05
4.28386e-05
4.33739e-05
8.35253e-06
5.78229e-06
6.15915e-06
4.63141e-06
4.74891e-06
4.77998e-06
1.05413e-05
6.58064e-06
7.09103e-06
4.92241e-06
4.76537e-06
5.26614e-06
5.07708e-06
1.08931e-05
0.000125507
0.000105577
1.02679e-05
7.74331e-06
0.00041037
0.000307895
0.000697924
0.000781771
0.000640193
0.000462618
0.000292682
0.000199546
0.000158514
0.000172623
0.000119173
5.54317e-05
3.54564e-05
3.24972e-05
2.77287e-05
1.92299e-05
3.01254e-05
2.19519e-05
7.79262e-06
6.51586e-06
6.92491e-06
7.26999e-06
6.95342e-06
6.9088e-06
7.24123e-06
6.96652e-06
7.1703e-06
1.19237e-05
9.1434e-06
9.8961e-06
1.76068e-05
1.46794e-05
7.96962e-06
8.20791e-06
1.26208e-05
1.25643e-05
8.97745e-06
9.78263e-06
1.13263e-05
1.17133e-05
1.67038e-05
1.07282e-05
0.000257458
0.00022194
0.000387827
0.00136289
0.000892243
0.000744741
0.000646095
0.000323629
0.000206971
8.78285e-05
8.44589e-05
9.53896e-05
0.000116167
0.000120614
0.000128121
0.00125752
0.00129435
0.00423151
0.00415862
0.00398452
0.00504627
0.00616711
0.0072964
0.00711647
0.00657768
0.00728097
0.00693838
0.00625075
0.0066439
0.00644487
0.00598568
0.00504819
0.00513622
0.00458191
0.003718
0.00296737
0.00258879
0.00168494
0.00169441
0.00120645
0.00170769
0.000402543
0.000706272
0.000510417
0.00041765
0.000195245
0.000158638
0.000238298
8.55802e-05
0.000226536
7.68077e-05
5.07666e-05
5.69271e-05
6.3929e-05
3.11995e-05
6.33828e-05
9.00492e-05
4.65662e-05
9.26274e-05
0.000120303
0.000184745
0.000321949
0.000419814
0.000491824
0.000361334
0.000575255
0.00194291
0.0017969
0.00192521
0.00154207
0.00150884
0.00140157
0.00140688
0.00143895
0.00133926
0.00134497
0.00149544
0.00148756
0.00125853
0.00129136
0.00123975
0.00118436
0.00123115
0.00118268
0.00130493
0.00135448
0.00131705
0.0014096
0.0011983
0.00116634
0.00125821
0.00139158
0.00152913
0.00142118
0.00149013
0.00158819
0.00155496
0.00186447
0.00200217
0.00179831
0.00176801
0.00191371
0.0018852
0.00194803
0.00188871
0.00194596
0.00208765
0.00205492
0.00215967
0.00216646
0.00224282
0.00213373
0.00210643
0.00214591
0.00225987
0.00246896
0.00241834
0.00240558
0.00224004
0.00222932
0.00220812
0.00235392
0.00232178
0.0022504
0.00221411
0.00219117
0.00204921
0.00206405
0.00203855
0.00216256
0.00210164
0.00211875
0.00204748
0.00202421
0.00206228
0.0020866
0.00205825
0.00210878
0.00206037
0.00210515
0.0021877
0.00223988
0.00213181
0.00217612
0.00223583
0.00236177
0.00225674
0.00235599
0.00229347
0.00146405
0.00172128
0.000888475
0.00131237
0.000752094
0.000352528
0.000297033
0.000555773
0.000231152
0.0007233
0.000491523
0.000659652
0.00149616
0.00138258
0.00178302
0.000983504
0.000905168
0.00143612
0.00278526
0.00250003
0.00304382
0.0020712
0.00360946
0.00338575
0.00293401
0.00346768
0.0028889
0.00349646
0.00276342
0.00221066
0.00213992
0.00189362
0.00206289
0.00224544
0.00168625
0.00169013
0.00112745
0.000865928
0.000765386
0.000999581
0.00114389
0.000956727
0.000739471
0.00061323
0.000728236
0.000697964
0.000761075
0.00169827
0.00134799
0.000547772
0.00058223
0.000630852
0.000629996
0.000544751
0.000667093
0.00145547
0.0012416
0.00128942
0.00148852
0.00139235
0.00100075
0.00101371
0.00152128
0.00136858
0.000884601
0.00380635
0.00346639
0.0042357
0.00768632
0.00852485
0.00271974
0.00270668
0.00369208
0.00347014
0.00069325
0.00017322
0.000188407
0.00834311
0.0183306
0.00214255
3.59532e-06
4.91959e-05
5.97735e-05
5.48089e-05
0.000543527
0.000249401
0.000419575
0.000403681
0.000214724
0.000234151
3.95025e-06
2.37395e-06
2.33426e-06
0.00029073
0.000213639
0.000199111
0.000996381
0.000824607
0.00073965
0.00106083
0.000926765
0.000851033
0.0010284
0.000901034
0.000843507
0.000603002
0.000509626
0.000375634
0.000327925
0.000228847
0.000210365
0.000148232
0.000135547
4.78064e-05
3.54398e-05
3.43654e-05
4.47195e-05
3.65272e-05
3.6085e-05
2.48113e-05
2.15423e-05
2.26519e-05
2.20691e-05
2.74096e-05
2.78232e-05
5.16471e-05
5.89902e-05
3.14491e-05
2.89491e-05
5.95952e-05
5.05969e-05
0.00011481
0.000111027
9.44752e-05
6.33696e-05
5.24393e-05
4.45787e-05
4.81884e-05
3.95014e-05
3.73277e-05
1.53697e-05
1.41182e-05
1.39506e-05
1.93741e-05
1.96826e-05
1.85266e-05
2.04678e-05
2.60202e-05
1.40837e-05
1.48784e-05
2.66111e-05
1.70604e-05
1.53902e-05
1.31314e-05
1.4022e-05
1.44345e-05
1.52455e-05
1.53096e-05
1.37158e-05
1.55803e-05
1.51551e-05
1.57222e-05
1.9362e-05
1.35405e-05
1.23263e-05
1.19187e-05
1.18142e-05
1.76388e-05
2.43213e-05
2.39375e-05
1.44562e-05
1.77022e-05
1.81095e-05
1.27262e-05
1.16019e-05
1.15943e-05
1.95213e-05
1.52597e-05
1.23666e-05
1.29606e-05
1.27569e-05
1.41085e-05
1.41171e-05
1.52819e-05
2.04235e-05
1.84387e-05
1.5934e-05
1.42553e-05
1.94072e-05
2.37075e-05
2.44807e-05
3.00021e-05
6.7993e-05
7.94165e-05
7.20751e-05
3.975e-05
4.43011e-05
4.92536e-05
3.75326e-05
4.36031e-05
3.17163e-05
3.88854e-05
3.68658e-05
3.50288e-05
4.03024e-05
3.82842e-05
4.36887e-05
4.00576e-05
4.67917e-05
3.17503e-05
3.85417e-05
3.56261e-05
4.73699e-05
5.25143e-05
2.82872e-05
3.39002e-05
3.12025e-05
4.5465e-05
5.16297e-05
6.17874e-05
6.49353e-05
5.00953e-05
5.7009e-05
5.36231e-05
8.79941e-05
8.9334e-05
5.79598e-05
5.86259e-05
4.67645e-05
5.16667e-05
4.75702e-05
3.69454e-05
3.92507e-05
4.17418e-05
5.09699e-05
5.36173e-05
3.38923e-05
3.62424e-05
3.22826e-05
4.27509e-05
4.3394e-05
4.2835e-05
4.0492e-05
3.88884e-05
3.24476e-05
3.10877e-05
2.55943e-05
2.50667e-05
3.13783e-05
3.0468e-05
2.78447e-05
2.36821e-05
2.20229e-05
2.55756e-05
4.01962e-05
2.4952e-05
0.00912043
0.00781281
0.0073392
0.00590977
0.00555428
0.00627425
0.00511538
0.00428742
7.71883e-05
0.000189908
0.000173345
0.000307703
0.0002521
0.00022048
0.000338507
0.000293381
0.000293428
0.00036483
0.000292521
0.000301433
0.000231978
0.000244801
0.000199802
0.000227652
0.000170474
0.000169069
0.000106247
7.30358e-05
6.96405e-05
7.13928e-05
9.88123e-05
0.000104846
0.000266366
0.000201285
0.000290671
0.000473539
0.000602051
0.00065848
0.000820023
0.000450891
0.000588681
0.000628303
0.000608815
0.000443389
0.00222555
0.0028494
0.00267565
0.00362987
0.00396193
0.00365033
0.00297566
0.00282844
0.00309451
0.00257241
0.00244834
0.00194439
0.00165904
0.00190427
0.00157725
0.000743899
0.000783515
0.000568446
0.000328528
0.000194913
0.000255163
3.7142e-05
1.47671e-05
8.552e-05
7.49834e-05
7.79565e-05
0.000109919
0.000229884
0.000252357
0.000376286
0.000182324
0.000578599
0.000541219
0.000419463
0.000543273
0.000331373
0.00075527
0.00106383
0.00119216
0.00127089
0.00101286
0.00137044
0.00153913
0.00138378
0.00165867
0.00135023
0.00161863
0.00199998
0.00225417
0.00209778
0.00239568
0.00205745
0.00193566
0.00243028
0.00308176
0.00290597
0.00314224
0.00326582
0.00345491
0.00259961
0.00289395
0.00342136
0.0036928
0.00364089
0.00453632
0.00409361
0.0046111
0.00407523
0.00430279
0.00500988
0.0049835
0.00569213
0.00613068
0.00499757
0.00573781
0.0059765
0.00697755
0.00564749
0.00752867
0.00646557
0.00786815
0.00770552
0.00615845
0.00605239
0.00699847
0.00611837
0.00654244
0.00584722
0.00947362
0.00798425
0.00778896
0.00710454
0.00594744
0.00604285
0.00888733
0.00716911
0.00738933
0.0051941
0.00836182
0.00880259
0.00722344
0.00690744
0.00764972
0.00633135
0.00479359
0.00940716
0.00755082
0.00807846
0.0066606
0.0020548
0.00198603
0.00169641
0.00228376
0.00633287
0.00166671
0.00184251
0.00182003
0.00183663
0.00181051
0.00150929
0.00150968
0.00156231
0.00152631
0.00151707
0.00146952
0.00188018
0.0020624
0.00197832
0.00148173
0.00147251
0.00135666
0.00162125
0.00179046
0.00172392
0.00172925
0.00156893
0.00159419
0.00158819
0.00162827
0.00157871
0.00156368
0.00142588
0.00139584
0.001412
0.00157396
0.00155454
0.00143359
0.00143338
0.00168348
0.00167398
0.00138923
0.00139665
0.00145053
0.00146367
0.00143372
0.00141518
0.00137152
0.00138064
0.00142967
0.0013934
0.00117073
0.00135578
0.00132758
0.00128128
0.000890886
0.000873155
0.000742327
0.000910548
0.000903201
0.000540174
0.000322057
0.000321245
0.000233039
0.000130759
9.6816e-05
0.000196342
0.000194651
0.000123178
9.57419e-05
9.46682e-05
9.43239e-05
0.000454384
0.000549854
0.000550093
0.000526036
0.000520555
0.000197211
0.000330556
0.000632006
0.000576659
0.00126563
0.00149333
0.00153683
0.00166014
0.00270159
0.0025994
0.00273251
0.00392178
0.00416226
0.00239136
0.00244069
0.0022752
0.00213573
0.00238759
0.0038027
0.00340711
0.00362067
0.00508511
0.00515397
0.00515822
0.00476424
0.00466737
0.00445082
0.00387687
0.00371277
0.00439888
0.00420323
0.00319402
0.00281443
0.00230408
0.00207117
0.00202823
0.00278733
0.00126757
0.002988
0.00294578
0.00281588
0.00256681
0.00191858
0.0020268
0.00158958
0.00149359
0.00074935
0.000693473
0.00277024
0.00243914
0.00220697
0.00252437
0.00248112
0.00207166
0.00184322
0.00171145
0.000819195
0.000732389
0.000689654
0.00102095
0.000958514
0.000955749
0.000781124
0.000820603
0.000646291
0.000551922
0.000505244
0.000290977
0.000233398
0.000455596
0.000374989
0.000405365
0.000133844
0.0001096
0.000166065
0.000140426
2.85717e-05
2.526e-05
5.25463e-05
7.31057e-05
5.79735e-05
2.44844e-05
2.72733e-05
0.000129496
0.000118528
0.000188246
0.000256329
0.000182579
8.87248e-05
0.00014167
0.000104772
5.26731e-05
4.92706e-05
7.74251e-05
0.000131615
0.00191456
0.00198087
0.00223589
5.56256e-05
5.54629e-05
5.6761e-05
5.67656e-05
5.74283e-05
5.92732e-05
5.92793e-05
5.9374e-05
5.64895e-05
5.70428e-05
4.30248e-05
4.29777e-05
5.37318e-05
4.22451e-05
4.19636e-05
4.18879e-05
