0.00315907
0.00279351
0.00241234
0.00206953
0.00174305
0.00147273
0.00124987
0.00109136
8.16204e-05
0.000119422
0.000145433
0.000125806
0.000152512
0.000146089
0.000147036
0.000143155
0.000135002
0.000131032
0.000126364
0.000130648
0.000179889
0.000285955
0.000455507
0.000686926
0.00101059
0.0013097
0.00179898
0.00272766
0.00343991
0.00201592
0.00159721
0.000583636
0.000365526
9.56725e-05
9.06638e-05
7.30233e-05
2.35759e-05
1.7763e-05
7.59322e-06
4.30999e-05
0.000183174
0.000299196
0.0002654
0.000248642
0.000466374
0.000572489
0.000526612
0.000547187
0.000724266
0.00137072
0.00167131
0.00206572
0.00210801
0.0016476
0.00216628
0.00210262
0.00271359
0.00189602
0.00254473
0.00306988
0.00256225
0.0029151
0.00345057
0.00338571
0.00269451
0.00430401
0.0036085
0.00274197
0.00645046
0.00584891
0.00583778
0.00400554
0.00468372
0.00526391
0.00604747
0.00736112
0.00775632
0.00995284
0.0116076
0.00775069
0.00677109
0.0134317
0.0170831
0.00138311
0.00140605
0.00143228
0.00142517
0.00143858
0.00148488
0.00135825
0.00142047
0.00142849
0.00145991
0.00145634
0.00142746
0.00156898
0.00138617
0.00142661
0.00144967
0.00112207
0.00146459
0.000425334
0.000422667
0.00110101
0.000343554
0.000328945
0.000258294
0.00054089
0.000357366
0.000253022
0.000937317
0.000243659
0.000935963
0.00136447
0.00235229
0.00185449
0.00248561
0.00275715
0.0046287
0.00330313
0.00349676
0.00707204
0.00339952
0.00522731
0.00360538
0.00523723
0.00547193
0.00405217
0.00549652
0.00483089
0.00506327
0.00461391
0.00527688
0.00480774
0.00367708
0.00422043
0.00400754
0.00383721
0.00383844
0.00506596
0.00384659
0.00336497
0.00317286
0.00235483
0.0010915
0.00108118
0.000135369
1.04814e-05
9.82897e-06
4.18664e-06
0.000313626
0.000690344
0.000462125
0.00090012
0.00124281
0.00107599
0.00311438
0.000618618
0.00142117
0.000193888
0.000788049
5.7835e-05
5.91083e-05
6.21605e-05
6.36077e-05
9.139e-05
0.000256883
0.000815508
0.00237377
0.00415958
0.00412237
0.000975693
0.00520587
0.0100402
0.00735586
0.0033688
0.00305779
0.00672642
0.00726222
0.00732498
0.00589295
0.00412746
0.00316236
0.000903905
0.000420655
0.000749071
0.00197689
0.00591023
0.00886567
0.0127945
0.00803641
0.00741706
0.00655096
0.000998911
0.000787201
0.000533858
0.000369384
0.000266293
0.000285857
0.000369209
0.000455553
0.00016603
1.60843e-06
1.17755e-06
5.92586e-06
9.95286e-07
1.5549e-05
1.62649e-05
1.70491e-05
3.51237e-05
6.16584e-06
9.70068e-06
1.09234e-05
6.46498e-06
3.00517e-06
3.5949e-06
2.35956e-06
3.52974e-06
2.04795e-06
1.07953e-05
1.49423e-05
2.82379e-06
2.23579e-06
7.31376e-06
2.50454e-06
4.73734e-06
0.00014489
0.000233834
0.00291176
0.00194984
0.00132434
0.00098697
0.000657713
0.000437027
0.000261386
0.000183507
0.000103348
9.23092e-05
4.1576e-05
0.00146359
0.00150156
0.00150334
0.00137358
0.00121285
0.0012473
0.00109971
0.000997634
0.000871433
0.000673876
0.000489048
0.00026219
8.04976e-05
2.26952e-05
7.23923e-05
0.000400843
0.000635883
0.000952157
0.00294087
0.00599752
0.00822913
0.00825625
0.00850406
0.0069492
0.00562312
0.00408052
0.00232064
0.00180233
0.0013586
0.000310353
0.000332801
0.000242311
7.58486e-05
9.01279e-05
7.73186e-05
5.66576e-05
4.33054e-05
8.25478e-05
0.000132009
6.43889e-05
0.000114347
0.000114614
0.000176098
0.000398889
0.000282499
0.000410598
0.000563543
0.00096545
0.00114608
0.00134155
0.00206298
0.00200056
0.00269042
0.00284505
0.00511947
0.00516389
0.00597329
0.0057495
0.0100766
0.00921601
0.0121456
0.0143343
0.00835581
0.0094068
0.0117869
0.0115154
0.0143392
0.0224053
0.0219954
0.0161548
0.0182031
0.0148578
0.0141201
0.0122565
0.00158521
0.00159125
0.0121643
0.00186067
0.00151529
0.00129791
0.00132739
0.00132867
0.00143723
0.0014923
0.00190574
0.00142476
0.00180021
0.00166482
0.00102899
0.00013402
6.77899e-05
0.000357527
6.61716e-05
0.000304366
0.000738638
0.000896623
0.000564313
0.000919504
0.00149158
0.00141401
0.00210091
0.00261478
0.00267313
0.00248253
0.00249975
0.00211775
0.00375298
0.00370746
0.00354595
0.00402493
0.00357897
0.00351297
0.00393786
0.00367487
0.00389678
0.00251274
0.00401357
0.00230471
0.00232275
0.0036959
0.00217273
0.00338516
0.00255658
0.0036864
0.0023888
0.00254749
0.00260067
0.00226357
0.000753324
0.00135555
0.00105098
0.000768408
0.000652689
0.000169863
1.34619e-05
1.82742e-06
2.82044e-06
6.1166e-06
9.16012e-05
8.36015e-05
4.90916e-05
0.000831418
1.26569e-05
0.000139471
0.000139761
0.00105941
5.38019e-05
5.44354e-05
5.5317e-05
5.54421e-05
5.55946e-05
5.40203e-05
3.98325e-05
4.24519e-05
0.000107604
0.000519669
0.00133609
0.000148057
0.00233023
0.000322328
0.000239275
0.000202276
0.00222021
0.00183584
0.00122981
0.000846064
0.00047053
0.000213452
0.000167843
4.41874e-05
4.91638e-05
1.90836e-05
2.01046e-06
5.73752e-06
1.96059e-05
2.44359e-06
2.09748e-06
3.67959e-06
2.80827e-06
4.1652e-06
2.47894e-05
6.11015e-06
1.49928e-05
3.46327e-06
6.40771e-06
2.76832e-05
3.53536e-05
1.27425e-05
3.51251e-05
8.54837e-05
5.50588e-05
0.00116255
0.000674988
0.00179446
0.00120838
0.000916167
0.000687254
0.0003484
0.000628807
0.000920946
0.00101364
0.000508337
0.000322851
0.000335321
9.37148e-05
0.000212747
9.17053e-05
2.9325e-05
4.42067e-05
2.79137e-05
8.9161e-06
3.17752e-06
3.80709e-06
3.61241e-06
8.45229e-06
5.73947e-06
4.79754e-06
3.65921e-06
4.72524e-06
7.67512e-06
5.1324e-06
7.08804e-06
6.34145e-06
4.1738e-06
0.00209852
0.00101543
0.000465469
0.000217524
8.04913e-05
3.69813e-05
3.23594e-05
6.01537e-06
0.00365798
0.00338598
0.00313156
0.0028725
0.00252467
0.00214045
0.00188009
0.00113083
0.000908325
0.000568011
0.000264219
7.13229e-05
3.30947e-05
0.000148431
0.000449519
0.00076028
0.00273148
0.00562885
0.00907649
0.00904098
0.00986394
0.00929822
0.0075619
0.00612063
0.00470528
0.00375665
0.00273085
0.00166019
0.00136334
0.00117529
0.000455918
0.000496175
0.000333451
0.000298529
0.00023475
0.000206383
0.000155386
0.000141479
0.000140593
0.000156343
0.000317714
0.000232707
0.000416233
0.000750071
0.000771102
0.00138582
0.00136517
0.00162377
0.00178241
0.00204495
0.00233867
0.0029234
0.00335467
0.00331226
0.00417785
0.00600157
0.00550603
0.00491651
0.00584699
0.00700521
0.00866474
0.0123066
0.0116833
0.00887839
0.0090228
0.0072379
0.00614448
0.00512854
0.00865152
0.00132931
0.00506402
0.0056711
0.0012187
0.00120793
0.00126042
0.0012874
0.00131249
0.00135102
0.0012671
0.00141466
0.00128475
0.0013145
0.00120068
0.00130744
0.00126904
0.00139735
0.00128875
0.00126542
0.00133361
0.00139438
0.00140616
0.00129614
0.00126042
0.000983474
0.00126587
0.000726604
0.000376707
0.000703916
0.000144271
0.00046887
0.000317396
0.000135432
0.00024983
0.000355729
0.000187608
0.000276807
0.000383851
0.000748132
0.00164089
0.000780458
0.000861878
0.00146671
0.00194303
0.00262
0.00382677
0.00348259
0.000950553
0.00250941
0.00402324
0.0039739
0.00434169
0.00564213
0.00688656
0.00401747
0.00279136
0.00243086
0.00188095
0.00155611
0.00309453
0.00105304
0.0019364
0.00121169
0.000822805
0.000970493
0.0008814
0.000643709
0.000437808
0.000624083
0.000115979
0.000184983
0.000275097
0.000143855
0.000572833
0.000463089
7.73802e-05
6.70868e-05
0.00240957
3.72587e-05
3.72668e-05
3.72676e-05
3.72678e-05
3.72718e-05
3.72646e-05
3.72669e-05
0.000717713
5.77535e-08
0.000524064
0.00260847
0.00232902
0.00211084
0.00175155
0.00143925
0.00116016
0.000757439
0.000474652
0.000342509
0.00133922
0.00181937
0.00131841
0.00113185
0.000823357
0.000593445
0.000502705
0.000266559
0.000160191
0.000171778
7.28572e-05
3.62506e-05
2.52984e-05
8.15775e-06
5.0164e-06
9.34155e-06
7.95061e-06
9.12595e-06
0.00105528
0.000825253
0.000583395
0.000448143
0.000289412
0.000231727
0.000120412
7.68501e-05
4.19461e-05
2.64326e-05
8.85636e-06
0.0011355
0.000697399
0.00056246
0.000359041
0.000179264
6.80221e-05
4.18825e-05
4.04605e-05
5.25139e-05
1.00121e-05
2.7368e-05
9.92037e-06
1.09963e-05
3.46028e-05
8.34335e-06
4.6572e-06
1.21054e-05
1.03668e-05
0.0016515
0.000994731
0.000514109
0.000903144
0.000413962
0.00024534
0.000140514
0.000130122
5.99872e-05
0.00459124
0.00415672
0.00387201
0.00326296
0.00293855
0.00192058
0.00145211
0.000913057
0.000102044
0.000199675
0.00144996
0.00363824
0.0069574
0.00938705
0.00954268
0.0100055
0.00879518
0.00665035
0.00421316
0.00312546
0.00235133
0.00136037
0.00140857
0.00146962
0.000969592
0.000857079
0.000653102
0.000688111
0.000369326
0.00026464
0.000201459
0.000247767
0.000169005
0.00022017
0.000329186
0.000706352
0.00157261
0.00203974
0.00170758
0.00279176
0.00286117
0.0027332
0.00381007
0.00666771
0.0128437
0.00696451
0.00359517
0.00315228
0.00259445
0.00227421
0.00197634
0.00187919
0.00226501
0.00187722
0.00190243
0.00184016
0.00187032
0.00187576
0.00187299
0.00180337
0.00177399
0.00176266
0.00180144
0.00179832
0.00176515
0.00172052
0.00170753
0.00166335
0.00167932
0.00164601
0.0016839
0.00167067
0.00165271
0.00171063
0.00137156
0.00100748
0.0013364
0.000711435
0.000528759
0.000542578
0.000356649
0.000343611
0.000407385
0.000595801
0.00122983
0.000779891
0.0013597
0.00196331
0.00189286
0.00206615
0.00253649
0.00162595
0.0011629
0.00111325
0.000688228
0.00208783
0.00114976
0.000878586
4.59862e-05
0.000574778
0.000108708
0.000165706
0.000243619
0.000304684
6.58397e-05
0.000196975
7.4985e-05
0.00141144
9.26741e-05
0.000139209
7.55841e-05
0.000343033
0.000265171
0.000120389
8.82041e-05
0.000184248
0.000864975
0.000111145
0.0100502
0.0162633
0.00225751
0.0173366
3.11649e-05
3.11841e-05
3.11779e-05
3.11588e-05
3.10679e-05
3.10658e-05
0.000123335
0.000123136
0.0020208
0.00159296
0.00520217
0.00475078
0.00410922
0.00371735
0.00309152
0.00293149
0.00239677
0.00177972
0.00153521
0.000606466
0.000366393
0.000274999
0.000191646
9.12282e-05
5.33046e-05
9.96194e-06
8.68194e-06
7.138e-06
6.00927e-06
2.15664e-05
5.26506e-05
2.30827e-05
2.5501e-05
5.70612e-05
4.8151e-05
0.000104131
3.79403e-05
3.95895e-05
6.88507e-06
6.88166e-06
0.000204553
0.000114886
0.000100975
5.5794e-05
9.72304e-06
5.0402e-06
6.55138e-06
6.83224e-06
1.35404e-05
8.36923e-06
1.63944e-05
1.14388e-05
0.00158285
0.000903211
0.000529203
0.000327585
0.000211186
8.11353e-05
4.24156e-05
3.27366e-05
1.28883e-05
1.49687e-05
1.60475e-05
6.57361e-06
7.21703e-06
6.801e-06
7.10015e-06
8.51217e-06
9.06874e-06
1.28724e-05
1.1179e-05
8.56582e-06
9.00844e-06
2.1369e-05
1.99229e-05
8.26722e-06
0.0035768
0.00339004
0.00295019
0.00273245
0.00236106
0.00177263
0.0014071
0.00101734
0.000574893
0.000233834
8.36558e-05
0.00010936
0.000164203
0.000617525
0.00214093
0.00539321
0.00653537
0.0061669
0.0076883
0.00823391
0.00809471
0.00761791
0.00656367
0.00371551
0.00263282
0.00166438
0.00166322
0.000906496
0.00040156
0.000285632
0.000282361
0.000294103
0.000189385
0.000189412
0.000145866
0.000126309
0.000114641
9.9484e-05
8.0413e-05
0.000135273
0.000158399
0.000733264
0.000793164
0.000886057
0.00149434
0.0013899
0.00223464
0.00222854
0.00310073
0.00326691
0.00316022
0.00300254
0.00377526
0.00444023
0.00421773
0.00437667
0.0065734
0.00288782
0.00265506
0.00242565
0.00243323
0.0023702
0.0025787
0.00246866
0.00254584
0.00266396
0.00264125
0.00233862
0.00235472
0.00249126
0.00242087
0.00238126
0.00247401
0.0024512
0.00266167
0.00279624
0.00249326
0.00267431
0.00294575
0.00303747
0.00289738
0.00284707
0.00278374
0.00274772
0.00266054
0.00280559
0.00264028
0.00140238
0.000623154
0.000428154
0.000133074
0.000126393
0.00012796
0.000136966
0.000159705
0.000502536
0.000478782
0.000586016
0.000889483
0.000711335
0.00139493
0.00135891
0.00292715
0.00265565
0.00385019
0.00377162
0.00377325
0.00672886
0.00491029
0.00520156
0.00381326
0.00633197
0.00471261
0.00433738
0.00567799
0.00586563
0.00570991
0.00580473
0.00534345
0.00557461
0.00393308
0.00551357
0.00404554
0.00387362
0.00295812
0.0035704
0.00349595
0.00248891
0.0023033
0.00856375
0.00125992
3.44153e-05
3.46636e-05
3.47784e-05
3.50835e-05
3.54962e-05
3.59539e-05
3.29366e-05
0.000356559
0.00149482
0.000142323
9.11792e-05
0.000212663
0.000178004
0.000147802
0.000126701
9.64459e-05
1.80005e-05
3.18483e-05
0.000108922
6.46314e-05
0.0142037
0.0113215
0.00906589
0.00690184
0.00497485
0.00365577
0.00241622
0.00161263
0.00108744
0.000690779
0.000354576
0.000339372
0.000133276
1.45876e-05
1.07122e-05
0.000173536
0.000138913
0.000113057
0.00017738
0.000128473
0.000100659
0.000165084
0.000214541
7.35096e-05
7.00208e-05
9.11604e-05
5.91923e-05
6.91681e-05
6.20334e-05
4.60852e-05
0.00011433
8.82416e-05
9.50687e-05
0.00225529
0.00191233
0.00127001
0.00119031
0.000986695
0.000809685
0.000750444
0.000579674
0.000481425
0.000450386
0.000370693
0.0003564
0.000279494
0.00028874
0.000256998
0.0002997
0.000229816
0.000235038
0.000222699
0.000172784
0.000161755
5.42888e-05
4.33292e-05
4.5428e-05
4.77074e-05
6.71545e-05
6.37438e-05
4.44593e-05
1.04514e-05
4.42348e-05
8.32837e-05
0.000154862
0.000201394
0.000191283
0.000151283
3.79132e-05
9.76939e-05
0.000279404
0.000769582
0.000812982
0.000925576
0.00270121
0.00531021
0.00496984
0.00500141
0.00416061
0.00315075
0.00156738
0.00180396
0.00125722
0.000841391
2.29663e-05
7.71333e-05
2.95854e-05
6.49915e-05
0.000124228
0.000118576
0.000239193
0.00024901
0.000477018
0.000492917
0.000515321
0.000613277
0.00105292
0.0012608
0.00131092
0.00162847
0.00170292
0.00360196
0.00404419
0.00516025
0.00596082
0.00625539
0.00682303
0.00681036
0.00943615
0.00982656
0.0111018
0.0110828
0.0134112
0.0154813
0.0113993
0.0148674
0.0176486
0.015427
0.0214428
0.0179962
0.0148357
0.0172503
0.00716573
0.00325058
0.00304364
0.00316528
0.0027993
0.00285901
0.00284267
0.00336867
0.00316326
0.00301268
0.00389855
0.00401191
0.00342487
0.00310332
0.00313197
0.00297427
0.00273454
0.00290528
0.00272714
0.00261334
0.00262808
0.00114124
0.000261359
0.000133543
0.00011085
5.23439e-05
7.89879e-05
0.000157694
0.000141159
7.35224e-05
7.51583e-05
0.000436802
0.000412241
0.000693028
0.000377844
0.00122911
0.0014954
0.000800648
0.00253632
0.00149013
0.00170881
0.00157102
0.00351964
0.00271674
0.00511004
0.00486595
0.00338521
0.00493734
0.00431413
0.0045503
0.00426156
0.00395516
0.00306754
0.00373657
0.00324155
0.0033781
0.00312581
0.00223144
0.00272877
0.00322761
0.00394807
0.00321112
0.0030012
0.00217384
0.00196676
0.00104184
0.00159767
0.000453891
0.000750578
0.000641516
2.09179e-05
0.000137629
0.000115573
0.000114133
7.48811e-05
0.000653594
0.00143156
4.8271e-05
4.99196e-05
5.10006e-05
5.27729e-05
5.41189e-05
5.1994e-05
3.85653e-05
3.86303e-05
0.000943631
4.70819e-05
0.0014541
0.00420141
0.00367886
0.00361209
0.00317689
0.00239169
0.00167573
0.00147729
0.000856167
0.000533859
0.000420946
0.000196749
0.000148884
6.61638e-05
7.64422e-05
5.39895e-05
6.8943e-06
4.19415e-06
4.63602e-06
4.90864e-06
1.20516e-05
1.42259e-05
1.66036e-05
6.6666e-05
8.75448e-06
1.33683e-05
7.22828e-06
1.48311e-05
1.61958e-05
6.05883e-05
3.82865e-05
4.41442e-05
0.00212976
0.00132386
0.000988084
0.000544913
0.0019205
0.00133395
0.000684853
0.000775573
0.00078121
0.000789538
0.00258425
0.00219704
0.00224434
0.0014376
0.000581523
0.000298058
0.000415333
0.000289976
6.93332e-05
7.59479e-05
8.55839e-06
4.50939e-06
0.000242735
0.000329572
0.000402391
0.000334885
0.000181213
0.000202899
0.000179431
8.54261e-05
9.75542e-05
0.00059387
0.0105969
0.00672541
0.00385101
0.00198201
0.000940859
0.000495601
0.000173934
9.60435e-05
4.57072e-05
0.00464942
0.00431151
0.0040747
0.00375408
0.00326807
0.00292818
0.002582
0.00211196
0.00165728
0.0012708
0.000749185
0.000363643
0.000361606
0.000134693
5.56792e-05
0.000158785
0.000436948
0.000494965
0.00220606
0.00286624
0.00538728
0.0075909
0.00811756
0.0062915
0.00458339
0.00375472
0.00222996
0.00184886
0.00115394
0.000578274
0.000342218
0.000191474
0.000165844
0.00012504
0.000125814
0.000121068
0.000124931
0.000197467
0.000186792
0.00022893
0.000169975
0.000453252
0.000526104
0.000678706
0.000980004
0.00101392
0.000962234
0.00145301
0.00184552
0.00201385
0.00206531
0.00272072
0.00248438
0.00349193
0.00512164
0.00550585
0.00516767
0.00445778
0.00532548
0.00782793
0.00699558
0.00525858
0.00879036
0.0099434
0.00673168
0.00735842
0.00835191
0.00589887
0.00646066
0.00632426
0.00735111
0.00241955
0.00224758
0.00212362
0.0019843
0.00190241
0.00205379
0.00201473
0.00176973
0.00179317
0.00174345
0.00186397
0.00160115
0.00170844
0.00152189
0.00163949
0.00153623
0.00168165
0.0015356
0.00153327
0.00152181
0.00145348
0.00155263
0.00151089
0.00153133
0.00146783
0.00149416
0.00141165
0.00142388
0.00151258
0.00140349
0.00150417
0.000686244
0.000883427
0.000577838
0.00023264
0.000182067
0.000179082
0.000235668
0.000175144
0.000229833
0.000427796
0.000311505
0.00037185
0.000616373
0.000609846
0.000581496
0.00208663
0.00248694
0.00230914
0.0029133
0.00257645
0.00317328
0.0032662
0.00266753
0.00352871
0.00174106
0.00447634
0.00338206
0.00301705
0.00273018
0.00216256
0.00220635
0.00128216
0.0017416
0.00118276
0.00130563
0.000601908
0.00056048
0.000623576
0.000394875
0.000736347
0.000274246
0.000498629
6.61372e-05
0.000296242
0.000220105
0.000272533
0.000128097
0.000111792
0.0034168
0.000257467
0.000153365
3.66489e-05
3.68034e-05
3.68039e-05
3.66599e-05
3.6661e-05
3.66514e-05
5.18309e-05
0.00191139
0.000252735
0.000410824
0.00104326
0.00120555
0.00123808
0.00100217
0.000746233
0.000639624
0.000458317
0.000256359
0.000137325
4.60914e-05
3.00111e-05
4.39431e-06
2.72982e-05
0.000495481
0.000373257
7.11018e-05
0.000258131
0.000192799
0.000148646
5.963e-05
1.13699e-05
1.03089e-05
4.60594e-06
3.5094e-06
1.64095e-05
1.64205e-05
2.11951e-05
6.9355e-05
2.12011e-05
2.66943e-05
7.486e-05
4.63224e-05
5.53945e-05
0.000967412
0.00058649
0.000558642
0.0004202
0.000315019
0.000303623
0.000162196
0.000117841
9.62829e-05
4.54111e-05
0.00103894
0.000653933
0.000471341
0.000383799
0.000186723
0.000116552
8.77131e-05
4.73904e-05
1.49054e-05
9.79372e-06
8.91798e-06
5.55841e-06
4.96573e-06
5.2925e-06
5.95388e-06
4.91156e-06
5.80672e-06
8.11495e-06
4.40368e-06
7.59181e-06
2.76292e-05
4.90915e-06
5.59745e-06
5.01816e-06
1.11902e-05
0.00157196
0.000929745
0.00046489
0.000410682
0.00049891
0.000273508
0.000150174
8.64593e-05
5.4351e-05
4.80796e-05
0.00423224
0.00377205
0.00345746
0.0029737
0.00235516
0.0019002
0.00132681
0.000857099
0.000662125
0.000694527
0.000285543
6.19669e-05
9.69271e-05
0.000237139
0.000395627
0.00335475
0.00566995
0.00895141
0.00860537
0.00958141
0.00875212
0.00832328
0.00641189
0.00588847
0.0051502
0.00323254
0.00105098
0.001352
0.00139962
0.00109951
0.000762646
0.000464603
0.000196089
0.000176693
0.000157397
0.000143718
0.000125869
0.00013456
0.000195428
0.000115672
0.000328542
0.000445069
0.000379788
0.000669293
0.000869865
0.00136564
0.0015725
0.00152767
0.00200073
0.0023282
0.0023498
0.00302083
0.00329794
0.00638324
0.00510945
0.005053
0.00507857
0.00500225
0.0058276
0.0036423
0.00481341
0.00248017
0.00216527
0.00201508
0.00173314
0.00182102
0.00152945
0.00166313
0.00179632
0.00175369
0.00165146
0.00167578
0.00164541
0.00171858
0.00164579
0.00163008
0.00161903
0.00161188
0.0015881
0.00159222
0.00159213
0.00156341
0.00157454
0.00155974
0.0015304
0.0015368
0.00157987
0.00147465
0.00159846
0.0015642
0.00136682
0.000876885
0.000501696
0.000419948
0.00026874
0.000342844
0.000339436
0.000306689
0.000321553
0.00117014
0.000891822
0.00109441
0.00140293
0.00112502
0.00125475
0.00113713
0.00156321
0.00293605
0.001125
0.00170424
0.000597181
0.00115285
0.000675217
0.000572813
0.000386833
4.78769e-05
0.000105176
0.000362314
8.48968e-05
0.000388381
0.000462163
0.000132293
0.000603512
0.000349176
0.000157435
0.00032142
0.000114047
8.20133e-05
0.000820826
0.000459196
0.000101741
0.000180371
0.00411097
0.00619791
0.00221224
0.00187877
0.0013742
0.00186557
0.00137221
3.55107e-05
3.55157e-05
3.55141e-05
3.54658e-05
3.53758e-05
3.53714e-05
3.53675e-05
0.000100662
0.000668566
0.00207557
0.00486326
0.00536369
0.00462334
0.00365085
0.00390123
0.00272392
0.00234757
0.00182913
0.00120546
0.000788274
0.000436833
0.000311281
0.000117802
0.000170354
0.000115459
1.25017e-05
5.78847e-06
1.29007e-05
3.98801e-05
3.58936e-05
2.85545e-05
8.04345e-05
7.06883e-05
2.30544e-05
3.19347e-05
1.55526e-05
1.87055e-05
2.65741e-05
1.7272e-05
3.19595e-05
3.29568e-05
3.23857e-05
4.21473e-05
1.71318e-05
5.38553e-05
1.05575e-05
0.000133012
0.000145089
9.28575e-05
8.08662e-05
3.52715e-05
9.65724e-06
6.33235e-06
5.48477e-06
5.93038e-06
6.26317e-06
6.2596e-06
4.94089e-06
4.64539e-06
0.00149466
0.000891587
0.000566115
0.00037066
0.000172936
0.000120477
6.06848e-05
2.71103e-05
4.62572e-05
2.19221e-05
3.39537e-05
1.82794e-05
5.75154e-06
5.39829e-06
5.67761e-06
7.87843e-06
6.88992e-06
5.80083e-06
6.91591e-06
6.04669e-06
7.99043e-06
6.28536e-06
6.21841e-06
6.57938e-06
7.23414e-06
0.0032611
0.0030827
0.00292066
0.00252731
0.00209167
0.00150617
0.00124513
0.000706353
0.000376662
0.000177135
5.44668e-05
0.000162577
0.000260497
0.000888369
0.00340057
0.00456652
0.00665133
0.00929928
0.00903126
0.00867981
0.00765552
0.00748425
0.00673479
0.0053344
0.00470815
0.00185282
0.00195189
0.00129192
0.000738139
0.00103432
0.00039742
0.000431723
0.000625677
0.00018329
0.00045753
0.00024347
0.00016434
7.38334e-05
6.99493e-05
6.37601e-05
5.28226e-05
3.67947e-05
9.28444e-05
7.63966e-05
0.000438998
0.000597876
0.00134249
0.00176417
0.00189704
0.00211107
0.0028014
0.00310225
0.00287049
0.00422161
0.0044468
0.00439967
0.00462687
0.00614859
0.0024164
0.0022101
0.00287691
0.0022566
0.00235925
0.00217013
0.00226011
0.00275654
0.00270435
0.00250163
0.00226312
0.00230745
0.00232989
0.002407
0.0023919
0.00242266
0.00249321
0.0023505
0.00251823
0.00243854
0.00258915
0.00233443
0.00247705
0.00242463
0.00218756
0.00239406
0.00228516
0.00238888
0.00242104
0.00120184
0.00233888
0.00109155
0.00041231
0.000158074
0.000224877
0.0001579
0.000216826
0.000326097
0.000386492
0.00108374
0.00111562
0.0016489
0.00100596
0.00142292
0.00292006
0.00298139
0.00325494
0.00346609
0.00493456
0.00420108
0.00424716
0.00429902
0.00547479
0.00520476
0.00326176
0.00477655
0.0040253
0.00279101
0.00369539
0.00306549
0.00160472
0.00336481
0.00208173
0.00188103
0.002096
0.00199933
0.00139375
0.00185107
0.00236346
0.00217885
0.00297103
0.00242837
0.00722062
0.00380871
0.00413579
0.00353822
4.07504e-05
4.14638e-05
4.16884e-05
4.18526e-05
4.25609e-05
4.24499e-05
3.74911e-05
6.41135e-05
6.43574e-05
0.00137806
0.0012012
0.000777784
0.0111731
0.0132379
0.0113511
0.00982487
0.0085967
0.00764544
0.00641916
0.00499467
0.00358426
0.00282572
0.00162201
0.00114416
0.000739165
0.000501796
0.000239022
0.000168607
9.31203e-05
5.27468e-05
3.47987e-05
2.77528e-05
7.05556e-05
3.46488e-05
4.10248e-05
6.03821e-05
5.01551e-05
4.54114e-05
7.98669e-05
2.01805e-05
1.99778e-05
3.18593e-05
3.27559e-05
2.99463e-05
3.51131e-05
2.97756e-05
6.45354e-05
6.80127e-05
3.955e-05
8.25708e-05
0.000635859
0.00087796
0.000749546
0.000707214
0.000576936
0.00050393
0.000305933
0.000277712
0.000383771
0.000289563
0.000284768
0.00031077
0.000294088
0.000227137
0.000275611
0.000265791
0.000221803
0.000242887
0.000225521
0.000203863
0.000178036
0.000229246
0.000191291
0.00016544
0.000162292
0.00014388
0.000194503
0.000150651
0.000141661
0.000138387
0.000167324
0.000143764
0.000139993
0.00010462
8.05049e-05
0.000153813
0.000223929
0.000213764
0.000176209
0.000118111
6.42914e-05
4.85879e-05
4.69958e-05
0.000152203
0.000861697
0.00062455
0.00157853
0.00362161
0.00409491
0.00487762
0.00472739
0.00360843
0.00224884
0.00134833
0.000439259
0.000646611
0.000337607
0.000123953
8.7443e-05
2.0415e-05
1.41647e-05
2.7381e-05
8.03409e-05
6.90718e-05
7.92424e-05
0.000213543
0.000210053
0.000368303
0.000505796
0.000763879
0.000912596
0.000953886
0.00114725
0.00288103
0.00392084
0.00402857
0.00552855
0.00565953
0.00670839
0.00589949
0.00615513
0.00808073
0.010601
0.00902652
0.0138911
0.0143044
0.0110842
0.0138008
0.0146405
0.0165716
0.0149024
0.0216388
0.0228773
0.0119215
0.0114243
0.00445957
0.00420966
0.00505963
0.00500693
0.00429209
0.00352069
0.0032462
0.00347242
0.00298118
0.00284148
0.00288897
0.00270406
0.00234478
0.00252338
0.00238473
0.00255423
0.00241515
0.00240654
0.00233415
0.00225092
0.00202677
0.00209246
0.00124205
0.00199107
0.0008118
0.000613047
0.000258939
0.000249385
0.000244374
0.000454067
0.000102332
0.000692759
0.000130933
0.000631551
0.000964546
0.000505036
0.000517819
0.000826388
0.00146006
0.00201327
0.00222281
0.00211747
0.00195719
0.00263448
0.00257741
0.00385891
0.00325095
0.00438035
0.00321523
0.00289628
0.0032097
0.00312846
0.00509177
0.00277194
0.00542344
0.00527204
0.00294235
0.00301419
0.00274812
0.00233189
0.00208861
0.00158367
0.00168575
0.000458437
0.00232002
0.000344966
0.00143458
0.000443793
0.000500084
0.00147309
0.00157587
0.000200925
0.000235377
0.00145237
0.000101095
0.000206609
0.00186124
0.000823522
1.9005e-05
3.88145e-05
4.01226e-05
4.02705e-05
3.84667e-05
4.0338e-05
3.87362e-05
4.09977e-05
4.13973e-05
4.3827e-05
0.00140772
0.00141821
0.00204236
6.18902e-06
0.00360963
0.00305093
0.0026444
0.0023824
0.00229106
0.00215547
0.00172172
0.00155618
0.00104469
0.000763381
0.000449449
0.00038168
0.000164647
9.05454e-05
6.47114e-05
9.98224e-05
3.62699e-05
4.00345e-05
6.83227e-06
6.58901e-06
3.37214e-05
5.19835e-05
1.33755e-05
2.98527e-05
0.000116556
6.61127e-05
7.25179e-05
2.07714e-05
7.78096e-05
8.16208e-05
0.000156041
0.000152668
0.000956779
0.00109677
0.000636367
0.000347048
0.00104027
0.000946464
0.000383443
0.000259449
0.000145266
0.00029276
0.000128889
8.72563e-05
0.000115243
3.64313e-05
2.37378e-05
2.372e-05
1.62673e-05
7.10621e-06
1.02987e-05
6.70733e-06
8.0994e-06
1.32212e-05
1.01998e-05
3.34216e-05
1.90935e-05
0.00641564
0.00397958
0.000728395
0.00272325
0.00147575
0.000890438
0.000404283
0.000175461
5.68731e-05
2.8844e-05
3.49553e-05
1.2111e-05
9.23523e-06
1.50054e-05
8.52077e-06
0.00465205
0.00435683
0.00412397
0.00367126
0.0032039
0.00280491
0.00246931
0.00202354
0.00134687
0.0010496
0.000698692
0.000647589
0.00036272
0.000100694
6.82084e-05
0.000231091
0.000397754
0.00115441
0.00322598
0.00440731
0.00620368
0.00761769
0.00793284
0.00679804
0.00515602
0.00452882
0.00266973
0.0012274
0.00132443
0.000638455
0.000468456
0.000247734
0.000191445
0.000125269
9.93226e-05
0.000104369
0.000125244
0.000211513
0.000157357
0.000306816
0.00054581
0.000564684
0.00080114
0.000959341
0.00106517
0.00156077
0.0019559
0.00186109
0.00251574
0.00294609
0.00336435
0.00397883
0.00467861
0.00517473
0.00779062
0.00685468
0.00717885
0.0091427
0.00592963
0.00829509
0.00543019
0.00601095
0.00489187
0.00438114
0.00742365
0.00800376
0.00596268
0.00515739
0.0093252
0.00843717
0.00202723
0.00192694
0.00193155
0.00183375
0.00187348
0.00182807
0.00175553
0.00176827
0.00167601
0.00161408
0.00164976
0.00166319
0.00155197
0.00175614
0.00153627
0.00152326
0.00153286
0.00146947
0.00151027
0.00142184
0.00147142
0.00162965
0.00144143
0.00139767
0.00139223
0.00148524
0.00145932
0.0015062
0.00135608
0.00142208
0.00124485
0.000591891
0.0004353
0.000642558
0.000425726
0.000515255
0.000262503
0.000204141
0.000547302
0.000337038
0.00052281
0.00148082
0.000435558
0.00127273
0.00178289
0.00187898
0.00140585
0.00153809
0.00152154
0.00239915
0.00287634
0.00146322
0.00368878
0.00294767
0.00376389
0.00348115
0.00294472
0.00291385
0.00233533
0.00171065
0.00181029
0.00317223
0.00213848
0.00145693
0.00112863
0.000986212
0.000904928
0.00203483
0.000657699
0.000547987
0.00057575
0.000268645
0.000249507
0.000236898
0.000240033
0.000482135
0.00027964
0.000186983
0.000236064
0.000153446
0.000150117
0.0039527
4.01633e-05
3.97191e-05
3.97053e-05
4.02322e-05
3.97858e-05
3.97587e-05
3.85884e-05
4.63177e-05
0.00157745
0.00015587
3.3667e-05
0.000886475
0.00138493
0.00144109
0.00125832
0.000845259
0.000705269
0.000451975
0.000258618
0.000107089
6.94325e-05
1.8138e-05
6.5476e-06
0.000924222
0.000541968
0.000322415
0.000299757
0.000215353
0.000159585
0.000116029
4.93269e-05
1.67095e-05
1.137e-05
4.59284e-06
6.04135e-06
7.26117e-06
3.31537e-06
3.90041e-06
1.63802e-05
6.04355e-06
5.42024e-06
3.54418e-05
3.35676e-06
0.00117978
0.000726718
0.000517639
0.00049318
0.000362417
0.000264002
9.81542e-05
0.000118393
2.49931e-05
1.10711e-05
7.96708e-05
0.000102443
4.18942e-05
8.48927e-05
8.17048e-05
0.000211925
9.19157e-05
0.000135676
2.74575e-05
0.000124709
0.000100433
0.000153261
0.000144645
0.000108793
0.00015381
9.9996e-05
0.000125863
0.000118434
0.0001074
3.08773e-05
3.49455e-05
7.94686e-05
0.000111116
0.000101995
0.000108009
2.70606e-05
0.000117813
0.000111786
0.000110999
4.12887e-06
4.88193e-06
4.76092e-06
0.0104768
0.000682684
0.000737238
0.00079062
0.000737076
0.000581075
0.000480682
0.000426949
0.000344009
0.000120753
8.9012e-05
2.6492e-05
9.01161e-05
0.000319909
0.000722058
0.00089976
0.00286157
0.0056452
0.00622474
0.00893856
0.00878815
0.00815721
0.00690793
0.00501358
0.00313533
0.00185694
0.00169478
0.00145484
0.00142314
0.000679676
0.000633424
0.000285371
0.00025704
0.000196346
0.000137165
0.000128931
8.76576e-05
0.000146854
9.51744e-05
0.000147188
0.000182289
0.000314841
0.000522543
0.000620607
0.000800693
0.00121722
0.00135364
0.00194983
0.0023942
0.00283256
0.00365663
0.00368922
0.00404328
0.00413525
0.00557851
0.00571877
0.00803927
0.00684485
0.0202557
0.00414664
0.00366335
0.00433934
0.00719697
0.00474777
0.00443892
0.00270317
0.00255741
0.00228014
0.00211263
0.00186805
0.00190674
0.00190246
0.00174488
0.00161453
0.00157144
0.00167392
0.0015987
0.00154586
0.00150673
0.00141937
0.00153483
0.00165514
0.00141953
0.00139386
0.00146579
0.00145364
0.00140464
0.00129079
0.00143431
0.00143438
0.00139273
0.000962959
0.000761038
0.000241595
0.000378839
0.000221438
0.00053658
0.000225791
0.000184616
0.000627386
0.00104955
0.0006077
0.00205052
0.00172295
0.001271
0.00279257
0.00203624
0.00200119
0.000944269
0.000840171
0.00175265
0.000720038
0.000510935
0.000448383
0.000392786
0.000288006
4.0919e-05
0.000816497
0.000133389
0.0001045
0.00101944
0.000104865
0.000496962
0.000259612
0.000175386
7.0733e-05
0.000679033
8.8271e-05
0.000287113
0.00307955
0.00430505
0.00269952
0.00274789
0.00154053
0.00134602
0.00156354
0.000875118
0.0028901
3.92703e-05
3.92751e-05
3.92788e-05
3.92685e-05
3.92266e-05
3.91585e-05
3.91252e-05
0.000119613
0.000807723
0.0010589
0.00587599
0.00415679
0.00357862
0.00445645
0.00285364
0.00277566
0.00200065
0.00153222
0.0010785
0.000770892
0.000567683
0.000209737
7.70091e-05
7.02718e-05
5.19043e-05
1.63373e-05
4.77815e-06
8.52499e-06
6.41591e-05
6.11833e-05
2.5907e-05
7.02322e-06
5.0362e-05
3.15672e-05
4.14619e-05
3.98401e-05
7.22821e-05
0.000134772
3.13552e-05
0.000124811
3.96762e-05
3.74424e-05
6.56131e-06
3.58737e-05
0.000167799
0.000124708
0.000109278
4.75564e-05
3.32893e-05
6.98744e-06
1.93734e-05
8.56165e-06
9.7525e-06
3.70829e-06
6.62092e-06
0.000638562
0.00037712
0.000244924
0.000183093
8.23185e-05
5.41294e-05
3.7283e-05
1.84184e-05
4.70004e-06
8.59585e-06
6.24942e-06
5.96728e-06
4.39696e-06
4.57931e-06
5.06384e-06
5.1142e-06
6.32565e-06
4.78503e-06
1.52754e-05
5.31218e-06
9.14987e-06
7.72799e-06
7.39291e-06
5.44221e-06
1.27803e-05
0.00217088
0.00212212
0.00210273
0.00190731
0.00153745
0.00135597
0.000898628
0.000568576
0.000382574
0.00010549
3.96115e-05
0.000112432
0.000391462
0.000381977
0.000931623
0.00324151
0.00637586
0.00982075
0.0107313
0.00875645
0.00680595
0.00727261
0.00406516
0.00279364
0.00178341
0.00141319
0.000952178
0.000532514
0.000427199
0.000421763
0.000349296
0.000450385
0.000459216
0.000198028
0.000168759
0.000151655
0.000124582
0.000114687
0.000125875
0.000112612
0.000380618
0.00033735
0.000528538
0.00109147
0.00151645
0.00171654
0.00194892
0.00191777
0.00308113
0.00339352
0.00494024
0.00511258
0.00656221
0.00597662
0.00731388
0.00299621
0.00731241
0.00290844
0.00252582
0.00258936
0.00246622
0.00247847
0.00242756
0.00217905
0.002276
0.00252171
0.00227031
0.00246994
0.00254312
0.00229683
0.00223419
0.00206867
0.00223287
0.0019217
0.00214471
0.00213213
0.00219661
0.00212098
0.00206999
0.00210735
0.00197449
0.0020673
0.00212402
0.00196534
0.00210746
0.000991257
0.00058504
0.000107438
0.00018251
0.000130509
0.000272644
0.000420287
0.000145705
0.000149998
0.00136343
0.000835511
0.00170965
0.00103625
0.00200242
0.00348737
0.00233142
0.00698022
0.00404833
0.00492071
0.00473903
0.0032523
0.00526513
0.00519361
0.00391546
0.00534347
0.00526337
0.00295385
0.00612113
0.00417996
0.00436682
0.00436079
0.00289001
0.00400771
0.00229021
0.00159669
0.00146909
0.00134076
0.000846641
0.000764155
0.00239866
0.00138531
0.00148997
0.000859147
0.000841397
0.000515118
0.00018166
4.12123e-05
4.1253e-05
4.13238e-05
4.136e-05
4.15046e-05
4.17096e-05
4.16873e-05
4.01559e-05
0.000636103
0.000640732
6.0945e-05
0.0154031
0.0116971
0.0102704
0.00904034
0.0083524
0.00799324
0.00725596
0.00655529
0.0053922
0.00430416
0.00309278
0.00228143
0.00138488
0.000959332
0.000475971
0.000273336
0.000132847
8.36443e-05
8.89353e-05
2.44767e-05
1.75817e-05
3.01982e-05
2.23753e-05
6.45558e-05
6.21891e-05
8.38231e-05
7.30987e-05
6.6715e-05
3.924e-05
3.28957e-05
6.97846e-05
3.8847e-05
2.54659e-05
4.28768e-05
5.10878e-05
4.4042e-05
4.59634e-05
5.6624e-05
6.35523e-05
1.68636e-05
6.41324e-05
5.95659e-05
2.44808e-05
2.46949e-05
0.000799386
0.00073127
0.000628313
0.00065694
0.000648713
0.000580336
0.000602961
0.000523801
0.000514034
0.000476188
0.000414457
0.00039821
0.00035344
0.000348478
0.000270184
0.000284385
0.000343244
0.000284656
0.000248719
0.000236439
0.00021966
0.000179673
0.000208532
0.000205253
0.000147605
0.000135035
0.000125243
0.0001443
0.000234734
0.000115818
0.000114948
2.54644e-05
7.54506e-05
0.000250633
0.000548295
0.000770494
0.00066256
0.00285338
0.00299634
0.00609397
0.00707092
0.00660943
0.00562233
0.00393992
0.00310365
0.00156124
0.00102584
0.00113294
0.000490699
0.000197669
5.96421e-05
5.82125e-05
0.000153967
2.71635e-05
3.97087e-06
5.07576e-05
2.29092e-05
7.81382e-05
0.000346803
0.000407132
0.000600164
0.000892957
0.00252838
0.00277393
0.00305626
0.00352502
0.00432986
0.00533675
0.00574092
0.00785581
0.00779971
0.0106508
0.00957801
0.0115911
0.0101507
0.0138137
0.0187723
0.0139044
0.0130735
0.0139115
0.0121768
0.0103549
0.00184331
0.00191075
0.0019601
0.00212174
0.00193385
0.0021247
0.00195788
0.00200404
0.00213506
0.00208621
0.00219633
0.0024246
0.00224104
0.00228187
0.00230533
0.00237752
0.00237058
0.00231995
0.00280293
0.00237428
0.00273827
0.00248264
0.00247398
0.00247677
0.00211415
0.00216428
0.000468605
0.00095405
0.000978721
0.000383881
0.000356366
0.000662804
0.000516445
4.91828e-05
9.13008e-05
8.28838e-05
5.5745e-05
0.000844827
0.00110933
0.00037287
0.000956355
0.00077349
0.00125202
0.000661552
0.000849826
0.00356693
0.00280334
0.00285109
0.00414
0.00676946
0.00384708
0.00483573
0.00450608
0.00299981
0.00437323
0.00341768
0.00372393
0.00366203
0.00334048
0.003258
0.00238403
0.00164402
0.00137411
0.00100647
0.000489429
3.39625e-05
6.36394e-06
0.000434788
0.000641349
0.00201492
0.0037829
0.00757628
0.00994436
0.0137987
0.0108912
0.00894103
0.00838406
0.00756648
0.00904779
0.00821977
0.00884974
0.00523201
0.00734367
0.00933663
0.00315598
0.00307659
0.0033293
0.0035211
0.00441264
7.04854e-05
7.54765e-05
7.94705e-05
8.31966e-05
0.000382727
0.00184296
0.000118262
0.00117544
0.000956669
0.000944911
0.000756989
0.000502244
0.00038974
0.000211828
4.83911e-05
1.58867e-05
1.06792e-05
3.10199e-06
1.33459e-05
1.0917e-05
1.07475e-05
1.48194e-05
3.88244e-05
4.87123e-05
6.47009e-05
0.00012518
0.000210743
7.80186e-05
0.000165515
0.00019591
0.000147524
0.000127782
0.000103795
0.000192316
0.000140616
0.000189123
0.000670723
0.00030097
0.000306517
0.000559969
0.000288162
0.000192835
0.000257452
9.27043e-05
0.000161528
7.53271e-05
2.86326e-05
1.94528e-05
6.95439e-06
6.9085e-06
2.98655e-06
2.14186e-05
8.87799e-06
2.11021e-06
3.00409e-06
3.10974e-06
5.30647e-06
7.3209e-06
3.38954e-05
3.88315e-06
6.43639e-06
6.46497e-06
1.45748e-06
1.70121e-05
1.36931e-05
5.82267e-06
4.44609e-06
5.28303e-06
0.00462547
0.00296348
0.00184094
0.00083723
0.000335437
0.000163711
7.57573e-05
3.65445e-05
1.66778e-05
1.04904e-05
6.06392e-06
0.00301668
0.00295272
0.00269706
0.00240127
0.00210385
0.00181095
0.00154124
0.00114662
0.000844709
0.000260898
0.000103498
0.000114886
0.000143069
0.000497405
0.000744805
0.00287398
0.00636695
0.00909008
0.0102596
0.0131925
0.0138436
0.0126248
0.00947818
0.00833956
0.00899292
0.00530415
0.00410398
0.00368538
0.00175722
0.00171053
0.00148306
0.00128105
0.00115915
0.000792709
0.000884811
0.000564593
0.000483111
0.000494466
0.000355123
0.000297624
0.000213493
0.000281848
0.000218465
0.000222334
0.000303327
0.00152537
0.00162146
0.00223095
0.00281042
0.00370031
0.00456432
0.00464859
0.00223137
0.00220211
0.00229431
0.00319801
0.00392753
0.0052905
0.00629969
0.00772644
0.00487286
0.00374094
0.00139436
0.00130286
0.00139596
0.0013645
0.00139206
0.00140999
0.00125741
0.00140548
0.0012412
0.0013619
0.00130915
0.00122826
0.00128271
0.00129055
0.00129355
0.00125593
0.00126597
0.00127706
0.0013185
0.00117313
0.00130489
0.00122243
0.00137177
0.0011963
0.00119685
0.0012002
0.00118891
0.00066131
0.000990084
0.000186295
0.000733476
0.000104112
0.000104435
0.000209309
0.000634173
0.000503571
0.00269017
0.00294445
0.00268643
0.00416722
0.00334075
0.00451426
0.00476281
0.00747135
0.00665995
0.00396573
0.00586027
0.00513359
0.00367442
0.00545379
0.00439387
0.00180372
0.00133535
0.00260343
0.00192411
0.00135649
0.0013307
0.000741989
0.000802679
0.000321345
0.000565996
0.000628019
0.000506461
0.000169255
0.000245492
0.000412824
0.00015016
0.000252264
0.00031295
0.000299039
0.000568254
0.000992867
4.63428e-05
4.67676e-05
4.63791e-05
4.68712e-05
4.67315e-05
4.63409e-05
4.49607e-05
0.000503633
0.000666632
0.000490076
0.00257385
0.00248897
0.00229632
0.00207238
0.00155187
0.00121106
0.000731166
0.000547389
0.00203229
0.00162742
0.000949276
0.000744518
0.000685113
0.000436942
0.000424921
0.000310965
0.000189246
8.45929e-05
0.000107301
6.17226e-05
2.2023e-05
5.32594e-06
4.51156e-06
3.35134e-06
3.3901e-06
0.00102415
0.000597077
0.000462636
0.00037687
0.0003344
1.54955e-05
4.75458e-06
6.27018e-06
3.27718e-06
5.33128e-06
7.29367e-06
2.05535e-05
1.2606e-05
3.9873e-05
5.32233e-05
0.000108812
0.000103449
5.45739e-05
0.00010418
0.000109768
0.000134156
0.0001112
0.000133623
3.84028e-05
6.37237e-05
0.000123907
0.00013004
0.000123918
4.13939e-05
7.34249e-05
0.000156271
1.7757e-05
1.39197e-05
0.000285698
0.000363073
0.000485266
0.000404448
0.000406753
0.000371766
0.000282635
0.000190956
0.000113736
3.89495e-05
3.46856e-05
0.000137862
0.000629263
0.000706431
0.00346425
0.00729222
0.00958912
0.0100318
0.00950065
0.00756729
0.00816773
0.00581506
0.00501287
0.00231503
0.00308916
0.00172276
0.000877427
0.000449532
0.000458822
0.000393292
0.00035435
0.000280658
0.000237374
0.000228766
0.000240381
0.000149273
0.000323792
0.00039299
0.00084193
0.000963927
0.00155125
0.00182187
0.00210544
0.00233006
0.00277191
0.00323037
0.00395541
0.00475791
0.00579149
0.00671155
0.00765875
0.0309353
0.00757705
0.0044145
0.00330718
0.00286321
0.00242354
0.00221707
0.00203032
0.00184872
0.00179394
0.00163662
0.00155771
0.00149108
0.00141066
0.00142428
0.00137455
0.00140425
0.00144321
0.00135444
0.00153403
0.00133292
0.00134606
0.00139102
0.00139321
0.00128393
0.00130995
0.00134415
0.0013227
0.00112345
0.00118455
0.000927709
0.000416462
0.000250253
0.000237711
0.000263939
0.000404536
0.00045521
0.000340861
0.00201657
0.00321605
0.0027453
0.00259284
0.00175685
0.00147809
0.00374834
0.00103888
0.00149814
0.0013422
0.000984788
0.00105652
0.000873252
0.000142986
0.00061439
9.87914e-05
0.00017928
0.000779344
7.51444e-05
0.000641913
0.000321435
0.000147306
0.000193713
0.000569529
9.09069e-05
0.00033075
0.000113313
0.000775705
0.00043761
0.00103005
9.96058e-05
0.00713231
0.00449442
0.00289586
0.00840371
0.00404297
0.00326849
0.0042174
4.06252e-05
4.06511e-05
4.06456e-05
4.06404e-05
4.06262e-05
4.051e-05
0.000341698
0.00297738
0.00948434
0.00724824
0.00515554
0.00450989
0.00424462
0.00322102
0.00272449
0.00181735
0.00135241
0.000921403
0.000554404
0.000260678
0.000111048
0.000160386
0.000114161
9.07575e-05
3.99766e-06
6.92356e-06
7.68e-06
1.04531e-05
1.65714e-05
1.2596e-05
5.11157e-06
1.01391e-05
6.03186e-06
1.72309e-05
3.35891e-05
2.919e-05
1.10756e-05
7.62954e-06
4.05713e-05
0.00025562
0.000178046
6.84465e-05
4.17724e-05
1.736e-05
4.62581e-06
1.16868e-05
3.57096e-06
1.12265e-05
0.000752401
0.00043537
0.000314476
0.00014347
9.37295e-05
6.42529e-05
1.86113e-05
2.19174e-05
1.23517e-05
6.40182e-06
4.55589e-06
6.79429e-06
5.33185e-06
5.75871e-06
7.06448e-06
8.67805e-06
5.61846e-06
5.56982e-06
7.03439e-06
9.34737e-06
1.72566e-05
1.69603e-05
0.00236004
0.00234875
0.00224699
0.00200278
0.00182513
0.00152759
0.00114068
0.000830464
0.000586931
0.000293526
7.12468e-05
4.29891e-05
5.2404e-05
0.00022952
0.000328934
0.00159607
0.00429094
0.0100148
0.00981404
0.00792277
0.00608187
0.00430185
0.0032052
0.00321132
0.00198473
0.00143415
0.00119211
0.000917094
0.000668189
0.000485173
0.000511118
0.000328405
0.0005585
0.000314961
0.000187055
0.000170656
0.00015045
0.000124673
0.000114064
0.000106481
6.26784e-05
9.37767e-05
4.82393e-05
0.000369547
0.00105568
0.00156717
0.00156359
0.00171814
0.00241043
0.00265917
0.00338815
0.00456675
0.00441581
0.00462044
0.00520535
0.00592243
0.00715442
0.00711402
0.00527371
0.003383
0.00318105
0.00287855
0.00314649
0.00268523
0.00279749
0.00271349
0.00296733
0.0022896
0.00256531
0.00240362
0.00245258
0.00234488
0.00228689
0.00212264
0.00223263
0.00224495
0.00216524
0.00207133
0.00222983
0.00215738
0.00208949
0.0020764
0.00224869
0.00223483
0.00208289
0.00191577
0.00206009
0.00191973
0.00187032
0.00194248
0.000934214
0.000824058
0.000138084
0.000411977
0.000474941
0.000184093
0.000159194
0.000243879
0.000148176
0.0010563
0.000386489
0.000801028
0.00225532
0.00250775
0.00321821
0.0029137
0.00413329
0.00490407
0.00460485
0.00438257
0.00409554
0.00451351
0.00631108
0.00510466
0.00565571
0.00618618
0.00508877
0.00422742
0.00405209
0.00661805
0.00482961
0.00342606
0.00238093
0.00356161
0.00288034
0.00269596
0.0028267
0.00469009
0.000887136
0.00172907
0.000738996
4.4201e-05
3.88457e-05
3.89042e-05
3.90193e-05
3.88913e-05
3.89824e-05
3.91358e-05
0.00112205
0.00161813
1.40129e-05
0.00811664
0.00828767
0.00730339
0.00644263
0.00631587
0.00559841
0.005442
0.0046184
0.00380993
0.00274552
0.00203256
0.00114207
0.000740524
0.000292424
0.000235222
9.22746e-05
5.8712e-05
2.21479e-05
2.14203e-05
5.39066e-06
5.64047e-06
7.31171e-06
8.43668e-06
5.35491e-05
4.08861e-05
4.4008e-05
0.000115254
9.1055e-05
5.70579e-05
7.62953e-05
0.000217289
0.000172553
0.000177861
0.000150953
0.000163323
0.000140114
0.000113136
0.000117426
0.000102483
8.99443e-05
5.93987e-05
5.39457e-05
5.30593e-05
6.34627e-05
2.33415e-05
0.000117581
0.000118474
9.45185e-05
7.58748e-05
5.50977e-05
1.82862e-05
3.62413e-05
0.000102482
9.15336e-05
9.2283e-05
0.000103562
0.000398231
0.000263075
0.000198912
0.000158364
0.000100165
7.98139e-05
4.38993e-05
0.000401799
0.000347932
0.000235089
0.0001717
0.000116432
6.39789e-05
4.55298e-05
3.36219e-05
2.44915e-05
0.00146009
0.00146972
0.00146471
0.00128213
0.000963957
0.000640559
0.000368275
0.000328789
5.04997e-05
0.000159002
0.00041219
0.000512889
0.000713149
0.00299811
0.00541788
0.00770466
0.00725951
0.00637606
0.00442128
0.00370482
0.00216118
0.00131896
0.00157688
0.000540835
0.000479085
0.000446333
0.000467369
0.000514098
0.000356682
0.000194464
0.000177908
0.000145161
8.50607e-05
4.88972e-05
3.2016e-05
1.88558e-05
0.000145039
0.000103474
0.000175222
0.000220908
0.000492779
0.00146895
0.00405348
0.00261651
0.0030167
0.00308897
0.00572148
0.00557161
0.00609785
0.0096471
0.0112218
0.0116617
0.00977088
0.0088592
0.0126744
0.0147819
0.0232236
0.0155831
0.00204929
0.00217875
0.00217932
0.00221448
0.00228455
0.00228288
0.00225318
0.00250886
0.00231752
0.00247322
0.00255812
0.00232605
0.00233144
0.00233664
0.00224229
0.00238178
0.00248335
0.00241683
0.00190772
0.000845404
0.00145541
0.000200331
0.000276903
0.000104503
0.000102178
9.67959e-05
0.000121047
0.000295587
0.000230052
0.000250236
0.00203313
0.00151047
0.00184386
0.00110753
0.00250201
0.00230754
0.00257624
0.00251242
0.00563988
0.0026889
0.00692335
0.0036538
0.00429996
0.00422298
0.00566502
0.00475046
0.00495615
0.0042097
0.00398452
0.00408093
0.00309271
0.00349819
0.00363136
0.0028146
0.00253948
0.00397253
0.002305
0.00211161
0.00336239
0.00175741
0.00156549
0.00186693
0.000977463
0.000504811
0.000552017
0.000357521
0.000406957
0.000115276
3.54153e-05
3.36175e-06
3.86273e-07
0.000138103
0.000320193
0.000499839
0.00160244
0.00385527
5.75761e-05
5.89807e-05
6.10301e-05
6.31851e-05
6.60315e-05
6.96173e-05
7.36069e-05
7.64785e-05
0.0017032
0.00240315
7.32384e-06
0.000189857
0.00202792
0.00174546
0.00178996
0.00145936
0.00128874
0.00111276
0.000499446
0.0002112
9.5822e-05
3.03896e-05
2.14866e-05
7.38817e-06
7.13712e-06
5.25857e-06
8.33643e-06
2.81658e-05
3.81479e-05
5.64017e-05
5.69436e-05
5.7103e-05
8.02765e-05
0.00011333
0.000168005
7.50847e-05
0.000131026
0.000101115
7.47476e-05
3.18431e-05
2.42694e-05
9.10355e-05
0.00102853
0.00109048
0.000794803
0.000383761
0.00103343
0.000742199
0.000419248
0.00032823
0.000165764
5.54833e-05
4.12364e-05
2.04467e-05
5.36023e-06
4.71324e-06
4.2638e-06
7.88553e-06
1.21572e-05
7.46293e-06
5.29012e-06
1.52028e-05
6.22994e-06
1.50167e-05
1.1269e-05
1.31804e-05
1.90629e-05
9.87854e-06
5.24649e-06
8.09354e-06
1.57322e-05
5.67799e-06
0.00638039
0.00353228
0.00200305
0.00132475
0.000590751
0.000289506
0.000121892
5.57381e-05
3.84e-05
2.30296e-05
1.81383e-05
7.83796e-06
0.00397459
0.00367977
0.0034308
0.00314212
0.00273294
0.00246567
0.00206372
0.00158255
0.000974404
0.000649751
0.000252018
0.000152606
0.000233762
0.000419616
0.00222994
0.00451423
0.00698387
0.00748674
0.00763577
0.0060332
0.00528894
0.00266831
0.00183683
0.000847994
0.000617485
0.000446668
0.000299061
0.000239742
8.66836e-05
0.000112858
6.50278e-05
0.000102296
0.000101549
9.39582e-05
0.000121252
0.000366618
0.000193618
0.000588279
0.000578345
0.00111544
0.000828304
0.000963001
0.0012675
0.00132533
0.00206993
0.00234706
0.00202795
0.00153536
0.00174084
0.00136252
0.00219628
0.00179214
0.0013255
0.00140261
0.0011234
0.00109071
0.00145639
0.000985309
0.00123269
0.00132149
0.000967841
0.00085696
0.000899999
0.000712304
0.000879813
0.000571201
0.000683872
0.00084307
0.000993135
0.000604909
0.000733668
0.000682084
0.000533424
0.000641186
0.000852189
0.000498144
0.000593176
0.000557215
0.000602053
0.000364752
0.000427295
0.000584511
0.000565668
0.000310388
0.000476818
0.000642267
0.000592386
0.000371678
0.000332274
0.000451737
0.000263575
0.000317673
0.000372345
0.000245749
0.000228907
0.000169912
0.000438767
0.000338934
0.000238702
0.000279145
0.00018823
0.000219358
0.000267147
0.000184896
0.000367764
0.00016354
0.000257407
0.000253112
0.000393157
0.000261588
0.000267704
0.000252004
0.000226634
0.000134359
0.000217156
0.000201536
0.000182771
0.000168228
0.000160903
0.000147421
0.000146156
0.00013383
0.00012665
0.000118166
0.000108598
9.64712e-05
0.000240809
0.000157131
0.000141348
0.000181515
0.000162002
0.000157853
0.000139226
0.000125587
0.000117199
0.000104255
9.62013e-05
9.51712e-05
8.93075e-05
8.73446e-05
7.46244e-05
7.04129e-05
6.96834e-05
7.71744e-05
6.62819e-05
6.44484e-05
6.78813e-05
6.7733e-05
6.62938e-05
0.000314723
0.000301247
0.000289546
0.000277912
0.000268505
0.000259945
0.000249951
0.000238602
0.000227216
0.00021661
0.000215345
0.000210069
0.000197872
0.000194516
0.000197045
0.000199564
0.000191272
0.000178435
0.000187417
0.000188083
0.000214048
0.000207474
0.000296807
0.0003203
0.000328129
0.000359904
0.000413061
0.000462295
0.000500891
0.000577204
0.000836284
0.00118392
0.00138241
0.0016149
0.0019854
0.0022253
0.00260621
0.00387241
0.00457604
0.00404762
0.00434329
0.002923
0.00103616
0.000580001
0.00102865
0.000590598
0.000240811
0.00133945
0.00203571
0.0013899
0.000670301
0.00131944
0.00143802
0.000342932
0.000234419
0.000531016
0.00106551
0.000597626
0.000625834
0.00042152
0.00125952
0.00149493
0.00110172
0.000566279
0.00124119
0.00111184
0.000897976
0.000847228
0.00230245
0.00174684
0.00189876
0.00150408
0.00289205
0.002394
0.00252232
0.0015882
0.00319157
0.00400096
0.00317824
0.00335048
0.00281295
0.00550533
0.00438873
0.00770695
0.00596644
0.00597541
0.00659297
0.00509722
0.0030879
0.000863647
0.000853114
0.000901718
0.00398391
0.00085169
0.000845153
0.000830702
0.000826735
0.000819068
0.000797587
0.000807902
0.000798585
0.000819677
0.000815649
0.000807429
0.000811561
0.000807657
0.000795653
0.000772127
0.000782879
0.000779945
0.000773865
0.000769845
0.000763286
0.000758997
0.000753863
0.000752266
0.000749604
0.000748125
0.000745615
0.000744479
0.000741508
0.000749695
0.000746441
0.000747772
0.00074345
0.000742267
0.000737461
0.00074195
0.000746262
0.000742425
0.000744451
0.000758982
0.000754105
0.000754298
0.000737496
0.000729752
0.000726221
0.000728993
0.000730493
0.000730297
0.000738958
0.000756329
0.000400459
0.000358467
0.000251107
0.000721596
0.000717753
0.000722076
0.000726409
0.00072855
0.000314891
0.000724364
0.000719644
0.000726959
0.000719221
0.000695361
0.000723252
0.000737348
0.000501317
0.000659538
0.000655233
0.000476242
0.000494166
0.00035752
0.000122616
0.000121803
0.000128064
0.000119393
0.000118517
0.00014752
0.000145506
0.000203989
0.00016129
0.000159014
0.00025463
0.000513496
0.000645647
0.000880002
0.00166437
0.00162683
0.00196139
0.00153612
0.00169232
0.0015164
0.00147967
0.00217395
0.00297517
0.00288788
0.00289436
0.00247265
0.00239768
0.00247339
0.00489819
0.00533132
0.00244429
0.0025645
0.00550931
0.00523902
0.00551829
0.00520931
0.00514889
0.00419529
0.00413067
0.00546951
0.00504675
0.0051158
0.00412525
0.00376203
0.00411106
0.00251159
0.0032325
0.00424803
0.00424169
0.00370178
0.00345959
0.00210929
0.0019865
0.00237975
0.0022116
0.00189019
0.0017136
0.00164662
0.00146621
0.00109258
0.00114208
0.00138426
0.00107358
0.000925081
0.000965127
0.000150462
0.00017311
0.000310987
0.000309606
0.0001838
9.44424e-05
0.000101767
0.000110235
0.000104848
9.11468e-05
0.000164346
0.000120056
9.74508e-05
0.000122118
0.000102884
0.000216946
0.000224591
0.000151635
0.000121246
0.000539718
0.000421023
0.000107131
0.000471697
0.00022012
0.00014794
0.000102927
0.000116576
0.000102708
0.000124202
0.000451853
0.000247655
0.00025342
0.00032232
0.000120547
0.0021798
4.93632e-05
4.93553e-05
4.93437e-05
4.93383e-05
4.9329e-05
4.93238e-05
4.93287e-05
4.93138e-05
4.94352e-05
4.94096e-05
4.99144e-05
8.77748e-05
8.75222e-05
8.77034e-05
0.000482899
5.10009e-05
5.92484e-05
6.89293e-05
5.79266e-05
0.000739568
0.000642644
0.000778443
0.000690542
0.000751947
0.00066965
0.000486588
0.000421555
0.0002084
0.000171142
0.000159069
6.26135e-05
4.8539e-05
3.20009e-06
2.26747e-06
2.32947e-05
2.81609e-05
2.54217e-05
4.19143e-05
4.42631e-05
4.11748e-05
1.49923e-05
6.86039e-05
7.21685e-05
0.000115939
0.000117966
0.000149867
0.000150942
9.43844e-05
9.28617e-05
6.59147e-05
4.66428e-05
4.80645e-05
4.33733e-05
2.66683e-05
2.6707e-05
3.35806e-05
3.29403e-05
2.91961e-05
5.39578e-05
5.5355e-05
5.31789e-05
4.69264e-05
8.26258e-05
6.12953e-05
5.48979e-05
3.11937e-05
2.05744e-05
2.20162e-05
1.4789e-05
2.03566e-06
1.92403e-06
3.57397e-06
3.04369e-06
1.3253e-05
7.29053e-06
2.79185e-06
1.4936e-06
1.48973e-05
1.70843e-05
3.61528e-05
3.31249e-05
1.02489e-05
1.137e-05
1.11424e-05
6.48014e-06
5.84272e-06
1.17552e-05
1.25134e-05
1.36563e-05
1.35318e-05
1.25162e-05
1.85029e-06
4.20635e-06
4.30563e-05
4.31113e-05
2.20635e-05
3.43517e-05
8.37058e-05
0.000103051
0.000120072
0.000153929
0.00012566
0.000155113
0.000210986
0.000291992
0.00017418
0.000166262
0.000211446
0.00020355
0.000236705
0.000208989
0.00025995
0.000422422
0.000365598
0.000202681
0.000405336
0.000258439
0.000485251
0.000257762
0.000485022
0.000409022
0.000343737
0.000603723
0.000511386
0.000367105
0.000412982
0.000347125
0.000445908
0.000491904
0.011553
0.00769303
0.00458567
0.00246913
0.00128981
0.000688256
0.000315916
0.000154302
5.73309e-05
2.86524e-05
1.68516e-05
6.78479e-06
5.13226e-06
3.30883e-06
2.61856e-06
2.61038e-06
2.7395e-06
2.53457e-06
2.58994e-06
3.22818e-06
2.7888e-06
3.01686e-06
3.37579e-06
2.9551e-06
5.0658e-06
5.88319e-05
4.4682e-05
1.6901e-05
1.21005e-05
9.58779e-06
7.09094e-06
3.66604e-06
4.11807e-06
5.62644e-06
0.00311852
0.00292976
0.00276017
0.00259236
0.00202297
0.00182528
0.00160612
0.00149453
0.00141047
0.00136061
0.00122129
0.00110994
0.000931871
0.000873899
0.000713116
0.000575688
0.000492221
0.00047066
0.000331245
0.000287481
0.000139195
0.000146039
5.24752e-05
4.00964e-05
1.18145e-05
1.57922e-05
1.21538e-05
5.74191e-05
6.478e-05
0.000220816
0.000243924
0.000268563
0.000626649
0.000652631
0.000446415
0.000680414
0.000616818
0.00086675
0.000869163
0.000707786
0.00272414
0.00247707
0.00518099
0.00533606
0.00851319
0.00850408
0.00783309
0.00943219
0.00935378
0.0105671
0.0116618
0.0107075
0.0118355
0.0111977
0.0107365
0.0102434
0.00931881
0.00938821
0.00781268
0.00721098
0.00640381
0.00290543
0.0031256
0.00245711
0.00339735
0.00276707
0.00200034
0.00235144
0.00170309
0.00113174
0.00134539
0.000840075
0.000775854
0.000847345
0.000647644
0.000790702
0.000784686
0.000375513
0.000399874
0.000235365
0.000483396
0.000347172
0.000227503
0.00022156
0.000215441
0.000243857
0.000299305
9.30484e-05
9.59718e-05
8.98024e-05
8.90741e-05
7.38613e-05
8.54257e-05
8.86878e-05
7.19458e-05
0.000249582
0.000137784
0.000217963
0.0002146
0.000249365
0.000226362
0.000273328
0.000590339
0.000816544
0.000601749
0.000597049
0.000620452
0.000836549
0.00114619
0.00127823
0.00106387
0.00126357
0.00138508
0.0012885
0.0014426
0.00156847
0.0018736
0.00181798
0.00176387
0.00158537
0.00165707
0.00195191
0.0023238
0.00172241
0.0012157
0.000899066
0.0019773
0.00116674
0.00164812
0.00135265
0.0016696
0.00160854
0.0013317
0.00285527
0.00218222
0.00338954
0.00263667
0.00266264
0.0014258
0.00357119
0.00272538
0.00401011
0.00329026
0.00213279
0.00119673
0.00261563
0.00127866
0.00126497
0.00138369
0.00133671
0.0013512
0.00117567
0.00119354
0.00140763
0.00139188
0.00135185
0.00132411
0.00133139
0.00132481
0.00146779
0.00144394
0.00136261
0.00136083
0.00133013
0.00131702
0.00130274
0.00130234
0.00136205
0.00132541
0.00124432
0.001278
0.00118027
0.00117451
0.00127298
0.00127457
0.00128858
0.00125987
0.00130561
0.00123926
0.00121402
0.00122825
0.00120051
0.00120136
0.00122874
0.00123934
0.00121412
0.00122566
0.00130635
0.00132839
0.0012097
0.00118654
0.00120468
0.0011728
0.00115209
0.00115139
0.0012937
0.00127797
0.00109489
0.00107925
0.00108626
0.00118607
0.00116436
0.00116485
0.00111206
0.00111526
0.00111318
0.00109616
0.000975467
0.000231083
0.000157261
0.000332456
0.000329386
0.000279911
0.000178324
0.00017755
0.000119616
0.000117266
0.000482981
0.000647174
0.000774787
0.000194956
0.000190655
0.000217638
0.000838361
0.00081217
0.000972721
0.00107969
0.00148532
0.00035635
0.000346473
0.000451042
0.00110686
0.00106744
0.0012807
0.000664284
0.000641954
0.000965328
0.00283308
0.0029619
0.00247536
0.00235322
0.00314001
0.00285651
0.00279221
0.00280061
0.0024202
0.00420163
0.00440022
0.00434188
0.00396907
0.00380425
0.00326195
0.00294679
0.00201437
0.00357911
0.00313785
0.00275693
0.00171669
0.00192501
0.00168995
0.00155145
0.00146565
0.00222945
0.00189766
0.00181499
0.00103959
0.00089936
0.000666059
0.000771046
0.00061103
0.000543763
0.000616051
0.000743479
0.00115115
0.00103003
0.000420781
0.000442834
0.000123727
0.000129125
0.000134541
0.000264107
0.000273157
0.000570256
0.000588028
0.000332606
0.000311324
0.000356127
0.00264549
0.00156263
0.000838956
0.000494348
0.000266002
0.000166781
0.000129241
0.000106463
7.90558e-05
8.13184e-05
7.71237e-05
7.74646e-05
0.000180628
0.00021512
0.000175697
0.00010324
8.14024e-05
8.01428e-05
8.54416e-05
7.27786e-05
0.000141184
0.00014125
0.000144334
0.000541
0.000645734
9.7127e-05
8.03522e-05
7.58825e-05
0.000157069
0.00259893
0.00200111
4.81555e-05
4.81645e-05
4.81657e-05
4.81581e-05
4.81667e-05
4.8148e-05
4.80956e-05
4.81003e-05
4.81071e-05
4.8146e-05
4.94635e-05
4.94811e-05
4.9713e-05
0.00195797
0.00183111
0.000317997
0.000316768
0.000362345
0.000298823
0.000922001
0.000830545
0.000897381
0.000825229
0.000748496
0.00067679
0.000452034
0.000420349
0.00037184
0.000154593
0.00012563
5.98985e-05
4.62832e-05
1.30038e-05
9.84252e-06
1.23836e-05
8.87429e-06
5.07896e-06
5.76255e-06
1.01118e-05
1.25164e-05
1.14289e-05
1.3827e-05
2.47883e-05
2.58795e-05
5.21466e-05
5.38329e-05
9.29014e-05
9.22564e-05
8.5032e-05
8.35898e-05
8.6979e-05
8.68199e-05
8.14327e-05
6.68895e-05
6.52758e-05
0.000115788
0.000103045
5.93242e-05
4.80945e-05
2.36107e-06
0.000853485
0.000682813
0.000480488
0.000372882
0.000293917
0.000226786
0.000337183
0.000258576
0.000229703
0.0001717
0.000150781
0.000117825
8.51059e-05
5.05513e-05
3.53631e-05
5.46536e-05
1.61278e-05
9.101e-06
2.92259e-05
1.87288e-05
8.87692e-06
5.15053e-06
1.69552e-05
9.98377e-06
5.46966e-06
3.20986e-06
3.07201e-06
2.73749e-06
1.00821e-05
1.14671e-05
3.37128e-06
2.95837e-06
2.98643e-06
1.21488e-05
0.00200986
0.00166314
0.000948758
0.00072925
0.000609856
0.000445471
0.000345267
0.000504782
0.000376615
0.000314636
0.000323903
0.000235114
0.000198169
0.000138572
0.000119518
1.51898e-05
8.24016e-06
4.38216e-06
4.75032e-06
4.91551e-06
7.72346e-06
4.84138e-05
3.09825e-05
2.91198e-05
3.98004e-06
5.30247e-06
4.99691e-06
1.69747e-05
2.20492e-05
1.80564e-05
1.42918e-05
1.734e-05
3.38196e-06
4.48081e-06
3.25844e-05
2.05912e-05
5.2605e-06
3.54982e-06
3.84353e-06
1.53345e-05
1.94226e-05
1.47768e-05
3.62073e-05
2.31583e-05
6.70659e-06
9.37268e-06
5.70697e-06
3.74292e-06
3.97829e-06
3.53257e-06
4.35286e-06
6.92915e-06
4.0981e-06
3.97968e-06
3.63123e-06
0.000184008
0.000526344
0.000383986
0.000307595
1.11919e-05
0.000142941
0.0010559
0.000758714
0.000589477
0.000381176
0.00026174
0.000216027
0.000148836
8.46235e-05
6.12452e-05
8.08334e-05
5.16147e-05
4.22367e-05
4.52397e-05
3.04564e-05
1.14109e-05
8.34356e-06
6.99834e-06
5.37277e-06
5.85443e-06
7.20047e-06
5.62324e-06
6.27277e-06
1.17646e-05
8.06272e-06
9.4491e-06
8.0614e-06
6.35213e-06
7.62555e-06
7.50145e-06
6.56887e-06
7.78134e-06
6.59657e-06
7.33771e-06
7.74814e-06
9.04495e-06
1.36883e-05
9.49433e-06
1.31431e-05
1.86467e-05
1.54169e-05
0.000816312
0.000627239
0.000427195
0.00146164
0.00130395
0.000664579
0.000827153
0.000379345
0.000355615
0.000226866
8.66794e-05
8.13012e-05
8.51603e-05
0.000130266
9.08494e-05
0.0016362
0.00162102
0.00125185
0.00217953
0.00215909
0.00497518
0.0062008
0.00610755
0.00681941
0.00802878
0.00775639
0.00684981
0.00786377
0.00745474
0.00829504
0.00871943
0.00832169
0.00763069
0.00702418
0.0069767
0.00616839
0.00372325
0.00351489
0.00437645
0.00295002
0.00291306
0.00186649
0.00219104
0.00150958
0.00156967
0.00108758
0.000812652
0.000534165
0.000691356
0.000501252
0.000268012
0.000260347
0.000186444
0.000309493
0.000179077
8.68378e-05
0.000124755
8.40768e-05
0.000135961
0.000169467
0.000164419
0.000291178
0.000200882
0.000414702
0.00147271
0.0014478
0.00138294
0.00135942
0.00124283
0.00115037
0.00115696
0.00115401
0.00107649
0.00109672
0.00110505
0.00104378
0.0010814
0.00106829
0.00101798
0.00104248
0.000949496
0.00112991
0.001157
0.00110943
0.00107652
0.00115153
0.00121119
0.00126623
0.0013204
0.00123822
0.00148542
0.00144842
0.00151491
0.00146507
0.0014338
0.00156601
0.00173407
0.00169809
0.00181429
0.00162541
0.00159895
0.0016633
0.0015424
0.00161706
0.00182156
0.00194192
0.0020523
0.00198021
0.00195234
0.00202392
0.00209282
0.00210547
0.00219292
0.00219239
0.00228065
0.00226275
0.00219936
0.00220011
0.00207019
0.00205965
0.00208274
0.00206398
0.00204258
0.00197306
0.00197619
0.00199016
0.00197056
0.00198463
0.00193248
0.00195625
0.00207946
0.00204688
0.00207533
0.00196935
0.00200986
0.00208347
0.0021035
0.00197873
0.00201076
0.00211606
0.00216658
0.00221507
0.00208222
0.00217202
0.00222396
0.00216831
0.00223683
0.00207231
0.00215897
0.00124985
0.00122371
0.000735247
0.000251298
0.000249817
0.000237829
0.000515377
0.00027941
0.000218978
0.000812939
0.000765123
0.00107895
0.000419475
0.000960622
0.00151093
0.00184243
0.00160677
0.00155822
0.00245421
0.00252276
0.00228784
0.0029548
0.00405917
0.00413875
0.00276741
0.00240188
0.00359607
0.00304266
0.00426219
0.00452365
0.00293794
0.00291763
0.00338858
0.00292183
0.00349723
0.00265418
0.00245275
0.00254954
0.00223265
0.00169996
0.00147176
0.0011618
0.00148856
0.00124532
0.0014074
0.00129347
0.00127254
0.000963613
0.0029893
0.0024834
0.000820485
0.000734216
0.00143412
0.00125666
0.00251364
0.00273353
0.00351319
0.00544798
0.0053157
0.005547
0.00251051
0.00232798
0.00216179
0.000144509
0.0196636
0.0167914
0.00440935
0.00410273
0.000888486
0.000203524
0.000150328
0.000141434
0.000323128
0.000122256
7.5509e-05
0.000166208
0.000272735
0.000282125
1.83694e-05
2.50101e-05
0.000255015
0.000188689
0.000167147
0.00013541
9.77067e-05
0.000264252
0.000209055
0.000249749
0.000199476
8.6637e-05
7.12189e-05
0.000117096
0.000113908
0.00010548
4.05116e-05
3.037e-05
8.81256e-06
8.89101e-06
8.78354e-06
9.92585e-06
9.48165e-06
1.15959e-05
1.76469e-05
1.84675e-05
2.14612e-05
1.49868e-05
1.45402e-05
1.30509e-05
1.4239e-05
1.52783e-05
1.41641e-05
1.54046e-05
1.2241e-05
1.64368e-05
1.58294e-05
2.38149e-05
2.33998e-05
1.36121e-05
1.33049e-05
5.16278e-05
5.09442e-05
4.63715e-05
1.07688e-05
1.30206e-05
9.86829e-06
1.15016e-05
1.10479e-05
9.85762e-06
9.62866e-06
9.68024e-06
1.01702e-05
9.0794e-06
4.69472e-05
2.86389e-05
5.20958e-05
3.15645e-05
1.07028e-05
1.23784e-05
1.06232e-05
8.02762e-06
8.41608e-06
8.28169e-06
1.64637e-05
1.2009e-05
1.4157e-05
1.434e-05
5.08898e-05
4.56308e-05
4.31865e-05
7.77566e-05
6.02034e-05
4.73273e-05
4.42367e-05
3.98258e-05
2.65393e-05
2.16906e-05
1.50251e-05
1.3052e-05
9.69773e-06
1.13649e-05
1.50542e-05
1.53488e-05
2.10434e-05
1.72378e-05
1.43264e-05
1.98252e-05
9.9423e-06
1.0484e-05
2.1127e-05
5.41456e-05
8.05782e-05
5.55221e-05
5.48182e-05
6.43468e-05
2.5189e-05
3.15081e-05
4.36998e-05
5.20769e-05
4.51876e-05
3.37225e-05
3.9725e-05
3.62784e-05
3.88379e-05
2.94322e-05
3.60583e-05
3.4111e-05
5.25566e-05
5.40805e-05
5.98076e-05
3.85259e-05
4.49212e-05
5.47866e-05
6.18496e-05
4.50381e-05
5.04167e-05
6.11309e-05
6.70391e-05
3.88934e-05
4.31915e-05
6.15101e-05
6.11432e-05
6.65783e-05
6.93488e-05
5.55473e-05
5.81401e-05
5.31594e-05
5.52387e-05
3.76595e-05
3.94785e-05
3.54102e-05
4.52763e-05
4.61067e-05
3.72273e-05
3.26509e-05
3.19213e-05
3.11365e-05
3.31291e-05
3.23994e-05
2.46355e-05
2.42109e-05
2.26786e-05
2.03713e-05
2.01765e-05
1.95511e-05
1.89157e-05
1.85616e-05
1.75275e-05
1.76707e-05
1.69028e-05
1.72492e-05
0.000151526
0.00878801
0.00779965
0.00705135
0.00602903
0.00480644
0.00624811
0.00346474
0.00409048
0.00337885
0.000149805
0.000186669
0.000316114
0.000492953
0.000398124
0.000312745
0.000386564
0.000336332
0.000390932
0.000388886
0.000389104
0.000335664
0.000296652
0.0003362
0.000283023
0.000237005
0.000205694
0.000143241
0.000114386
0.000120516
6.2739e-05
5.69434e-05
7.70761e-05
8.85236e-05
5.89703e-05
0.000207212
0.000212472
0.000599609
0.00063757
0.000416674
0.000625396
0.000667665
0.000784395
0.000594433
0.000656075
0.000953711
0.00194606
0.00177343
0.00334831
0.00365279
0.00320837
0.00347638
0.00382705
0.00339372
0.00301534
0.0024648
0.0024023
0.00182306
0.000813402
0.000739078
0.000625124
0.000518226
0.000111821
0.000120194
5.9192e-05
3.5262e-05
5.01449e-07
4.23864e-05
1.59224e-06
1.13334e-05
0.000119692
0.000142355
0.00013363
6.50196e-05
0.000243159
0.000178188
0.000166971
0.000254935
0.000323541
0.000328517
0.000451801
0.00053937
0.000691712
0.000813364
0.00087103
0.00063689
0.000797953
0.00108455
0.00114704
0.00121104
0.00136567
0.00220352
0.00248859
0.00142301
0.00131135
0.00160907
0.00189971
0.00218232
0.00243432
0.00230475
0.00254921
0.00235994
0.00250982
0.00235415
0.00261468
0.00301332
0.0035767
0.00314365
0.0038447
0.00377413
0.00345305
0.00376565
0.00386188
0.00389234
0.0049843
0.00506755
0.00560816
0.00438538
0.00555115
0.00540355
0.0055473
0.00585824
0.00528723
0.00594004
0.00516411
0.00639038
0.00647209
0.00831374
0.00564517
0.00693792
0.00711171
0.0068711
0.0077644
0.00953329
0.011848
0.0113538
0.011363
0.00928363
0.00936019
0.00750186
0.00634184
0.00799447
0.0128751
0.0134269
0.0113584
0.00610489
0.0106732
0.00696675
0.0133515
0.0132137
0.00614077
0.00138949
0.00139595
0.00138577
0.00129843
0.00129576
0.00136304
0.00133535
0.00133162
0.00140464
0.00181701
0.00129604
0.00165493
0.00164393
0.00178409
0.00173491
0.00120731
0.00153627
0.00123873
0.00155152
0.00122082
0.00121454
0.00124337
0.00123325
0.00131111
0.00165736
0.00118463
0.00141982
0.00141433
0.00118099
0.00140139
0.001235
0.00123143
0.00130212
0.0014183
0.00126823
0.00127798
0.00133528
0.00131852
0.00136204
0.00133846
0.00135594
0.00158147
0.0015493
0.00130054
0.00128372
0.00130077
0.00130781
0.0012774
0.00127737
0.0012126
0.00120649
0.00120418
0.00119536
0.00118237
0.00120712
0.0011472
0.00112762
0.00114654
0.00119758
0.00122253
0.00116471
0.0010229
0.000194045
0.000151169
0.000441454
0.000298008
0.000637917
0.000632034
0.000403958
8.37573e-05
8.19449e-05
8.8579e-05
8.04185e-05
8.07808e-05
8.10776e-05
7.99697e-05
0.000184776
0.000280249
0.000542876
0.000531851
0.000618649
0.000771728
0.000694349
0.00077252
0.000849405
0.00161278
0.00198583
0.00186984
0.0017926
0.0020325
0.00240159
0.00228766
0.00237675
0.00338968
0.00340984
0.00241546
0.00238857
0.00272203
0.00253
0.00261024
0.00232204
0.00266687
0.00231792
0.00220107
0.0024462
0.00406943
0.00409716
0.00301069
0.00351937
0.00340714
0.00314811
0.00308413
0.00283544
0.00263658
0.0028786
0.0027276
0.00462976
0.00411106
0.00359608
0.00134553
0.00122948
0.00114889
0.00177283
0.00159067
0.0010398
0.00120056
0.00108901
0.00106206
0.0011961
0.00108081
0.00105668
0.00165558
0.00145717
0.00139917
0.00115426
0.00116681
0.00214119
0.00195065
0.000465193
0.000446396
0.000383985
0.00059171
0.000683606
0.000511327
0.000542407
0.00055614
0.000530848
0.000489982
0.00247059
0.00219669
0.00196016
0.00158194
0.00159981
0.0015268
0.00125943
0.001106
0.00107699
0.000858025
0.00082679
0.00100266
0.000820054
0.000662997
0.000565577
0.00056418
0.000152998
0.00012438
0.000131361
0.000203199
0.000161833
0.000213651
6.09721e-05
4.63812e-05
5.04768e-05
3.14992e-05
3.60338e-05
5.0544e-05
3.96381e-05
5.67602e-05
6.42355e-05
3.25334e-05
3.33118e-05
4.18052e-05
5.42333e-05
0.000227108
0.000198571
0.000495249
0.00056383
0.000408908
0.000532622
0.000442533
7.07949e-05
6.97585e-05
7.20029e-05
7.27894e-05
7.26786e-05
7.27423e-05
7.42646e-05
7.06331e-05
7.2868e-05
4.90574e-05
4.89685e-05
4.37814e-05
4.39982e-05
4.3371e-05
6.40345e-05
6.34792e-05
5.06562e-06
1.00639e-06
3.28416e-05
4.1752e-05
0.000834576
0.00072917
0.00120352
0.00110187
0.000877601
0.000812997
0.00136621
0.00122525
0.000339566
0.000295902
0.000193758
0.000166858
0.000160608
0.000139183
0.000132825
5.89884e-05
5.17038e-05
7.34263e-05
5.3275e-05
1.35928e-05
1.56399e-05
1.4713e-05
1.68644e-05
1.83393e-05
1.64552e-05
5.76263e-05
5.59054e-05
3.11816e-05
3.09106e-05
7.82905e-06
7.15516e-06
7.18534e-06
5.4856e-05
5.12262e-05
4.45203e-05
3.8868e-05
7.12201e-06
9.48034e-06
1.71393e-05
2.36481e-05
2.34164e-05
6.95503e-06
1.50883e-05
8.63394e-06
1.2533e-05
4.89483e-05
5.06362e-05
8.7168e-05
9.17995e-05
9.68331e-05
5.19346e-06
4.29686e-06
4.2698e-06
6.70836e-06
1.16556e-05
9.90293e-06
5.57064e-06
8.34263e-06
8.70794e-06
5.17856e-06
5.28599e-06
6.00213e-06
9.56114e-06
7.11875e-06
7.01843e-06
1.35883e-05
1.78672e-05
8.50909e-06
1.01898e-05
4.05385e-05
4.55922e-05
4.03569e-05
2.86792e-05
3.01952e-05
4.87641e-05
4.98299e-05
1.02878e-05
1.13906e-05
2.12163e-05
2.15552e-05
2.15502e-05
2.26511e-05
2.06713e-05
4.25232e-05
4.22398e-05
4.01634e-05
4.17244e-05
3.89806e-05
3.32166e-05
1.13628e-05
1.10997e-05
1.06432e-05
1.25554e-05
1.17147e-05
1.11685e-05
1.09006e-05
1.31716e-05
1.1025e-05
1.2695e-05
1.13237e-05
1.26071e-05
1.26282e-05
1.53467e-05
2.1218e-05
2.88117e-05
4.14267e-05
3.16576e-05
4.85267e-05
4.67258e-05
6.78894e-05
8.38305e-05
9.37855e-05
0.000129568
0.000127865
7.56818e-05
0.000110652
0.0001121
0.000159092
0.000174218
0.000241182
0.000239685
0.000208
0.000190252
0.000897607
6.63196e-05
0.000830122
0.000627919
0.00049278
0.000450937
0.000567664
0.000442919
0.000399957
0.000255123
0.000188742
0.000167904
0.000161423
0.00011021
0.000104237
8.56726e-05
5.49004e-05
5.2758e-05
4.77163e-05
2.89707e-05
1.39792e-05
8.48139e-06
1.42685e-05
7.65997e-06
8.70602e-06
5.89572e-06
5.7991e-06
9.46942e-06
6.56123e-06
6.67331e-06
6.43568e-06
8.16977e-06
7.35814e-06
6.81744e-06
1.67737e-05
2.28523e-05
3.20797e-05
2.52767e-05
9.35354e-06
1.37544e-05
1.21844e-05
1.87881e-05
2.68116e-05
2.00481e-05
2.21698e-05
2.62945e-05
3.37982e-05
3.63577e-05
1.66593e-05
2.31262e-05
1.99153e-05
1.34186e-05
1.33059e-05
1.10722e-05
0.0191718
0.0172537
0.0153399
0.0136059
0.0119099
0.0100398
0.00852698
0.00693233
0.00558267
0.00437269
0.00332628
0.00254344
0.00258185
0.0021619
0.00197848
0.00134252
0.00132108
0.00081352
0.000708387
0.000390897
0.000333901
0.000317716
0.000135422
0.000160566
4.13044e-05
5.0131e-05
0.000104597
0.000482771
0.00290453
0.00286916
0.00246972
0.00355093
0.00598739
0.00717148
0.00702965
0.00532029
0.0078239
0.00826113
0.00767681
0.0080306
0.0071552
0.00615244
0.00621629
0.00573622
0.00545904
0.00461644
0.00440854
0.00296703
0.0030184
0.00252409
0.00236991
0.00190289
0.00130043
0.000911935
0.000607914
0.000583958
0.00088415
0.00034615
0.000177897
0.000176347
0.000189324
0.000139943
0.000138915
0.000149093
0.000126239
0.000167768
0.000194485
0.00020738
0.000187872
0.00024609
0.000190869
0.000313868
0.000183964
0.000229422
0.000299947
0.000294438
0.000430714
0.000378336
0.000524701
0.00038
0.00376377
0.00332571
0.00313749
0.00293495
0.00277169
0.00273602
0.00246217
0.00238071
0.00229618
0.00201538
0.00193646
0.00204783
0.00203981
0.001734
0.00172426
0.00190871
0.00195918
0.00154633
0.00160819
0.00152356
0.00159832
0.00148995
0.00142493
0.00141291
0.00142772
0.0014093
0.00161745
0.00155945
0.00162356
0.00150097
0.00145728
0.00156585
0.00144663
0.00141137
0.00149177
0.00155765
0.00152214
0.00164479
0.0016131
0.00157979
0.0017179
0.00172681
0.00169429
0.00184948
0.00181835
0.0019187
0.00200966
0.00200703
0.0019736
0.00210666
0.00226387
0.002421
0.00260543
0.00247442
0.00243213
0.00246612
0.00239333
0.00242564
0.00246876
0.00242032
0.00248351
0.00245117
0.00247898
0.00248892
0.00253999
0.00250775
0.00256249
0.00245963
0.00260589
0.0026575
0.00284443
0.00299332
0.00261076
0.00261668
0.00283079
0.00288879
0.00237715
0.00171239
0.000645559
0.0016038
0.00106997
0.000254296
0.000335321
0.000330519
0.000505856
0.00121035
0.00181069
0.00114417
0.00144626
0.00178732
0.00246217
0.0023091
0.0021006
0.00282119
0.00326466
0.00413736
0.00259321
0.00228322
0.0031313
0.00222018
0.00297268
0.00325823
0.0032402
0.00294159
0.00317802
0.00374638
0.00328402
0.00285845
0.00251563
0.00270183
0.00232602
0.00210546
0.00212234
0.00239118
0.00174648
0.00193083
0.00168722
0.00140609
0.00158758
0.00197328
0.00124335
0.00211464
0.00180669
0.00149555
0.00185849
0.00284374
0.00250183
0.00225982
0.00155134
0.0018964
0.00221848
0.00221331
0.0014355
0.00134877
0.00193827
0.00318023
0.00348485
0.00701758
0.00663032
0.00692247
0.00170554
0.00167312
0.00193174
0.00102927
0.00777051
0.0062827
0.00504903
0.00431872
0.00124333
0.000269205
0.000230325
0.000169313
0.000783615
0.000776972
0.000710429
0.000816686
0.00082845
0.000636925
0.000642254
0.000170865
3.61718e-05
2.21e-05
0.000274822
0.000210708
0.000315207
0.000245892
0.00022462
0.000178485
8.97161e-05
6.79258e-05
5.70594e-05
3.94826e-05
2.12453e-05
4.81404e-05
5.97969e-05
7.42364e-05
6.65342e-05
0.00012802
0.000133841
1.78192e-05
2.08074e-05
5.81468e-05
6.78509e-05
2.07834e-05
2.55481e-05
2.38415e-05
3.84925e-05
4.64353e-05
4.51399e-05
0.000113917
0.000118455
0.000108187
0.000114289
6.12751e-05
6.89638e-05
0.000105144
0.000108566
6.51115e-05
5.35664e-05
3.82272e-05
3.9752e-05
4.68038e-05
2.98271e-05
5.26515e-05
3.83567e-05
6.81892e-05
4.93059e-05
4.37699e-05
3.30152e-05
2.82479e-05
1.53478e-05
1.38715e-05
1.40683e-05
1.39821e-05
1.37235e-05
1.25047e-05
1.26851e-05
1.33577e-05
1.32444e-05
1.36602e-05
1.70824e-05
1.65471e-05
1.57049e-05
1.1388e-05
1.24504e-05
1.30644e-05
1.43103e-05
2.43878e-05
1.92193e-05
4.47757e-05
7.99095e-05
8.48045e-05
6.84847e-05
7.78596e-05
0.000231471
0.000236809
0.000108901
0.000200529
0.000149594
0.000252282
0.000114228
0.000155769
0.000144872
0.000152876
0.000161799
0.000213712
0.000206262
0.000277223
0.000258227
0.000220085
0.000344615
0.000347201
0.00045066
0.000407737
0.000297581
0.000360909
0.000319445
0.000306802
0.000627529
0.000563797
0.00032291
0.000427285
0.000366489
0.000527929
0.000627321
0.00050283
0.0006146
0.000632157
0.000801924
0.000685292
0.000660526
0.000776685
0.000646022
0.000541486
0.00105151
0.000876897
0.000526147
0.00106541
0.000871565
0.000413381
0.000552816
0.000491341
0.0178929
0.0130951
0.0087074
0.00529356
0.00285896
0.00151174
0.000837251
0.000399472
0.000199367
0.000102313
4.18392e-05
3.26969e-05
3.32556e-05
5.35364e-05
3.98781e-05
3.16582e-05
3.2378e-05
3.22354e-05
3.33637e-05
3.35536e-05
3.1834e-05
3.6605e-05
3.50535e-05
4.04147e-05
3.73843e-05
3.6618e-05
9.45623e-05
8.59681e-05
0.000103807
7.04749e-05
5.65234e-05
5.19052e-05
3.98699e-05
4.02021e-05
3.83242e-05
3.6129e-05
3.70859e-05
3.61103e-05
4.16188e-05
3.9832e-05
4.04096e-05
4.01377e-05
4.10442e-05
3.90555e-05
3.98978e-05
3.91793e-05
0.00697218
0.00657968
0.00582828
0.00499312
0.00491405
0.00430415
0.00380792
0.00368484
0.00327195
0.00305116
0.0028467
0.00273186
0.00248571
0.00216003
0.00187619
0.00165944
0.00143359
0.00124852
0.00113325
0.000918495
0.000803794
0.000734289
0.000499001
0.000427107
0.000440151
0.000220673
0.000254092
0.000182414
0.000177684
0.000105422
0.000109735
0.000106815
0.000198235
0.000185002
0.000373767
0.000422332
0.000196823
0.000174511
0.000785854
0.000766011
0.000916931
0.00282236
0.00256174
0.00303293
0.00351528
0.00371139
0.00372885
0.00356604
0.00363283
0.00356271
0.00292933
0.00278437
0.00231428
0.00198966
0.00138547
0.000810607
0.000726709
0.000533107
0.000517722
0.000257505
0.000134794
0.00013441
0.000375345
0.000151692
2.46266e-06
2.34623e-05
1.6186e-06
7.74648e-05
0.00024119
0.000471243
0.000274256
0.000504147
0.000632934
0.000666315
0.000648636
0.000754349
0.000605051
0.000756602
0.000756287
0.000787457
0.000857614
0.00114601
0.000879738
0.0012678
0.0013491
0.00147817
0.00127963
0.00127665
0.00150886
0.00146147
0.00167174
0.00169495
0.0019981
0.0025052
0.0025207
0.00281172
0.00250797
0.00290236
0.00255661
0.00248244
0.00318863
0.00363878
0.0038896
0.00298421
0.00308392
0.00369149
0.00374755
0.00428895
0.00433263
0.00501091
0.00440392
0.00486473
0.00326085
0.00334093
0.00340022
0.0046778
0.00398456
0.0036918
0.00339814
0.00391061
0.00359442
0.00251386
0.00231539
0.00271494
0.00247909
0.00269797
0.00245376
0.00277513
0.0035143
0.00359139
0.00334393
0.00329027
0.00343269
0.00302607
0.00337436
0.00394287
0.0034254
0.00368117
0.00450733
0.00414554
0.00401078
0.00366955
0.00430638
0.0032475
0.00313358
0.00288838
0.00282182
0.00263434
0.00278463
0.00257357
0.00251298
0.00224705
0.00223183
0.0024542
0.00232305
0.00231633
0.0022082
0.00211592
0.00210748
0.00195221
0.00201499
0.0020175
0.00195484
0.0019457
0.00194541
0.00192584
0.00182911
0.00178681
0.00178659
0.00179641
0.00177854
0.00183605
0.00179047
0.00178821
0.00184444
0.00179674
0.00179032
0.00161996
0.00161746
0.00164414
0.00186141
0.00181052
0.00180141
0.00172963
0.00171324
0.00163091
0.00167086
0.00168911
0.00171399
0.00158259
0.00155696
0.00156084
0.00168874
0.00171554
0.00172284
0.00180014
0.00179658
0.00166588
0.00166314
0.00165468
0.00163815
0.00162259
0.00160417
0.000706912
0.000516508
0.000804343
0.000649465
0.000452808
0.00031432
0.000408025
0.000314929
0.000254688
0.000487075
0.000540676
0.000212169
0.000206205
0.000252499
0.000308788
0.000297455
0.000534658
0.000493935
0.000826521
0.00107233
0.00115388
0.000916664
0.00166354
0.00180822
0.00144974
0.00156519
0.00153118
0.00190564
0.00177169
0.00236546
0.00214712
0.00230433
0.00200746
0.00182814
0.00189395
0.00295776
0.00280537
0.00235544
0.0024659
0.00248896
0.00215764
0.00187427
0.0017693
0.00176717
0.00150554
0.00134503
0.0016348
0.00134883
0.000954769
0.000546043
0.00181023
0.000823148
0.000752521
0.00100776
0.000839899
0.000859291
0.000319999
0.000286541
0.00025144
0.000529928
0.000457842
0.000455973
0.00062199
0.000389427
0.000345124
0.000331818
0.000114812
0.000175252
0.000228879
0.000273414
0.000474003
0.000387179
0.00015913
0.000218808
5.6238e-05
6.30888e-05
7.63247e-05
7.50111e-05
0.0002156
0.00290886
0.00244788
0.000517965
0.000874158
0.000558405
0.000419706
0.000235112
9.31908e-05
8.00001e-05
8.17871e-05
0.000189889
0.000108003
9.06607e-05
0.000112756
7.10486e-05
6.90427e-05
6.97243e-05
7.70721e-05
8.10391e-05
0.000147484
0.000179101
6.70302e-05
0.00232882
0.00171784
4.18947e-05
4.18944e-05
4.19008e-05
4.18538e-05
4.18315e-05
4.18298e-05
4.18294e-05
4.18401e-05
4.27319e-05
4.23614e-05
4.31752e-05
4.31151e-05
4.33997e-05
0.000230271
0.000250245
0.00131573
0.00125685
0.00111994
0.000135909
0.00011406
0.000373836
0.00027168
0.000238941
8.46202e-05
6.79771e-05
6.50966e-05
6.56293e-05
1.01867e-05
1.00834e-05
0.000104585
0.000108743
0.000100395
7.55902e-05
8.09468e-05
6.69296e-05
6.82464e-05
7.21364e-05
6.07685e-05
0.00010746
0.000112395
0.000184481
0.000180618
0.000218954
0.000209861
0.000151177
0.000143491
0.000291853
0.000213859
0.000201623
0.000205426
0.000196508
0.000172104
0.000125232
0.000164451
0.000155134
0.000136454
0.000124649
0.000116842
0.000185464
0.000171799
0.000150679
8.3327e-05
0.000864686
0.000666159
0.000675736
0.000545498
0.000393844
0.000304924
0.000230994
0.000208019
0.000175136
0.00012999
0.000160621
0.000116173
0.0001069
9.35899e-05
6.74387e-05
5.58675e-05
4.03629e-05
4.7146e-05
3.07839e-05
2.68628e-05
3.54934e-05
2.23665e-05
2.26091e-05
3.72488e-06
3.7628e-06
3.77028e-06
4.38276e-06
6.81104e-06
5.7984e-06
5.71302e-06
3.74643e-06
4.25604e-06
3.87507e-06
4.10117e-05
4.81739e-05
3.92141e-05
2.13871e-05
1.55746e-05
2.35244e-05
2.04798e-05
1.69679e-05
8.59862e-06
0.00220206
0.00145783
0.00114601
0.000882012
0.000739502
0.000474496
0.000355079
0.000146056
0.000101381
0.000114763
0.000198838
0.000146376
0.000271687
0.000196636
0.000162984
2.96987e-05
1.84406e-05
1.68571e-05
8.74247e-05
0.00011727
8.16801e-05
1.34131e-05
7.63921e-06
7.1111e-06
1.32163e-05
1.78366e-05
2.1258e-05
3.37306e-05
3.80321e-05
4.55077e-05
4.61899e-05
8.47739e-06
5.64221e-06
6.01309e-06
4.33505e-06
4.4566e-06
4.46385e-06
1.06118e-05
6.38515e-06
6.90301e-06
4.60463e-06
4.43822e-06
4.97537e-06
4.77401e-06
1.07403e-05
0.000132815
0.0001118
1.01322e-05
7.44137e-06
0.000439222
0.000330134
0.000747886
0.000840439
0.000691212
0.000501472
0.000320278
0.000219181
0.000174196
0.000187638
0.000129655
6.14474e-05
3.91977e-05
3.56083e-05
3.01482e-05
2.05901e-05
3.17691e-05
2.28232e-05
7.78178e-06
6.20612e-06
6.65959e-06
6.99159e-06
6.5776e-06
6.48321e-06
6.82961e-06
6.54414e-06
6.75023e-06
1.14305e-05
8.60383e-06
9.3547e-06
1.72391e-05
1.41666e-05
7.49664e-06
7.72549e-06
1.20182e-05
1.18921e-05
8.51799e-06
9.16411e-06
1.06104e-05
1.10096e-05
1.59722e-05
1.00822e-05
0.000274993
0.00023683
0.000416122
0.0014264
0.000929648
0.000775562
0.000674389
0.000337436
0.000217102
9.23912e-05
8.86475e-05
0.000100336
0.000119664
0.00011235
0.000119768
0.00120748
0.00124402
0.00410042
0.00402271
0.00385707
0.00487641
0.00596388
0.0070511
0.0068686
0.00634068
0.00699033
0.00663831
0.00597084
0.00635315
0.00616183
0.00571383
0.00481506
0.00489445
0.00435921
0.00355699
0.00283606
0.00246753
0.00162095
0.00162796
0.00116034
0.00163503
0.000408761
0.000687059
0.000499121
0.000408176
0.000197001
0.000167351
0.000238543
9.25106e-05
0.000213285
7.5472e-05
5.58623e-05
6.6318e-05
7.33917e-05
3.66689e-05
7.4405e-05
0.000100596
5.56424e-05
0.000105252
0.000137668
0.000200076
0.000339088
0.000431121
0.000510589
0.000387447
0.000597767
0.00189922
0.00176057
0.00188192
0.00151384
0.00147987
0.001377
0.00138002
0.00141125
0.00131313
0.00131826
0.0014645
0.00145495
0.00123195
0.00126282
0.00121215
0.00115669
0.00120189
0.00115322
0.00127242
0.00132011
0.0012832
0.00137378
0.00116622
0.00113385
0.00122367
0.00135407
0.00148855
0.00138178
0.00144898
0.00154573
0.00151248
0.00181862
0.00195418
0.00175242
0.0017225
0.00186661
0.00183777
0.00190002
0.00184126
0.00189802
0.00203819
0.00200556
0.00210954
0.00211665
0.00219243
0.00208429
0.00205711
0.00209651
0.0022095
0.00242014
0.00237029
0.00235856
0.0021928
0.00218235
0.00216129
0.00230849
0.00227662
0.00220629
0.00217005
0.00214774
0.0020046
0.00202011
0.00199471
0.00212035
0.00205961
0.00207746
0.0020061
0.00198288
0.00202185
0.00204684
0.00201894
0.00207046
0.00202216
0.00206784
0.00215119
0.00220385
0.00209586
0.00214113
0.0022015
0.00232888
0.0022239
0.00232409
0.00226166
0.00143808
0.00169384
0.000867114
0.00128716
0.000731728
0.000338238
0.000290824
0.000554489
0.000222855
0.000726115
0.000492428
0.000664231
0.00150912
0.001397
0.00180168
0.000997578
0.000920414
0.00145775
0.00281848
0.00253592
0.00308575
0.00210754
0.00366189
0.00343916
0.00298944
0.00353216
0.00295321
0.00356701
0.00282809
0.00227174
0.00219832
0.00194685
0.00211751
0.00230168
0.00173445
0.00173723
0.00116497
0.000898585
0.000792903
0.00102578
0.00117076
0.00097923
0.000759897
0.000629992
0.000746052
0.000713409
0.000777197
0.0017163
0.00136735
0.000561208
0.000593972
0.00064366
0.000641286
0.000556194
0.000678047
0.00146794
0.00125595
0.00130293
0.00150114
0.00140696
0.00101363
0.00102774
0.0015367
0.00138498
0.000898068
0.00382328
0.00348699
0.00425655
0.00770702
0.00855513
0.00277704
0.00276019
0.00374588
0.00351996
0.000718547
0.000183203
0.00019866
0.00807217
0.0179346
0.00206048
8.32776e-06
7.01986e-05
8.16965e-05
7.46568e-05
0.000579343
0.00024086
0.000406735
0.000391291
0.00024055
0.000260909
2.23361e-06
3.8037e-06
3.34208e-06
0.000263555
0.000191415
0.000179218
0.000965649
0.000797165
0.000715394
0.00103886
0.000906714
0.000833125
0.00101311
0.000886613
0.000830554
0.000591358
0.000498724
0.000366025
0.000319053
0.000220978
0.000203289
0.000142089
0.000129937
4.43227e-05
3.25578e-05
3.16633e-05
4.17025e-05
3.3893e-05
3.35737e-05
2.30169e-05
2.01101e-05
2.1119e-05
2.22238e-05
2.80634e-05
2.84672e-05
5.3646e-05
6.13777e-05
3.23031e-05
2.95904e-05
6.18096e-05
5.23269e-05
0.000118723
0.000114856
9.77437e-05
6.54966e-05
5.40775e-05
4.58843e-05
4.96405e-05
4.0545e-05
3.8257e-05
1.50176e-05
1.35871e-05
1.33453e-05
1.93333e-05
1.96533e-05
1.84226e-05
1.93626e-05
2.49311e-05
1.3452e-05
1.40615e-05
2.67343e-05
1.67552e-05
1.50059e-05
1.24935e-05
1.32848e-05
1.36904e-05
1.45113e-05
1.45775e-05
1.31731e-05
1.48438e-05
1.4421e-05
1.49842e-05
1.87243e-05
1.29807e-05
1.17345e-05
1.13141e-05
1.11868e-05
1.72447e-05
2.39652e-05
2.35371e-05
1.40139e-05
1.74279e-05
1.78268e-05
1.21907e-05
1.09779e-05
1.09707e-05
1.88963e-05
1.45241e-05
1.17157e-05
1.23437e-05
1.21262e-05
1.33628e-05
1.34506e-05
1.4757e-05
2.00988e-05
1.80603e-05
1.51665e-05
1.35022e-05
1.90925e-05
2.36007e-05
2.44327e-05
3.02131e-05
6.93546e-05
8.12124e-05
7.36778e-05
4.03014e-05
4.50565e-05
5.02367e-05
3.81231e-05
4.44471e-05
3.21235e-05
3.95755e-05
3.74708e-05
3.55578e-05
4.10313e-05
3.89298e-05
4.45223e-05
4.07536e-05
4.77045e-05
3.21296e-05
3.91452e-05
3.6114e-05
4.82239e-05
5.34923e-05
2.84488e-05
3.42298e-05
3.14247e-05
4.61486e-05
5.24254e-05
6.28202e-05
6.5974e-05
5.0796e-05
5.77816e-05
5.43249e-05
8.9328e-05
9.0561e-05
5.86404e-05
5.91988e-05
4.7132e-05
5.19881e-05
4.7837e-05
3.70515e-05
3.92889e-05
4.16759e-05
5.09838e-05
5.34927e-05
3.36347e-05
3.58795e-05
3.19128e-05
4.24463e-05
4.29559e-05
4.22277e-05
3.99369e-05
3.81835e-05
3.18759e-05
3.04203e-05
2.50334e-05
2.45189e-05
3.06108e-05
2.97455e-05
2.72182e-05
2.32362e-05
2.16406e-05
2.50384e-05
3.83506e-05
2.45222e-05
0.0094757
0.00814869
0.00768864
0.0062188
0.00586936
0.006659
0.0054639
0.00461201
7.4762e-05
0.000191513
0.000174807
0.000314658
0.000257874
0.000225546
0.00034787
0.000301632
0.000301555
0.000374725
0.000300762
0.00030861
0.000237855
0.000249023
0.00020332
0.000231241
0.000171526
0.000170166
0.00010563
7.25995e-05
6.96131e-05
7.11375e-05
0.000102971
0.000109289
0.000279138
0.000211238
0.00030431
0.000495256
0.00062872
0.000686646
0.000855567
0.000469709
0.000616726
0.000591961
0.00057286
0.000423507
0.0020774
0.00266216
0.00248986
0.00338126
0.00368554
0.00338258
0.00273731
0.0025853
0.00284294
0.00234308
0.00222667
0.00175293
0.00149459
0.00172037
0.00141403
0.000652072
0.000688075
0.000491113
0.000280926
0.000160738
0.00021051
2.65912e-05
7.47861e-06
8.6738e-05
7.93464e-05
8.38845e-05
0.000121044
0.000235255
0.000262338
0.000378887
0.000197146
0.0005966
0.000551426
0.00043878
0.000562868
0.000353813
0.000781444
0.00107077
0.00119114
0.00129355
0.0010686
0.00140567
0.00158048
0.00144778
0.00172366
0.00139246
0.00167482
0.0020423
0.00234441
0.00216105
0.00251453
0.00212575
0.00203155
0.0025296
0.00317487
0.00296669
0.00320156
0.0033831
0.0035388
0.00270876
0.00297229
0.00355781
0.003797
0.00375176
0.00470955
0.00422567
0.00474348
0.00423602
0.00443048
0.00517207
0.0051056
0.00590908
0.0063483
0.00515604
0.00594555
0.0061416
0.00719965
0.00581907
0.00779072
0.00664849
0.00813247
0.00796215
0.00636928
0.00623055
0.00722421
0.00630526
0.00675502
0.00602597
0.00972666
0.00819392
0.00799291
0.00732268
0.00613204
0.00622452
0.00912902
0.00737944
0.00759792
0.00534778
0.00857867
0.0090182
0.0074087
0.00708549
0.00784219
0.00650109
0.00492506
0.00960639
0.00772786
0.00825773
0.00681527
0.00200574
0.00193819
0.00163737
0.00225075
0.00648277
0.00161015
0.00178463
0.00176325
0.00178138
0.0017563
0.00146
0.00146053
0.00151336
0.00147811
0.00146981
0.0014236
0.00185931
0.00204432
0.00195904
0.00143752
0.00142849
0.0013154
0.00159939
0.0017717
0.00170388
0.00170984
0.0015425
0.00157323
0.00156761
0.0016066
0.00155615
0.00154144
0.00140311
0.00137219
0.00138818
0.00155291
0.00153285
0.00141015
0.00141185
0.00166477
0.00165472
0.00136735
0.00137445
0.00142805
0.00144293
0.00141134
0.00139222
0.00134863
0.00135938
0.00140981
0.00137274
0.0011513
0.00133294
0.00130412
0.00125851
0.000871607
0.000853322
0.0007235
0.000890054
0.000883661
0.000523424
0.000306872
0.000306489
0.000219522
0.000119248
8.69211e-05
0.000183057
0.000181283
0.000112033
8.63305e-05
8.68944e-05
8.68198e-05
0.000456365
0.000552626
0.000554787
0.000529968
0.00052485
0.000196528
0.000333381
0.00063888
0.000584013
0.00128324
0.00151514
0.00155963
0.00168448
0.00273501
0.00263559
0.00277161
0.00397459
0.00422203
0.00243881
0.00248833
0.00232615
0.00218563
0.00244225
0.00387462
0.00348484
0.00370632
0.00519243
0.00526997
0.00528279
0.0048915
0.00479786
0.00458499
0.00400628
0.0038443
0.00454579
0.00435171
0.00332393
0.00293873
0.00241655
0.0021781
0.00213211
0.00290715
0.00134898
0.00310858
0.00306515
0.00293041
0.00267514
0.00201009
0.00211832
0.0016681
0.00156753
0.000800198
0.000740524
0.00286748
0.00252789
0.00228754
0.00259557
0.00254594
0.00212879
0.00189274
0.00175741
0.00084927
0.000757476
0.000712925
0.00104643
0.000979353
0.000972523
0.000795305
0.000831211
0.000652253
0.000554573
0.000507875
0.000293332
0.000233644
0.000453822
0.000371115
0.000401489
0.000132075
0.000106823
0.000160913
0.000134517
2.78157e-05
2.52128e-05
5.67229e-05
7.94952e-05
6.31633e-05
2.53145e-05
2.93851e-05
0.000139458
0.000129842
0.000203665
0.000276805
0.000198975
9.94674e-05
0.000157315
0.000117269
5.90545e-05
5.60002e-05
8.74151e-05
0.000147149
0.00196773
0.00204283
0.00230944
6.62794e-05
6.60423e-05
6.79677e-05
6.79654e-05
6.89534e-05
7.16992e-05
7.16974e-05
7.18473e-05
6.79957e-05
6.87113e-05
4.79052e-05
4.7862e-05
6.38311e-05
4.67828e-05
4.65377e-05
4.64269e-05
