0.000301282
0.000259741
0.000277914
0.000266183
0.000251573
0.000258395
0.00024708
0.000262304
9.38444e-05
0.000113849
0.000100145
0.000120145
0.00010284
0.000122579
0.000150302
0.000169203
0.000209632
0.000268499
0.000326471
0.000396948
0.000627806
0.000965459
0.00145322
0.00207682
0.00298514
0.00393551
0.00519985
0.00786215
0.00990026
0.00656901
0.00566786
0.00296512
0.00208036
0.000995095
0.000437618
0.00029892
0.000299978
0.000577988
0.000483253
0.000806311
0.00117843
0.00169973
0.0013288
0.00152769
0.00218298
0.00245146
0.00238289
0.00246806
0.00296411
0.00460735
0.00515255
0.00632014
0.00646226
0.0050521
0.00620811
0.00591241
0.00730452
0.00498281
0.00659098
0.00768109
0.00610954
0.00718012
0.00846672
0.00748394
0.0053498
0.0103508
0.00796788
0.00521929
0.0141921
0.0123196
0.0118285
0.00603451
0.00876518
0.00904844
0.0100547
0.0130714
0.0140095
0.0196683
0.0235814
0.0128778
0.0103249
0.0261767
0.0307286
0.00108032
0.00113045
0.00122313
0.00123609
0.0012861
0.00137493
0.00118303
0.00132687
0.001365
0.00144082
0.00145772
0.00143259
0.00168311
0.00140208
0.00149335
0.00155394
0.00105688
0.00161669
0.000121824
0.000121472
0.001068
4.96327e-05
0.000822152
0.000578684
0.00153304
0.000979187
0.000623168
0.00272913
0.000638914
0.00278116
0.00399383
0.00664811
0.00546593
0.00721611
0.00805513
0.0130475
0.00988317
0.0106028
0.0202421
0.0109582
0.0162299
0.0121516
0.0170584
0.0182108
0.0146066
0.0192768
0.0178109
0.0190402
0.0180762
0.0205145
0.0195634
0.0160422
0.0180576
0.0168845
0.0158198
0.0154046
0.0190725
0.0153261
0.013757
0.012653
0.00955567
0.00497281
0.00460483
0.00112416
0.000369082
0.00032248
0.000142945
0.000217804
0.000803851
0.000460464
0.0012308
0.00183293
0.00156956
0.00573959
0.000790068
0.00240456
0.000205483
0.00252107
1.14446e-09
1.35479e-09
1.92176e-09
2.25885e-09
2.02789e-08
0.000491199
0.00130143
0.00330918
0.00550425
0.00818428
0.000140244
0.00695222
0.0117471
0.0074429
0.00354459
0.00344822
0.00733003
0.00800786
0.00788349
0.00583781
0.0034689
0.00225317
6.18622e-05
0.000398941
0.00259826
0.00598228
0.0155142
0.0220801
0.0299659
0.0198554
0.0183561
0.0161314
1.16174e-06
1.2565e-06
1.00453e-06
8.93053e-07
8.54351e-07
1.35919e-06
2.31324e-06
3.40398e-06
2.87201e-06
2.51793e-06
3.08018e-06
3.96083e-06
3.53422e-06
5.0089e-06
5.41249e-06
5.84377e-06
7.05267e-06
6.01772e-06
6.67302e-06
7.15802e-06
7.1407e-06
6.92801e-06
7.51864e-06
7.50968e-06
6.88274e-06
7.63963e-06
6.59449e-06
6.49304e-06
7.62996e-06
8.59088e-06
7.45621e-06
9.11368e-06
1.00209e-05
1.22089e-05
1.50086e-05
5.28512e-05
4.01007e-05
3.25906e-05
3.00465e-05
2.60283e-05
2.32157e-05
2.07002e-05
1.98811e-05
1.80953e-05
1.88192e-05
1.72598e-05
5.76641e-06
5.86394e-06
6.34029e-06
6.65364e-06
7.14397e-06
7.18796e-06
9.15367e-06
9.81399e-06
1.23634e-05
1.73879e-05
2.39452e-05
3.90155e-05
6.97907e-05
0.000116273
0.000199007
0.00044875
0.00033891
0.00024226
0.00266236
0.00650552
0.00927494
0.00916739
0.00951097
0.00793686
0.00654884
0.00508376
0.0034935
0.00289615
0.00235414
0.00119875
0.00109476
0.000950485
0.000652912
0.000554622
0.000363866
0.000155154
8.47872e-05
2.45249e-06
1.19231e-05
2.28515e-06
7.48505e-05
0.000185689
0.000449052
0.000929384
0.00145399
0.00106853
0.00184008
0.0024212
0.00277792
0.00370607
0.00549992
0.00537832
0.00688637
0.00681734
0.0124775
0.0122211
0.0142943
0.0127202
0.0229488
0.0199776
0.0263576
0.0315621
0.0155545
0.0164271
0.0250574
0.0238178
0.0307096
0.0487345
0.0475948
0.0339025
0.0373691
0.0306105
0.0292211
0.0245882
0.00263013
0.00263408
0.0232336
0.00341721
0.00245698
0.00172596
0.00176781
0.00177611
0.0019877
0.0022085
0.00347719
0.00223578
0.0032403
0.00296505
0.00167371
7.37896e-05
1.61711e-10
0.000414431
3.0464e-06
0.000740766
0.00183115
0.00224084
0.0014783
0.00241613
0.00387184
0.0037394
0.00545318
0.00676446
0.00700369
0.00663703
0.00677575
0.0059171
0.010058
0.0101141
0.00986874
0.0112394
0.0103125
0.0103602
0.0115794
0.0111449
0.0119392
0.0084992
0.0126626
0.00809968
0.008499
0.0122763
0.00838165
0.0121493
0.00942663
0.0111787
0.00732459
0.0076519
0.00777617
0.0068655
0.00267164
0.00429273
0.00343887
0.00262146
0.00224649
0.000771959
0.000167172
3.59485e-05
7.81203e-05
9.74774e-05
6.92844e-05
6.20263e-05
2.0061e-05
0.00139894
0.00011697
0.000550954
0.000536003
0.00300522
4.40107e-10
4.83816e-10
5.6305e-10
5.53601e-10
5.71024e-10
9.98598e-10
2.68686e-11
6.92429e-11
1.44201e-10
6.72033e-08
1.40108e-06
1.2173e-05
3.41844e-05
2.64662e-05
3.84145e-05
3.79161e-05
0.000116341
8.73485e-05
4.18072e-05
2.79046e-05
1.91047e-05
1.27798e-05
1.24271e-05
9.19529e-06
9.72949e-06
8.69138e-06
6.67942e-06
6.69923e-06
6.00066e-06
7.67619e-06
7.52221e-06
8.32968e-06
7.54769e-06
7.51806e-06
6.85519e-06
7.65295e-06
7.62109e-06
8.47116e-06
8.93376e-06
7.29564e-06
7.17947e-06
7.50502e-06
6.88543e-06
6.13974e-06
6.85407e-06
2.17594e-05
1.61787e-05
2.59669e-05
2.08131e-05
1.98176e-05
1.8203e-05
1.35461e-05
1.66919e-05
2.05797e-05
2.26708e-05
2.10186e-05
1.86232e-05
1.69797e-05
1.45091e-05
1.73686e-05
1.4277e-05
1.20661e-05
1.39404e-05
1.37079e-05
1.26949e-05
1.15803e-05
1.20704e-05
1.22913e-05
1.32971e-05
1.31919e-05
1.30097e-05
1.25865e-05
1.29417e-05
1.21083e-05
1.23516e-05
1.20776e-05
1.24228e-05
1.31611e-05
5.66877e-05
3.60933e-05
2.67095e-05
2.23776e-05
1.85037e-05
1.753e-05
1.8975e-05
1.59117e-05
3.25208e-06
3.46759e-06
3.94843e-06
4.44252e-06
5.40095e-06
7.1419e-06
8.63992e-06
1.82507e-05
2.20087e-05
3.39699e-05
5.84791e-05
0.000108395
0.000177233
0.000328067
0.000629672
0.000270767
0.00287302
0.00673652
0.0114148
0.0110944
0.0121542
0.0115121
0.0100174
0.00831816
0.00696006
0.0058597
0.00475658
0.00338431
0.00278022
0.00230623
0.00150212
0.00145295
0.000880628
0.000692773
0.000381664
0.000285136
7.90469e-05
3.0636e-05
5.84971e-05
0.000157722
0.000249814
0.000451882
0.000566459
0.00152218
0.00131712
0.00259876
0.00260153
0.00292249
0.003415
0.00429981
0.0049124
0.00603733
0.00678276
0.00697421
0.0091186
0.0125101
0.0104753
0.0107702
0.012525
0.015309
0.0210773
0.0293235
0.0275863
0.020338
0.0206825
0.0159579
0.0128314
0.0102669
0.0192259
0.00203116
0.00941507
0.0110833
0.00177373
0.00174832
0.0018898
0.00195961
0.00202403
0.00210354
0.00192105
0.00224049
0.00196632
0.00203176
0.0017723
0.00202248
0.00194637
0.00220829
0.00198949
0.0019428
0.00208963
0.00221706
0.00223917
0.0020256
0.00195402
0.00144681
0.00196998
0.000967765
0.000344752
0.000917651
7.66201e-05
0.000489921
0.000562337
5.41807e-07
0.00041305
0.000704179
0.000280976
0.000539851
0.00083433
0.00175538
0.00389778
0.00194274
0.00218689
0.00369031
0.00491641
0.00664378
0.00970721
0.00916742
0.00303027
0.00716042
0.011252
0.011559
0.0130349
0.0171751
0.0216119
0.0146244
0.011509
0.0107216
0.00910226
0.00801805
0.0131952
0.00618622
0.00916297
0.00643609
0.00471789
0.00497819
0.00440313
0.00331514
0.00234086
0.00282608
0.000687304
0.000905126
0.00116151
0.000582225
0.00196556
0.00159122
0.000162936
6.06451e-05
0.00661894
1.52311e-11
1.53379e-11
1.53967e-11
1.5482e-11
1.5559e-11
1.56685e-11
1.57352e-11
1.78357e-09
3.54536e-07
6.29658e-06
0.000104145
0.000174202
0.00013849
9.52304e-05
8.73043e-05
6.73689e-05
4.18866e-05
3.17576e-05
2.66502e-05
4.58837e-05
6.29598e-05
4.55931e-05
4.77612e-05
3.90305e-05
3.33879e-05
3.35944e-05
2.53334e-05
2.13753e-05
2.44769e-05
1.95161e-05
1.7568e-05
1.74416e-05
1.58917e-05
1.55939e-05
1.31576e-05
1.35841e-05
1.30146e-05
3.25182e-05
3.33656e-05
2.79052e-05
2.73163e-05
2.32785e-05
2.36136e-05
1.99002e-05
1.84619e-05
1.6815e-05
1.63822e-05
1.47666e-05
3.99452e-05
3.49387e-05
3.27327e-05
2.83434e-05
2.38804e-05
2.06454e-05
1.98644e-05
2.02125e-05
2.24219e-05
1.8985e-05
2.14852e-05
2.01947e-05
1.66151e-05
1.44686e-05
1.78411e-05
1.99841e-05
1.73342e-05
1.83128e-05
6.52102e-05
5.12616e-05
3.91939e-05
5.3584e-05
3.72902e-05
3.39701e-05
3.12535e-05
3.49775e-05
3.15758e-05
4.97963e-06
6.09764e-06
6.86641e-06
9.61519e-06
1.14524e-05
2.50461e-05
3.5317e-05
5.90746e-05
0.000529164
0.000685634
0.00124957
0.00386535
0.0080458
0.010614
0.0109158
0.0113767
0.0101854
0.00782642
0.00556296
0.00423777
0.00347322
0.00223999
0.00199928
0.00194556
0.00124092
0.000901283
0.000653675
0.000467943
0.000196838
8.45852e-05
1.69557e-07
5.91714e-06
6.03309e-05
0.000687646
0.000871914
0.00194284
0.00274895
0.00387372
0.00376459
0.00505968
0.00628637
0.00656455
0.00845162
0.0167542
0.0328554
0.0182485
0.00874563
0.00771591
0.00599323
0.00508177
0.00427218
0.00388316
0.00433833
0.00346019
0.00331443
0.00305949
0.00313996
0.00319051
0.00317978
0.00303496
0.00282872
0.00279001
0.00294178
0.00296802
0.00286887
0.00272501
0.00268396
0.00252252
0.00259456
0.00248359
0.0026133
0.0025781
0.00253079
0.00271071
0.00201598
0.00127767
0.00188583
0.000658467
0.000310752
0.000338744
2.55941e-05
9.46584e-05
0.000314487
0.000828601
0.00235191
0.00149057
0.0029421
0.0045379
0.00467653
0.00544236
0.00706735
0.00526315
0.00432613
0.00439899
0.00321247
0.00755833
0.00502634
0.00412034
0.000355858
0.00232041
0.000523325
0.000509347
0.000900422
0.000886128
4.82454e-05
0.000562733
6.29228e-08
0.00376126
9.7649e-07
0.000223718
5.98289e-05
0.000905626
0.0007019
4.50735e-05
2.10413e-06
0.000228571
0.0021475
3.17689e-05
0.0280885
0.045773
0.00852624
0.0492373
2.1382e-11
2.16701e-11
2.16344e-11
2.14051e-11
1.99568e-11
1.99412e-11
2.19322e-10
2.18277e-10
1.83819e-08
8.91151e-06
9.06311e-05
0.000226878
0.000816472
0.000823661
0.00102554
0.000645956
0.000407917
0.000219181
0.00017338
6.88809e-05
5.5627e-05
4.67073e-05
4.41259e-05
4.09629e-05
3.88605e-05
3.07663e-05
3.10025e-05
3.00814e-05
2.33071e-05
2.51987e-05
2.07662e-05
2.38866e-05
2.42695e-05
2.11223e-05
2.18149e-05
1.74462e-05
2.2271e-05
2.21807e-05
2.75266e-05
2.61028e-05
4.04572e-05
3.52197e-05
3.72427e-05
3.30362e-05
2.61647e-05
2.37533e-05
2.5891e-05
2.32185e-05
2.15777e-05
2.94078e-05
3.20443e-05
2.61362e-05
9.49676e-05
6.71451e-05
5.3372e-05
4.55516e-05
4.32058e-05
3.54193e-05
3.20244e-05
3.32709e-05
3.09971e-05
3.21956e-05
3.3239e-05
2.82059e-05
3.10431e-05
3.05529e-05
3.16756e-05
3.01519e-05
3.0305e-05
2.93475e-05
2.98274e-05
3.24444e-05
3.25501e-05
3.01709e-05
3.02049e-05
3.60485e-05
8.79376e-06
9.8714e-06
1.31355e-05
1.49846e-05
1.94927e-05
2.96246e-05
4.1214e-05
5.89953e-05
0.000100029
0.000183777
0.000311773
0.000574547
0.000513246
0.000246577
0.00177727
0.00558316
0.00691052
0.00620416
0.00800367
0.00834054
0.00804418
0.00747437
0.00671024
0.00402209
0.00307261
0.00231154
0.00203755
0.00137739
0.000812989
0.000682238
0.000500594
0.000392274
0.000190991
0.000125228
9.30778e-05
1.67877e-05
2.42017e-06
1.30907e-05
5.01016e-05
0.000401007
0.00046405
0.0015729
0.00192437
0.00150948
0.00279913
0.00300625
0.0047028
0.00457865
0.00587183
0.00759843
0.00681446
0.00552027
0.00720446
0.00858399
0.00920994
0.00980337
0.01455
0.00625792
0.0053077
0.00453282
0.00443792
0.00424903
0.00447019
0.0042226
0.00434903
0.00459822
0.0045516
0.00387242
0.00391055
0.00420487
0.00406617
0.00398939
0.00419063
0.00413185
0.00458519
0.00486364
0.0042604
0.0047754
0.00550184
0.00568441
0.00545529
0.00533692
0.00519564
0.00473955
0.00458473
0.00522081
0.0048829
0.00241586
0.000880583
0.000503304
4.90086e-05
4.6977e-06
3.14215e-06
6.67453e-05
0.000147084
0.00101876
0.000985127
0.00125984
0.00200056
0.00161631
0.0032659
0.00323991
0.00695696
0.00645949
0.00941225
0.00942668
0.00965052
0.0170625
0.0130311
0.0140988
0.0108843
0.0176661
0.0138691
0.0131654
0.0167041
0.0171502
0.0168938
0.017362
0.0162913
0.0170632
0.0126197
0.0168811
0.0128087
0.0122939
0.0096503
0.0112132
0.0108981
0.0079853
0.00733938
0.0235782
0.00423163
1.10537e-10
1.18889e-10
1.22886e-10
1.33421e-10
1.48878e-10
1.67029e-10
7.04462e-11
2.35564e-09
7.94881e-07
2.42146e-05
8.9164e-05
0.000150948
0.000150451
0.000148973
0.000149937
0.00013883
8.07885e-05
6.20762e-05
4.33453e-05
4.19308e-05
0.00140825
0.000878184
0.000722781
0.000500648
0.00033253
0.00025099
0.000171996
0.000134952
0.000111172
8.90342e-05
6.65373e-05
7.47144e-05
5.56215e-05
4.31435e-05
3.85702e-05
3.1027e-05
3.65433e-05
3.822e-05
3.12438e-05
3.46803e-05
3.71135e-05
3.0585e-05
2.64541e-05
3.89442e-05
3.94674e-05
3.62105e-05
4.05233e-05
3.90801e-05
4.03993e-05
4.3619e-05
3.30067e-05
3.64645e-05
3.45417e-05
2.18316e-05
1.74722e-05
2.19549e-05
1.82773e-05
1.96406e-05
2.02535e-05
2.0654e-05
2.04295e-05
2.1597e-05
2.19972e-05
2.22015e-05
2.17818e-05
2.40788e-05
2.35257e-05
2.44738e-05
2.33183e-05
2.68349e-05
2.60086e-05
2.61253e-05
2.70314e-05
2.54131e-05
2.96641e-05
3.19209e-05
3.24225e-05
3.52692e-05
3.32328e-05
3.42663e-05
3.45052e-05
4.09155e-05
3.53975e-05
3.9614e-05
4.18094e-05
4.76547e-05
5.89053e-05
6.77266e-05
0.000226463
0.000411028
0.000712739
0.00153245
0.00133479
5.84513e-07
0.00116963
0.0035459
0.00309287
0.00298864
0.00240135
0.00186015
0.000765411
0.000851893
0.000600433
0.000299949
1.84887e-05
1.18444e-05
4.91087e-06
9.28526e-06
7.61839e-06
0.000102516
8.29696e-05
0.000184672
0.000476867
0.000771165
0.0012736
0.0018295
0.00310165
0.00376175
0.00501678
0.00625209
0.00553631
0.0101237
0.0100603
0.0133035
0.0141888
0.0155291
0.0168203
0.0160057
0.0236084
0.0246578
0.027601
0.0261594
0.0334269
0.0377636
0.0264124
0.0360792
0.0414129
0.0353358
0.0510367
0.0419149
0.0331324
0.0393316
0.0172667
0.00614751
0.00573981
0.00594713
0.00529162
0.00542572
0.00542793
0.0067137
0.00628953
0.00611645
0.00814011
0.00833007
0.00716608
0.00649365
0.00649728
0.00611256
0.0056072
0.00589396
0.00548809
0.00527814
0.00521677
0.00212365
0.00046334
0.000188324
0.000168136
3.22837e-05
8.84955e-05
0.000245208
0.000202353
7.07726e-05
7.59627e-05
0.000865427
0.000838077
0.00149789
0.000840313
0.00280683
0.00345448
0.00202384
0.00616906
0.00379449
0.00439332
0.00412656
0.00890341
0.00709877
0.013048
0.0127073
0.00915901
0.0133343
0.0121156
0.012988
0.0125091
0.0119206
0.00985284
0.0116849
0.010487
0.0112749
0.0106906
0.00784541
0.00947383
0.0105112
0.0108852
0.00887432
0.00834776
0.00607011
0.00551041
0.00304029
0.00438881
0.00140647
0.00212471
0.00179338
9.71816e-05
0.000419238
0.000331845
0.000309552
0.000192176
0.00149262
0.00333173
6.78899e-10
7.71898e-10
8.48915e-10
1.07519e-09
1.26971e-09
2.16225e-09
1.07795e-10
1.10502e-10
2.37299e-07
4.66615e-06
1.49528e-05
0.000317604
0.00028318
0.000347005
0.000291854
0.000218146
0.000101278
0.000110816
5.72918e-05
4.3617e-05
4.10631e-05
2.98802e-05
3.07115e-05
2.46976e-05
2.53302e-05
2.48589e-05
2.12928e-05
1.76773e-05
1.73977e-05
1.88466e-05
1.74311e-05
1.83083e-05
1.81352e-05
1.47432e-05
2.16439e-05
1.96098e-05
2.06685e-05
2.05956e-05
2.05932e-05
1.71019e-05
1.71833e-05
1.83622e-05
8.17868e-05
5.81447e-05
5.14723e-05
3.96188e-05
7.56838e-05
5.93689e-05
0.000100997
8.63174e-05
4.20677e-05
4.44022e-05
8.05115e-06
1.66021e-05
9.14436e-06
7.71834e-06
1.10933e-05
1.23578e-05
1.08521e-05
1.19069e-05
1.6084e-05
1.45096e-05
1.87187e-05
1.83806e-05
3.01544e-05
3.15199e-05
3.35242e-05
3.50746e-05
2.73762e-05
3.10957e-05
3.2123e-05
2.62817e-05
2.74769e-05
4.31854e-05
0.000670693
0.000369465
0.000200324
0.000112466
7.20788e-05
5.93331e-05
4.20643e-05
4.02334e-05
3.69221e-05
5.54089e-06
6.0167e-06
6.36023e-06
7.27778e-06
8.19973e-06
9.61524e-06
1.2113e-05
1.61775e-05
2.35918e-05
3.29233e-05
5.73625e-05
0.000102658
9.87633e-05
0.000172409
0.000294208
0.000563202
0.000968739
4.93911e-05
0.00187218
0.00258545
0.00532886
0.00812012
0.00862288
0.00656987
0.00506262
0.00413229
0.00269945
0.00219074
0.00170663
0.000989152
0.00084947
0.000561141
0.00046257
0.000226804
0.000211222
8.69373e-05
1.57788e-05
2.03056e-05
7.37231e-05
6.30166e-05
0.000210242
0.000815399
0.00139027
0.000953524
0.00178428
0.00200964
0.00197639
0.00301729
0.00408167
0.00447461
0.00445414
0.00631777
0.00589599
0.00835732
0.0114049
0.0118688
0.0100754
0.00981979
0.0112624
0.0156314
0.016104
0.0135515
0.0226884
0.0254749
0.0163915
0.0176773
0.0190423
0.0128591
0.0139881
0.0126283
0.0157947
0.00455776
0.00420168
0.00393617
0.00362667
0.00345079
0.00376079
0.00366873
0.0031169
0.00316445
0.00304265
0.00330094
0.00269392
0.00294727
0.00248149
0.00278508
0.0025204
0.00287142
0.00251306
0.0025056
0.00247492
0.00229548
0.00254803
0.00244912
0.00249362
0.00233446
0.00240186
0.00219218
0.00222765
0.00245235
0.00218194
0.00243666
0.000870603
0.00122499
0.000648312
4.90411e-05
2.07033e-06
2.81499e-06
5.66988e-05
1.4328e-05
0.000214228
0.000734313
0.000475468
0.000650524
0.00127364
0.00130014
0.00127237
0.00481276
0.00585343
0.00559637
0.00716851
0.0065743
0.00821082
0.00871285
0.00751941
0.0099883
0.00563172
0.0131277
0.0107731
0.0102024
0.00976836
0.00839166
0.0087429
0.0059286
0.0074373
0.00560952
0.00594467
0.00338449
0.00306864
0.00314283
0.00217364
0.00322807
0.00150086
0.00218023
0.000441638
0.00128402
0.000947075
0.00108424
0.000538007
0.000440748
0.00942657
0.000195757
9.15041e-05
1.88335e-11
1.89929e-11
1.90393e-11
1.91278e-11
1.92282e-11
1.92942e-11
3.43479e-11
1.29392e-08
1.08254e-06
1.86102e-05
6.09814e-05
0.000122299
0.0002222
0.000167435
0.000101829
9.76836e-05
7.04348e-05
4.84953e-05
3.53021e-05
2.57838e-05
2.4837e-05
1.83431e-05
1.40687e-05
2.99593e-05
2.79462e-05
2.27036e-05
2.60804e-05
2.48196e-05
2.45301e-05
1.96346e-05
1.52995e-05
1.58262e-05
1.51612e-05
1.50038e-05
1.21795e-05
1.25537e-05
1.23785e-05
9.6613e-06
1.23764e-05
1.211e-05
9.41631e-06
1.05777e-05
9.75919e-06
3.2787e-05
2.47118e-05
2.79703e-05
2.61885e-05
2.5102e-05
2.80316e-05
2.2994e-05
2.2301e-05
2.2478e-05
1.96591e-05
4.60215e-05
3.63438e-05
3.07993e-05
3.15263e-05
2.43243e-05
2.28748e-05
2.27624e-05
2.20911e-05
2.00869e-05
1.99269e-05
2.01588e-05
1.96777e-05
1.74588e-05
1.91327e-05
1.95824e-05
1.96067e-05
1.73856e-05
1.69546e-05
1.96593e-05
2.0206e-05
1.6667e-05
1.96461e-05
1.95701e-05
2.1786e-05
1.92777e-05
7.50581e-05
5.35732e-05
4.24958e-05
3.93054e-05
4.60641e-05
3.94238e-05
3.57412e-05
3.37486e-05
3.25442e-05
3.45101e-05
5.99033e-06
7.47447e-06
8.51487e-06
1.09518e-05
1.59944e-05
2.20183e-05
3.47135e-05
5.44158e-05
6.61781e-05
5.9747e-05
0.000114379
0.000357959
0.000451636
0.000483576
5.59942e-05
0.00348486
0.00624559
0.0102568
0.00959018
0.0107521
0.00960872
0.00912745
0.0071828
0.00612142
0.00587022
0.00398463
0.00186284
0.0020178
0.0018635
0.00144118
0.000983412
0.000429578
0.000162363
8.86323e-05
3.1574e-05
7.71302e-06
2.10141e-05
0.000103536
0.000348395
0.000562396
0.00119812
0.00138138
0.00141409
0.00217379
0.00268555
0.00386834
0.00351789
0.00405555
0.00443151
0.00510448
0.00548431
0.00730582
0.00777804
0.014256
0.0126841
0.0127556
0.0126556
0.0128712
0.0151301
0.00926907
0.0119943
0.0060287
0.00509674
0.00453203
0.00372441
0.003614
0.00295844
0.00297749
0.00305934
0.00289219
0.00252944
0.00262967
0.00252288
0.00275547
0.00253724
0.00249038
0.00246992
0.00245773
0.0023775
0.0024125
0.00241778
0.00233239
0.00236687
0.00233502
0.00224742
0.00228394
0.00242816
0.00208922
0.00247617
0.00239852
0.00205039
0.00108366
0.000371884
0.000223853
3.14828e-05
0.000277356
0.00032088
0.000289729
0.000374379
0.00240941
0.00189632
0.00248093
0.00332687
0.0028516
0.00333299
0.00322323
0.0044919
0.00833386
0.00404985
0.00591184
0.00269011
0.00459025
0.00314604
0.00267955
0.00190703
0.000338866
0.000360918
0.00135361
0.000238714
0.00107481
0.00151718
6.49063e-05
0.00167761
0.000962838
0.000108157
0.000887981
0.000162586
5.82705e-06
0.00203927
0.00124527
1.6189e-06
0.000444043
0.012264
0.0188431
0.00803502
0.00701144
0.00539503
0.00679121
0.00522677
2.27725e-11
2.29327e-11
2.29448e-11
2.24341e-11
2.11284e-11
2.11214e-11
2.11254e-11
1.26915e-10
2.69496e-09
4.48276e-06
9.03311e-05
0.000642994
0.000556922
0.000763532
0.00140751
0.000543818
0.000367846
0.000191966
0.000108008
7.76478e-05
5.21763e-05
4.82865e-05
3.50207e-05
3.94404e-05
3.74028e-05
2.71023e-05
2.21862e-05
2.03235e-05
1.71457e-05
1.75188e-05
1.70651e-05
1.38695e-05
1.45182e-05
1.77027e-05
1.68737e-05
1.89316e-05
1.85837e-05
1.81019e-05
1.95244e-05
1.72226e-05
1.72421e-05
1.73152e-05
1.67773e-05
1.95644e-05
1.58264e-05
1.89426e-05
2.65366e-05
2.91048e-05
2.7303e-05
2.78942e-05
2.45819e-05
2.09114e-05
2.04224e-05
2.04365e-05
1.83893e-05
1.86672e-05
1.91737e-05
2.04211e-05
2.1009e-05
6.41029e-05
4.85149e-05
4.14698e-05
3.79027e-05
2.98337e-05
2.93289e-05
2.68117e-05
2.42949e-05
2.92111e-05
2.51771e-05
2.73095e-05
2.62674e-05
2.30309e-05
2.33298e-05
2.39346e-05
2.57641e-05
2.2171e-05
2.4071e-05
2.3797e-05
2.51896e-05
2.87535e-05
2.77964e-05
2.73588e-05
2.78532e-05
2.84001e-05
6.73999e-06
6.54771e-06
9.7147e-06
1.27827e-05
1.73758e-05
2.73684e-05
3.44393e-05
6.24694e-05
0.000100438
0.000152794
0.000271182
0.000581542
0.000640619
0.000556746
0.00355758
0.00491537
0.00742197
0.0104953
0.0099334
0.00947554
0.00853581
0.00831004
0.00720494
0.00578202
0.00529948
0.00275387
0.00271386
0.001956
0.00139209
0.00150767
0.000754421
0.000680158
0.000584073
0.00025051
0.000297437
0.000158528
8.77932e-05
2.41889e-07
1.03058e-05
1.60775e-05
5.54826e-05
0.000225335
0.000623818
0.00081617
0.00166959
0.00208533
0.00395799
0.00542171
0.00483867
0.00512155
0.00704393
0.00757294
0.00732868
0.00986742
0.0110019
0.0114493
0.0117472
0.0155469
0.00506994
0.00457999
0.00562946
0.00453733
0.00460619
0.00421581
0.00423514
0.00494403
0.00482776
0.00438103
0.00382802
0.00391733
0.00398677
0.00415524
0.00413565
0.00419127
0.00435783
0.0040252
0.00439239
0.0042185
0.00450243
0.00398628
0.00425966
0.00415566
0.00365777
0.00410485
0.0038863
0.00407919
0.00415389
0.00181106
0.00399707
0.0016059
0.000374578
5.64635e-05
6.64648e-05
5.49165e-05
0.000261731
0.000575297
0.000749965
0.00246832
0.00260031
0.00392496
0.00246312
0.00353524
0.00719915
0.00750978
0.00834728
0.00905529
0.0129225
0.01144
0.011865
0.0123801
0.0158161
0.0156228
0.0107392
0.0152414
0.0135067
0.0101655
0.0129411
0.0112252
0.00676146
0.0120406
0.00816961
0.00743915
0.00798632
0.00757382
0.0055795
0.00683287
0.0080548
0.00742588
0.0091625
0.00714892
0.0191931
0.0104374
0.0111373
0.00949252
1.20827e-10
1.36986e-10
1.42912e-10
1.47053e-10
1.64609e-10
1.59701e-10
6.59611e-11
1.49442e-10
1.54295e-10
1.58131e-08
1.37305e-06
1.53726e-06
0.000331522
0.00651422
0.00606392
0.00604219
0.00400409
0.00211758
0.000986644
0.000583634
0.000352615
0.000341078
0.00016752
0.000147195
0.000117743
0.000104488
7.60296e-05
7.18997e-05
6.5873e-05
6.08728e-05
5.8346e-05
4.02606e-05
3.54415e-05
4.27968e-05
4.05996e-05
3.72154e-05
3.84575e-05
3.89219e-05
3.28946e-05
4.54316e-05
4.62434e-05
4.24202e-05
4.22524e-05
4.2471e-05
4.15313e-05
4.34083e-05
3.57148e-05
3.48306e-05
3.95917e-05
3.24394e-05
2.26061e-05
1.7559e-05
1.88199e-05
1.86534e-05
2.05096e-05
2.15225e-05
2.84637e-05
2.91962e-05
2.32325e-05
2.67698e-05
2.64854e-05
2.42786e-05
2.43298e-05
2.67104e-05
2.39765e-05
2.39395e-05
2.49005e-05
2.35251e-05
2.38666e-05
2.47018e-05
2.67232e-05
2.3022e-05
2.74316e-05
2.92536e-05
2.95094e-05
3.10515e-05
2.7814e-05
3.19178e-05
3.204e-05
3.23529e-05
3.1252e-05
3.35955e-05
3.43328e-05
3.39972e-05
3.896e-05
3.98648e-05
4.14065e-05
5.21501e-05
6.88037e-05
9.87896e-05
0.000143393
0.000160079
0.000267225
0.000478422
0.00156143
0.000320662
0.000418608
0.00208832
0.00259701
0.00327482
0.00318841
0.00246475
0.00138355
0.00094271
0.000279071
0.00028734
0.000150121
6.05811e-05
3.40121e-05
1.57467e-07
5.50317e-06
6.19866e-05
0.000168249
0.000263481
0.000676988
0.000995166
0.00130488
0.00224167
0.00300402
0.00351767
0.0032134
0.00276045
0.00418418
0.00771803
0.0107419
0.00985127
0.0137079
0.0148619
0.0159611
0.0131221
0.0154573
0.0189716
0.0253408
0.0216567
0.0334329
0.0335629
0.0240166
0.0324331
0.0336599
0.0369726
0.0341063
0.0502469
0.0518158
0.0247868
0.0239182
0.0102187
0.00951488
0.0124873
0.0120034
0.0101035
0.00794163
0.0072399
0.00782077
0.00642397
0.00605791
0.00603515
0.00561385
0.00482218
0.00511114
0.00479764
0.00510808
0.00478512
0.00450161
0.00456911
0.00430534
0.00367117
0.00377918
0.00210311
0.00355601
0.00126043
0.000876598
0.000233671
0.000206443
0.000192632
0.000560618
3.13882e-06
0.000984559
0.000129874
0.00141938
0.00223109
0.00115612
0.00117945
0.00179351
0.00328275
0.00464444
0.0052131
0.00510139
0.00482789
0.00651361
0.0066083
0.00984091
0.0085897
0.0113488
0.00878604
0.00822014
0.00905686
0.00912529
0.0143729
0.00854458
0.0157545
0.0156914
0.00975549
0.0101375
0.009351
0.00841759
0.00776818
0.00630232
0.00639416
0.00259563
0.00807299
0.00210574
0.00534629
0.00222896
0.00253609
0.00524966
0.00551467
0.00120808
0.00128817
0.00490889
0.000819217
0.00104676
0.00616607
0.00285959
8.99922e-06
3.71962e-11
6.02945e-11
6.34994e-11
3.23101e-11
6.49418e-11
3.64874e-11
8.13015e-11
9.18478e-11
4.87179e-11
1.15576e-08
1.24479e-08
1.19944e-06
1.33364e-05
0.00023179
0.000611776
0.000928327
0.000949879
0.000552068
0.000391782
0.000228933
0.000202667
0.000104263
8.96763e-05
5.53456e-05
6.05042e-05
3.93729e-05
3.31779e-05
3.20809e-05
3.62771e-05
3.16032e-05
3.04208e-05
2.47543e-05
2.35111e-05
1.88604e-05
1.71236e-05
2.1493e-05
1.77394e-05
1.4013e-05
1.60937e-05
1.53071e-05
1.93539e-05
1.39465e-05
1.37825e-05
1.26538e-05
1.20178e-05
4.08195e-05
4.6389e-05
3.57656e-05
2.95604e-05
4.40163e-05
4.92479e-05
3.1713e-05
2.90395e-05
2.56161e-05
3.76991e-05
3.0351e-05
2.90171e-05
3.06259e-05
2.68027e-05
2.61779e-05
2.49517e-05
2.45509e-05
2.24298e-05
2.0953e-05
2.43595e-05
2.44144e-05
1.95347e-05
2.09786e-05
1.91261e-05
2.11884e-05
0.000301391
0.00017809
1.16811e-05
0.000136546
8.84638e-05
6.45566e-05
4.86565e-05
4.00756e-05
3.25352e-05
3.12654e-05
3.53643e-05
3.21363e-05
3.18858e-05
3.6258e-05
3.42071e-05
5.52616e-06
6.64653e-06
6.28605e-06
7.53942e-06
9.60692e-06
1.20385e-05
1.27957e-05
1.72425e-05
3.03386e-05
3.98172e-05
5.87167e-05
5.94677e-05
9.15373e-05
0.000185759
0.000352577
0.000647413
0.000713167
0.000738492
0.0031734
0.00475119
0.0068011
0.00860831
0.0090614
0.00784545
0.00610793
0.00525835
0.0037729
0.00229685
0.00221984
0.00148466
0.00112871
0.000738823
0.000564995
0.000223952
6.2827e-05
1.58918e-05
6.41215e-05
0.000238069
0.000286571
0.000427291
0.000579024
0.000893808
0.00128983
0.00206015
0.00291396
0.00437652
0.00474981
0.00439555
0.00598388
0.00600124
0.00606233
0.00847613
0.00926459
0.0113802
0.0160141
0.0152122
0.016773
0.0224872
0.0151088
0.0207592
0.013557
0.014012
0.0101068
0.0093422
0.0178334
0.0183489
0.0127893
0.0103716
0.0200829
0.017859
0.00395542
0.00368743
0.00368451
0.00343087
0.00350187
0.00337672
0.00319454
0.00320494
0.00298092
0.00281846
0.00290822
0.00292486
0.00264977
0.00312769
0.00259496
0.00255607
0.00257584
0.00239917
0.0025104
0.00227565
0.00240348
0.00278176
0.00233358
0.00221882
0.00220013
0.00243573
0.00236781
0.00248277
0.00211143
0.00231038
0.00195481
0.000696482
0.000403095
0.000772724
0.000369649
0.000524229
8.72621e-05
7.80701e-06
0.000928852
0.000468813
0.000939316
0.00315418
0.000821068
0.00278996
0.00402521
0.0043559
0.00336095
0.0037557
0.00381332
0.00599989
0.00731007
0.00406699
0.00969431
0.00819347
0.0105664
0.0102479
0.00923918
0.00951674
0.00822835
0.00663025
0.00708637
0.0113567
0.00856715
0.00650092
0.00537268
0.00479128
0.00438906
0.00791382
0.00335742
0.00279256
0.00272952
0.00146441
0.0012775
0.00113385
0.00105542
0.00178905
0.0010896
0.000726301
0.00084497
0.000527397
0.000486258
0.0105829
2.20582e-11
2.1671e-11
2.17163e-11
2.22801e-11
2.18989e-11
2.19842e-11
2.12017e-11
2.85569e-11
6.89114e-09
7.87471e-07
4.93177e-06
2.8037e-05
7.74014e-05
0.000140086
0.000131046
6.45164e-05
6.12253e-05
4.70383e-05
3.52838e-05
2.34345e-05
2.25103e-05
1.77316e-05
1.58081e-05
3.89717e-05
2.84335e-05
2.22515e-05
2.39597e-05
2.23671e-05
2.15568e-05
2.00088e-05
1.70858e-05
1.50601e-05
1.50494e-05
1.43428e-05
1.19258e-05
1.5869e-05
1.42709e-05
1.57106e-05
2.01269e-05
1.86247e-05
1.58117e-05
1.19208e-05
1.50364e-05
4.52421e-05
3.29722e-05
2.94347e-05
3.17917e-05
2.99426e-05
2.81975e-05
2.07224e-05
2.37268e-05
1.44595e-05
1.67176e-05
1.44971e-05
1.32626e-05
1.37252e-05
1.39659e-05
1.44536e-05
9.92941e-06
1.34552e-05
1.1654e-05
1.45815e-05
1.18555e-05
1.32259e-05
1.1294e-05
1.14729e-05
1.30286e-05
1.12532e-05
1.30192e-05
1.2466e-05
1.2717e-05
1.30487e-05
1.39474e-05
1.42209e-05
1.4297e-05
1.23949e-05
1.33021e-05
1.32102e-05
1.47938e-05
1.20385e-05
1.29259e-05
1.2986e-05
1.78109e-05
1.93607e-05
1.76104e-05
0.000643778
1.21492e-05
1.34219e-05
1.40393e-05
1.70955e-05
2.4279e-05
3.03811e-05
3.08407e-05
3.57613e-05
7.29922e-05
8.21151e-05
0.00015143
0.000275569
0.000527214
0.000943703
0.000277641
0.00262624
0.00596574
0.00660759
0.010022
0.00965877
0.00943984
0.00825896
0.00628142
0.00472207
0.0031926
0.00288629
0.00237332
0.00214881
0.00114953
0.000924862
0.000661179
0.000395776
0.000212528
7.45874e-05
4.62766e-05
7.12241e-06
0.000179051
0.000272537
0.00033693
0.000726691
0.00132409
0.00126602
0.00211126
0.00205426
0.00261622
0.00287353
0.00397713
0.00472712
0.00580758
0.00768829
0.00705401
0.00897962
0.00950929
0.0134703
0.0141671
0.0211953
0.0184755
0.0744705
0.00986888
0.00798709
0.00984049
0.0216359
0.0132012
0.0124124
0.00680335
0.00601513
0.00513314
0.00461495
0.00390063
0.0039057
0.00386708
0.00342133
0.00303867
0.002878
0.00312806
0.00291936
0.00269872
0.00257504
0.00231253
0.00265064
0.00293571
0.00230164
0.00222224
0.00243341
0.00238076
0.0022441
0.00190421
0.00231374
0.00229897
0.00220068
0.00133964
0.000935085
5.2414e-05
0.000239385
9.91746e-07
0.0008152
0.000133203
4.94567e-05
0.00111858
0.00221175
0.00130286
0.0046516
0.00412064
0.00330041
0.0071886
0.00582183
0.00612654
0.00362404
0.00344182
0.00624072
0.00330301
0.00267291
0.00222635
0.00190833
0.00148724
7.64741e-05
0.0027624
0.000530286
0.000281186
0.00312271
1.35885e-05
0.00143922
0.000765411
0.000143528
1.5362e-06
0.00178795
1.00586e-05
0.000754683
0.00932381
0.0135178
0.00937262
0.0096667
0.00610273
0.00543512
0.0060379
0.00378276
0.00974342
2.04639e-11
2.06132e-11
2.06946e-11
2.06619e-11
2.0303e-11
1.93497e-11
1.93403e-11
1.26258e-10
2.68422e-09
1.89767e-06
5.62832e-05
4.18489e-05
9.19184e-05
0.000446052
0.000415087
0.000423639
0.00017
0.000123724
8.2523e-05
5.63643e-05
5.11948e-05
3.34003e-05
2.54108e-05
2.59471e-05
2.32539e-05
2.20706e-05
1.89325e-05
1.72093e-05
1.19719e-05
1.14521e-05
1.39542e-05
1.51998e-05
1.1958e-05
1.35769e-05
1.31629e-05
1.32346e-05
1.15613e-05
9.09705e-06
1.29582e-05
8.93484e-06
1.21117e-05
1.22138e-05
1.40711e-05
1.10074e-05
2.05594e-05
2.06936e-05
2.08898e-05
1.78899e-05
1.8143e-05
1.49906e-05
1.73559e-05
1.23616e-05
1.25467e-05
1.44459e-05
1.33489e-05
3.17576e-05
2.56952e-05
2.35047e-05
2.31828e-05
1.96195e-05
1.89555e-05
1.88959e-05
1.78778e-05
1.55632e-05
1.71247e-05
1.71088e-05
1.54608e-05
1.79004e-05
1.72464e-05
1.7051e-05
1.744e-05
1.72057e-05
1.78081e-05
1.56229e-05
1.88642e-05
1.747e-05
1.77435e-05
1.81379e-05
1.8832e-05
1.77925e-05
6.22881e-06
6.69551e-06
6.98926e-06
9.87366e-06
1.36241e-05
1.65353e-05
2.7001e-05
4.17139e-05
5.6605e-05
0.000112853
0.000222287
0.000344079
0.000656686
0.000546942
0.000565044
0.0035992
0.00777938
0.0123304
0.0136033
0.0114407
0.0095145
0.00949501
0.006454
0.00503126
0.0038399
0.00324029
0.00263401
0.00203418
0.00180454
0.00150017
0.00122985
0.00104598
0.000918159
0.00030535
0.000129627
8.68889e-05
5.94748e-06
4.05785e-06
2.48589e-05
0.000123964
0.00102578
0.00142834
0.00137706
0.00215635
0.00314101
0.00443436
0.00489266
0.00475548
0.00758735
0.00869985
0.0124049
0.0133399
0.0163555
0.0148529
0.0186424
0.00672565
0.016614
0.00628405
0.00547406
0.0054227
0.00507245
0.004939
0.00481917
0.0042084
0.00444323
0.00496394
0.00438503
0.00477511
0.00490057
0.0043584
0.00422082
0.00383303
0.00416882
0.00347516
0.00391844
0.00388237
0.00402675
0.00385974
0.00373686
0.00379506
0.00350949
0.0036903
0.00379571
0.00348793
0.00380128
0.00161269
0.000821537
2.26304e-05
9.06654e-05
0.00010423
0.000488484
0.000864141
0.000183566
0.000203262
0.003123
0.00194105
0.00401184
0.00250796
0.00483372
0.00840077
0.00585567
0.0169255
0.0103805
0.0127335
0.0126236
0.00917925
0.0145844
0.0148286
0.0118652
0.0160361
0.0162904
0.0102088
0.0193387
0.0142865
0.0149876
0.0151951
0.0109335
0.0141632
0.00897844
0.00672545
0.00614568
0.00554246
0.00380056
0.00338152
0.00813392
0.00508875
0.00526058
0.00326774
0.00309825
0.00201339
0.000837299
4.69779e-11
4.75435e-11
4.86077e-11
4.9158e-11
5.04601e-11
5.27656e-11
5.24495e-11
5.18034e-11
3.3675e-09
7.93216e-07
2.22222e-05
0.00513621
0.0125065
0.0102
0.0102454
0.00582822
0.00272002
0.00173949
0.0010343
0.000465504
0.000374562
0.000208403
0.000168672
0.000102834
8.69799e-05
5.64576e-05
4.90284e-05
3.98942e-05
3.74795e-05
4.08458e-05
3.2521e-05
3.28309e-05
2.54448e-05
2.70497e-05
2.23382e-05
2.24584e-05
1.99953e-05
2.02947e-05
2.04615e-05
2.28837e-05
2.3699e-05
1.9866e-05
2.21589e-05
2.41958e-05
2.18693e-05
2.08611e-05
2.11946e-05
2.07549e-05
1.95418e-05
1.93017e-05
2.49274e-05
1.937e-05
1.92727e-05
2.33611e-05
2.35602e-05
1.20636e-05
1.26201e-05
1.35623e-05
1.27409e-05
1.24055e-05
1.29501e-05
1.24129e-05
1.32461e-05
1.29625e-05
1.30483e-05
1.38478e-05
1.38884e-05
1.45822e-05
1.43285e-05
1.64151e-05
1.56311e-05
1.41782e-05
1.54555e-05
1.63002e-05
1.66636e-05
1.72049e-05
1.88231e-05
1.77338e-05
1.78243e-05
2.04455e-05
2.13591e-05
2.47613e-05
2.80137e-05
2.80181e-05
4.72297e-05
5.48691e-05
0.000139109
0.000243563
0.000444601
0.000772357
0.000671103
0.000252735
0.00206686
0.00212538
0.00566925
0.00689541
0.00630856
0.00541515
0.00396576
0.00333982
0.00201126
0.00158082
0.00138738
0.000870393
0.000510613
0.00015578
6.39615e-05
7.08743e-05
4.41015e-05
0.000371245
0.000378698
0.000327853
0.000580758
0.00121485
0.00197522
0.00184661
0.00346211
0.00642617
0.00699257
0.00739503
0.00860497
0.0104974
0.0134548
0.0146262
0.0192159
0.0190196
0.0248016
0.0210917
0.0268349
0.0238084
0.0326544
0.0441672
0.032018
0.0297753
0.030163
0.0268056
0.0214505
0.00295871
0.00310407
0.00320903
0.0035361
0.00316731
0.00355321
0.0032301
0.0033308
0.00359599
0.00351065
0.00373044
0.00416492
0.00383634
0.00392709
0.00398398
0.00412469
0.00413788
0.00405809
0.00493502
0.00418481
0.00486157
0.00442475
0.00442885
0.00441696
0.00372944
0.00380555
0.000621602
0.00200596
0.00184716
0.000596637
0.000597454
0.00113004
0.00077079
1.7468e-05
0.00017016
0.000141912
5.43097e-05
0.0019694
0.00278904
0.000870818
0.00224279
0.00187583
0.00305957
0.0017086
0.00220909
0.00862504
0.00693507
0.00703769
0.0100587
0.0161864
0.00945902
0.0118007
0.0110733
0.00756699
0.0107853
0.00849276
0.00921547
0.00907281
0.00827791
0.0079734
0.00573747
0.00392293
0.00327229
0.00238055
0.00114761
7.81808e-05
1.5695e-07
0.000875991
0.00127915
0.00411696
0.00744609
0.0146406
0.0184146
0.0258534
0.0198041
0.0156451
0.0145035
0.0129445
0.0162949
0.0147224
0.0160063
0.00871201
0.0129401
0.017007
0.00424303
0.004147
0.00445644
0.00469063
0.00576934
2.86125e-09
4.67369e-09
6.70339e-09
9.07185e-09
7.07999e-09
6.83487e-08
5.28292e-06
7.17774e-05
9.36445e-05
0.000100182
8.57366e-05
4.77704e-05
3.34028e-05
2.40419e-05
1.40722e-05
1.17277e-05
1.151e-05
9.83435e-06
7.8782e-06
8.14743e-06
7.58601e-06
8.16704e-06
6.56339e-06
6.26622e-06
5.84115e-06
4.83364e-06
3.81994e-06
5.01124e-06
4.1116e-06
3.90671e-06
4.07682e-06
4.06469e-06
4.22711e-06
3.21445e-06
3.76025e-06
3.40207e-06
1.14434e-05
8.28464e-06
8.65205e-06
1.05187e-05
7.54417e-06
6.87114e-06
8.2516e-06
6.62729e-06
7.76539e-06
6.85361e-06
6.4314e-06
6.35513e-06
5.82323e-06
5.96128e-06
5.68702e-06
6.23749e-06
6.02477e-06
5.62215e-06
5.73302e-06
5.43817e-06
5.36867e-06
5.2119e-06
4.25654e-06
4.97532e-06
5.03432e-06
5.38766e-06
5.68247e-06
4.59597e-06
4.7532e-06
5.2933e-06
5.2873e-06
5.3018e-06
5.09816e-05
3.19707e-05
2.42386e-05
1.53508e-05
1.05679e-05
9.36233e-06
8.48365e-06
8.12493e-06
7.79051e-06
7.91291e-06
7.91598e-06
1.74713e-06
1.66758e-06
1.85967e-06
2.20444e-06
2.68727e-06
3.32991e-06
4.25641e-06
6.1837e-06
8.67904e-06
2.34283e-05
3.62242e-05
0.000143217
0.000160318
0.000336962
0.000274957
0.00347633
0.00879588
0.0127601
0.0145464
0.0187575
0.0199566
0.0188221
0.0154846
0.0140586
0.0139912
0.0102105
0.00858547
0.00776182
0.005167
0.00489778
0.00392311
0.00339019
0.00302303
0.00195927
0.00197637
0.00150349
0.000892333
0.000850285
0.000372206
0.000157219
8.31169e-06
7.40735e-05
0.000419863
0.000159545
0.000617283
0.00342111
0.00286273
0.00540906
0.00726988
0.0096477
0.0124578
0.0127801
0.00565328
0.00573466
0.00503871
0.00797402
0.009668
0.0130157
0.0147094
0.0187228
0.0106298
0.00745814
0.00270956
0.00247017
0.00268102
0.00258634
0.00264237
0.00266305
0.00230039
0.00262952
0.00223875
0.00250203
0.00237848
0.00218291
0.00229585
0.00230073
0.00230478
0.00220757
0.00223059
0.00224966
0.00234141
0.00201051
0.00230356
0.00212535
0.00243904
0.00206044
0.0020593
0.0020775
0.00204254
0.00102358
0.00164572
0.000124008
0.00113392
1.66184e-07
2.3105e-05
0.000309961
0.00129867
0.00103239
0.00591591
0.00657832
0.00616323
0.0096242
0.00797336
0.0108815
0.0117817
0.018573
0.0173801
0.011356
0.0167514
0.0156795
0.0123881
0.0180661
0.0159119
0.00832074
0.00674015
0.0109219
0.00874902
0.00667657
0.00636577
0.00402287
0.00398453
0.00193736
0.00266119
0.0027082
0.00215288
0.000787718
0.000995502
0.00149197
0.000530021
0.000845231
0.000992537
0.000913381
0.00168869
0.00283504
1.95865e-11
1.99538e-11
1.96987e-11
2.008e-11
2.00637e-11
1.98214e-11
1.91144e-11
8.23423e-10
4.92807e-06
4.61755e-06
5.43732e-05
0.000100289
0.000264161
0.000180486
6.97204e-05
5.06975e-05
3.00157e-05
2.77513e-05
4.2752e-05
4.08628e-05
2.50208e-05
2.33103e-05
2.62628e-05
2.07753e-05
2.29994e-05
2.15835e-05
1.83677e-05
1.48384e-05
1.71818e-05
1.55621e-05
1.34949e-05
1.17123e-05
1.22347e-05
1.12393e-05
1.18698e-05
2.63458e-05
2.07734e-05
1.99779e-05
1.9875e-05
2.13928e-05
1.43436e-05
1.40002e-05
1.41332e-05
1.35903e-05
1.26934e-05
1.26099e-05
1.11273e-05
1.28398e-05
1.10443e-05
1.04324e-05
9.3557e-06
9.54976e-06
1.16648e-05
9.66102e-06
9.63519e-06
9.05344e-06
9.57766e-06
9.09626e-06
1.02465e-05
9.44868e-06
9.83906e-06
9.7751e-06
9.91562e-06
1.12761e-05
1.06831e-05
9.79247e-06
1.23002e-05
1.36107e-05
1.0424e-05
1.07241e-05
1.11031e-05
1.43556e-05
1.48284e-05
1.80144e-05
2.41019e-05
3.53353e-05
4.91227e-05
7.75206e-05
0.000151582
0.000259786
0.000380098
3.78543e-05
0.0034476
0.00822838
0.0112943
0.0117234
0.0112222
0.00961783
0.00957545
0.00773002
0.00673567
0.00436885
0.00454701
0.0031566
0.00223568
0.00169179
0.00147263
0.00129955
0.000900382
0.000521251
0.000274161
0.000189092
5.6552e-05
3.15022e-05
0.000632355
0.000967706
0.000985262
0.00187187
0.00282363
0.00427172
0.00580664
0.00568828
0.00646748
0.00730781
0.00824248
0.0115301
0.0155578
0.0188004
0.0207297
0.10498
0.025582
0.0128552
0.0089796
0.00726171
0.0058033
0.00508242
0.00446592
0.00391261
0.0036928
0.0032206
0.00295137
0.00272548
0.00246064
0.00246482
0.00230132
0.00237944
0.00247271
0.00220613
0.0026754
0.00213059
0.00215359
0.0022912
0.0022955
0.00197036
0.00203167
0.00215081
0.00209189
0.00171506
0.00181379
0.00129435
0.000294649
8.06079e-05
8.31416e-05
0.000195076
0.00058215
0.000755122
0.000539188
0.00444072
0.0073742
0.0066582
0.00664659
0.00493926
0.00449291
0.010701
0.00402903
0.0055574
0.00535288
0.00439237
0.00461793
0.00401649
0.00103788
0.00255447
0.000539339
0.000629368
0.00255265
1.72759e-05
0.00187446
0.000996569
0.0003607
0.000166527
0.00145987
1.17591e-06
0.000750325
2.28896e-05
0.00201515
0.000671703
0.0024889
1.60613e-06
0.0198047
0.0137095
0.00959958
0.0247905
0.0132824
0.0110252
0.0135962
2.35981e-11
2.38996e-11
2.39048e-11
2.39171e-11
2.3861e-11
2.22825e-11
7.30497e-10
6.83409e-06
9.67071e-05
0.00026772
0.000510266
0.00044451
0.000572574
0.000226564
0.000142361
8.85146e-05
7.07288e-05
5.47681e-05
3.98464e-05
2.74175e-05
2.09152e-05
2.69245e-05
2.64306e-05
2.27643e-05
1.6418e-05
1.46609e-05
1.48418e-05
1.47305e-05
1.40372e-05
1.51183e-05
1.86121e-05
1.60359e-05
1.78662e-05
1.49194e-05
1.40378e-05
1.44761e-05
1.6849e-05
1.53448e-05
1.23572e-05
2.7782e-05
2.61868e-05
2.05742e-05
1.95602e-05
1.77801e-05
1.57858e-05
1.82261e-05
1.5754e-05
1.36543e-05
4.07361e-05
3.43095e-05
3.22739e-05
2.54072e-05
2.42473e-05
2.41845e-05
2.08153e-05
2.23326e-05
2.16856e-05
2.08116e-05
1.95013e-05
2.16878e-05
1.91505e-05
2.02188e-05
2.01767e-05
1.98379e-05
2.20802e-05
2.24516e-05
2.10783e-05
2.14114e-05
1.98124e-05
2.00092e-05
7.0362e-06
7.42026e-06
8.17145e-06
1.04023e-05
1.22101e-05
1.61446e-05
2.37036e-05
3.43291e-05
4.87515e-05
8.03931e-05
0.000163455
0.000250372
0.000286765
0.000157313
5.66758e-06
0.00135823
0.00482875
0.0120773
0.0116584
0.00980226
0.00787591
0.00604617
0.00500462
0.00471335
0.00343438
0.00268211
0.00233509
0.00192532
0.0015276
0.00121168
0.000968513
0.000751793
0.000858567
0.000554624
0.00038522
0.000231224
0.000111887
1.70755e-05
2.46767e-06
0.000109548
0.000185643
0.000500949
0.000757553
0.00134282
0.00228382
0.00389085
0.00408837
0.00467816
0.00674525
0.0072608
0.00900648
0.010753
0.0107545
0.011829
0.0129234
0.0150638
0.0184556
0.017955
0.0118296
0.00722755
0.00670577
0.00601615
0.00648907
0.00543516
0.00557786
0.00538346
0.00587178
0.00442242
0.00504024
0.00464718
0.00473223
0.00448275
0.00435349
0.00396097
0.00418553
0.00417212
0.00399592
0.00378484
0.00411088
0.00395469
0.00380973
0.00375066
0.00409616
0.00406937
0.00374756
0.00338338
0.00369327
0.00338935
0.0032755
0.00341695
0.00146378
0.00122357
7.70262e-06
0.000452686
0.000558379
5.64741e-05
1.79307e-05
0.000353322
9.96077e-05
0.00226999
0.000750982
0.0017484
0.00509797
0.00575506
0.00747264
0.00691333
0.00983909
0.0118472
0.0113817
0.011099
0.010641
0.0119077
0.0166061
0.0140078
0.0157666
0.0175496
0.0151354
0.0131457
0.0128942
0.0201504
0.0156705
0.0119126
0.00888517
0.0123781
0.0104375
0.00983603
0.0101407
0.0154261
0.00408616
0.00660476
0.0033788
2.65891e-05
4.11669e-11
4.19534e-11
4.35872e-11
4.19387e-11
4.32017e-11
4.52116e-11
6.29972e-09
7.73684e-07
2.19164e-05
0.00246418
0.00907359
0.0111033
0.00620707
0.0025652
0.00217858
0.000838883
0.000668871
0.000382516
0.00017638
0.00014329
7.66793e-05
6.11259e-05
3.69622e-05
3.85303e-05
2.97745e-05
2.85205e-05
2.51414e-05
2.64831e-05
2.08054e-05
2.23822e-05
2.06536e-05
2.03104e-05
1.47602e-05
1.53424e-05
1.67498e-05
1.42223e-05
1.48112e-05
1.65513e-05
1.50473e-05
1.33299e-05
1.46147e-05
1.37925e-05
1.41695e-05
1.31602e-05
1.35654e-05
1.42201e-05
1.36042e-05
1.41416e-05
1.44599e-05
1.59723e-05
1.64042e-05
1.62043e-05
1.54695e-05
1.91824e-05
1.27781e-05
1.25587e-05
1.34763e-05
1.43109e-05
1.53491e-05
1.95463e-05
1.73976e-05
1.34945e-05
1.41703e-05
1.42465e-05
1.31791e-05
3.45442e-05
3.01327e-05
2.91497e-05
2.91776e-05
2.64991e-05
2.66271e-05
2.36859e-05
3.64882e-05
4.00281e-05
3.57508e-05
3.45942e-05
3.27193e-05
2.94898e-05
2.89155e-05
2.87202e-05
2.84626e-05
1.10746e-05
1.23744e-05
1.3552e-05
1.71551e-05
3.02405e-05
4.74052e-05
7.59324e-05
7.8627e-05
0.000267416
0.000496681
0.000842902
0.000926938
0.000206221
0.00279093
0.00564965
0.00844621
0.00778462
0.00708189
0.00504341
0.00443407
0.00308703
0.002121
0.00204877
0.00121886
0.000933998
0.000811025
0.000589328
0.000594188
0.000410432
0.000186311
6.24085e-05
1.59552e-05
1.76067e-05
3.88021e-05
4.37244e-05
0.000214818
0.000510984
0.00108054
0.00108212
0.00161733
0.0019342
0.00495675
0.00880045
0.00735299
0.00849375
0.0077159
0.0143087
0.0128216
0.0143176
0.0229407
0.0268374
0.0265862
0.0210353
0.0187981
0.0284381
0.0325869
0.0516109
0.0341122
0.00295704
0.00319603
0.00319592
0.00327742
0.00341012
0.00342162
0.00337957
0.0038349
0.00352502
0.00380465
0.00396657
0.00358571
0.0036084
0.00363365
0.00347697
0.00373661
0.00392272
0.0038235
0.00289488
0.0010205
0.00209779
5.45035e-05
0.000762625
6.85664e-06
1.08424e-05
0.000102611
0.000228641
0.000798333
0.000604621
0.000668294
0.00519533
0.00395809
0.00479764
0.00300059
0.00643726
0.00600639
0.00669404
0.00658655
0.0141473
0.00713296
0.0174246
0.00967113
0.0113303
0.0112189
0.0148429
0.0127291
0.0133334
0.0115478
0.0110109
0.0113534
0.00887804
0.00989813
0.0102492
0.0081668
0.00743092
0.0111241
0.00675936
0.00619982
0.00942746
0.00518698
0.0046243
0.00535033
0.00297425
0.00163569
0.0017246
0.00114471
0.00123448
0.000409876
0.00015412
2.93566e-05
5.72354e-06
0.000261994
0.000678719
0.00109797
0.00365234
0.00887041
2.04336e-09
2.45361e-09
3.27274e-09
4.23693e-09
5.81793e-09
8.31312e-09
1.20209e-08
1.5325e-08
8.2372e-08
2.38165e-06
2.12567e-05
9.34829e-05
0.00079595
0.00102169
0.000914107
0.000300323
0.000277266
0.000211187
6.83938e-05
4.23778e-05
3.01536e-05
2.48726e-05
2.361e-05
2.01833e-05
2.18572e-05
1.90215e-05
1.86439e-05
1.64084e-05
1.59783e-05
1.45335e-05
1.46202e-05
1.3304e-05
1.36968e-05
1.07581e-05
1.00695e-05
1.31103e-05
1.10822e-05
1.1827e-05
1.21322e-05
1.60633e-05
1.52095e-05
1.2985e-05
4.01747e-05
4.47997e-05
3.93437e-05
3.06871e-05
4.36344e-05
3.84466e-05
3.29487e-05
3.09673e-05
2.46649e-05
1.98149e-05
1.98683e-05
1.88213e-05
1.70502e-05
1.64393e-05
1.69346e-05
1.90358e-05
2.02268e-05
1.9684e-05
1.76251e-05
2.12482e-05
1.9496e-05
2.24566e-05
2.24446e-05
1.77901e-05
1.79892e-05
1.83361e-05
2.01897e-05
1.96083e-05
1.7376e-05
2.17478e-05
0.000248806
0.00014089
9.12762e-05
7.11214e-05
4.92252e-05
4.07483e-05
3.51904e-05
3.22506e-05
3.29652e-05
3.26433e-05
3.35887e-05
2.96627e-05
5.6093e-06
6.04335e-06
6.55452e-06
7.37022e-06
9.2554e-06
1.08416e-05
1.42887e-05
2.04713e-05
3.89395e-05
5.53541e-05
0.000109384
0.00014094
0.000615023
0.000887935
0.00196967
0.00474992
0.00796137
0.00848954
0.00878283
0.00708693
0.00639464
0.00378985
0.00287826
0.00175154
0.00142789
0.00113136
0.000759087
0.000548045
0.000226474
0.000190073
4.86137e-05
2.99791e-05
1.98594e-07
1.88151e-05
5.42129e-05
0.000438694
0.00031634
0.000897331
0.00149589
0.00255716
0.00258064
0.00229181
0.00399577
0.0036821
0.00576953
0.00689227
0.00485797
0.00363385
0.00392205
0.00292256
0.00438521
0.00404569
0.00341723
0.00309311
0.00258127
0.00256356
0.00273121
0.00211764
0.00297977
0.00295278
0.00186164
0.00200907
0.00212009
0.00146068
0.00184072
0.00129382
0.00165208
0.00179162
0.00222877
0.00151387
0.00141977
0.00146888
0.00118902
0.00119817
0.00150181
0.000928703
0.001061
0.00112551
0.00129615
0.000639898
0.000849637
0.000977459
0.00109764
0.00051486
0.000839152
0.00125495
0.000981388
0.000272058
0.000390956
0.000661172
0.00024386
0.000502706
0.000411276
0.000312885
0.000446592
0.000175751
0.000685332
0.000436416
0.000199829
0.000576461
0.000186843
0.00015637
0.000295194
0.000212392
0.00048376
0.00012397
0.000256195
0.000294707
0.000315777
0.000387168
0.000468239
0.00024861
0.000101095
3.89408e-05
0.000151854
0.000149439
0.000145584
0.000143875
0.000143122
0.00014218
0.000158464
0.000154978
0.000154625
0.000148926
0.000146321
0.000136377
0.000199957
0.000174219
0.00016887
0.000185753
0.000181426
0.000198442
0.000183925
0.000174305
0.000182212
0.000166548
0.000162467
0.00017033
0.000166637
0.000167488
0.000142355
0.000139663
0.000141251
0.000158766
0.000139505
0.000138511
0.000147109
0.000148626
0.000146608
8.41141e-05
8.75021e-05
8.94922e-05
0.000112018
0.000114819
0.000119142
0.000101519
0.000113613
0.000122618
0.000153771
0.000188557
0.000200949
0.000203081
0.000219026
0.000258036
0.000287185
0.000302489
0.000304984
0.000374874
0.000402977
0.0004779
0.00054151
0.00082749
0.000913735
0.000922818
0.00103144
0.00122056
0.00136937
0.00147122
0.00169393
0.00241879
0.00338075
0.00391639
0.00453129
0.00549763
0.00610921
0.00706894
0.0101904
0.011844
0.0105393
0.0113488
0.00808211
0.00351395
0.00225324
0.00337082
0.0021093
0.00109936
0.00412207
0.00567938
0.0039846
0.00204776
0.00378385
0.00399472
0.000997842
0.000501398
0.00152909
0.0029211
0.00161733
0.0015177
0.000832364
0.00298738
0.00359788
0.00244464
0.000568857
0.00201365
0.00131177
0.00131154
0.000821404
0.0043104
0.00282371
0.0033519
0.00166675
0.00567998
0.00436684
0.00449376
0.00177809
0.00601417
0.00717565
0.00509706
0.00590528
0.00439596
0.0108268
0.00817708
0.0152052
0.0112933
0.011289
0.0134251
0.00999266
0.00504343
0.000589441
0.000605224
0.000513642
0.00680618
0.000553384
0.00055911
0.000582819
0.000582732
0.000594933
0.000691062
0.000609224
0.00063389
0.000560125
0.000559822
0.000571733
0.000553519
0.000553006
0.000574844
0.000685756
0.000598533
0.00059674
0.000609567
0.000615113
0.000634414
0.000645454
0.000689866
0.000720169
0.000668706
0.000725052
0.000719252
0.000733579
0.000723927
0.000795113
0.000786989
0.000804728
0.000794614
0.000796779
0.000782657
0.000811827
0.000839298
0.000829911
0.000845949
0.000899812
0.00088859
0.000896174
0.00084832
0.000825054
0.000816112
0.000834999
0.00084644
0.000849855
0.000884911
0.00093726
0.000370765
0.000302903
0.000141327
0.000847899
0.000838323
0.000856101
0.000873288
0.000882553
0.000233778
0.000879207
0.000870937
0.000894544
0.000906224
0.000862586
0.000901444
0.000937977
0.000528452
0.000803882
0.000793956
0.000488169
0.000521085
0.000293499
2.38672e-05
2.4014e-05
7.87035e-05
3.67085e-05
3.68184e-05
0.000167208
0.000166313
0.000349385
0.000230767
0.00022975
0.000506916
0.00116885
0.0015032
0.00207753
0.00391086
0.00386293
0.00466262
0.00372508
0.00412475
0.00374654
0.00369712
0.0053527
0.00725321
0.00713225
0.00722247
0.00631603
0.00620968
0.00645809
0.0122747
0.0134816
0.00672383
0.00710987
0.0144054
0.0140092
0.0149697
0.0145116
0.0146692
0.0125255
0.0126217
0.0165143
0.0158128
0.0164643
0.014112
0.0134212
0.0148384
0.0103698
0.0128881
0.0163446
0.016781
0.0155004
0.01514
0.0108592
0.0104786
0.0119661
0.0114644
0.0102744
0.00960624
0.00922335
0.00838443
0.00682053
0.00678369
0.00750778
0.00610052
0.00530201
0.00525429
0.0015501
0.00149963
0.0020185
0.00183324
0.00109955
0.000386431
0.000383845
0.000370166
2.25785e-05
7.97317e-05
3.22709e-05
4.29773e-06
4.948e-06
1.47962e-05
2.39902e-07
0.000219288
0.000267673
0.000119933
5.66392e-05
0.00114622
0.000900877
4.59399e-05
0.00109093
0.000401497
0.000198934
5.27725e-05
8.44896e-05
2.26125e-05
0.000101752
0.00102772
0.000498261
0.000199359
0.000389955
1.33994e-05
0.00532837
1.48394e-11
1.48602e-11
1.48329e-11
1.48807e-11
1.48807e-11
1.49209e-11
1.50455e-11
1.50015e-11
1.59424e-11
1.58281e-11
1.90766e-11
4.16151e-11
4.63727e-11
4.654e-11
1.06655e-08
1.99091e-06
1.9986e-06
1.98341e-06
2.03088e-06
2.7159e-05
2.66907e-05
4.36124e-05
4.2876e-05
5.42354e-05
5.30235e-05
3.62545e-05
3.55275e-05
2.23484e-05
2.20831e-05
2.20919e-05
1.45243e-05
1.45589e-05
9.60596e-06
9.5585e-06
6.77592e-06
6.79008e-06
6.81945e-06
6.42857e-06
6.56245e-06
6.5879e-06
8.22932e-06
6.36161e-06
6.4545e-06
5.23627e-06
5.32561e-06
4.68059e-06
4.78082e-06
5.39366e-06
5.58177e-06
6.44051e-06
7.33066e-06
7.54065e-06
7.58611e-06
8.12547e-06
8.43232e-06
7.51458e-06
7.62929e-06
7.69693e-06
6.67184e-06
6.16921e-06
6.25545e-06
6.32497e-06
5.33555e-06
5.11933e-06
5.15739e-06
6.21037e-06
6.10217e-06
5.94428e-06
5.96987e-06
7.48813e-06
7.43688e-06
6.42654e-06
6.56159e-06
5.91282e-06
5.79182e-06
6.89047e-06
6.51935e-06
8.02754e-06
8.04727e-06
7.94968e-06
7.9387e-06
7.38121e-06
7.35812e-06
7.40557e-06
6.61248e-06
6.22977e-06
6.24612e-06
6.35471e-06
6.27512e-06
6.26898e-06
6.26942e-06
5.22347e-06
5.25936e-06
6.87166e-06
6.87062e-06
5.87744e-06
5.97288e-06
6.965e-06
7.20534e-06
7.54832e-06
7.81393e-06
7.12345e-06
7.38145e-06
8.57146e-06
9.1612e-06
8.44753e-06
7.50295e-06
7.95481e-06
8.14653e-06
8.51633e-06
8.04825e-06
8.54476e-06
9.72826e-06
9.51514e-06
7.92048e-06
9.44884e-06
9.05079e-06
1.09291e-05
8.77323e-06
1.05213e-05
1.01971e-05
1.07058e-05
1.2959e-05
1.26207e-05
1.19497e-05
1.2562e-05
1.15202e-05
1.2654e-05
1.3543e-05
0.000281934
0.000157055
8.23995e-05
4.67707e-05
2.99466e-05
2.24868e-05
1.70074e-05
1.4401e-05
1.20664e-05
1.1539e-05
1.13526e-05
1.08423e-05
1.06552e-05
1.05711e-05
1.04295e-05
1.06198e-05
1.08135e-05
1.07048e-05
1.07999e-05
1.14932e-05
1.14545e-05
1.08431e-05
1.07723e-05
1.08786e-05
1.01414e-05
8.74221e-06
9.10652e-06
1.01871e-05
1.04518e-05
1.04939e-05
1.07613e-05
1.13214e-05
1.12303e-05
1.06171e-05
2.67131e-06
2.84017e-06
2.62721e-06
2.88937e-06
3.64467e-06
3.78498e-06
3.96548e-06
3.89786e-06
4.40388e-06
4.63471e-06
5.57994e-06
5.66699e-06
6.45553e-06
6.3263e-06
8.20065e-06
1.06089e-05
1.1314e-05
1.09931e-05
1.48869e-05
1.52793e-05
2.39608e-05
2.29953e-05
3.47778e-05
3.66523e-05
6.17907e-05
6.74018e-05
5.09249e-05
9.45701e-05
0.000100592
0.00017073
0.000188039
0.000199045
0.000367805
0.000404276
0.000313345
4.85796e-05
8.24402e-07
0.000268125
0.000246943
0.000166277
0.00314319
0.0025974
0.0066088
0.00696048
0.0117427
0.011483
0.0105483
0.0128993
0.0125784
0.0142548
0.0157402
0.0141788
0.0160279
0.0153603
0.0143942
0.0135477
0.0126331
0.0125822
0.0109194
0.0102655
0.0094162
0.00578453
0.00587155
0.00488738
0.0059253
0.00498615
0.00420468
0.00441236
0.00345109
0.0028583
0.00278518
0.00228317
0.00197421
0.00196577
0.00142133
0.00171759
0.00166891
0.000936968
0.000751405
0.000524085
0.00081189
0.000643447
0.000431514
0.000288046
0.000146662
0.000254729
0.000229854
1.65356e-05
1.48562e-05
5.99219e-07
5.22303e-06
1.04164e-06
1.40616e-05
4.38924e-06
4.64806e-05
0.000164036
0.000315357
0.000451815
0.000269869
0.00037349
0.000614738
0.00102888
0.00133016
0.0012578
0.00141718
0.00134268
0.000986832
0.00126794
0.00247168
0.00213314
0.00270936
0.00241874
0.00324875
0.00249461
0.00269029
0.00417415
0.00416886
0.00333836
0.00413665
0.00316441
0.00322794
0.00447464
0.0060907
0.00372799
0.00285711
0.00301945
0.00649719
0.00358367
0.00430566
0.00308345
0.00356287
0.00456184
0.00342186
0.00792184
0.00585425
0.00887825
0.0067294
0.00668499
0.00306033
0.00878264
0.00637837
0.0095261
0.00736863
0.00393663
0.0024299
0.00455761
0.00250145
0.00243782
0.00258635
0.00247209
0.002464
0.00220193
0.00218587
0.00248104
0.00243633
0.00233935
0.00226595
0.00228731
0.00226514
0.0025945
0.00253643
0.00235517
0.00234518
0.00228541
0.00224939
0.00221402
0.00220798
0.00235148
0.00226596
0.00207714
0.00215175
0.00192212
0.00190378
0.00214762
0.00214689
0.00218586
0.00211786
0.0022247
0.00207705
0.00201492
0.00205289
0.00199547
0.00199384
0.00205252
0.00207748
0.00201768
0.00204886
0.00222967
0.00227137
0.00202611
0.00197059
0.00201627
0.0019528
0.00190176
0.00190512
0.00222063
0.00218525
0.00178019
0.00173894
0.00176092
0.00199897
0.00194772
0.00195374
0.00183847
0.00184222
0.00184269
0.00180033
0.00157186
0.000182563
5.88787e-05
0.000359197
0.00034944
0.000261599
9.03085e-05
8.68225e-05
5.98213e-06
4.0466e-06
0.00094132
0.00132966
0.00163736
0.000308301
0.000305097
0.000379241
0.00182757
0.00179308
0.00217452
0.00243775
0.00338358
0.00081264
0.000800933
0.00106314
0.00260207
0.00254462
0.00306095
0.00165363
0.00162116
0.00240611
0.0067365
0.00712562
0.00608753
0.00589167
0.0078173
0.00727211
0.00721396
0.00735523
0.0065445
0.0110098
0.0117254
0.0118341
0.01116
0.010985
0.0098133
0.0091795
0.00680006
0.0112388
0.0102779
0.00941324
0.00654016
0.00724581
0.00660595
0.00623588
0.00600142
0.00836564
0.00741509
0.0071941
0.00470873
0.00417046
0.00329968
0.0035749
0.00294424
0.00262489
0.00279074
0.00313225
0.00433163
0.00390163
0.0018871
0.00188698
0.000650249
0.00062457
0.000598353
0.00100368
0.000994053
0.00184701
0.00187126
0.0010755
0.000983672
0.00108512
0.0056036
0.00347683
0.00192217
0.00113235
0.000566862
0.000296184
0.000187801
0.000116127
5.71655e-06
2.18436e-05
2.0001e-06
3.16779e-07
0.000206838
0.000307929
0.00023337
7.2365e-05
1.95366e-05
1.1478e-05
2.80215e-05
2.23535e-07
0.000177233
0.00018855
0.000197443
0.00118319
0.00149268
2.17141e-05
2.59499e-06
4.94583e-06
0.000249732
0.00633245
0.00506218
2.47899e-11
2.48917e-11
2.49824e-11
2.49831e-11
2.49472e-11
2.50681e-11
2.46824e-11
2.47944e-11
2.49188e-11
2.5002e-11
3.54609e-11
3.60162e-11
3.80008e-11
1.03504e-08
1.06328e-08
1.62672e-06
1.68661e-06
2.34151e-05
2.32872e-05
9.88243e-05
9.83404e-05
0.000197253
0.000193555
0.000154066
0.000150891
7.13474e-05
7.53304e-05
7.57764e-05
4.01052e-05
3.96752e-05
3.07252e-05
3.07745e-05
2.35923e-05
2.40936e-05
2.542e-05
2.56591e-05
2.20384e-05
2.25945e-05
2.06769e-05
2.10491e-05
2.12065e-05
2.16361e-05
1.93924e-05
2.01476e-05
1.64827e-05
1.6907e-05
1.44798e-05
1.50018e-05
1.47963e-05
1.53221e-05
1.45126e-05
1.50967e-05
1.58059e-05
1.63966e-05
1.71336e-05
1.3882e-05
1.48879e-05
1.74333e-05
1.58011e-05
1.0523e-05
2.09814e-05
1.96563e-05
1.60484e-05
1.52131e-05
1.39645e-05
1.35126e-05
1.79783e-05
1.71706e-05
1.70137e-05
1.63283e-05
1.61213e-05
1.42951e-05
1.38961e-05
1.23688e-05
1.22158e-05
1.3599e-05
1.15978e-05
1.14637e-05
1.39661e-05
1.37735e-05
1.23774e-05
1.22386e-05
1.40704e-05
1.3894e-05
1.33269e-05
1.30583e-05
1.29682e-05
1.18041e-05
1.05015e-05
1.05331e-05
1.30874e-05
1.28948e-05
1.31109e-05
1.05159e-05
3.85004e-05
3.52036e-05
2.71217e-05
2.47255e-05
2.36555e-05
2.20857e-05
2.11017e-05
2.57008e-05
2.38735e-05
2.31629e-05
2.1367e-05
2.00298e-05
1.97167e-05
1.86432e-05
1.85766e-05
1.45602e-05
1.49961e-05
1.45684e-05
1.48058e-05
1.32097e-05
1.2933e-05
1.7444e-05
1.68318e-05
1.70224e-05
1.6061e-05
1.5718e-05
1.58181e-05
1.32332e-05
1.29915e-05
1.32036e-05
1.32707e-05
1.31794e-05
1.44625e-05
1.41242e-05
1.7486e-05
1.70411e-05
1.5515e-05
1.50917e-05
1.53905e-05
1.33442e-05
1.31241e-05
1.34787e-05
1.31113e-05
1.73404e-05
1.51007e-05
1.49044e-05
1.56438e-05
1.52399e-05
1.54359e-05
1.50038e-05
1.48224e-05
1.59128e-05
1.54588e-05
1.54226e-05
1.52283e-05
2.23788e-05
2.97435e-05
2.72301e-05
2.60046e-05
1.57681e-05
2.59696e-05
4.71951e-05
4.12393e-05
3.83589e-05
3.20468e-05
2.93369e-05
2.93084e-05
2.76735e-05
2.43467e-05
2.40307e-05
2.70501e-05
2.58169e-05
2.56241e-05
2.69816e-05
2.63882e-05
2.31141e-05
2.29936e-05
2.25686e-05
2.20469e-05
2.26278e-05
2.36113e-05
2.30577e-05
2.38068e-05
2.65554e-05
2.58911e-05
2.68331e-05
2.69917e-05
2.40463e-05
2.36153e-05
2.38411e-05
2.51469e-05
2.4685e-05
2.59702e-05
2.77876e-05
2.88807e-05
2.999e-05
3.28188e-05
3.1603e-05
3.26412e-05
3.53335e-05
3.43186e-05
7.84719e-05
7.38158e-05
6.23284e-05
4.76457e-05
5.06708e-05
9.93012e-05
7.573e-05
0.000139836
0.000140473
0.000181827
0.000314995
0.0004252
0.000315798
0.000587895
0.00013022
0.00157516
0.00150658
0.00106531
0.00225232
0.00216983
0.00586915
0.00751111
0.0072745
0.00830889
0.00990976
0.00932803
0.00800906
0.00934226
0.00860326
0.00990522
0.0105023
0.00986919
0.00878204
0.00830597
0.00808513
0.00699626
0.00464135
0.00420346
0.00541375
0.00382805
0.00353416
0.00291701
0.0031147
0.00223215
0.00201216
0.0016725
0.00139433
0.000885885
0.000950861
0.000697307
0.000502564
0.000402023
0.000189453
0.000203573
8.19823e-05
1.06673e-05
1.27293e-05
1.78117e-07
4.04893e-05
0.000214228
0.000272324
0.000390548
9.47856e-05
0.000343551
0.00273721
0.00282774
0.00275708
0.00282849
0.00257954
0.00240995
0.00248728
0.00252214
0.00236789
0.00244177
0.00247632
0.00234489
0.00243079
0.00240251
0.00228666
0.00232979
0.00213644
0.00246622
0.00248594
0.00238094
0.00229688
0.00241139
0.0024897
0.00255389
0.00260231
0.00243815
0.00278329
0.0026807
0.00275595
0.00266146
0.00256915
0.00273991
0.00295537
0.00285322
0.00298789
0.00268221
0.00260236
0.00266922
0.00248786
0.00255093
0.00280804
0.00291904
0.00301371
0.0028998
0.00281833
0.00288642
0.00294061
0.00292364
0.00301837
0.00305386
0.0033843
0.00335327
0.00317114
0.00319876
0.00274711
0.0027408
0.00288011
0.00283442
0.00278085
0.00249678
0.00255967
0.00266967
0.00261925
0.00272017
0.00252203
0.00266051
0.00311273
0.00303319
0.0031445
0.00283244
0.00298763
0.00322575
0.0032959
0.00295251
0.00306046
0.00336654
0.00350228
0.00363312
0.00331254
0.00354702
0.00369327
0.00356797
0.00374546
0.00336871
0.00358159
0.00183937
0.001776
0.000854528
1.61976e-05
1.66243e-05
7.93472e-05
0.000463849
6.30196e-05
1.63786e-05
0.00148587
0.00141754
0.00216542
0.00066658
0.00196087
0.00324946
0.0040764
0.00362171
0.00358811
0.00573276
0.00601916
0.00560357
0.00729481
0.0100774
0.0105485
0.00744269
0.00671257
0.0099139
0.00876963
0.012157
0.0132217
0.00931433
0.00945181
0.0109297
0.00979934
0.0115301
0.00921971
0.00861015
0.00883074
0.00781978
0.00615103
0.00532908
0.00428271
0.00508671
0.00428074
0.0046083
0.00419682
0.00402654
0.00309839
0.00829982
0.00696515
0.00253989
0.00225081
0.00402902
0.00353253
0.00660135
0.00707307
0.00890039
0.0133277
0.0130385
0.0135075
0.00655805
0.00605986
0.00559358
3.42102e-05
0.0473935
0.0403474
0.0117687
0.0108413
0.000328488
4.94227e-05
4.78902e-05
4.8738e-05
5.62885e-05
8.55679e-06
9.09525e-06
6.17168e-06
4.48722e-06
4.47543e-06
1.21812e-05
1.22085e-05
4.83177e-05
4.64112e-05
4.59901e-05
4.38342e-05
4.28179e-05
6.95155e-05
6.85123e-05
7.86365e-05
7.68925e-05
5.63602e-05
5.54356e-05
7.08682e-05
7.10425e-05
7.12771e-05
5.57723e-05
5.49949e-05
4.27611e-05
4.26678e-05
4.178e-05
4.12858e-05
4.18386e-05
3.87552e-05
3.77521e-05
5.62151e-05
5.78281e-05
5.66148e-05
5.65188e-05
5.59714e-05
5.64089e-05
5.76193e-05
5.9352e-05
5.99678e-05
4.71152e-05
4.63174e-05
4.63243e-05
4.13324e-05
4.14661e-05
4.55048e-05
4.61482e-05
3.29405e-05
3.29173e-05
3.30163e-05
4.43184e-05
4.45696e-05
4.52535e-05
4.51246e-05
4.45257e-05
4.51849e-05
4.78924e-05
4.8291e-05
4.33572e-05
4.41871e-05
3.16373e-05
3.25554e-05
2.97344e-05
3.05293e-05
3.52297e-05
3.49495e-05
3.57462e-05
3.94169e-05
4.02994e-05
4.01656e-05
4.25316e-05
4.14034e-05
4.18043e-05
4.21837e-05
5.1267e-05
5.16648e-05
5.2482e-05
5.53951e-05
5.52636e-05
5.42899e-05
5.43704e-05
5.14657e-05
5.05448e-05
4.98461e-05
4.91572e-05
4.90713e-05
4.73848e-05
4.17923e-05
4.14903e-05
4.1661e-05
4.09662e-05
4.22542e-05
4.35768e-05
4.28507e-05
4.90756e-05
4.87952e-05
4.08756e-05
3.503e-05
3.4077e-05
3.72617e-05
3.74857e-05
3.71969e-05
4.54703e-05
4.55324e-05
4.15293e-05
4.13059e-05
4.20504e-05
4.45041e-05
4.45514e-05
4.40024e-05
4.54013e-05
4.79586e-05
4.78847e-05
4.78026e-05
4.22109e-05
4.34142e-05
4.40641e-05
4.87593e-05
4.89745e-05
4.4557e-05
4.49152e-05
5.00771e-05
5.06439e-05
4.59745e-05
4.66405e-05
5.59885e-05
5.71595e-05
4.96507e-05
5.18778e-05
4.94592e-05
5.06457e-05
5.40123e-05
5.56227e-05
5.60282e-05
5.78517e-05
6.16808e-05
6.38474e-05
6.47965e-05
5.966e-05
6.2013e-05
6.50749e-05
7.06028e-05
6.99329e-05
7.38768e-05
7.21476e-05
7.59612e-05
8.08047e-05
8.5092e-05
8.61173e-05
8.70215e-05
9.0038e-05
9.05877e-05
8.97743e-05
8.89084e-05
9.12797e-05
0.000101293
9.50216e-05
9.60114e-05
7.23078e-05
0.000858187
0.000702295
0.000639838
0.000542942
0.000442905
0.000689532
0.000332254
0.000423017
0.00037222
4.81772e-05
4.44842e-05
4.26363e-05
4.03203e-05
4.40327e-05
4.8274e-05
5.01498e-05
5.21973e-05
5.82139e-05
5.45069e-05
6.56211e-05
6.91188e-05
8.594e-05
7.84541e-05
9.90395e-05
0.00010594
0.000112962
0.000150819
0.000164921
0.000153045
0.000239705
0.000259163
0.000419646
0.000453447
0.000346894
0.000710247
0.000734746
0.0014275
0.00154352
0.00114507
0.00128462
0.00143087
0.00180154
0.00127289
3.38635e-08
9.18767e-05
0.000762775
0.000617424
0.0018851
0.00210922
0.00177539
0.00193622
0.00233837
0.0020767
0.00190825
0.00140511
0.00142197
0.000764881
0.000317118
0.000223437
0.000258803
0.000161456
2.04014e-05
2.20566e-05
2.03527e-06
1.70118e-06
3.00066e-05
7.40883e-07
7.1261e-06
5.10618e-05
0.000114244
0.000165662
0.000386508
0.00015352
0.000333584
0.000379184
0.000521779
0.000660604
0.000865527
0.0010874
0.00142265
0.00121757
0.00143577
0.00145725
0.00201798
0.00199662
0.00250344
0.00230307
0.0031891
0.00222841
0.00293502
0.00439904
0.00531723
0.00313714
0.00356815
0.00404393
0.00463701
0.0049833
0.00519295
0.00423172
0.00453928
0.00446618
0.00464743
0.00369147
0.00399568
0.00664647
0.00655163
0.00649346
0.00648601
0.00789728
0.00639227
0.00678145
0.00866129
0.00759349
0.0109722
0.00984396
0.0117431
0.0083849
0.012297
0.0111726
0.0124524
0.012819
0.0100582
0.0135294
0.0108721
0.0150005
0.013114
0.0195848
0.0117531
0.016881
0.0169667
0.0154761
0.0183792
0.0225845
0.0289045
0.0276137
0.0275617
0.0222652
0.022135
0.0171602
0.0137995
0.0178711
0.0301769
0.0312222
0.0260844
0.0134306
0.024875
0.0156516
0.0309117
0.0304376
0.0133361
0.00244519
0.00246416
0.00243003
0.00219953
0.00218675
0.00236297
0.00228774
0.00228277
0.00244831
0.00380373
0.00219051
0.00346267
0.00342637
0.0037177
0.00358001
0.00194744
0.00312046
0.0020309
0.00313893
0.00198552
0.00196604
0.00204851
0.00201992
0.00220702
0.00333483
0.00190746
0.00279596
0.00277991
0.00190976
0.00273694
0.00204903
0.00203654
0.00233847
0.00275258
0.00232755
0.00233934
0.00255108
0.00247457
0.00259026
0.00254264
0.0025668
0.00304479
0.00296598
0.00242214
0.00239311
0.00243219
0.00245153
0.0023721
0.00237319
0.00220011
0.00220754
0.00220361
0.00216614
0.00214489
0.00220321
0.00204184
0.00198777
0.00203449
0.00215468
0.00220062
0.00209193
0.00182901
0.000200157
0.000124341
0.000661677
0.000391525
0.00103463
0.00102698
0.000585294
1.89823e-05
1.71571e-05
3.99803e-05
4.72948e-07
7.57609e-07
1.47223e-05
1.82368e-05
0.000285129
0.000507832
0.00109813
0.00108767
0.00128894
0.00164951
0.00148703
0.00168071
0.00187067
0.00356921
0.0044082
0.00420135
0.0040575
0.00462219
0.00549634
0.00528162
0.00552875
0.0078717
0.00799271
0.00583188
0.00582411
0.00667811
0.00629103
0.00655148
0.00594573
0.00684659
0.00610922
0.00590353
0.0065738
0.0106133
0.0108612
0.00834831
0.00975828
0.00963874
0.00913171
0.00911696
0.00860202
0.00820527
0.00897797
0.00869358
0.0139807
0.012834
0.0116507
0.00528615
0.0049202
0.00467042
0.00655649
0.00601006
0.0043172
0.0047827
0.00439231
0.0042774
0.0046511
0.00424347
0.00412983
0.00587284
0.00524475
0.00503892
0.00425866
0.00422583
0.00696403
0.00637931
0.00193758
0.00180573
0.00155049
0.00214158
0.00235515
0.00180489
0.00184457
0.001802
0.00168772
0.00154754
0.00575386
0.00510514
0.00459883
0.00367464
0.00368127
0.00348515
0.00280086
0.00241869
0.00237667
0.00187713
0.00177407
0.00219858
0.0017483
0.00138858
0.00114193
0.00115197
0.000237144
0.000165236
0.000182815
0.000332423
0.000232459
0.00034455
3.81055e-05
1.16569e-05
1.8293e-05
8.0049e-07
3.10867e-07
1.33149e-05
9.12438e-07
0.000128295
0.000157659
3.99142e-06
2.57052e-05
3.10904e-07
8.39865e-06
0.00062547
0.000544937
0.00134165
0.00151768
0.00110346
0.00141327
0.00117611
8.08506e-10
7.53082e-10
8.86372e-10
9.31986e-10
9.25801e-10
9.25626e-10
1.03592e-09
7.93686e-10
9.31576e-10
8.77862e-11
8.74955e-11
1.04844e-10
8.94387e-11
9.77626e-11
1.11544e-10
1.02938e-10
6.24935e-08
6.568e-08
8.25458e-06
8.57547e-06
0.00013072
0.000130478
0.000275948
0.000276284
0.000354126
0.000358767
0.000239721
0.000234875
0.000126627
0.000127908
0.000100105
0.000102407
0.000103346
0.000106196
0.000106497
7.87713e-05
8.26681e-05
5.71848e-05
5.7057e-05
4.6568e-05
4.84719e-05
4.89594e-05
5.17625e-05
5.45313e-05
5.57954e-05
4.2898e-05
4.55843e-05
3.65324e-05
3.88574e-05
3.33754e-05
3.38878e-05
3.40906e-05
4.55994e-05
4.89736e-05
5.3246e-05
5.78929e-05
2.47862e-05
2.55076e-05
2.49279e-05
2.5012e-05
2.52756e-05
2.26829e-05
2.29806e-05
2.59748e-05
2.63089e-05
2.28017e-05
2.39137e-05
2.08047e-05
2.15843e-05
2.2345e-05
2.01217e-05
2.00965e-05
2.02459e-05
1.74211e-05
1.74434e-05
1.77045e-05
1.92263e-05
1.97044e-05
2.45985e-05
2.48064e-05
2.4175e-05
2.50497e-05
3.10043e-05
3.14266e-05
3.13766e-05
2.45245e-05
2.51749e-05
3.02618e-05
3.1558e-05
2.38447e-05
2.46073e-05
2.49114e-05
2.6939e-05
2.85109e-05
2.55498e-05
2.70069e-05
3.58003e-05
3.76818e-05
3.24374e-05
3.45828e-05
3.43278e-05
3.63001e-05
3.65888e-05
2.94296e-05
3.12497e-05
3.36426e-05
3.32524e-05
3.58234e-05
3.66538e-05
4.6372e-05
5.03271e-05
5.07871e-05
4.90261e-05
5.32661e-05
5.3831e-05
6.27981e-05
7.01967e-05
6.59694e-05
7.46925e-05
6.7934e-05
7.64028e-05
7.64714e-05
8.22744e-05
9.29892e-05
9.96096e-05
0.000114371
0.000107812
0.000126115
0.000126297
0.000146756
0.000158712
0.000170197
0.000200345
0.000202579
0.000168506
0.00019872
0.000203097
0.000241148
0.000256458
0.000309315
0.000315077
0.000298472
0.000288681
3.35728e-05
0.00020233
3.86169e-05
3.16191e-05
3.01088e-05
3.02474e-05
3.92784e-05
3.74324e-05
3.71453e-05
3.15776e-05
3.04195e-05
3.00853e-05
2.99592e-05
2.8853e-05
2.92007e-05
2.88013e-05
2.79153e-05
2.82296e-05
2.73309e-05
2.66523e-05
2.44354e-05
2.44134e-05
2.60286e-05
2.54254e-05
2.60568e-05
2.41338e-05
2.42175e-05
2.85017e-05
2.79465e-05
2.81692e-05
2.77204e-05
2.72614e-05
2.79365e-05
2.93347e-05
2.63852e-05
2.65551e-05
2.63391e-05
2.72677e-05
3.18447e-05
3.15667e-05
3.21116e-05
2.8615e-05
2.84389e-05
2.97506e-05
2.84719e-05
2.91417e-05
2.83941e-05
2.95979e-05
3.34529e-05
3.34578e-05
3.41286e-05
3.57031e-05
3.66889e-05
3.33238e-05
0.00377556
0.00325342
0.0024474
0.00197285
0.00153519
0.00121387
0.000967287
0.000782792
0.000600449
0.00048921
0.000354725
0.000302871
4.8192e-05
5.82287e-05
5.96048e-05
9.8595e-05
9.2011e-05
0.000152721
0.000164977
0.000260093
0.000284279
0.000284248
0.000587006
0.000439418
0.000394363
0.000443254
0.000644513
0.000261327
0.00328856
0.00318685
0.00268981
0.00406806
0.00738712
0.00901064
0.00870447
0.00629913
0.00967325
0.0102347
0.00933499
0.0101601
0.00929849
0.00820315
0.00768983
0.00734454
0.00675489
0.00604862
0.00544705
0.00448002
0.00443755
0.0037696
0.00375402
0.00297212
0.00245995
0.00185161
0.00143117
0.00141312
0.0016121
0.000725089
0.000621046
0.000508934
0.000501466
0.000214641
0.000207565
0.000131504
5.50841e-05
6.66137e-05
3.68389e-05
3.29e-05
2.64141e-05
3.65273e-06
9.74329e-08
8.35188e-05
1.24444e-06
5.4494e-05
0.000120893
0.000330231
0.000300439
0.000344906
0.000507532
0.000457523
0.00873379
0.00751076
0.00713424
0.00674496
0.00644633
0.00650284
0.00581334
0.00565805
0.00548626
0.00477088
0.00460251
0.00490766
0.00487972
0.00413491
0.00409613
0.00449974
0.00455683
0.00363106
0.00372642
0.00350547
0.00362459
0.00337226
0.00319596
0.00314339
0.00314284
0.00305713
0.00340448
0.0032414
0.00331707
0.00306897
0.00293972
0.00309058
0.002858
0.00274913
0.00285288
0.00293917
0.00282937
0.00299262
0.0029141
0.00280941
0.00299061
0.00296712
0.00286649
0.00306537
0.00299819
0.00308656
0.0031582
0.00312192
0.00302246
0.00317745
0.00334871
0.00350997
0.00390701
0.00354775
0.0034324
0.00358077
0.00338077
0.00351013
0.0036745
0.00354651
0.00376164
0.00371248
0.00380354
0.00384966
0.00399377
0.00393365
0.00408042
0.00385919
0.00422206
0.00434933
0.00479053
0.0051106
0.00430464
0.00432378
0.00481585
0.00494187
0.00396787
0.00267773
0.000680097
0.00246723
0.00144672
0.00018177
0.000138307
0.000409538
0.000872408
0.00257162
0.00402263
0.00254487
0.00331699
0.00417793
0.00585538
0.00559356
0.00521832
0.00704822
0.00827871
0.0106054
0.00702296
0.00639568
0.00868557
0.00651506
0.00862112
0.00955195
0.00972058
0.00910787
0.00991544
0.0116258
0.0105315
0.00943957
0.00850936
0.00902988
0.00793364
0.00724029
0.00718472
0.00784013
0.00593143
0.00633782
0.00555066
0.00466796
0.00505826
0.0059706
0.00393475
0.0061379
0.00527035
0.00437883
0.00523122
0.0076354
0.00673513
0.00606327
0.00424429
0.0050554
0.00577626
0.00572412
0.00377509
0.0035328
0.00491179
0.00777355
0.0084438
0.0163605
0.01544
0.0159991
0.00417899
0.00408379
0.00465316
0.00251594
0.0156667
0.012883
0.0141962
0.0117095
0.000482502
1.2817e-05
0.000104694
0.000100565
4.83281e-06
4.80098e-06
4.87682e-06
2.08541e-06
2.10359e-06
4.87557e-06
4.90188e-06
1.34342e-05
5.00611e-05
4.94683e-05
0.000120627
0.000116599
0.000147465
0.000143154
0.000142008
0.000139736
0.000110108
0.000109672
0.000107182
0.000104316
6.96073e-05
5.65624e-05
5.61542e-05
5.56714e-05
5.62984e-05
4.59652e-05
4.71443e-05
8.46333e-05
8.48964e-05
6.55861e-05
6.58139e-05
8.77674e-05
8.75785e-05
8.9017e-05
7.94977e-05
7.9782e-05
7.91433e-05
5.57112e-05
5.7357e-05
5.64097e-05
5.78127e-05
6.76484e-05
6.88671e-05
5.84407e-05
5.99306e-05
6.74472e-05
6.76419e-05
7.11164e-05
7.13296e-05
7.00116e-05
7.08992e-05
6.42968e-05
6.40551e-05
5.69818e-05
5.66403e-05
5.74678e-05
6.10081e-05
6.12711e-05
6.18029e-05
7.40647e-05
7.54285e-05
7.17441e-05
7.14064e-05
6.73223e-05
6.86408e-05
6.70154e-05
6.69707e-05
6.77435e-05
7.16458e-05
7.15546e-05
7.08894e-05
6.14951e-05
6.18312e-05
6.28009e-05
6.31066e-05
6.45757e-05
6.34251e-05
6.64822e-05
8.24673e-05
8.33634e-05
7.08607e-05
7.19114e-05
0.000104104
0.000105747
8.20698e-05
8.97715e-05
9.02566e-05
9.73625e-05
8.02882e-05
8.35293e-05
8.38574e-05
8.46337e-05
8.6066e-05
9.01742e-05
8.9548e-05
9.49732e-05
9.59508e-05
8.96773e-05
9.80404e-05
0.000102895
0.000110923
0.000110597
9.46034e-05
9.989e-05
9.84852e-05
0.000101295
0.000124865
0.00012463
0.000107814
0.00011716
0.000113413
0.000138131
0.000150916
0.000127999
0.000139113
0.000154348
0.000171744
0.000165426
0.000172103
0.000187444
0.000166523
0.000156057
0.000206412
0.000196262
0.000164346
0.000221174
0.00020807
0.000156117
0.000174939
0.000183333
0.00794467
0.00390928
0.00196605
0.000999535
0.000562657
0.000369869
0.000293956
0.000229578
0.000195207
0.000175645
0.000144831
0.000139704
0.000143337
0.000172076
0.000163135
0.000141108
0.000139484
0.000146357
0.000134523
0.000134191
0.00013676
0.000158952
0.000157526
0.000169481
0.000165877
0.000163785
0.000134322
0.000131194
0.000126778
0.000135737
0.000136625
0.000137728
0.000150603
0.000149523
0.000149379
0.000151498
0.000149393
0.00015911
0.000179489
0.000174492
0.000176786
0.000172847
0.000178635
0.000162678
0.000160719
0.000168231
1.96085e-05
2.0575e-05
2.21064e-05
2.42688e-05
2.54635e-05
2.78799e-05
2.96895e-05
3.19021e-05
3.38134e-05
3.22896e-05
3.83893e-05
3.53759e-05
4.22896e-05
4.707e-05
5.95287e-05
6.41602e-05
7.91289e-05
8.55392e-05
8.77305e-05
0.000113287
0.000120857
0.000123295
0.000180717
0.000195167
0.000179903
0.000302659
0.000263585
0.000324163
0.000320409
0.000536001
0.000592568
0.000528896
0.000941882
0.000904091
0.00136076
0.00149691
0.000164752
0.000276215
0.000176134
0.000144763
0.000176662
0.00172496
0.00163299
0.00191731
0.00226626
0.00239572
0.00249756
0.00224388
0.00235952
0.0023851
0.00172203
0.00178271
0.00152136
0.00123123
0.000734274
0.00042763
0.000387523
0.000244583
0.000121498
5.66602e-05
8.38784e-06
4.82867e-05
0.000130334
1.50501e-05
6.29567e-06
6.69145e-05
2.28548e-05
0.00012282
0.000353237
0.000434958
0.000384471
0.000463293
0.000672946
0.00076608
0.000745654
0.000852952
0.000706508
0.00119932
0.00150766
0.00113002
0.000905112
0.00117829
0.00142691
0.00145019
0.00151841
0.00209051
0.00150554
0.00222091
0.0021378
0.00231103
0.0025589
0.00302613
0.00382599
0.00401975
0.00490739
0.0052883
0.00461537
0.00646833
0.00533441
0.00595116
0.00705108
0.00793375
0.00731067
0.00711139
0.00632591
0.0081165
0.00712273
0.00968968
0.00790158
0.011203
0.00839275
0.010766
0.00693462
0.00844576
0.00844184
0.00900011
0.0081641
0.00664976
0.00758383
0.00801706
0.00646999
0.00625097
0.00507271
0.00668902
0.00538804
0.00658806
0.00525067
0.00570204
0.00799924
0.00712084
0.00822763
0.00711589
0.00834515
0.00660388
0.00709189
0.00980952
0.00788375
0.00821544
0.0110738
0.00925434
0.00924508
0.0084596
0.0103494
0.00741686
0.00712636
0.00652882
0.00633146
0.00585724
0.00603645
0.00553019
0.00533334
0.00478948
0.00465104
0.00491594
0.00458265
0.00448925
0.00424799
0.00399941
0.0039165
0.00362091
0.00363334
0.003634
0.00345715
0.00343598
0.00344068
0.00337874
0.00312535
0.00299851
0.00300497
0.00304047
0.00298593
0.00315295
0.00302539
0.00302693
0.00318337
0.00305473
0.00304581
0.00256544
0.00255887
0.00263966
0.00321818
0.00309107
0.00307782
0.00290338
0.00285874
0.00265265
0.002759
0.00281848
0.00287887
0.002539
0.00246707
0.002489
0.00282881
0.0028917
0.00292086
0.00310014
0.0030897
0.00279079
0.00278345
0.00277567
0.00273424
0.00270793
0.00266185
0.000967655
0.000603277
0.00114325
0.000841293
0.000477311
0.000224054
0.000392658
0.000221971
0.000116635
0.000815942
0.000961374
0.000198271
0.000193391
0.00032136
0.00047199
0.000459459
0.00103379
0.000955861
0.00174627
0.00233175
0.00255947
0.00204895
0.00379856
0.00419388
0.00342611
0.00375365
0.00373333
0.00467375
0.00443992
0.00591403
0.00548982
0.00597294
0.00535066
0.00500871
0.00525544
0.00800478
0.00780352
0.00681966
0.00724572
0.007442
0.00671094
0.00605498
0.00585746
0.00592717
0.0052562
0.00483295
0.00569411
0.00490138
0.00372916
0.00242613
0.00614216
0.00326052
0.00300046
0.0037214
0.00318218
0.00318988
0.00145669
0.00129044
0.00111864
0.00193395
0.00168036
0.00163079
0.0020748
0.00136984
0.0011963
0.00112792
0.000417471
0.000593193
0.000727202
0.000840697
0.00136808
0.00112273
0.000448038
0.000610369
8.76612e-05
0.000110956
0.000145657
1.83675e-05
0.00051054
0.00713318
0.00641983
0.0010447
0.00240664
0.00159393
0.0012158
0.000650545
0.000144565
6.95401e-05
3.29999e-07
0.000393513
0.000157523
1.78012e-05
6.66599e-05
1.41796e-08
5.7032e-06
3.99323e-06
2.27242e-05
3.71481e-05
0.000220302
0.000309578
3.93179e-05
0.00565473
0.00434093
3.39164e-11
3.39932e-11
3.42385e-11
3.36758e-11
3.34308e-11
3.34297e-11
3.35029e-11
3.35336e-11
4.40534e-11
4.01173e-11
4.96676e-11
4.85573e-11
5.20026e-11
4.75913e-08
4.87496e-08
2.43949e-06
2.47654e-06
2.59521e-06
5.62415e-05
5.68928e-05
0.000166577
0.000118594
0.000117641
6.36165e-05
6.31912e-05
6.35631e-05
6.74095e-05
4.05763e-05
4.09153e-05
2.0688e-05
2.08936e-05
2.0926e-05
2.17928e-05
2.20508e-05
2.32477e-05
2.38008e-05
2.41343e-05
2.48597e-05
2.05776e-05
2.0784e-05
1.66451e-05
1.71183e-05
1.4931e-05
1.54328e-05
1.73317e-05
1.80078e-05
1.23224e-05
1.45889e-05
1.52439e-05
1.45604e-05
1.51359e-05
1.5518e-05
1.71517e-05
1.57685e-05
1.64786e-05
1.68375e-05
1.67437e-05
1.73136e-05
1.40716e-05
1.48395e-05
1.52027e-05
1.81654e-05
2.39005e-05
2.03125e-05
2.3183e-05
2.21382e-05
1.94135e-05
1.85716e-05
1.77187e-05
1.77065e-05
1.71985e-05
1.66472e-05
1.9742e-05
1.89898e-05
1.91028e-05
1.87416e-05
1.82885e-05
1.71714e-05
1.69742e-05
1.89267e-05
1.84153e-05
1.82525e-05
1.87536e-05
1.8265e-05
1.85635e-05
1.52125e-05
1.48949e-05
1.48646e-05
1.35329e-05
1.33038e-05
1.34856e-05
1.61644e-05
1.58111e-05
1.64742e-05
1.60911e-05
1.15029e-05
1.1368e-05
1.16608e-05
1.28145e-05
1.29452e-05
1.19238e-05
1.19853e-05
1.21814e-05
1.36613e-05
5.34344e-05
3.99473e-05
3.61621e-05
3.2619e-05
3.11709e-05
2.70909e-05
2.52147e-05
1.88489e-05
1.79751e-05
1.95381e-05
2.53342e-05
2.43077e-05
2.65795e-05
2.50371e-05
2.44288e-05
2.02056e-05
1.96052e-05
1.96532e-05
2.19308e-05
2.53671e-05
2.43092e-05
1.8658e-05
1.81191e-05
1.81091e-05
1.93926e-05
1.772e-05
1.75717e-05
1.5907e-05
1.5721e-05
1.68551e-05
1.70175e-05
1.87349e-05
1.84164e-05
1.87395e-05
1.82382e-05
1.84079e-05
1.79973e-05
1.99167e-05
1.93568e-05
1.96683e-05
1.89936e-05
1.88413e-05
1.83945e-05
1.85469e-05
2.13179e-05
2.75626e-05
2.70808e-05
2.19889e-05
2.18682e-05
3.70085e-05
3.47486e-05
4.92979e-05
5.29656e-05
4.91846e-05
4.43882e-05
3.70246e-05
3.41126e-05
3.32301e-05
3.7182e-05
3.53117e-05
2.92413e-05
2.80361e-05
2.84046e-05
2.83971e-05
2.79295e-05
3.15821e-05
3.12661e-05
2.61498e-05
2.55508e-05
2.61652e-05
2.6793e-05
2.69307e-05
2.63832e-05
2.78053e-05
2.65986e-05
2.72888e-05
3.2314e-05
3.15213e-05
3.23183e-05
3.56203e-05
3.57476e-05
3.03606e-05
3.11617e-05
3.60809e-05
3.71726e-05
3.23797e-05
3.55561e-05
3.80049e-05
3.85094e-05
4.20794e-05
3.80757e-05
6.18812e-05
6.27644e-05
7.67115e-05
4.89199e-05
7.85357e-05
8.91585e-05
9.59557e-05
0.000160042
0.000208214
0.000351721
0.000388449
0.000323538
0.0005772
2.30452e-05
3.70918e-05
0.000928947
0.000991198
0.00469802
0.00445935
0.00430415
0.0054731
0.00698148
0.00841132
0.00803767
0.0072047
0.007847
0.00734431
0.00630029
0.00714472
0.00668855
0.00606785
0.0053779
0.00525557
0.00458157
0.00424869
0.00335166
0.00279367
0.00209903
0.002063
0.00147738
0.00195679
0.0008045
0.000962763
0.000710064
0.000555045
0.000280513
0.000320033
0.000350472
0.000110968
0.000139221
1.47386e-05
1.04215e-05
5.68426e-05
4.17543e-05
5.0946e-05
0.000152462
8.9344e-05
0.000103344
0.000202201
0.000438621
0.00034883
0.000553348
0.000489514
0.000815062
0.000928711
0.00104458
0.00385116
0.00359272
0.00407802
0.00317417
0.00318185
0.00297229
0.00304127
0.0031531
0.00294393
0.00297194
0.00329929
0.0032561
0.00278558
0.00283479
0.00272013
0.0025847
0.00265751
0.00253386
0.00273701
0.00278923
0.00269866
0.00283113
0.00244352
0.00235062
0.00248322
0.00266722
0.00283871
0.00262583
0.00268868
0.00281574
0.00271977
0.00317239
0.00331318
0.00296597
0.00288763
0.00306399
0.00296123
0.00301599
0.00289249
0.0029407
0.00309224
0.00299783
0.00310762
0.00309051
0.00315362
0.00296729
0.00288726
0.0029143
0.00302324
0.00371603
0.00359905
0.00359523
0.00308728
0.00307569
0.00302305
0.00352857
0.00345206
0.00327662
0.00317811
0.00313487
0.002585
0.00270216
0.00261997
0.00313458
0.00295578
0.00304477
0.00281637
0.00275009
0.00292479
0.00303193
0.00296611
0.00315279
0.00302158
0.00318202
0.00342724
0.00357243
0.00330322
0.00344193
0.00360514
0.00392517
0.00368748
0.00393155
0.00379447
0.00220041
0.00268972
0.00109728
0.00188475
0.000825395
0.000123674
0.000181501
0.000834385
1.47715e-05
0.00127539
0.000764648
0.00119786
0.00314806
0.00296252
0.00393389
0.00216945
0.00204192
0.00333599
0.00653588
0.00603654
0.00744623
0.00528601
0.00914035
0.00883105
0.007979
0.00955881
0.00836576
0.0101618
0.00849016
0.00719147
0.00710908
0.00650389
0.00705724
0.00764711
0.00607574
0.006075
0.00435858
0.00348931
0.00307482
0.00367019
0.00402063
0.00338991
0.00268803
0.00222573
0.00250254
0.0023404
0.00247259
0.0049265
0.00399726
0.00176727
0.00180008
0.00190615
0.0018535
0.00160119
0.0018879
0.00386873
0.00333792
0.00342297
0.00387576
0.00364038
0.00263778
0.00266154
0.00388275
0.00350789
0.002286
0.00913173
0.00836311
0.0100703
0.017699
0.0195958
0.00688463
0.00678536
0.00901047
0.00843101
0.00181727
0.000395433
0.000427359
0.0219231
0.0448394
0.000527103
1.34062e-05
8.01043e-06
7.90262e-06
7.92205e-06
6.02866e-07
8.23235e-08
9.71448e-08
9.77467e-08
1.39341e-06
1.4112e-06
1.19919e-05
1.16281e-05
1.1787e-05
3.90834e-05
3.74419e-05
3.80822e-05
0.000137955
0.000130883
0.000128125
0.000230318
0.000221522
0.000219468
0.000330282
0.000316913
0.000318931
0.000219052
0.000210481
0.000172722
0.000171643
0.000148839
0.000147561
0.000132259
0.000132223
9.54152e-05
9.315e-05
9.34129e-05
0.00010126
9.96477e-05
0.000100381
8.97425e-05
8.89392e-05
9.00539e-05
7.09451e-05
6.79912e-05
6.85747e-05
5.54302e-05
5.50804e-05
6.4217e-05
6.5146e-05
5.38069e-05
5.4171e-05
4.12471e-05
4.12676e-05
4.23669e-05
4.58003e-05
4.63394e-05
4.74294e-05
4.65542e-05
4.70834e-05
4.6934e-05
6.07186e-05
6.1343e-05
6.23124e-05
5.2853e-05
5.27447e-05
5.30569e-05
7.38769e-05
7.53818e-05
6.28546e-05
6.48906e-05
4.98399e-05
5.11508e-05
5.22149e-05
5.94773e-05
6.0953e-05
6.1663e-05
6.20458e-05
6.22987e-05
5.58317e-05
6.29667e-05
6.28003e-05
6.3648e-05
6.45062e-05
5.08948e-05
5.13255e-05
5.2212e-05
5.46055e-05
5.74623e-05
6.30779e-05
6.38999e-05
5.51711e-05
5.61119e-05
5.67251e-05
5.44205e-05
5.2911e-05
5.30655e-05
6.44633e-05
6.35578e-05
5.66079e-05
5.53392e-05
5.59114e-05
6.33071e-05
6.22354e-05
5.14056e-05
5.03397e-05
5.11063e-05
6.50972e-05
6.45132e-05
5.60528e-05
5.59463e-05
5.80298e-05
5.77417e-05
4.56493e-05
4.51512e-05
4.53859e-05
4.81069e-05
4.82375e-05
4.88846e-05
5.09996e-05
5.148e-05
5.44966e-05
5.4016e-05
5.38815e-05
5.40462e-05
5.4541e-05
5.43563e-05
5.4918e-05
5.44576e-05
5.48426e-05
6.04535e-05
6.02979e-05
6.06734e-05
5.48248e-05
5.55818e-05
6.61101e-05
6.62141e-05
6.68632e-05
5.81163e-05
5.88461e-05
5.48082e-05
5.61512e-05
5.95894e-05
6.01865e-05
6.01192e-05
5.09205e-05
5.26733e-05
6.00156e-05
6.23206e-05
6.53985e-05
6.67224e-05
6.71819e-05
7.01129e-05
7.23251e-05
7.51262e-05
7.09297e-05
7.29245e-05
8.18504e-05
8.4608e-05
8.66128e-05
7.90243e-05
8.18319e-05
8.62866e-05
8.62109e-05
9.175e-05
9.40267e-05
0.000100696
0.000110317
0.000119483
0.000106665
0.000106952
0.000109756
0.000116878
0.000113025
0.000115998
7.67718e-05
0.00010294
0.00105747
0.000942436
0.000930462
0.000761114
0.000768782
0.000961493
0.000790472
0.000654015
6.96312e-05
6.25654e-05
6.23879e-05
5.83058e-05
6.22687e-05
6.38672e-05
6.28978e-05
6.53113e-05
6.03036e-05
6.55614e-05
7.11351e-05
8.6155e-05
9.38188e-05
0.000110326
0.000119394
0.000111119
0.000148854
0.000144997
0.000211819
0.000309406
0.000327704
0.000301672
0.000537069
0.00055723
0.000967027
0.000824867
0.00103932
0.0014283
0.00170775
0.00187798
0.00216986
0.00101893
0.00156901
9.71081e-08
3.51159e-06
9.77628e-05
0.000834824
0.00134643
0.00112404
0.00198287
0.00231767
0.00196994
0.0012619
0.00117577
0.00148841
0.00115546
0.000978418
0.000721613
0.000686411
0.000731902
0.000506129
0.000187705
0.000195373
9.08111e-05
5.60328e-05
9.81293e-06
5.18535e-06
1.93461e-06
6.40445e-05
0.000105583
0.000158186
0.00020053
0.000379692
0.000390017
0.000524435
0.000546355
0.000552239
0.00119199
0.000949336
0.000977556
0.001163
0.00093261
0.0016386
0.00166441
0.0016801
0.00232667
0.00277964
0.00276726
0.00317187
0.00352715
0.00395787
0.00286724
0.00363454
0.00385373
0.00552176
0.00451575
0.00657755
0.00455973
0.00517327
0.00598891
0.00678136
0.00559785
0.00590287
0.00769596
0.00699802
0.00641853
0.00593468
0.00845256
0.00784613
0.00793674
0.011253
0.00921479
0.00997513
0.0100985
0.00931192
0.0114558
0.0100998
0.0144276
0.0150528
0.011202
0.0141033
0.0128124
0.0163775
0.0125033
0.0190751
0.0140496
0.0197327
0.0191832
0.014864
0.013234
0.0167595
0.0137137
0.0156066
0.0130223
0.0216248
0.0173221
0.0167913
0.0170257
0.0136281
0.013625
0.0219443
0.0173598
0.0175572
0.0112553
0.0200107
0.0201169
0.0159142
0.0151732
0.0181683
0.014526
0.00986004
0.0220228
0.0173289
0.0179188
0.0141827
0.00415341
0.00397218
0.00297171
0.00487735
0.0129185
0.00290903
0.00329058
0.00323673
0.00328363
0.00322264
0.00257716
0.00256906
0.00269359
0.00260785
0.00259341
0.00249273
0.0039066
0.00429751
0.00408258
0.00251572
0.0024887
0.00225332
0.00324845
0.00363318
0.00345987
0.00346746
0.00299252
0.00314191
0.0031254
0.00317196
0.00304468
0.00301077
0.00271212
0.00262389
0.00264633
0.00301787
0.00295869
0.00267561
0.00270572
0.00323725
0.00320076
0.00258976
0.00259247
0.00268908
0.00274134
0.0026459
0.00259304
0.00250179
0.00254563
0.00265597
0.00256628
0.00212372
0.00244959
0.0023774
0.00228977
0.00153673
0.00148778
0.0012306
0.00155068
0.00155197
0.00084027
0.000402706
0.000410571
0.000243613
5.0081e-05
3.88909e-06
0.000161111
0.00015305
3.36618e-05
5.24027e-07
1.34878e-05
2.04144e-05
0.000877619
0.00109147
0.0011173
0.00106556
0.00106384
0.000333697
0.000655812
0.00133978
0.00123496
0.00280437
0.0033439
0.00346335
0.00375949
0.0060921
0.00594103
0.00629512
0.00904255
0.00970538
0.00579832
0.005954
0.00566664
0.00539341
0.00604796
0.00944486
0.00869863
0.00934708
0.0130085
0.0134204
0.0136932
0.0129846
0.0129913
0.0126953
0.0114504
0.0112245
0.0132601
0.0129891
0.0104678
0.00954698
0.00820208
0.00758793
0.00752429
0.00980401
0.00529634
0.01044
0.0103842
0.0100672
0.00934958
0.00740568
0.00767776
0.0062959
0.00591393
0.00346036
0.00317365
0.0090082
0.00803822
0.00736955
0.00713555
0.00694893
0.0058894
0.00522895
0.00489012
0.002472
0.0021723
0.002048
0.00289561
0.00266128
0.00258379
0.00212106
0.00215561
0.00165079
0.00136597
0.00125288
0.000720501
0.000542827
0.00106061
0.000830981
0.000905436
0.000260577
0.000184975
0.000293924
0.000221076
2.01011e-06
1.20617e-06
0.0001086
0.000181413
0.000134399
9.49089e-06
2.9009e-05
0.000353041
0.00033669
0.00054056
0.0007419
0.000531961
0.000254908
0.000416103
0.000302155
0.000130638
0.000117247
0.000207986
0.000367464
0.00490641
0.00508842
0.00571789
8.82451e-10
8.64959e-10
1.03313e-09
1.03153e-09
1.12817e-09
1.42559e-09
1.4232e-09
1.44563e-09
1.17374e-09
1.21374e-09
9.48948e-11
9.5474e-11
7.85739e-10
7.84031e-11
8.27194e-11
8.10986e-11
