0.0873853
0.0611977
0.0410562
0.0260746
0.0164775
0.0108261
0.0072321
0.00510111
0.00183296
0.00114185
0.000576885
0.000755539
0.000286972
0.000209072
4.86954e-05
1.62026e-06
3.11027e-05
9.29571e-05
0.000302812
0.000507221
0.00100359
0.00145485
0.00179004
0.00238911
0.00265913
0.00225559
0.00318028
0.00336139
0.00329012
0.00296153
0.00246275
0.00160725
0.0014907
0.000695684
0.00057634
0.00039399
0.000204524
0.000223488
0.000134653
9.9711e-05
1.31985e-05
1.99768e-05
2.60304e-06
2.97597e-05
1.33183e-05
7.78693e-06
1.88645e-05
2.58994e-05
2.1239e-05
4.01666e-06
8.07011e-07
2.34728e-06
7.84019e-06
2.85153e-08
3.201e-06
9.71279e-06
1.5427e-05
5.19617e-05
4.66906e-05
6.74114e-05
0.000133337
8.82798e-05
7.76721e-05
0.000254411
0.000397537
8.45344e-05
0.000272219
0.000492221
0.000290112
0.000453795
0.000603147
0.00121223
0.000823448
0.00117191
0.00143942
0.00140386
0.00141107
0.00108163
0.000935877
0.00191712
0.00212768
0.00115706
0.00111903
0.0196217
0.0155903
0.0145003
0.0128276
0.0113921
0.00981099
0.00976798
0.00858314
0.00784624
0.00710696
0.00659811
0.00624774
0.00543549
0.00560184
0.00512722
0.00476988
0.00432775
0.00423654
0.00379805
0.00364847
0.00369572
0.00335798
0.0029659
0.00288214
0.00267101
0.00261986
0.00256249
0.00230767
0.00237883
0.00214459
0.0020089
0.00183735
0.00180439
0.00168141
0.00159017
0.00141825
0.001416
0.00134022
0.00113598
0.00120983
0.00107432
0.00107565
0.000959971
0.000895964
0.000887
0.000789311
0.00076024
0.000702193
0.000672116
0.000613687
0.000579066
0.000576448
0.000524255
0.000503727
0.000467808
0.000419899
0.000354232
0.000347157
0.000327914
0.000278838
0.000235218
0.000189553
0.000119626
0.00011373
9.42679e-05
7.21301e-05
6.25652e-05
6.70169e-05
5.46866e-05
4.98041e-05
4.85815e-05
3.39628e-05
3.30468e-05
4.31591e-05
2.64597e-05
3.74962e-05
0.000111422
5.0185e-05
5.43166e-05
5.5245e-05
5.81451e-05
5.93441e-05
8.06392e-05
0.000129683
0.000607434
0.00202928
0.00369705
0.0289141
0.0446933
0.0224505
0.0108183
0.00359308
0.00130278
0.00124061
0.00362556
0.00479021
0.00686136
0.0086551
0.00981265
0.0103105
0.0105875
0.0111474
0.0101428
0.0107321
0.00956043
0.00925099
0.00782366
0.00828686
0.00800684
0.00734373
0.0480283
0.0315623
0.0212828
0.0141646
0.00954573
0.00582088
0.00333001
0.00195823
0.00108666
0.000291748
0.000133383
6.47378e-05
5.39215e-05
1.21463e-05
3.97987e-06
4.81236e-07
1.3477e-06
3.30917e-07
2.90119e-06
6.00547e-06
6.6993e-06
5.67022e-06
1.1142e-05
1.09256e-05
7.57725e-06
1.24196e-05
6.02809e-06
5.70754e-06
1.00918e-05
1.71599e-05
8.33754e-06
2.08506e-05
2.14532e-05
7.26426e-10
4.45129e-07
0.000314081
0.000183177
0.000107036
5.8573e-05
3.03825e-05
1.49829e-05
4.28101e-06
1.07503e-06
7.55996e-08
1.57803e-07
1.86355e-06
0.00013959
5.58281e-05
2.83127e-06
5.19389e-10
6.49519e-07
4.52559e-05
0.000208118
0.000272956
0.00066255
0.00133301
0.00204248
0.00328024
0.00426782
0.00582388
0.00695422
0.00980443
0.0106261
0.00856013
0.00660375
0.00476543
0.00361734
0.00315873
0.00238634
0.00148888
0.00108739
0.000732528
0.000427204
0.000296646
0.000184797
6.76517e-06
1.706e-06
3.37312e-07
8.82783e-05
6.18837e-05
8.17523e-05
9.62917e-05
0.000126814
0.000272677
0.000338586
0.000228332
0.00027831
0.000243584
0.000248804
0.000351687
0.000132503
0.000329575
0.000280317
0.00046049
0.000516212
0.000440106
0.00051714
0.000506691
0.000609172
0.000740897
0.000791739
0.000898767
0.000877115
0.00118644
0.00117266
0.00149455
0.00159661
0.00149065
0.0023847
0.00267143
0.00188655
0.00195219
0.00159414
0.0010451
0.00101862
0.00134084
0.00121772
0.00135869
0.00134958
0.00149738
0.0130586
0.0115847
0.00146734
0.00976774
0.00920489
0.00801009
0.00732552
0.0069497
0.00645126
0.00643595
0.00567778
0.00554443
0.00505229
0.00490891
0.00457973
0.00407413
0.00384871
0.00390043
0.00355889
0.00322217
0.00299327
0.00283608
0.00281652
0.00271731
0.00257674
0.00250058
0.00232888
0.00219109
0.00210276
0.00203464
0.00196043
0.00191569
0.00172609
0.00167364
0.00162512
0.00151371
0.00136559
0.00130324
0.00134751
0.00126746
0.00120071
0.00111588
0.00108224
0.00111838
0.000943633
0.000959716
0.000863734
0.000762573
0.000872818
0.000738655
0.000643144
0.000573988
0.000536184
0.000513177
0.000531359
0.00045927
0.000448523
0.000434789
0.000400245
0.000395604
0.000403253
0.000369936
0.000351399
0.000301967
0.000342129
0.000340325
0.000361508
0.000439488
0.000352015
0.000330876
0.000302534
0.000258506
3.1051e-05
3.14761e-05
3.17456e-05
3.23043e-05
3.22979e-05
2.54147e-05
1.67078e-05
1.90126e-05
0.00115461
0.0208842
0.0104822
0.00512368
0.00913415
0.00262268
0.00162074
0.00149454
0.00306704
0.00289609
0.00345381
0.00349528
0.00316853
0.00301588
0.00248153
0.00212789
0.00172738
0.00143465
0.00130021
0.000944468
0.000786869
0.000624503
0.000495591
0.000287107
0.000327717
0.000255235
0.000178824
0.000151102
9.84643e-05
8.07293e-05
4.26405e-05
5.47298e-05
4.23557e-05
4.48278e-05
3.47932e-05
2.877e-05
1.705e-05
0.000595053
0.000403265
0.00115169
0.00075428
0.000453719
0.000305057
0.000205519
0.000367706
0.000498327
0.00051292
8.48636e-05
4.72296e-05
0.000155068
6.2624e-06
5.0113e-05
3.15801e-05
1.72884e-05
3.13705e-06
3.49023e-07
5.32899e-07
8.70721e-07
1.08413e-06
2.92935e-06
6.51365e-07
1.97013e-06
1.09452e-06
6.88017e-06
1.91881e-05
1.14567e-05
5.89677e-06
7.29479e-06
1.02149e-05
1.02396e-05
0.00163744
0.00072889
0.000275214
9.54618e-05
3.68957e-05
7.96906e-06
7.13151e-09
1.07795e-07
0.00168109
0.00120811
0.000693814
0.000347501
0.000118527
4.30125e-07
8.21495e-05
0.000758704
0.000887691
0.0014701
0.00241856
0.00338355
0.00471632
0.00643249
0.00719464
0.00601497
0.00491951
0.00353461
0.00260096
0.00204927
0.0014663
0.000924479
0.000477715
0.000274193
0.000149373
7.28235e-05
1.88835e-05
7.19478e-06
3.13916e-05
5.631e-05
0.000292471
0.000250757
0.000395798
0.00041496
0.000453371
0.00049059
0.000472621
0.000554181
0.000620273
0.000623759
0.000878577
0.00065736
0.00089233
0.000954362
0.0010591
0.00126416
0.00125047
0.00140789
0.00139816
0.00134753
0.00141967
0.00157688
0.00171936
0.00162462
0.00164006
0.00202669
0.0023708
0.00174142
0.00192878
0.00189781
0.000925782
0.000656199
0.000847424
0.00142282
0.00137479
0.00175825
0.00208683
0.00222206
0.00164531
0.0143343
0.00229742
0.00210676
0.011999
0.0102763
0.00858805
0.00742818
0.00651375
0.00575373
0.00547251
0.00462778
0.00456788
0.00416379
0.00416724
0.00363175
0.00347779
0.00307018
0.00307783
0.00295865
0.00270378
0.00249183
0.00234678
0.00240879
0.00235991
0.00217288
0.00218008
0.00205863
0.00195037
0.0019719
0.00174745
0.00185369
0.00159584
0.00164567
0.0015092
0.00143736
0.00144221
0.00137375
0.00130545
0.00122432
0.00110365
0.00111956
0.00107083
0.000972716
0.00090472
0.000817035
0.000726198
0.000669937
0.000721629
0.000629868
0.000550359
0.000483035
0.000438843
0.000357232
0.00029416
0.000279864
0.000251217
0.000215984
0.000186959
0.000160791
0.0001221
0.000119999
8.30502e-05
6.92973e-05
5.4632e-05
3.97365e-05
2.79419e-05
2.29477e-05
1.7585e-05
8.86174e-06
8.63244e-06
4.94383e-06
2.36922e-06
9.68344e-07
6.31543e-08
8.10083e-08
4.73296e-07
6.50154e-07
7.48354e-06
1.30197e-05
1.31284e-05
1.31541e-05
1.30986e-05
1.31568e-05
1.28639e-05
1.29051e-05
0.0303286
0.0620702
0.0359643
0.0144764
0.00969296
0.00993402
0.0103971
0.00911661
0.00905613
0.00952446
0.00886249
0.00842447
0.0122314
0.0124821
0.0116543
0.00937803
0.0082681
0.00709518
0.00580021
0.00498123
0.00432325
0.00326719
0.00280226
0.00230468
0.00180493
0.00141554
0.00111258
0.000861718
0.000672988
0.000600777
0.00481151
0.00309189
0.00248819
0.0016868
0.00129426
0.000846615
0.000609247
0.000442997
0.00032515
0.00020609
0.000140668
0.0022578
0.00113613
0.000882455
0.000565562
0.000287778
9.89512e-05
4.88617e-05
3.6564e-05
1.57447e-05
3.03985e-07
2.06143e-06
2.08073e-06
2.4593e-05
3.74434e-05
4.79292e-05
3.02419e-05
4.31283e-05
6.24861e-05
0.00257588
0.00136278
0.000645757
0.00104472
0.000553572
0.00024147
0.000100478
2.39626e-05
2.9845e-06
0.00509277
0.00379184
0.00264724
0.00162534
0.000851535
4.94018e-05
4.06416e-06
0.000288069
0.00319996
0.00382838
0.0025031
0.00172161
0.00118358
0.000516274
0.000606041
0.000276741
0.000108977
1.11639e-05
1.57435e-05
7.96686e-05
0.000145062
0.0003602
0.000356538
0.000326776
0.000494774
0.000523448
0.000620231
0.000531474
0.00078252
0.000948438
0.00113946
0.00137476
0.0010914
0.00113067
0.00128499
0.00149492
0.00228093
0.00239933
0.00208269
0.00277559
0.00242206
0.00219547
0.00259877
0.00223006
0.00112262
0.00296973
0.00403351
0.00364687
0.00412307
0.00408969
0.00396988
0.00396628
0.00436802
0.00415979
0.00424606
0.00420848
0.00390366
0.00357856
0.00339855
0.00319254
0.00340506
0.0033124
0.00304313
0.00286793
0.00284211
0.00286348
0.00282434
0.00290345
0.00276919
0.0027969
0.00266597
0.00264064
0.00261926
0.00247347
0.00246155
0.00242527
0.00247095
0.00237776
0.00231367
0.00226827
0.00214867
0.00199582
0.00185995
0.00172482
0.00151529
0.00142267
0.00124352
0.00107262
0.000925494
0.000782268
0.00062777
0.000513418
0.000419018
0.000322419
0.000276775
0.000213723
0.000142611
0.000141139
3.44413e-05
5.0162e-05
1.57491e-05
2.10824e-08
4.73692e-06
2.67084e-06
9.41765e-06
4.60743e-06
3.07445e-05
1.70584e-05
3.60888e-05
5.13614e-05
4.08571e-05
3.39076e-05
3.99027e-05
8.70404e-05
9.18139e-05
9.4537e-05
5.3547e-05
0.000100035
9.81481e-06
1.03844e-06
8.55177e-06
1.73317e-07
8.92666e-06
8.97112e-06
8.97093e-06
8.97322e-06
9.1496e-06
9.25005e-06
0.00802426
0.00734746
0.112966
0.071703
0.0439597
0.025167
0.0119897
0.0101883
0.0067719
0.00762695
0.00713171
0.00715944
0.00713893
0.00652891
0.00510414
0.00482657
0.00351462
0.00200879
0.00133868
0.000913205
0.000616699
0.000440739
0.000764889
9.20928e-05
6.98988e-05
4.10365e-05
7.36905e-06
1.80615e-09
2.5364e-06
3.68605e-06
1.5162e-05
2.65711e-05
5.39821e-06
4.65536e-07
0.000462463
0.000286321
0.000127701
8.66003e-05
3.61523e-05
1.66194e-05
1.98466e-06
2.5113e-07
5.2785e-06
3.30946e-05
1.93842e-05
8.48368e-05
0.00284359
0.00168123
0.000957093
0.000570492
0.00024327
8.49915e-05
4.50643e-05
3.85136e-06
2.47613e-06
3.6243e-06
5.74298e-06
1.65864e-05
2.70091e-05
4.06718e-05
5.93664e-05
6.07268e-05
6.68372e-05
8.29678e-05
7.2221e-05
9.06634e-05
8.96651e-05
0.000156789
0.000132294
0.000103376
0.00464467
0.00356871
0.00254623
0.00169053
0.000901428
0.000464168
6.04462e-05
3.30297e-06
0.000181508
0.000596946
0.00139223
0.00231592
0.0028689
0.00212142
0.00144997
0.000915146
0.000764432
0.000628396
0.000501575
0.00028063
0.000147886
8.75914e-05
2.41417e-05
1.77118e-05
5.89954e-05
0.00011188
0.000153547
0.000284928
0.00052956
0.000635229
0.000679791
0.000667345
0.000830937
0.000795108
0.000946041
0.000919511
0.000922827
0.000805108
0.000803891
0.00110376
0.00113725
0.00169006
0.00165495
0.00191049
0.00218778
0.00201157
0.00234861
0.00239431
0.00283387
0.00245401
0.00261498
0.00291043
0.00309523
0.00326802
0.00288494
0.00285156
0.00323203
0.00846751
0.00946765
0.00993789
0.00968037
0.00933616
0.00933394
0.00897915
0.00846576
0.00777843
0.00740291
0.0076269
0.00722573
0.00665784
0.0064674
0.00625007
0.00585176
0.00567999
0.00516574
0.0048196
0.00499384
0.00442333
0.00382118
0.00361778
0.00354255
0.00347732
0.00342514
0.00378577
0.00372148
0.00314344
0.00312726
0.00297621
0.00284655
0.00278058
0.00259942
0.00258766
0.00256446
0.00248616
0.00238752
0.00220863
0.00216452
0.00206768
0.00195125
0.0019246
0.00179684
0.00174253
0.00154355
0.00149519
0.00136357
0.00129362
0.00124096
0.00105453
0.00103461
0.000965345
0.000949973
0.000809194
0.000792474
0.000742245
0.000784565
0.000776906
0.00073159
0.000671301
0.000630232
0.000570793
0.000570955
0.000487306
0.000484597
0.000449777
0.000441767
0.000391543
0.000360866
0.000359705
0.000339241
0.000200894
0.000309321
1.3271e-05
1.34409e-05
1.35299e-05
1.37828e-05
1.40873e-05
1.44442e-05
1.21212e-05
0.00645618
0.0129154
0.00692251
0.00436066
0.00311951
0.00282401
0.00257593
0.00233678
0.00223703
0.00268227
0.00274986
0.00288982
0.00267328
0.0403818
0.0347488
0.0279091
0.0224752
0.0175379
0.0133191
0.00965166
0.00650621
0.00435258
0.00294889
0.00193009
0.00114572
0.000705502
0.000151382
2.60756e-05
0.000255766
0.00038967
0.000339182
0.000276631
0.000271917
0.00026161
0.000234477
0.000207561
0.0002575
0.000250846
0.00023037
0.00022546
0.000223006
0.000224338
0.00022243
0.000180668
0.000211075
0.000179966
0.00063431
0.000956983
0.00104676
0.000912927
0.000825005
0.000731238
0.000651263
0.000547592
0.00048996
0.000443861
0.000380242
0.000335726
0.000316631
0.000285089
0.00026315
0.000234253
0.000231621
0.000202911
0.000182201
0.000168618
0.000142549
0.000128828
0.000129245
0.000123709
0.000130081
0.000112574
0.000105872
9.6858e-05
9.74166e-05
8.39261e-05
6.69114e-05
1.53706e-05
5.76425e-06
7.7646e-05
9.8981e-05
0.0014177
0.00235894
0.00366178
0.00470659
0.00488369
0.00321799
0.00231642
0.00145147
0.00131608
0.000690695
0.000378679
0.000207853
3.85884e-05
6.30321e-05
2.39042e-05
3.08836e-06
0.000124335
7.53191e-05
0.000280145
0.00037009
0.000511251
0.000454243
0.000704774
0.000658051
0.000890258
0.000786328
0.000666181
0.000638287
0.000752616
0.00078464
0.000581695
0.000569503
0.000758364
0.001086
0.00140083
0.00141564
0.0017471
0.00164671
0.00172889
0.00194059
0.00179916
0.0018036
0.0018871
0.00226826
0.00186132
0.00202786
0.00247904
0.00208406
0.00242567
0.00260361
0.00193559
0.00214783
0.00244645
0.00209741
0.00476963
0.00709751
0.00689653
0.00637106
0.00640971
0.00599287
0.00568504
0.00481634
0.00471524
0.00452323
0.00358975
0.00332533
0.00342546
0.00343599
0.00326414
0.00322951
0.00324285
0.00301595
0.00302302
0.00295777
0.00288407
0.00278369
0.0022799
0.00220608
0.00202722
0.00196255
0.00202483
0.0019473
0.00192091
0.00174538
0.00164766
0.00155512
0.00152147
0.00147725
0.00152893
0.00140777
0.00132079
0.0015422
0.00139026
0.00141065
0.0013768
0.00134717
0.00121692
0.00118116
0.00105289
0.000986747
0.000784196
0.000722097
0.000844811
0.00059691
0.000731797
0.000702034
0.000507285
0.000617035
0.000589289
0.000383585
0.000349311
0.000499204
0.000390593
0.000449086
0.000468954
0.000453624
0.000434186
0.000424809
0.00040914
0.000423077
0.00036919
0.000415989
0.000370409
0.000353566
0.000399057
0.000362676
0.000339425
0.000318731
0.000299511
0.000387871
0.0004187
1.70704e-05
1.85819e-05
1.95261e-05
2.03393e-05
2.0976e-05
1.61911e-05
1.15852e-05
1.16124e-05
0.0127949
0.0119042
0.0261998
0.0103795
0.00910375
0.00804197
0.0072937
0.0057154
0.00648864
0.00499683
0.00523213
0.00442494
0.00365225
0.00309443
0.00222441
0.00193393
0.00173665
0.0013301
0.000764485
0.000910688
0.000673199
0.000429482
0.000294485
0.000168655
0.000123652
7.04361e-05
3.06954e-05
3.58677e-05
3.61189e-05
6.65014e-06
2.73436e-06
1.2711e-08
2.59802e-06
2.52511e-06
0.00339144
0.00224421
0.00159846
0.000928177
0.00324676
0.00233887
0.00297456
0.00240572
0.00086601
0.000827728
0.00145994
0.00018612
0.000994339
0.00160555
0.00137328
0.000956245
0.000913916
0.000749888
0.000492187
0.000360421
0.000223835
9.2792e-05
2.78969e-05
0.000119633
0.000206533
9.29232e-05
8.3736e-05
4.699e-05
2.26079e-05
1.51055e-05
1.9974e-05
0.000564628
0.0180532
0.0105954
0.00563148
0.00272063
0.00112376
0.000377685
0.000132507
2.40188e-05
3.35249e-06
0.00845611
0.00695
0.00552242
0.00415089
0.00363607
0.00268007
0.00160968
0.00101162
0.000330008
4.8344e-05
1.05743e-05
0.000320299
0.000206158
0.000741248
0.00154028
0.00234694
0.00352111
0.00247013
0.00187981
0.00157885
0.000857595
0.000678279
0.000452475
7.56505e-05
9.54533e-06
7.00368e-08
3.33412e-05
6.01411e-05
0.000118338
0.000269466
0.000351914
0.000530211
0.000584523
0.000782227
0.000702733
0.000896504
0.000954673
0.00114857
0.00109079
0.00118747
0.00099893
0.00125872
0.00117291
0.00151801
0.0015945
0.00156337
0.00152054
0.00171666
0.00177925
0.00182735
0.0018921
0.00192551
0.00185151
0.00198875
0.0024256
0.00261757
0.00294278
0.00243992
0.00273138
0.00339711
0.0025645
0.00188646
0.00153561
0.00135422
0.00213142
0.00219907
0.00260821
0.00276632
0.00286433
0.00330654
0.00301142
0.00882601
0.00795664
0.00722237
0.00669949
0.00616056
0.00534569
0.00495761
0.00499167
0.00458827
0.00437216
0.00392528
0.0041229
0.00370873
0.00387026
0.00343605
0.00348015
0.00309
0.00321455
0.00309818
0.00300989
0.00303671
0.00276486
0.00273772
0.0026401
0.00267439
0.00255783
0.00263053
0.00253879
0.00233165
0.00244906
0.00223193
0.00211454
0.00214955
0.00208437
0.00197632
0.00189966
0.00185657
0.00188398
0.00179311
0.00169863
0.00159724
0.0015742
0.00151571
0.00144206
0.00140853
0.00137876
0.00117193
0.0010823
0.00102977
0.00093886
0.000888879
0.000799343
0.000733859
0.00070112
0.000619383
0.000617635
0.000495681
0.000451512
0.000405254
0.000358488
0.000320848
0.000271307
0.000253011
0.000209825
0.000184181
0.000154057
0.0001431
0.000123093
0.000103101
9.15115e-05
7.08855e-05
6.43777e-05
4.84296e-05
5.44086e-05
3.87801e-05
3.00266e-05
2.76127e-05
2.57566e-05
2.30558e-05
3.4404e-06
1.60141e-05
1.57312e-05
9.12426e-06
1.07798e-05
1.07991e-05
9.20481e-06
9.18666e-06
9.05258e-06
0.000124318
0.0485244
0.0276327
0.015171
0.00924208
0.0058584
0.00374562
0.00352297
0.00394981
0.00342166
0.00351373
0.00342833
0.00347689
0.00328836
0.00275899
0.00249323
0.00217438
0.00718116
0.00576256
0.00241887
0.00401789
0.00315978
0.00238036
0.00191085
0.00156013
0.00113595
0.000814135
0.000486079
0.000411537
0.000264351
0.000170076
0.000136449
7.33178e-05
4.10925e-05
4.12988e-05
1.88557e-05
2.03448e-05
0.00307966
0.00226324
0.0014906
0.00103437
0.000672048
0.000399986
0.000263552
0.000155159
8.9003e-05
5.14281e-05
0.00208126
0.00138604
0.00115156
0.000689253
0.000458189
0.000236296
0.000126564
2.69786e-05
2.71014e-07
1.61845e-06
3.3304e-06
9.87155e-06
9.32324e-06
1.56756e-06
2.1963e-06
8.60555e-06
1.00978e-05
1.81945e-05
3.39986e-05
0.000136862
0.000115432
3.64158e-05
4.42545e-05
5.46337e-05
8.84878e-05
0.00344746
0.00217058
0.000866716
0.000902433
0.000849365
0.000380681
0.000143135
4.57227e-05
1.4933e-05
7.56535e-07
0.00773355
0.005838
0.00430942
0.00295796
0.00179866
0.000833657
0.000282132
5.50149e-05
1.58741e-05
1.41233e-05
9.23254e-05
0.00107659
0.00127637
0.00208522
0.00161278
0.000937725
0.000577892
0.000295618
0.000230033
0.000116478
2.96628e-05
1.56468e-05
6.45871e-06
1.05418e-05
2.85707e-05
0.000133366
0.000500798
0.000408327
0.000397454
0.000477893
0.000603325
0.000759164
0.0011802
0.00119102
0.00122222
0.00119519
0.00124837
0.00130257
0.00140413
0.00112802
0.00135892
0.00148012
0.00135339
0.00150877
0.00158684
0.00176287
0.00212073
0.00187837
0.00226235
0.00237048
0.00226202
0.00228998
0.00239852
0.00295468
0.00233858
0.00223388
0.00228726
0.0020785
0.00201318
0.00217928
0.00212621
0.00268544
0.00287034
0.00309831
0.00320408
0.00362014
0.00340262
0.00374793
0.00390813
0.00386872
0.00404224
0.00370723
0.00365296
0.00331976
0.00336012
0.0032854
0.00317128
0.00307555
0.00307774
0.00293585
0.00286871
0.00286555
0.00280935
0.00275636
0.002765
0.0026724
0.00252463
0.00272
0.00245379
0.00243761
0.00231759
0.00228551
0.00220763
0.00215284
0.00200598
0.00187821
0.00178151
0.00171733
0.00163145
0.00141935
0.0013218
0.00119832
0.00103635
0.000964346
0.000867218
0.000783611
0.000660755
0.000519502
0.000480577
0.000371905
0.000163716
0.000242371
0.000189745
0.000117047
8.0485e-05
4.63989e-05
5.6249e-06
2.78361e-05
8.45693e-07
1.0071e-06
9.31548e-09
1.5199e-05
5.07185e-06
1.94609e-05
4.38855e-05
1.56887e-05
4.45923e-05
4.50351e-05
4.49449e-05
5.39816e-05
9.22371e-05
5.17178e-05
2.116e-07
1.12053e-05
1.98052e-05
1.79741e-05
1.79927e-05
1.6348e-05
1.8816e-05
7.5715e-06
7.56007e-06
7.58144e-06
7.50788e-06
7.48327e-06
7.50185e-06
7.50648e-06
0.0016871
0.0368064
0.113044
0.0410944
0.0203049
0.0178362
0.0115975
0.0103681
0.00854533
0.0084402
0.00920157
0.0088628
0.00756502
0.00663139
0.00502156
0.00374218
0.00340523
0.00241292
0.00127125
0.000986034
0.000604708
0.000361091
0.000209738
0.000213367
8.69246e-05
2.2699e-05
1.38737e-05
1.47191e-06
1.44412e-07
4.02519e-06
2.17843e-05
3.29285e-05
2.69339e-05
4.19933e-05
5.32283e-05
8.13703e-05
8.36381e-05
8.94948e-05
2.54356e-05
0.000483983
0.000320929
0.00017044
9.54568e-05
3.97047e-05
1.91718e-05
5.12507e-06
4.71046e-07
3.44288e-06
1.1413e-05
2.35607e-05
3.14607e-05
2.11665e-05
0.00427682
0.0025166
0.00141811
0.000741807
0.000404166
0.000186293
6.69303e-05
2.5124e-05
9.74745e-07
1.04565e-05
1.19288e-05
2.01404e-07
4.2374e-07
5.93993e-06
1.0356e-05
1.61751e-05
2.33791e-05
4.77284e-05
5.83461e-05
6.5073e-05
6.20637e-05
6.64924e-05
5.89646e-05
7.52579e-05
9.8772e-05
0.00722763
0.00625401
0.00392175
0.00259876
0.00157214
0.000861442
0.000325224
7.24731e-06
6.01121e-05
0.000300523
0.000965495
0.00144653
0.00226467
0.00147193
0.000911616
0.000694968
0.000460984
0.00019307
0.000110628
4.75386e-05
7.12554e-06
7.83439e-06
1.20125e-06
9.07231e-06
1.79775e-05
0.000175141
0.000169377
0.000275196
0.000407953
0.000334951
0.000606972
0.000581894
0.000472407
0.000803873
0.00051409
0.000659429
0.000736239
0.000998005
0.00100647
0.00096342
0.000915166
0.000842364
0.000923561
0.000801421
0.00116549
0.0012362
0.00147756
0.00143024
0.00175363
0.00187344
0.00190251
0.00200997
0.00187953
0.00226164
0.00208309
0.00187079
0.00197009
0.00195735
0.00634998
0.00623024
0.00682384
0.00602005
0.00610496
0.00581866
0.00597155
0.00619586
0.00590325
0.00587682
0.0059796
0.00563432
0.00528943
0.00494627
0.00472735
0.00451775
0.00422894
0.00429346
0.0039296
0.00389562
0.00366164
0.00379452
0.00357393
0.00351998
0.0036792
0.00333846
0.00334928
0.00320086
0.00307928
0.00285928
0.00299414
0.00280969
0.00258704
0.00236952
0.0024553
0.00234999
0.0022477
0.00217011
0.0020917
0.00190475
0.00184109
0.00172263
0.00173169
0.00164078
0.00146715
0.00139254
0.00130706
0.00121386
0.00108631
0.00102224
0.00092637
0.00088972
0.000740461
0.000671832
0.000713364
0.000572854
0.000528486
0.000481096
0.000431312
0.000390345
0.000374054
0.000316636
0.000300524
0.000285493
0.000243561
0.000212783
0.000210462
0.000170316
0.000216741
0.000198365
0.000224344
0.000253094
0.000158417
0.000181556
0.000158301
0.000150032
2.30209e-05
2.39851e-05
2.42166e-05
2.44387e-05
2.54514e-05
2.5638e-05
1.75062e-05
0.000193312
0.000194359
0.0201665
0.0102309
0.0110375
0.0599398
0.033087
0.0263073
0.0205085
0.0180889
0.0177116
0.0174884
0.0152215
0.0124297
0.00873441
0.0071096
0.00467189
0.003175
0.00202857
0.00136598
0.000860343
0.000433531
0.000229734
0.000121577
6.9202e-07
2.99863e-05
5.49202e-05
5.49433e-05
7.49466e-05
7.96893e-05
8.30076e-05
8.14729e-05
9.49855e-05
0.000103994
0.000114463
0.000117975
0.000106235
0.000119925
0.000128355
0.00012176
0.000125486
0.000129505
0.000128398
0.00140443
0.00141454
0.00125733
0.00112979
0.00100425
0.000905943
0.000850473
0.000772197
0.000665856
0.000632235
0.000584945
0.000517227
0.000475765
0.000432472
0.000402145
0.000375209
0.000330699
0.000309237
0.000288409
0.000274254
0.0002781
0.000240471
0.000277807
0.000265304
0.000247805
0.000234611
0.000210987
0.000209029
0.000189861
0.000174417
0.000155939
0.000146189
0.000132089
0.000123577
0.000121352
7.1569e-05
1.48826e-05
4.48155e-06
8.86667e-05
0.000378266
0.000868142
0.000674967
0.00132095
0.00223983
0.00434292
0.00386407
0.00269297
0.00151998
0.00140914
0.000911853
0.000499712
0.000222557
7.66645e-05
1.74419e-05
9.92515e-06
8.57161e-07
1.71748e-05
5.85446e-05
7.21919e-05
0.000122087
0.00024037
0.00026438
0.000336427
0.000295774
0.000227295
0.000322221
0.000259338
0.000232699
0.000203141
0.000298362
0.000461481
0.000587093
0.000439907
0.000848002
0.000857322
0.00112488
0.00119778
0.0010333
0.00142697
0.00162574
0.00124384
0.00160792
0.00160133
0.00156974
0.00156038
0.00179778
0.00236088
0.00180945
0.00203147
0.00238733
0.00210088
0.00166632
0.001666
0.00269532
0.00265655
0.00481544
0.00457089
0.00341953
0.00313247
0.00316655
0.00343699
0.0033839
0.00296049
0.00320636
0.00313861
0.00300007
0.0029767
0.00310993
0.00289053
0.00287449
0.00265364
0.00266149
0.00279116
0.00254938
0.00259716
0.00288661
0.0027601
0.00255039
0.00271398
0.00246816
0.00241696
0.00228807
0.00228743
0.00226584
0.00228148
0.00211949
0.00229457
0.00200772
0.00192499
0.0018237
0.00183715
0.00169815
0.00132026
0.00125619
0.00122191
0.0011659
0.00115922
0.00113483
0.00105235
0.00111614
0.00103903
0.00106937
0.000818368
0.000868512
0.000963503
0.000724232
0.000854439
0.000754708
0.000620182
0.000659712
0.000620651
0.000485806
0.000447737
0.000584132
0.000446841
0.000425119
0.000381439
0.000500845
0.000286363
0.000447805
0.00027196
0.000440207
0.000471294
0.000249904
0.000387211
0.000366715
0.000432526
0.000422302
0.000348049
0.000268958
0.000399632
0.000222564
0.000323648
0.000415679
9.85814e-06
1.0654e-05
1.07324e-05
9.60238e-06
1.07861e-05
9.81765e-06
1.10728e-05
1.12597e-05
3.09476e-05
0.0189255
0.0185489
0.00634399
0.00607639
0.0139449
0.00715676
0.00476042
0.00390086
0.00478468
0.00527801
0.00537154
0.00512748
0.00550917
0.00438197
0.00449158
0.00320749
0.0030016
0.00256105
0.00203988
0.00183257
0.00124225
0.00128011
0.000874928
0.000612008
0.000413892
0.000326234
0.000269048
0.000280337
0.000116448
9.17544e-05
7.50855e-05
6.1439e-05
6.66564e-05
4.01337e-05
6.7217e-07
1.49228e-06
0.00349681
0.00346761
0.00218222
0.00123868
0.00320562
0.00216956
0.00113396
0.000727416
0.000417222
0.000305727
0.000131509
6.86187e-05
0.000115881
1.0568e-05
1.49945e-06
1.73268e-05
5.06526e-06
3.95135e-05
3.2403e-05
1.08172e-05
1.511e-06
1.24725e-05
2.76063e-05
9.56414e-05
9.58712e-05
0.0155728
0.00999974
0.00216252
0.00643047
0.00333933
0.00205719
0.000755868
0.000243227
7.31341e-05
1.24367e-05
2.74309e-09
5.86244e-06
9.96392e-06
1.94004e-05
3.52339e-05
0.0105746
0.00805426
0.00698142
0.00543064
0.00385568
0.00247741
0.00240801
0.00143447
0.000588351
0.000195827
1.42426e-05
8.52398e-06
8.65317e-05
0.000424944
0.000962955
0.00182093
0.00238493
0.00163705
0.00106451
0.00094093
0.000559874
0.000403579
0.00012418
4.1949e-05
1.75831e-06
8.68491e-08
3.56595e-05
0.000151063
0.000146087
0.000280229
0.000364281
0.000528383
0.000601941
0.000724529
0.000889056
0.000951601
0.000991286
0.00110057
0.000974214
0.0011833
0.00147615
0.00137615
0.0015287
0.00144812
0.00129057
0.00133312
0.00159643
0.00162478
0.00173246
0.00212195
0.00249404
0.00226034
0.00261766
0.0023711
0.00301182
0.00254961
0.00229593
0.00187605
0.00173164
0.00167439
0.00183181
0.00222675
0.00270546
0.00252323
0.00198065
0.00234873
0.0026988
0.00292343
0.00272627
0.00280294
0.00743215
0.00680739
0.00606467
0.00568766
0.0051142
0.00478881
0.00455823
0.0042327
0.00411107
0.0039818
0.00366642
0.00346695
0.00347678
0.00299835
0.00321639
0.00311022
0.00297346
0.00300679
0.00280505
0.00287769
0.00269904
0.0023817
0.00257638
0.00257886
0.00253164
0.00231754
0.0023115
0.00218488
0.00235874
0.0021178
0.00209754
0.00201483
0.00196361
0.00200029
0.00194379
0.00194976
0.00183492
0.00177104
0.00156465
0.00157551
0.00149618
0.00133028
0.00139682
0.00122418
0.00113431
0.00108476
0.0010531
0.000990642
0.000943387
0.000842234
0.000764329
0.000775863
0.00065649
0.000621644
0.000545207
0.000479488
0.000448214
0.000399491
0.000352568
0.000328876
0.000286581
0.00021745
0.00020063
0.000172376
0.000150981
0.000127994
0.000107971
7.15211e-05
6.60176e-05
5.41364e-05
4.08634e-05
3.2349e-05
2.78588e-05
2.26748e-05
1.58522e-05
1.05585e-05
8.45422e-06
6.90384e-06
4.21733e-06
2.72802e-06
1.74912e-06
1.28201e-06
1.69638e-05
1.49905e-05
1.49254e-05
1.72504e-05
1.52882e-05
1.51415e-05
8.75235e-06
4.60307e-05
0.0306163
0.0281705
0.0197685
0.0128462
0.00794521
0.00521239
0.00459149
0.0054813
0.00470692
0.00406611
0.00364539
0.00369518
0.00296408
0.00260343
0.00227344
0.00750281
0.00609698
0.00506757
0.00387996
0.00301729
0.00229915
0.00190107
0.00139836
0.00100769
0.000720614
0.00048941
0.000393354
0.000233685
0.000154802
9.02883e-05
3.38736e-05
1.12181e-05
8.70743e-06
6.90064e-06
4.12598e-05
0.00331721
0.00245839
0.00171346
0.00127268
0.000832023
0.000545912
0.000352917
0.000219498
5.87553e-05
7.59323e-05
0.000357673
0.000325697
8.5962e-05
0.000320797
0.000346668
0.000304425
0.000308638
0.000289601
9.04522e-05
0.000280218
0.0003321
0.000317036
0.000314387
0.000348901
0.000315772
0.000309602
0.000341873
0.00033319
0.000317102
9.36719e-05
0.000123918
0.000296196
0.000248211
0.000282094
0.000282771
0.000106333
0.000215578
0.000252956
0.000246512
4.5286e-05
5.65737e-05
4.82285e-05
0.0236481
0.00107537
0.000861137
0.000616781
0.00034296
0.000100202
8.36348e-06
1.69741e-05
1.83349e-06
0.000191321
0.000216216
0.000650135
0.00123062
0.00207093
0.00300433
0.00208667
0.00141133
0.000778257
0.000641297
0.000291578
0.000140057
1.90772e-05
3.97515e-07
2.22904e-05
0.000101286
0.000249565
0.000271669
0.000320671
0.000317442
0.000561348
0.000559057
0.000890397
0.00084971
0.000894665
0.00106367
0.00097717
0.000965019
0.00119263
0.0010073
0.00112185
0.00105178
0.00107307
0.0014055
0.00123565
0.00148364
0.00177694
0.00184247
0.00209375
0.00228964
0.00235637
0.00250356
0.00276694
0.00246278
0.00238562
0.00235426
0.00224833
0.00180272
0.00166548
4.21629e-06
0.00204046
0.00233615
0.00225784
0.00019307
0.000425521
0.00043938
0.000928885
0.0014271
0.00168041
0.00178518
0.00199301
0.00199322
0.00195109
0.00209383
0.00222893
0.00229065
0.00213182
0.0021823
0.00236762
0.00240517
0.00252252
0.00223333
0.00206548
0.00241739
0.00242487
0.00222887
0.00226265
0.00231377
0.00244409
0.00220755
0.00221984
0.00222419
0.00221775
0.00219403
0.00195397
0.00198602
0.00189203
0.00163852
0.00161042
0.00138696
0.00126812
0.00129107
0.00125902
0.000960514
0.000832954
0.000792779
0.000638844
0.00056794
0.000458308
0.00048977
0.000421186
0.000274934
0.000147179
0.000231133
8.61238e-05
6.59867e-05
7.71131e-05
1.99558e-05
4.22771e-05
8.84924e-06
5.98133e-08
3.68663e-06
5.08157e-06
1.12275e-06
5.99013e-06
2.22317e-05
2.75346e-05
1.1416e-05
4.10556e-05
1.83852e-05
1.03809e-05
5.96823e-05
5.80922e-05
4.92469e-05
4.8078e-05
4.51068e-05
4.09204e-05
4.25892e-05
2.58445e-05
7.91226e-06
7.90525e-06
7.9213e-06
7.91256e-06
7.87341e-06
7.97427e-06
7.78159e-06
0.00113024
0.024754
0.0781368
0.0437348
0.0360668
0.0187281
0.0126034
0.00625992
0.00603959
0.00586016
0.00499473
0.00443208
0.0044921
0.00331208
0.00204255
0.00140372
0.00105631
0.00105478
0.000396361
0.000199238
0.000112285
6.72783e-05
6.0863e-05
1.20542e-05
4.86338e-05
3.46975e-07
9.83477e-06
3.28102e-05
4.46782e-05
6.74623e-05
5.82699e-05
5.7988e-05
6.59328e-05
8.55505e-05
9.30706e-05
1.67339e-05
2.33324e-05
0.000571013
0.000281723
0.00019329
9.94374e-05
2.63109e-05
1.29477e-05
6.00844e-06
4.79343e-07
9.75666e-06
1.74357e-05
1.84996e-05
0.00180444
0.00111906
0.000620846
0.000342419
0.000156876
7.45662e-05
2.28347e-05
3.10103e-06
2.07275e-07
8.58874e-07
6.41103e-06
4.70686e-05
6.35717e-05
6.66005e-05
6.11338e-05
6.81718e-05
7.38475e-05
5.1851e-05
7.86974e-05
0.00010202
9.52321e-05
7.78898e-05
8.31332e-05
6.17184e-05
0.000122781
0.00527382
0.00449942
0.0036829
0.00223466
0.00146985
0.000795371
0.000299797
5.22868e-05
1.70095e-05
0.00027886
0.00087511
0.00135515
0.00211483
0.00202802
0.00130897
0.000849947
0.000483338
0.000195364
9.60649e-05
2.45505e-07
1.32654e-05
5.46113e-06
9.56595e-05
0.000176979
0.000289188
0.000372839
0.000486678
0.000686209
0.000788288
0.000862824
0.000972693
0.000833238
0.000803153
0.00113934
0.00140991
0.00131128
0.00125383
0.00116143
0.00130215
0.00122692
0.00143773
0.00120588
0.00151953
0.00195798
0.00208734
0.0018547
0.0019407
0.00195735
0.00213668
0.00205075
0.0021925
0.00200088
0.00222871
0.0022358
0.00199577
0.00470418
0.00276946
0.00506426
0.00478613
0.0050216
0.00500982
0.00502614
0.00480861
0.00496368
0.00454318
0.00405356
0.00418793
0.00383451
0.00363329
0.0037666
0.0036911
0.00379131
0.00349417
0.00377242
0.00344989
0.0033696
0.00318172
0.00317942
0.00316814
0.00307276
0.00314689
0.00298649
0.00287124
0.002931
0.0026865
0.00252265
0.00246082
0.00221552
0.00228369
0.0021451
0.0020513
0.00196823
0.00202792
0.00199305
0.00174317
0.00173422
0.00157875
0.0015937
0.00146483
0.00132522
0.00134521
0.00105215
0.00110132
0.000978261
0.000917563
0.000879674
0.000781506
0.000717336
0.000670654
0.00056344
0.000523473
0.000531288
0.000416991
0.000398094
0.000371396
0.000306008
0.000284344
0.000249346
0.000248222
0.000207215
0.000185961
0.000185353
0.000174042
0.000162228
0.000127419
0.000120611
0.000111142
0.000114257
0.000112551
0.000113219
0.000126034
1.86324e-05
1.86948e-05
1.87687e-05
1.88167e-05
1.91171e-05
1.94403e-05
1.9446e-05
1.37783e-05
0.00679117
0.0105979
0.00681054
0.0400306
0.0216216
0.0175827
0.013083
0.0134718
0.0147085
0.0136581
0.0131188
0.0126278
0.00979997
0.00819102
0.00586137
0.00426429
0.00284709
0.00195804
0.00108654
0.000669524
0.000392416
0.000238212
0.000122007
4.33934e-05
3.80296e-05
4.62199e-05
8.59577e-05
9.86995e-05
8.74279e-05
8.87695e-05
9.3988e-05
9.43515e-05
9.91139e-05
0.000109241
9.31037e-05
0.00010107
0.000108689
0.000111
0.000103308
0.000101846
0.000103036
0.000131648
0.000116736
0.000139299
0.000125291
0.000129122
0.00013254
0.00168456
0.00154838
0.00138236
0.00127093
0.0011573
0.00104457
0.000974814
0.000881954
0.000799094
0.000715038
0.000649399
0.000593644
0.00054156
0.000490987
0.00045621
0.00041179
0.000377976
0.000345304
0.000314345
0.000286132
0.000259896
0.000238002
0.000210558
0.000187755
0.000173326
0.000154944
0.000123109
6.49083e-05
2.08281e-06
2.31844e-05
0.000164666
0.00106766
0.00189431
0.00265468
0.00365282
0.0042269
0.00367372
0.00217956
0.00192618
0.00105391
0.000442656
0.000379531
0.00019885
5.60215e-05
2.15096e-05
4.24993e-06
2.30346e-05
2.01969e-05
9.31406e-05
0.000203093
0.000380912
0.000331651
0.000188754
0.00022922
0.000237637
0.000382022
0.000321087
0.000372858
0.000561994
0.000427209
0.000655672
0.00051258
0.0010545
0.00109962
0.00121205
0.00124899
0.00133974
0.00128003
0.00125686
0.00147255
0.00149704
0.00183537
0.00217901
0.0019309
0.0018246
0.00172618
0.0015668
0.00198322
0.00210198
0.00215847
0.00221542
0.00249329
0.00691011
0.0064466
0.0060736
0.00553791
0.00568207
0.00513039
0.00523532
0.00497595
0.004609
0.00455789
0.00426382
0.00385302
0.00395374
0.00377369
0.00363695
0.0034793
0.00335839
0.0033164
0.00286023
0.00310536
0.00274698
0.0028516
0.00278424
0.00275161
0.00246826
0.00252544
0.00221786
0.00129175
0.00164283
0.00169222
0.00151577
0.00176224
0.00195859
0.00173901
0.00166478
0.00161454
0.00160301
0.00137961
0.00159151
0.00138174
0.00129319
0.00137171
0.00136022
0.00145619
0.00144063
0.00119259
0.00120986
0.00114967
0.00102783
0.000862516
0.000932945
0.000840837
0.000808886
0.000842401
0.000724726
0.000706751
0.00065027
0.000611122
0.000573916
0.000505108
0.00043605
0.000395159
0.000369357
0.000334797
0.000302346
0.000178635
0.000160827
0.000149231
0.00013211
0.000119169
8.5173e-05
6.30766e-05
3.74751e-05
4.94684e-05
0.000103608
0.0002143
0.000276058
0.000288538
0.000249178
0.00025087
0.000334254
0.000290942
0.000401994
0.000534034
0.00333141
0.00324884
0.00351007
0.00370894
0.00463494
1.85584e-05
1.95056e-05
2.02037e-05
2.08557e-05
0.00257815
0.00272046
0.0014116
0.0034639
0.0019783
0.00187824
0.00149044
0.00157941
0.00190542
0.0015926
0.0014506
0.00120544
0.000944346
0.000878699
0.00061622
0.000469678
0.000495915
0.000227894
0.000237418
0.000167803
0.000116673
6.77627e-05
4.6434e-05
5.67235e-05
1.36023e-05
1.6879e-06
3.61548e-06
4.34865e-06
2.6333e-06
1.99794e-06
6.71837e-07
5.42832e-06
0.00230995
0.00129651
0.00111231
0.00177934
0.00131872
0.000884717
0.00071107
0.000298421
0.000358061
0.000163361
3.60471e-05
1.679e-05
8.47096e-06
3.86954e-06
1.47562e-06
4.02525e-05
8.78893e-06
7.38102e-07
1.43338e-06
1.39277e-05
2.30664e-05
2.14442e-05
2.53381e-05
9.73565e-07
1.24842e-05
3.99213e-05
8.11011e-06
1.5105e-05
1.98009e-05
2.76886e-05
1.68833e-05
2.21334e-05
0.011234
0.00765197
0.0042025
0.00182003
0.000735432
0.000250981
8.58256e-05
2.2125e-05
5.23981e-06
6.95339e-08
7.10709e-07
0.00658859
0.00544414
0.00434475
0.00328383
0.00231814
0.00151501
0.000766427
0.000302539
5.14555e-05
0.000282068
0.000659605
0.00275445
0.00273399
0.00399623
0.00338394
0.00251654
0.00176488
0.00124611
0.00113337
0.000625811
0.000307943
0.000139909
1.93685e-05
5.22875e-06
1.10649e-05
2.71766e-05
8.0459e-05
0.000116554
0.000422072
0.000435535
0.000566939
0.000648121
0.00069417
0.000933691
0.000811658
0.00126132
0.00117869
0.00108433
0.00132198
0.00126211
0.00108686
0.00146619
0.00117403
0.00127219
0.00126795
0.00182872
0.0021765
0.00183778
0.0017041
0.00165648
0.00128466
0.00115869
0.00168336
0.00159024
0.00203666
0.0017284
0.0017662
0.00169316
0.00202183
0.00154132
0.00235004
0.00260878
0.00655473
0.00615143
0.00527726
0.00489813
0.00442147
0.00406084
0.0041069
0.00352923
0.00365152
0.00321374
0.0031307
0.00313075
0.00289259
0.00276425
0.00263729
0.00261152
0.00248566
0.00238185
0.00222996
0.00238683
0.00210663
0.00214915
0.0019009
0.00207493
0.00201897
0.00187078
0.00192154
0.00178399
0.00183437
0.0016783
0.00177912
0.00158036
0.00154368
0.0014568
0.00132324
0.00129195
0.00110113
0.00100882
0.000983615
0.000864319
0.000828067
0.000732488
0.000667945
0.00053171
0.000472413
0.000467218
0.000368506
0.000318269
0.000296929
0.000216864
0.000178386
0.000173815
0.000148236
0.000101634
7.98631e-05
6.42013e-05
4.53517e-05
3.71453e-05
2.6288e-05
2.08358e-05
1.13755e-05
6.2525e-06
2.81763e-06
1.82001e-06
5.21024e-07
4.38304e-08
1.41858e-08
1.25184e-07
9.3572e-07
2.02301e-06
3.0856e-06
8.19137e-06
1.65962e-05
1.81843e-05
1.67563e-05
1.86044e-05
1.80776e-05
1.66438e-05
1.02368e-05
0.0066172
0.0292343
0.0243062
0.0137894
0.00942519
0.00532455
0.00549161
0.00679694
0.00654732
0.00631913
0.00520382
0.0128596
0.0102604
0.00887127
0.00725928
0.00558544
0.00466242
0.00372064
0.00287787
0.00230636
0.00181103
0.00139289
0.00108513
0.000805226
0.00063242
0.000421119
0.00028189
0.000295233
0.00496136
0.00322488
0.00230776
0.00165242
0.00109526
6.15313e-05
5.55261e-06
1.07392e-05
8.90868e-07
1.75529e-06
7.40542e-06
1.24402e-05
4.4168e-05
6.9884e-05
8.016e-05
0.000165448
0.000177293
0.000195704
0.000190734
0.000209005
0.000222035
0.000215851
0.00023096
6.30611e-05
8.89395e-05
0.000283976
0.000286733
0.000276382
0.000136176
0.000191468
0.000305471
8.94058e-05
0.000117861
0.000438699
0.000424464
0.000325338
0.00021844
0.000154402
5.40158e-05
2.87938e-06
6.08109e-05
0.000242856
0.000618535
0.00118388
0.00181994
0.00338154
0.00269822
0.00164097
0.000788419
0.000508946
0.000191315
8.84636e-05
4.33762e-06
3.43839e-05
3.37447e-06
1.45159e-05
0.000155537
9.70984e-05
0.000255878
0.000493986
0.000918948
0.00085184
0.00100316
0.000976562
0.00108927
0.00119912
0.00126665
0.00143194
0.00111611
0.00132111
0.00131331
0.00197732
0.00178
0.00213096
0.00193056
0.00172985
0.00198859
0.0021685
0.00233641
0.00270966
0.00237705
0.00196779
0.00162756
0.00176254
8.2161e-07
2.45794e-05
0.000180617
0.000464268
0.000919074
0.00131194
0.00153199
0.00174105
0.00194571
0.00204986
0.00226811
0.00241554
0.00253575
0.00267765
0.00267371
0.00274054
0.00264058
0.00255098
0.0027033
0.00236698
0.00269222
0.00266251
0.00248733
0.00244651
0.0026617
0.00262343
0.00243774
0.00244397
0.00236054
0.00237873
0.00234963
0.00232812
0.00220463
0.00202913
0.00202042
0.00186229
0.0017308
0.00168847
0.00140935
0.00120602
0.00107195
0.000926741
0.000808124
0.000709798
0.000575725
0.000525326
0.000433044
0.000348907
0.000200317
0.00010278
0.000128749
3.25675e-05
4.08887e-05
1.80631e-05
8.25569e-07
6.37702e-06
5.56011e-06
1.25822e-06
5.34331e-06
1.65763e-05
4.26978e-05
1.82487e-05
6.14772e-05
4.73928e-05
7.36867e-05
4.04549e-05
8.1258e-05
5.37768e-05
7.89365e-05
3.82808e-06
8.17717e-06
7.74393e-06
8.4847e-08
4.87557e-08
2.84416e-07
1.23178e-07
8.79733e-06
8.84958e-06
8.85217e-06
8.85382e-06
8.83515e-06
8.88206e-06
0.00779246
0.0739201
0.0586811
0.0310989
0.0167982
0.0147012
0.0125226
0.0122033
0.0126977
0.0104624
0.00869532
0.00694429
0.00558148
0.00441867
0.0033519
0.00224028
0.00150638
0.00163287
0.000583861
0.00038586
0.000230031
0.000118784
6.03124e-05
1.64545e-05
2.17855e-05
3.82993e-07
2.79799e-06
9.38574e-07
2.1471e-05
3.25451e-05
3.68095e-05
9.25697e-09
1.14015e-05
0.000637481
0.000379624
0.000217275
0.000114022
5.0026e-05
1.63833e-05
3.31726e-06
1.38119e-07
5.199e-06
0.00159558
0.000772085
0.000465272
0.000240064
0.000114608
3.5321e-05
2.26753e-06
2.86358e-08
5.21143e-06
1.72226e-05
1.58348e-05
2.44996e-05
2.77701e-05
6.25141e-05
7.87504e-05
8.16062e-05
8.49152e-05
7.62162e-05
6.46943e-05
0.000107681
0.000116927
0.000118998
0.00512846
0.00435915
0.00355758
0.00262404
0.00187713
0.00116305
0.000613109
0.000207476
2.82533e-06
5.44127e-05
0.000434468
0.00090418
0.000917419
0.00215877
0.00180759
0.00127939
0.000814452
0.000216325
0.00017745
1.36862e-06
8.58478e-06
4.90801e-05
8.39245e-05
9.55838e-05
0.00019222
0.000283691
0.000330566
0.000406515
0.000507127
0.000614716
0.000604837
0.000753865
0.000549563
0.000726907
0.00115236
0.00114054
0.00106379
0.000982853
0.000958354
0.00102557
0.000824527
0.000884185
0.000661429
0.00111931
0.0016701
0.00169735
0.00163449
0.00160483
0.00161999
0.00168665
0.00179178
0.00226522
0.0021448
0.00197126
0.00211827
0.00200505
0.00185983
0.00199289
0.00256645
0.00471826
0.00478801
0.00474544
0.00455965
0.00479693
0.00450144
0.00435601
0.00392948
0.00445365
0.00389921
0.00394782
0.0037476
0.00372948
0.00364811
0.00374845
0.00350422
0.00342424
0.0034051
0.00341479
0.00315122
0.00313551
0.00311637
0.00308982
0.0028498
0.00278484
0.00287174
0.00299753
0.00276091
0.00285627
0.00285916
0.00273445
0.00249365
0.00252969
0.00223422
0.00236786
0.00238306
0.00224188
0.00223418
0.00204117
0.00207513
0.00176516
0.00184704
0.0017241
0.00152468
0.00144897
0.00134776
0.00131835
0.00117859
0.00110326
0.00104716
0.00100579
0.000964025
0.000920776
0.000775188
0.000740776
0.000679288
0.000611836
0.000569041
0.000559561
0.000536473
0.000434078
0.000414156
0.000402539
0.000408854
0.000339639
0.000320838
0.000303885
0.000279512
0.000215312
0.000283776
0.000236746
0.000255485
0.00353483
1.03317e-05
1.03919e-05
1.04653e-05
1.03903e-05
1.04611e-05
1.05972e-05
0.00961027
0.00252709
0.00253064
0.0175241
0.012368
0.00767377
0.00839924
0.0107232
0.00897517
0.0108435
0.00897091
0.00822533
0.0076256
0.00558226
0.00429597
0.00296719
0.00199108
0.00119898
0.000727809
0.000427125
0.000226643
0.000112963
5.81549e-05
2.18608e-05
4.76284e-06
5.16668e-07
2.00049e-06
6.20431e-06
7.21722e-05
0.000196025
0.000169407
0.000155567
0.000146212
0.000570826
0.000539498
0.000454206
0.000388263
0.000334091
0.000302112
0.000268087
0.000238152
0.000236609
0.000218193
0.000196346
0.000193832
0.000173411
0.000172471
0.000158259
0.000167528
0.000167297
0.000170978
0.000168311
0.000153331
0.00015404
0.000155373
0.000177357
0.000189961
0.000196693
0.000166381
0.000575145
0.000387739
0.000244497
0.000143961
8.84068e-05
4.59169e-05
3.09718e-05
0.000654827
0.000351638
0.000230057
0.000127247
6.51121e-05
2.78862e-05
1.01012e-05
1.8234e-06
3.25658e-08
0.00225324
0.00176524
0.00125192
0.000771773
7.19792e-05
7.46802e-06
0.000216763
0.00018954
0.00146253
0.00251527
0.00343167
0.0035794
0.00253639
0.00164799
0.00102865
0.000502383
0.000506915
0.000133642
2.46127e-05
8.47649e-06
5.58732e-06
4.33509e-05
2.90501e-05
0.000146891
0.000176583
0.000184207
0.000170889
0.00014821
0.000191773
0.000261828
0.000225898
0.000213351
0.000305481
0.000460756
0.000362399
0.00030889
0.000510991
0.000267013
0.000377186
0.000271924
0.000504827
0.000557154
0.00147526
0.000821046
0.00080335
0.00108274
0.00113895
0.00147092
0.00142528
0.00138148
0.00127535
0.00169619
0.00210917
0.0021749
0.00186548
0.00200509
0.00134031
0.00179909
0.00757341
0.00684334
0.00648704
0.00609579
0.00568197
0.00542598
0.0052365
0.00465968
0.0047165
0.00433286
0.00407172
0.00418315
0.00402592
0.0038781
0.00385786
0.00357327
0.00335801
0.0033129
0.00315447
0.00292323
0.00301278
0.00263564
0.00230943
0.0024562
0.00240875
0.00231301
0.00223246
0.00209326
0.00207491
0.00202362
0.00167983
0.00168557
0.00160008
0.00163839
0.00144815
0.00141564
0.00134652
0.00130709
0.00107794
0.00118899
0.000933526
0.00102998
0.000952698
0.00091
0.000802328
0.000795652
0.000743127
0.000729148
0.000692968
0.000655452
0.000660149
0.000599773
0.000556055
0.000555483
0.00053235
0.000445346
0.000466203
0.000440416
0.000367907
0.000388593
0.000367429
0.000325549
0.000341546
0.000342077
0.000316583
0.000302044
0.000270665
0.000277821
0.000270686
0.000255486
0.000243482
0.000243806
0.000231041
0.000229993
0.000249568
0.000294808
1.68771e-05
1.71983e-05
1.75355e-05
1.79635e-05
1.85077e-05
1.91959e-05
1.99006e-05
2.03991e-05
0.0169097
0.00172017
0.00209359
0.000739149
0.00241966
0.0014696
0.00170916
0.00247249
0.00213561
0.00213953
0.00258096
0.00219585
0.00209573
0.00154378
0.00130868
0.00111631
0.000727118
0.000656181
0.000436556
0.00026706
0.000171882
0.000125737
8.24491e-05
0.000101584
2.24708e-05
4.47643e-05
5.83705e-06
2.97162e-06
8.72519e-09
7.94874e-08
2.02381e-07
3.26026e-06
2.48233e-08
1.5778e-05
0.00222424
0.00208535
0.00146582
0.000665308
0.00204201
0.00139343
0.000667953
0.000507205
0.000321158
0.000145494
7.90659e-05
3.19383e-05
3.88419e-06
6.39403e-06
3.58897e-07
5.37924e-07
1.40572e-07
2.49759e-06
1.02235e-05
1.6064e-09
1.63898e-06
1.98516e-06
6.00739e-06
3.94549e-05
7.2984e-05
2.87268e-05
1.40174e-05
3.60866e-05
2.86299e-05
2.84896e-05
0.0136002
0.00709791
0.00373932
0.0023049
0.000880456
0.00032897
8.31386e-05
1.97182e-05
2.28925e-06
3.1084e-07
3.59333e-06
8.03473e-06
0.0077573
0.00641056
0.00513142
0.00396964
0.00282734
0.00185843
0.00102293
0.000479048
8.61115e-08
1.91733e-05
0.000569051
0.000714404
0.00275266
0.00312462
0.0019812
0.00132928
0.000917757
0.00066097
0.000416389
0.000166996
0.000116476
5.30227e-06
8.57284e-07
4.28688e-05
7.10382e-05
0.000108857
0.000172324
0.000205289
0.000380567
0.00030131
0.000418521
0.000600503
0.00058381
0.000544047
0.000583781
0.000797265
0.000607687
0.000900231
0.000715482
0.000927998
0.00066782
0.000870744
0.000676407
0.00081128
0.000852943
0.000756466
0.00107738
0.00102307
0.00112145
0.00109668
0.00138538
0.00115295
0.00092979
0.00110841
0.00101076
0.000986853
0.00129327
0.00104034
0.000999803
0.0011001
0.00112536
0.000953028
0.000960693
0.000994021
0.00104421
0.000888207
0.000886565
0.00102136
0.00102411
0.000842304
0.00104198
0.000958648
0.000881957
0.00101991
0.00115378
0.000949624
0.00102037
0.000943007
0.000926941
0.000884615
0.00087947
0.00104369
0.000962132
0.00085418
0.000954469
0.000989932
0.00105087
0.00109041
0.000956014
0.0010054
0.000912954
0.000867943
0.00100867
0.000836225
0.000728875
0.000746344
0.000957994
0.000928566
0.000878098
0.000742473
0.000774434
0.000858293
0.000869181
0.000746755
0.000935045
0.000743884
0.000865738
0.000832595
0.0010706
0.000793151
0.000755763
0.000852948
0.00089522
0.00069797
0.00190533
0.00161108
0.0013918
0.00120613
0.00101331
0.000901485
0.000837429
0.000755506
0.000671982
0.00058091
0.00053845
0.000480467
3.19955e-05
0.000144155
0.000144657
3.37871e-05
4.26477e-05
5.75955e-05
5.77532e-05
5.60981e-05
8.6575e-05
7.36937e-05
7.89831e-05
9.51159e-05
9.96184e-05
9.86442e-05
5.36524e-05
5.92173e-05
6.09342e-05
7.82221e-05
5.96114e-05
6.61997e-05
7.93012e-05
9.39954e-05
9.81496e-05
0.00124598
0.0011598
0.00106623
0.00105685
0.000971637
0.000952449
0.000716782
0.000607839
0.000503337
0.000425359
0.000408929
0.000368231
0.000286575
0.000259868
0.000233713
0.000215526
0.000156972
0.00010019
6.71758e-05
4.67801e-05
6.04884e-05
3.65608e-06
1.21056e-06
1.15266e-07
1.1404e-06
1.01913e-07
2.24431e-05
3.88808e-05
1.95972e-05
3.17851e-05
2.54316e-05
4.69815e-05
7.20901e-05
0.000104632
0.000123052
7.33426e-05
0.00010165
0.000113184
0.000147439
0.000121602
2.10252e-05
1.71296e-06
5.19548e-06
2.91308e-06
1.92472e-05
6.33391e-05
5.80188e-05
2.25177e-06
3.09472e-05
9.58118e-05
0.000165061
8.99716e-05
0.000116969
0.000249429
0.000365
0.000222499
0.000181143
0.000260176
0.000357825
0.000462014
0.0003774
0.000335322
0.000469133
0.000872972
0.000907978
0.00116841
0.000882023
0.00113558
0.000947705
0.00110824
0.00100326
0.0015038
0.000926785
0.00106067
0.00115072
0.00158718
0.00112505
0.00143539
0.00163631
0.00140685
0.00162848
0.0011667
0.00130889
0.000927873
0.00109047
0.0010696
0.000937954
0.0010765
0.00143201
0.00399363
0.00374875
0.00393139
0.00123591
0.0035315
0.00335852
0.00314307
0.00303018
0.00287677
0.00250703
0.00265088
0.00250637
0.00261466
0.00254214
0.00242777
0.00240996
0.00235156
0.00222489
0.00190358
0.00204023
0.0020011
0.00192062
0.00186093
0.00178727
0.00173293
0.00161067
0.00153569
0.00159229
0.00147285
0.00145921
0.00140771
0.00139662
0.00128681
0.00127997
0.0012337
0.00122104
0.00120399
0.00119981
0.00115325
0.00110055
0.00109848
0.00106285
0.000999069
0.000999303
0.000975359
0.0010002
0.00101034
0.00101043
0.000976035
0.00095386
0.000943441
0.000898733
0.000851789
0.00072466
0.00072178
0.000707639
0.000890744
0.000893338
0.000873068
0.000852342
0.000839662
0.000696621
0.0008232
0.000818178
0.000796294
0.000736918
0.000738777
0.000758387
0.000735066
0.00071661
0.000719127
0.000723345
0.000700041
0.000691037
0.000678447
0.000619057
0.000619333
0.000599981
0.000596092
0.000596312
0.00057588
0.000574773
0.000551576
0.000547395
0.000547344
0.000521392
0.000484707
0.000472637
0.000455156
0.000408906
0.000404923
0.000381755
0.00038725
0.000377199
0.000366896
0.000363294
0.00033176
0.00029731
0.000292621
0.000280199
0.000285254
0.000281426
0.000268523
0.000216664
0.000203071
0.000231118
0.000223685
0.000174241
0.000169136
0.000153781
0.000143424
0.000136457
0.000135864
0.000129837
0.000103244
9.9029e-05
8.71597e-05
8.89637e-05
8.50894e-05
7.20849e-05
7.51744e-05
6.07468e-05
4.91445e-05
4.27704e-05
3.94204e-05
3.24247e-05
3.14167e-05
2.81369e-05
2.10725e-05
1.66967e-05
1.47082e-05
1.08119e-05
8.53606e-06
6.87144e-06
4.53e-06
2.9569e-06
9.25256e-07
6.89266e-07
3.17164e-07
4.21247e-09
5.60726e-07
1.02594e-06
6.8175e-06
8.51124e-06
1.68519e-05
2.62986e-05
2.93107e-05
3.47042e-05
4.68453e-05
5.09108e-05
6.77149e-05
7.1319e-05
7.84041e-05
9.55341e-05
9.91023e-05
0.000100127
0.000119345
0.000121442
0.000126477
0.000158656
0.000161362
0.000149667
0.000180111
0.000159418
0.000158513
0.00016142
0.000184234
0.000183468
0.00018359
0.000195115
0.000192549
0.000217453
0.000219596
0.000238032
0.000236006
1.60064e-05
1.60055e-05
1.60046e-05
1.6012e-05
1.60135e-05
1.60339e-05
1.60874e-05
1.60655e-05
1.63885e-05
1.63674e-05
1.70924e-05
0.000333812
0.000304143
0.000306144
0.0412796
0.0308493
0.0276298
0.0247479
0.0226259
0.0133727
0.0124503
0.00996073
0.00932242
0.00831328
0.00779698
0.00838127
0.00781269
0.00823457
0.00760612
0.00716387
0.0076595
0.00698066
0.0070791
0.00639362
0.00625224
0.00559991
0.00513364
0.00460691
0.00410985
0.00374883
0.00327254
0.00299933
0.00269357
0.00251166
0.00224755
0.00205371
0.00183849
0.00167823
0.00151041
0.00136693
0.0012486
0.0011522
0.00105442
0.000959556
0.000891762
0.000801052
0.000737716
0.000673455
0.000613508
0.000544775
0.000500177
0.000455068
0.000406453
0.000352802
0.000319193
0.000305631
0.000267093
0.000240194
0.000214417
0.000201716
0.000181305
0.000157148
0.000141831
0.000125644
0.000110941
0.000105388
9.17667e-05
8.79832e-05
7.99496e-05
8.52367e-05
7.55813e-05
5.71973e-05
5.23142e-05
4.63745e-05
4.40434e-05
4.31669e-05
4.73585e-05
4.18767e-05
4.08725e-05
3.7092e-05
3.2441e-05
2.79233e-05
3.17708e-05
4.17731e-05
3.99001e-05
4.03486e-05
5.26623e-05
7.54297e-05
8.88684e-05
9.44711e-05
0.000129413
0.000135432
0.000171182
0.000177074
0.000288701
0.000139693
0.000220522
0.000285576
0.000251991
0.00030299
0.000307048
0.000397664
0.000746144
0.000623366
0.000377365
0.000858374
0.000407152
0.000925263
0.000522803
0.00113681
0.000920521
0.000569963
0.0012641
0.00100989
0.000598737
0.000745514
0.000735358
0.00103
0.00113444
0.0360371
0.0271736
0.0190155
0.0114941
0.00626722
0.00304003
0.00129412
0.000542455
0.000196542
5.37775e-05
1.30428e-05
2.17063e-07
3.24588e-07
2.18938e-06
4.57136e-06
1.02891e-05
1.03218e-05
1.58004e-05
1.92889e-05
1.52382e-05
2.04028e-05
1.60922e-05
2.04951e-05
1.51554e-05
1.43777e-05
0.0003821
0.000299542
0.000159686
0.000115658
7.76652e-05
6.50134e-05
3.88602e-05
3.90846e-05
2.4143e-05
0.0134421
0.0117275
0.0103385
0.00889502
0.00780688
0.00686564
0.00607333
0.00538512
0.0044684
0.00369727
0.0027624
0.00250979
0.00214518
0.00197513
0.00129925
0.00070829
0.000652482
0.000632207
0.000262268
0.000289681
3.3938e-05
2.32706e-05
3.4319e-05
1.27591e-05
0.000254356
0.000233235
0.000146012
0.000579391
0.00046059
0.0010387
0.000962435
0.00113137
0.00203887
0.00190487
0.00133041
0.00152408
0.00150312
0.00126485
0.00117865
0.00127418
0.000825142
0.00075624
0.000470973
0.0004821
0.000294834
0.000243811
0.000286945
0.000208954
0.000174199
0.000108358
4.01829e-05
5.43546e-05
5.72061e-06
1.45498e-06
1.72204e-07
2.43766e-07
1.74103e-05
8.62172e-06
5.35076e-05
6.89205e-05
9.60204e-05
0.000366395
0.000323941
0.000410035
0.000262117
0.000327747
0.000423318
0.00035218
0.00046416
0.000594097
0.00052541
0.000681828
0.000705816
0.000653141
0.000737228
0.00064413
0.000627883
0.000881944
0.000807854
0.00100409
0.00070741
0.000802549
0.000926957
0.000856126
0.000752072
0.000762183
0.000645681
0.000886118
0.000832204
0.00110262
0.00107953
0.000951691
0.00107763
0.00108896
0.00100369
0.00139224
0.00107214
0.00117366
0.00125251
0.00126433
0.00110628
0.00100559
0.00135958
0.00168646
0.00134209
0.00136564
0.00155091
0.00171496
0.00160197
0.00189123
0.00142167
0.0017694
0.00158754
0.00177759
0.00187972
0.00144021
0.00177821
0.00205018
0.00168385
0.00187959
0.00194048
0.00176639
0.00150944
0.00182077
0.00158911
0.00105398
0.000755168
0.0011365
0.00143231
0.00162858
0.00180124
0.0012249
0.00142059
0.00109678
0.0012874
0.00124784
0.00139842
0.00144251
0.00170887
0.00146926
0.00165998
0.00159936
0.0018387
0.00218366
0.00303107
0.00244632
0.00324736
0.00324895
0.00338481
0.00333759
0.00332327
0.00297935
0.00302922
0.00321766
0.0031434
0.00311279
0.00307643
0.00294662
0.00287885
0.0025372
0.0025077
0.00256047
0.00250412
0.00246146
0.00243071
0.00239703
0.00234977
0.00218175
0.00219203
0.00227551
0.00217908
0.00229059
0.00226441
0.00202859
0.00199577
0.00192067
0.00193259
0.00182372
0.00188023
0.00189393
0.00182832
0.00182302
0.00180013
0.00174083
0.00169654
0.00171192
0.00165905
0.00152558
0.00148814
0.00158563
0.0016013
0.00154487
0.00154778
0.00156306
0.00153261
0.00133804
0.00134113
0.00154364
0.00155701
0.00151595
0.00134706
0.00136313
0.001337
0.00137906
0.00136708
0.00134371
0.00135812
0.00132549
0.00120852
0.00118753
0.00121519
0.00121902
0.00119576
0.00114873
0.00115189
0.00110887
0.0010991
0.000966641
0.00093675
0.000912494
0.00097738
0.00097315
0.000946661
0.000843492
0.000834908
0.000797344
0.000765572
0.000728319
0.00079418
0.000791249
0.000759877
0.000682317
0.000675258
0.000640306
0.000667289
0.000663276
0.00062101
0.000518949
0.000498578
0.000484165
0.000475463
0.000431871
0.00042346
0.000390881
0.000376524
0.00036476
0.000313063
0.00029189
0.000271352
0.000261169
0.000239693
0.000228873
0.000220435
0.000218527
0.000168132
0.000159865
0.000151668
0.000150856
0.000128915
0.000123337
0.000110234
9.82433e-05
7.72493e-05
7.16738e-05
5.94132e-05
5.8347e-05
5.4444e-05
4.88019e-05
4.03705e-05
3.76811e-05
3.52031e-05
2.7717e-05
2.03285e-05
1.31497e-05
1.08967e-05
1.02731e-05
8.58318e-06
7.6752e-06
7.09798e-06
5.18681e-06
1.41582e-06
9.84617e-07
7.01551e-11
6.64621e-08
9.34523e-07
1.21315e-06
2.51028e-06
5.50846e-05
5.37934e-05
5.45865e-05
5.33956e-05
5.58708e-05
5.48599e-05
5.64153e-05
5.98225e-05
5.98574e-05
6.05211e-05
5.92301e-05
6.06086e-05
6.53026e-05
6.58293e-05
5.92914e-05
5.71504e-05
6.07563e-05
5.91125e-05
5.72723e-05
5.64388e-05
5.26877e-05
5.11885e-05
5.2866e-05
5.92455e-05
6.13004e-05
5.73942e-05
5.51772e-05
5.64799e-05
5.10405e-05
6.0669e-05
6.25133e-05
1.14783e-05
1.15268e-05
1.15396e-05
1.15459e-05
1.16503e-05
1.15484e-05
1.14922e-05
1.15152e-05
1.15423e-05
1.17456e-05
1.29502e-05
1.28388e-05
1.30164e-05
0.0246544
0.0226061
0.0138502
0.0117887
0.00909545
0.00813848
0.00524274
0.00477509
0.00312387
0.00287959
0.00305327
0.00280393
0.00369306
0.00329776
0.0029818
0.00335839
0.00303672
0.00296251
0.00265997
0.00258253
0.00229698
0.00208226
0.0018609
0.00173598
0.0015531
0.00142655
0.0012827
0.00117283
0.00105947
0.000974777
0.000885075
0.000812141
0.000739563
0.000671858
0.000620375
0.000561612
0.000522689
0.000469679
0.000444066
0.000422446
0.000386513
0.000376308
0.000330976
0.000329605
0.00031414
0.000232268
0.000293503
0.0028072
0.00223114
0.00188889
0.00146762
0.00125673
0.000954803
0.000836132
0.000622412
0.00053134
0.0003821
0.000324918
0.000344419
0.000238206
0.000197247
0.000129554
0.000122599
6.52216e-05
3.27171e-05
2.62549e-05
1.01339e-05
1.01527e-05
2.38295e-06
3.91015e-06
6.37296e-08
3.3741e-07
4.09041e-06
4.24124e-06
6.39883e-07
6.73866e-06
1.08826e-05
4.88185e-06
1.03007e-05
9.69768e-06
1.17687e-05
0.00624019
0.00505403
0.00262568
0.00193706
0.00155194
0.00100626
0.000702147
0.000973909
0.000663769
0.000521739
0.000819624
0.000547977
0.000423411
0.000260427
0.000199013
4.91253e-06
8.10148e-06
2.2196e-05
1.99706e-05
4.45456e-05
6.43015e-05
4.46987e-05
1.66452e-05
1.15958e-05
0.000112174
0.000132214
0.000113888
0.000105432
0.000127425
0.000108997
8.11488e-05
9.94363e-05
1.04528e-05
2.31838e-05
3.58013e-05
1.09759e-05
1.1055e-06
8.63599e-06
8.17326e-06
7.81435e-05
9.57103e-05
8.19186e-05
0.000215261
1.60755e-05
7.55382e-05
9.51479e-05
1.68402e-08
2.87948e-06
3.03723e-06
1.05699e-05
2.30745e-05
4.14691e-07
1.893e-06
2.20046e-06
3.32764e-06
0.000518823
0.00174992
0.00121395
0.000917576
0.000167069
0.000140171
0.00322206
0.00220863
0.00160436
0.0010921
0.000683992
0.000464734
0.000265844
0.000164366
7.88483e-05
6.04666e-05
2.06212e-05
1.14761e-05
6.73307e-06
2.19307e-08
7.6841e-07
7.72353e-06
7.32665e-06
1.91272e-05
1.75275e-05
1.52465e-05
2.92211e-05
2.57587e-05
2.01407e-05
3.38262e-05
2.98253e-05
4.51376e-05
5.05333e-05
6.6707e-05
6.58811e-05
6.78452e-05
8.39399e-05
6.98007e-05
4.33754e-05
5.89973e-05
4.88961e-05
4.5217e-05
5.91079e-05
2.28334e-05
2.13997e-05
1.62225e-05
0.00275065
0.0018745
0.00130174
0.00184473
0.00165872
0.000546178
0.000862772
0.000218064
0.000181422
8.38105e-05
3.94691e-06
3.79096e-05
1.80523e-06
0.000131308
0.000272265
9.18836e-05
8.1409e-05
9.63666e-05
5.83983e-05
5.09116e-05
4.79785e-06
1.52316e-07
7.86836e-10
3.19596e-07
6.20108e-06
1.09727e-05
5.68393e-06
1.88402e-05
2.85203e-05
2.88377e-05
5.0453e-05
5.83588e-05
5.37486e-05
0.000159497
0.000129491
0.00016075
0.000396492
0.000389425
0.000295107
0.000426967
0.000401548
0.000548168
0.000475721
0.000580713
0.000540776
0.000644374
0.000713046
0.000813922
0.000714972
0.000781853
0.000941641
0.000919195
0.000949396
0.000762422
0.000850863
0.000995705
0.00134152
0.000857594
0.0013317
0.00130404
0.00125969
0.00143321
0.00142155
0.00164598
0.000571808
0.000690424
0.000747457
0.000950778
0.000924451
0.000988058
0.0010902
0.00115226
0.00121208
0.00130677
0.00139691
0.00143913
0.0015341
0.00155415
0.00158896
0.00165089
0.00153921
0.0018607
0.00198146
0.00193803
0.00193765
0.00204066
0.0021382
0.00223494
0.00236528
0.00228461
0.00266302
0.00267209
0.00274359
0.00265101
0.00266354
0.00281487
0.0030087
0.00301588
0.00314501
0.00293638
0.0029384
0.00299816
0.00280181
0.00293097
0.00316093
0.00335247
0.00352723
0.00340485
0.00340415
0.00347185
0.00355898
0.00357517
0.0036558
0.00354723
0.00324276
0.00319804
0.0032604
0.00318281
0.00343151
0.00337206
0.00319092
0.00317723
0.00316177
0.00331358
0.00321615
0.00306795
0.00305471
0.00291716
0.00302027
0.00288193
0.00254525
0.00254884
0.00243569
0.00257048
0.00243737
0.00226808
0.00219989
0.00234159
0.00225905
0.00207369
0.00199151
0.00190789
0.00201581
0.00189015
0.00179194
0.00181685
0.00171759
0.00182479
0.00172642
0.00160353
0.00161915
0.00153945
0.00139961
0.00138143
0.00129192
0.00142798
0.00134863
0.00128686
0.00111039
0.0010914
0.00101586
0.00105147
0.000960414
0.000870158
0.000819615
0.000800969
0.000775463
0.000689154
0.000651864
0.000630503
0.000559188
0.000474814
0.000433832
0.000422663
0.000402945
0.000336308
0.000315745
0.000244503
0.000204964
0.000195699
0.000167271
0.00012606
0.000106393
7.37388e-05
6.13831e-05
4.14809e-05
2.75149e-05
1.67972e-05
1.15651e-05
5.60572e-06
3.21895e-06
3.01787e-07
3.90211e-10
1.23765e-06
2.87991e-06
6.68112e-06
8.52463e-06
2.0327e-05
2.42208e-05
2.37908e-05
2.59066e-05
3.55335e-05
3.81405e-05
5.03542e-05
5.82577e-05
6.53199e-05
7.89946e-05
7.83432e-05
8.29792e-05
3.18455e-05
3.87134e-05
3.88735e-05
2.15519e-05
0.000118551
0.000161103
0.000796292
0.000674339
0.00852917
0.0159171
0.0140569
0.0127488
0.014067
0.0131349
0.0120836
0.0102112
0.0080669
0.00649806
0.00619012
0.00500765
0.00463507
0.00380664
0.00332043
0.00289603
0.00232973
0.00203424
0.00162473
0.00142771
0.00114522
0.000990053
0.000824308
0.000656547
0.000588568
0.000503802
0.000402305
0.000307291
0.000239266
0.000166692
0.000146401
0.000104115
8.68122e-05
7.21887e-05
3.88459e-05
4.00235e-05
3.56874e-05
1.6938e-05
1.2694e-05
7.32636e-06
7.42363e-06
5.35164e-06
7.82444e-07
8.46068e-07
5.48984e-08
1.3857e-06
1.90699e-06
2.81698e-06
4.15701e-06
2.62506e-06
3.93924e-06
8.52376e-06
1.08468e-05
1.10289e-05
4.40395e-06
9.93639e-06
4.86925e-06
9.79727e-06
8.74985e-06
7.0583e-06
5.34495e-06
7.62442e-06
7.59565e-06
5.34963e-06
2.11207e-05
1.09073e-05
2.28679e-05
1.13625e-05
3.83063e-06
6.56851e-06
6.47268e-06
6.22463e-06
1.81055e-06
2.23583e-06
2.19012e-07
1.30562e-07
3.04292e-09
2.0367e-08
3.80204e-06
1.54241e-06
5.09678e-07
1.25666e-05
3.63335e-06
8.11211e-07
3.64732e-07
1.67338e-06
1.61076e-07
1.00628e-06
5.54138e-06
8.64187e-06
1.77212e-05
2.32881e-05
3.39808e-05
3.54603e-05
4.64274e-05
4.24374e-05
3.87556e-05
4.97821e-05
2.43764e-05
3.36697e-05
4.21022e-05
6.40792e-05
8.69046e-05
7.61542e-05
7.54355e-05
8.22872e-05
6.28525e-05
6.94229e-05
7.06454e-05
7.53027e-05
6.94146e-05
6.23098e-05
6.53319e-05
5.99794e-05
6.16271e-05
5.56917e-05
5.76897e-05
5.46227e-05
5.77602e-05
5.66622e-05
5.56497e-05
4.81519e-05
4.69324e-05
4.82954e-05
4.61751e-05
3.93901e-05
3.62365e-05
3.88646e-05
3.48093e-05
2.55254e-05
2.11911e-05
2.589e-05
2.02447e-05
2.11254e-05
1.61959e-05
1.32725e-05
8.67011e-06
8.63702e-06
4.66331e-06
5.4626e-06
2.3285e-06
2.43404e-06
3.52677e-06
9.32705e-07
7.29073e-07
5.37957e-08
7.775e-11
1.2212e-06
9.70258e-07
4.58686e-06
3.83068e-06
9.53763e-06
8.23581e-06
5.02643e-06
8.48815e-06
7.21149e-06
4.3483e-06
2.61886e-06
2.2259e-06
5.80024e-07
1.23662e-06
1.40151e-06
6.44001e-05
0.0105227
0.00903036
0.00788276
0.0062972
0.00437551
0.00719092
0.00280841
0.00412982
0.00312809
0.0025616
0.00237379
0.00252152
0.00249393
0.00220215
0.00194142
0.00176109
0.00158246
0.00129445
0.00121028
0.000859329
0.00078248
0.000484032
0.000419054
0.000167582
0.000155245
0.000123066
8.23919e-06
7.79436e-06
2.07635e-05
3.09679e-05
1.6907e-05
0.000245054
0.000225495
0.000136734
0.000672876
0.000547441
0.00137747
0.00128735
0.000962795
0.00162586
0.00152131
0.00149441
0.0012652
0.000747546
0.000625305
0.000389677
0.000395537
0.000146689
7.8386e-05
0.000150755
7.17987e-05
3.82085e-05
4.81708e-08
4.47533e-06
1.09891e-05
1.25802e-05
1.33335e-05
9.91684e-05
9.33681e-05
0.000118616
0.000122642
0.000243479
0.000232457
0.00026234
0.000271688
0.000341335
0.000254771
0.000337041
0.000399499
0.000570948
0.000581633
0.000499175
0.000468477
0.000645025
0.000552137
0.000497284
0.000558123
0.000575041
0.000525343
0.00055999
0.000687609
0.000767639
0.000874014
0.000775813
0.000594784
0.000610633
0.000881953
0.000724052
0.00101812
0.000956086
0.00121658
0.00119711
0.00097639
0.000794662
0.000903242
0.000975621
0.00109899
0.00123683
0.00141916
0.00153935
0.00142118
0.00150114
0.00170345
0.00185137
0.00137105
0.00183884
0.00153967
0.00212468
0.00165586
0.00186714
0.00201952
0.0015712
0.00190903
0.00178551
0.00218514
0.00206342
0.00215374
0.00191868
0.00215011
0.00191808
0.00205976
0.00247483
0.00196447
0.00218049
0.00190458
0.00254787
0.00199839
0.00238264
0.00180322
0.00191525
0.00221541
0.00198337
0.0019877
0.00160526
0.00162019
0.00159933
0.00178339
0.00188518
0.00214486
0.00240155
0.00231838
0.00167408
0.00157909
0.00171604
0.00230916
0.00169235
0.0020965
0.00141257
0.00138218
0.00208734
0.00399513
0.003829
0.00373452
0.0038574
0.00374896
0.00344231
0.00341322
0.00331065
0.00307033
0.00194018
0.00311579
0.00191716
0.00186532
0.00170034
0.00170096
0.00295209
0.00177073
0.00272598
0.001665
0.00264062
0.00260458
0.00246268
0.00243899
0.00223501
0.00135995
0.00237834
0.00148506
0.00145404
0.0022234
0.00140881
0.00202021
0.00199733
0.00163227
0.00129378
0.00150949
0.00148231
0.00129291
0.00132566
0.00123808
0.00122603
0.00120222
0.00102133
0.00102939
0.00120295
0.00118455
0.00114622
0.00111447
0.00113294
0.00111106
0.00118416
0.00114207
0.00112308
0.00113515
0.00111797
0.00107446
0.00114743
0.00116312
0.00112222
0.00105045
0.00102419
0.000998998
0.000956365
0.000886512
0.000858364
0.000927422
0.00088874
0.000950309
0.000935718
0.000902056
0.000817018
0.000798016
0.000779786
0.000820729
0.000824656
0.000804217
0.000770615
0.000741266
0.000701081
0.000655631
0.000654678
0.00063228
0.000632682
0.000615577
0.000613599
0.000606126
0.000544644
0.000504528
0.000506681
0.000486827
0.000460957
0.00044515
0.000424228
0.000404502
0.000371656
0.000347882
0.000369014
0.00034842
0.000342951
0.000317961
0.000299974
0.00028856
0.000273667
0.000284287
0.000280998
0.000260241
0.000212117
0.000201929
0.000201632
0.000185317
0.000173716
0.000169656
0.000155648
0.000151872
0.000140854
0.000126747
0.000121025
8.78903e-05
8.33165e-05
7.44938e-05
9.23892e-05
9.00965e-05
8.19727e-05
6.46122e-05
6.20514e-05
6.09787e-05
5.29377e-05
5.10127e-05
4.4093e-05
3.66596e-05
3.49879e-05
2.91821e-05
1.99069e-05
1.81921e-05
1.37734e-05
1.1918e-05
1.00857e-05
4.29751e-06
3.26806e-06
6.85539e-06
6.44711e-06
5.0387e-06
2.99185e-06
2.24106e-06
1.51918e-06
1.21766e-06
2.89551e-06
2.80975e-06
1.97948e-06
1.15534e-05
1.10921e-05
9.9414e-06
1.05968e-05
9.36592e-06
8.51156e-06
8.96553e-06
8.73219e-06
7.62441e-06
7.79193e-06
7.11228e-06
5.20934e-06
5.2723e-06
5.33177e-06
5.17444e-06
4.5373e-06
7.65785e-06
7.59438e-06
7.15236e-06
5.74765e-06
5.62004e-06
4.69612e-06
6.63177e-06
6.5066e-06
6.24605e-06
7.08483e-06
5.9868e-06
4.91736e-06
4.52918e-06
6.25255e-06
5.519e-06
4.36542e-06
3.92018e-06
2.11083e-06
1.15325e-06
4.95267e-06
3.45187e-06
6.1726e-06
5.35483e-06
3.78378e-06
3.36874e-06
3.20448e-06
4.09629e-05
4.0191e-05
4.16346e-05
4.23422e-05
4.22872e-05
4.25355e-05
4.32414e-05
4.1428e-05
4.28449e-05
2.67856e-05
2.65772e-05
1.11617e-05
1.19675e-05
1.09446e-05
7.87247e-05
7.79857e-05
0.0103737
0.00939601
0.0083613
0.00738799
0.00520988
0.00482718
0.00388779
0.00359491
0.00276302
0.00258952
0.00412521
0.00375318
0.00319826
0.00299776
0.00298868
0.00279949
0.00262737
0.00247061
0.00232067
0.00229312
0.00215871
0.00212759
0.00194181
0.00180379
0.00169664
0.00157609
0.00150215
0.00143944
0.00133937
0.00127232
0.00123973
0.000953041
0.000904233
0.000799123
0.000718059
0.000656306
0.000828607
0.000833228
0.000841204
0.000859112
0.000377761
0.000333606
0.000387586
0.00037104
0.00033403
0.000267586
0.00027324
0.000169389
0.0001482
0.000118483
0.000111203
9.0338e-05
8.73815e-05
8.67663e-05
9.7427e-05
7.59287e-05
6.77858e-05
5.56228e-05
4.22222e-05
3.79617e-05
3.69733e-05
2.89674e-05
3.7171e-05
2.69354e-05
2.52341e-05
1.99567e-05
2.41733e-05
2.13288e-05
1.86738e-05
9.66444e-06
9.26696e-06
1.33328e-05
1.44163e-05
5.7815e-06
7.10012e-06
6.33886e-06
7.58471e-06
1.06777e-05
7.2038e-06
1.11682e-05
1.62487e-05
2.13776e-05
1.27386e-05
1.9047e-05
1.6925e-05
2.48219e-05
2.24719e-05
8.65104e-06
1.54316e-05
2.62205e-05
2.49024e-05
3.93622e-05
3.66981e-05
4.95654e-05
7.12566e-05
6.55484e-05
6.26461e-05
8.7023e-05
8.04592e-05
9.83621e-05
0.000135701
0.000149306
0.000200635
0.000160291
0.000215555
0.000200114
0.000203883
0.000263645
0.000236208
0.000308876
0.000287553
0.000379796
0.000364692
0.000464724
0.000425364
0.000481279
0.00060729
0.00057224
0.000505433
0.000635343
0.000631193
0.000781978
0.000756791
0.000935244
0.000886255
0.000761769
0.000882879
8.50345e-05
0.000348801
0.000118351
0.00011416
0.000133288
0.000116612
8.29124e-05
0.000102932
9.19521e-05
0.000116567
0.000133583
0.000120022
9.73344e-05
0.00011765
0.000103984
0.00010166
0.000118791
0.000105455
8.75651e-05
0.00010207
0.000107105
0.000119984
9.57797e-05
0.000110177
9.73215e-05
9.06625e-05
0.000101932
8.52359e-05
9.73108e-05
8.78169e-05
8.35779e-05
9.42542e-05
8.39992e-05
7.18835e-05
9.6424e-05
0.000102404
0.000108286
9.619e-05
7.2027e-05
7.79988e-05
7.06653e-05
6.93039e-05
7.43914e-05
6.55193e-05
6.15442e-05
6.33745e-05
6.45718e-05
6.40256e-05
5.00073e-05
5.1992e-05
4.73375e-05
4.02375e-05
3.81778e-05
3.19034e-05
0.0354389
0.0309625
0.0269203
0.0232005
0.0197567
0.0158378
0.012939
0.00977306
0.0074715
0.00531167
0.00390789
0.00261065
0.00336753
0.0027783
0.0026126
0.00137585
0.00143535
0.000541194
0.000502954
0.000110745
0.000103028
9.09168e-05
3.28801e-05
2.33722e-06
0.00016263
0.000153458
0.000155386
3.82277e-05
1.09831e-07
4.67532e-08
1.05887e-06
1.17743e-06
2.33466e-05
4.36353e-05
4.47426e-05
1.65452e-05
7.68975e-05
0.000118973
9.01334e-05
0.000216235
0.000291602
0.000353022
0.000268706
0.000314151
0.000289437
0.000369133
0.000332808
0.000519231
0.000486827
0.000522343
0.000532968
0.000570526
0.000680145
0.000761264
0.000859367
0.000852162
0.000704224
0.000925093
0.00119052
0.00114589
0.00108346
0.00128483
0.00127133
0.0013542
0.00123211
0.00140851
0.00147397
0.00150201
0.00143296
0.00155033
0.00138659
0.0015205
0.00134375
0.0013712
0.00144971
0.00131567
0.00154388
0.00143576
0.0015665
0.0013791
4.93068e-05
9.5112e-05
0.000157313
0.000264465
0.000391079
0.000577646
0.000659991
0.00075502
0.00091147
0.00085445
0.000984582
0.00107027
0.0012493
0.00122651
0.00136736
0.00153238
0.00171923
0.00154612
0.00168778
0.00173014
0.00183471
0.00179624
0.00182908
0.00183787
0.00186549
0.0019284
0.0021298
0.00215806
0.00223171
0.00212822
0.00214944
0.00226141
0.00214781
0.00216511
0.00224403
0.00228575
0.00230397
0.0024276
0.00238991
0.00240842
0.00254796
0.00256903
0.00258263
0.00273918
0.00268504
0.00284186
0.00298789
0.00298444
0.00299348
0.00312423
0.00330422
0.0034926
0.0033685
0.00349487
0.00350253
0.00331727
0.00335922
0.00321631
0.00304163
0.00306396
0.00287175
0.00281231
0.00271995
0.0026446
0.00253531
0.00250796
0.00240519
0.00243066
0.00225125
0.00216891
0.0019697
0.0018444
0.00204965
0.00201242
0.00181271
0.00174935
0.00169191
0.00165525
0.0015216
0.00164901
0.00159943
0.00129719
0.00144285
0.00126814
0.00118266
0.00105316
0.000969869
0.00098917
0.000933131
0.000860885
0.000785347
0.000738353
0.000716954
0.00063412
0.000575944
0.000506553
0.000507081
0.000487865
0.000412809
0.000399919
0.000343322
0.000292062
0.000259959
0.000229506
0.000194789
0.000146978
0.000126383
0.000102967
8.67241e-05
6.64758e-05
5.2488e-05
4.14691e-05
2.45313e-05
1.48541e-05
1.09062e-05
5.92735e-06
3.0315e-06
1.74661e-06
1.14502e-07
9.48601e-07
1.15096e-06
5.38119e-06
7.04598e-06
9.90866e-06
1.53778e-05
2.08421e-05
2.3118e-05
2.75341e-05
2.91928e-05
3.2682e-05
3.90799e-05
4.10724e-05
4.38425e-05
4.45211e-05
5.14187e-05
6.08834e-05
6.36054e-05
7.61338e-05
7.74451e-05
8.34098e-05
7.11337e-05
7.03435e-05
7.44618e-05
7.14322e-05
2.20325e-05
1.80511e-05
0.00155439
0.00178714
0.0124814
0.0161529
0.0130553
0.0113904
0.00957772
0.00787354
0.00684136
0.00544616
0.00441673
0.00412131
0.0033152
0.00371576
0.00353141
0.002866
0.00257095
0.00211237
0.00195172
0.00157826
0.00137962
0.00111152
0.000926414
0.000727382
0.000614676
0.00047223
0.000317741
0.000233946
0.000168132
0.000116108
9.7959e-05
5.56593e-05
3.55653e-05
7.17577e-05
4.77592e-05
2.02401e-05
1.11238e-05
2.09377e-05
1.14605e-05
8.58916e-06
2.67152e-06
6.49513e-07
1.62218e-07
2.09572e-06
3.66169e-06
4.35137e-06
6.07344e-06
3.04899e-06
4.47927e-06
9.75087e-06
1.05595e-05
7.43837e-06
7.76346e-06
6.83667e-06
7.97731e-06
9.82347e-06
8.92084e-06
1.41581e-05
1.36215e-05
2.04299e-05
1.91726e-05
1.88272e-05
1.66008e-05
1.63219e-05
1.22409e-05
7.74433e-06
8.51019e-06
8.1354e-06
8.96921e-06
1.18963e-05
1.22345e-05
9.26446e-06
9.86005e-06
1.00405e-05
8.58353e-06
9.31375e-06
1.0161e-05
1.33151e-05
1.04352e-05
1.03135e-05
9.16173e-06
3.8289e-06
5.88035e-06
3.05642e-07
3.24848e-08
2.10597e-11
2.93553e-07
9.78683e-07
1.52483e-05
1.66147e-05
2.61006e-06
2.47638e-05
7.44319e-06
4.12e-05
6.89494e-06
2.03323e-05
1.60531e-05
1.99365e-05
2.36292e-05
4.92363e-05
4.85864e-05
9.38068e-05
7.80549e-05
7.0722e-05
0.000173197
0.000158215
0.000255941
0.000212288
0.00017148
0.000239054
0.000195382
0.000167845
0.000545709
0.00044926
0.000182469
0.00030402
0.000243046
0.000360253
0.000474514
0.000456629
0.000621318
0.000540689
0.000802484
0.000633801
0.000558182
0.000737367
0.000666368
0.000545645
0.00145178
0.00111007
0.000524954
0.00151085
0.00112666
0.000407205
0.000642656
0.000431353
0.0380062
0.0260127
0.0154664
0.00819885
0.00349854
0.00135282
0.000449039
9.04011e-05
7.1813e-06
5.54915e-06
2.82364e-05
5.30929e-05
5.23372e-05
3.71204e-05
6.27978e-05
7.21695e-05
8.7818e-05
7.29967e-05
8.81109e-05
9.44254e-05
7.82681e-05
4.81869e-05
6.7071e-05
5.18593e-05
7.20513e-05
8.1992e-05
0.00054424
0.000387254
0.000457166
0.000294589
0.000194036
0.000175027
0.000124356
0.000124166
0.000101168
7.70868e-05
8.95468e-05
7.21913e-05
7.17086e-05
8.73535e-05
7.64553e-05
9.13471e-05
7.77455e-05
6.81295e-05
8.15867e-05
6.90945e-05
0.0169613
0.0148768
0.0132002
0.0116956
0.010084
0.00896077
0.00797912
0.00671398
0.00602174
0.00551577
0.00433789
0.00404195
0.00307379
0.00270995
0.00187504
0.00165873
0.00104418
0.00095232
0.000890529
0.000436671
0.000401412
0.000380614
6.11087e-05
5.56886e-05
8.01448e-05
2.17809e-05
2.10478e-06
2.51766e-05
2.62594e-05
0.000317491
0.000300256
0.000203083
0.000671249
0.000638129
0.00115269
0.00108728
0.000981898
0.000985838
0.000643247
0.000611847
0.000517498
0.00023381
0.000287909
0.000194623
0.000113046
6.09745e-05
8.34873e-05
3.13225e-05
2.89239e-05
9.49289e-06
3.59821e-06
6.28378e-08
5.95228e-06
9.02342e-06
2.20297e-05
5.79203e-05
6.22209e-05
7.51356e-05
5.44364e-05
9.98794e-05
0.000122897
0.000136118
7.30587e-05
0.00010684
0.000247488
0.000276067
0.000195746
0.000328449
0.000429154
0.000611606
0.000451579
0.000637426
0.000691123
0.000694241
0.000688486
0.000755671
0.000668908
0.000657698
0.000586396
0.000711355
0.000865756
0.00107118
0.000717741
0.00108801
0.00115703
0.00104876
0.0011001
0.000848027
0.00108523
0.000989791
0.00110178
0.000984557
0.00100642
0.00136626
0.0011243
0.00124563
0.0012203
0.00104588
0.00109406
0.000920938
0.00112939
0.00122518
0.00157057
0.00103362
0.00129211
0.0012759
0.00158502
0.00132152
0.00183654
0.0014567
0.00178947
0.00150839
0.00140708
0.00110963
0.00115735
0.00190288
0.00165678
0.00189549
0.00143114
0.00169785
0.00193033
0.00118149
0.00135593
0.00122936
0.00141383
0.00125788
0.00145199
0.00158847
0.00151218
0.00184008
0.00134094
0.00163061
0.00138993
0.00159346
0.00173836
0.00137342
0.00155397
0.00166765
0.00144148
0.0017337
0.00122028
0.00130634
0.00150696
0.00148725
0.00160089
0.0016993
0.00180437
0.00189644
0.00216504
0.00221119
0.00229015
0.00217948
0.00232177
0.0026384
0.00267502
0.00274915
0.00270957
0.00273974
0.00278528
0.00267016
0.00280511
0.00272009
0.00274456
0.00267258
0.00258845
0.00256082
0.00262783
0.00264717
0.00257222
0.00248276
0.0024643
0.00230494
0.00233092
0.00227338
0.00213583
0.00216392
0.00211833
0.00235554
0.00232138
0.00223414
0.0018834
0.0019122
0.00187706
0.00192454
0.00191984
0.00198499
0.00190153
0.00183062
0.00177791
0.00192224
0.00193911
0.00188974
0.00168726
0.00163878
0.0015929
0.00149843
0.00148451
0.00158447
0.00156915
0.00154104
0.00154268
0.00152487
0.00152943
0.00132651
0.00130374
0.00134005
0.00132758
0.00127828
0.00124844
0.00125352
0.00123465
0.00121769
0.00101625
0.000990858
0.00103275
0.0010247
0.000985485
0.000955337
0.000947075
0.00088101
0.000857348
0.000804716
0.00075441
0.000729683
0.000716256
0.000650895
0.000621739
0.000608167
0.00058272
0.000560532
0.000519976
0.000505987
0.000451917
0.000427714
0.000401273
0.000380331
0.000367712
0.000338531
0.000283761
0.000265925
0.000252585
0.000230867
0.000198629
0.000187346
0.000170054
0.000156836
0.000136272
0.000127666
0.000112542
9.24092e-05
8.50498e-05
7.55383e-05
7.65578e-05
4.57778e-05
4.92196e-05
4.38472e-05
3.14007e-05
2.76875e-05
2.00855e-05
2.16121e-05
1.95911e-05
1.57149e-05
7.99132e-06
6.67957e-06
4.00295e-06
1.66132e-06
1.59081e-06
4.71135e-07
2.05936e-07
2.0218e-07
4.11822e-08
1.29753e-07
3.04429e-07
2.23298e-06
2.59613e-06
3.81485e-06
4.58364e-06
4.16136e-06
4.08751e-06
5.19635e-06
1.58973e-05
9.11767e-06
0.000102922
9.77991e-05
2.29927e-05
0.00010167
0.000101325
0.000101894
9.89595e-05
9.98427e-05
9.8977e-05
9.87663e-05
9.33539e-05
9.02773e-05
9.56666e-05
9.48459e-05
9.46548e-05
8.93182e-05
8.7088e-05
8.54135e-05
8.32262e-05
7.68114e-05
7.67205e-05
6.38568e-05
7.82944e-05
8.07594e-05
1.18319e-05
1.18464e-05
1.18546e-05
1.17823e-05
1.1754e-05
1.17783e-05
1.17957e-05
1.18725e-05
1.29585e-05
1.25444e-05
1.32821e-05
1.3358e-05
1.36006e-05
0.00723241
0.00641955
0.00661813
0.0055932
0.00499707
0.00467461
0.00417191
0.00278466
0.00295813
0.00268375
0.00293759
0.00262868
0.00242991
0.00217289
0.00213505
0.00189317
0.00172571
0.00150967
0.00137013
0.00127353
0.00110645
0.000996153
0.000874108
0.000768243
0.000699695
0.000602613
0.000528973
0.000440574
0.00039067
0.000331209
0.000296558
0.00028308
0.000257857
0.000179197
0.000183121
0.000172382
0.00014888
0.000142819
0.00013111
0.000129081
0.000113634
0.000115004
0.000105665
9.24589e-05
9.25579e-05
6.57046e-05
7.31088e-05
6.77746e-05
7.50719e-05
0.00224819
0.00190339
0.00159944
0.00123113
0.000941523
0.000693475
0.000502327
0.000427026
0.000353494
0.000241617
0.000189015
0.000118183
0.000100022
8.66002e-05
4.88014e-05
5.25749e-05
2.71521e-05
1.34995e-05
3.31768e-06
2.24657e-06
7.38044e-06
8.89266e-07
6.55529e-07
2.96427e-06
1.00256e-05
9.77306e-06
4.17998e-06
1.07331e-05
9.79318e-06
2.36166e-06
8.86597e-06
9.77966e-06
1.89966e-05
5.57131e-05
6.85031e-05
5.99185e-05
4.58393e-05
3.36781e-05
3.54653e-05
3.13173e-05
2.78772e-05
2.67259e-05
0.00606335
0.00400564
0.00300421
0.00220643
0.00175809
0.00100286
0.00069282
0.000325167
0.00019773
0.000168548
0.000184542
0.000104324
0.000452143
0.000284663
0.000218453
3.22133e-08
2.79842e-06
3.01512e-06
0.000131826
0.000112292
5.5656e-05
1.97638e-06
4.96493e-07
7.99799e-07
1.24783e-07
0.000230817
0.000239861
0.000226537
0.000236646
0.000361366
0.000358423
2.68992e-06
8.63517e-08
3.93967e-07
6.15154e-06
5.92012e-06
1.66196e-05
4.8149e-07
1.54478e-06
1.62354e-06
9.60545e-06
1.22261e-05
2.50447e-05
2.23688e-05
1.32696e-06
0.000254292
0.000195674
4.0944e-06
1.27352e-05
0.00130889
0.000898837
0.00213655
0.00245884
0.00198301
0.00133629
0.000901726
0.000552252
0.000384181
0.000282301
0.00014834
8.89764e-05
3.678e-05
2.29732e-05
1.24404e-05
1.12516e-06
1.26867e-08
3.3085e-06
2.69472e-06
1.15351e-05
1.06169e-05
1.35261e-05
2.4849e-05
3.90053e-05
3.10521e-05
3.36935e-05
4.50985e-05
3.66742e-05
5.18691e-05
4.33965e-05
1.75188e-05
2.98255e-05
3.78668e-05
4.8478e-05
3.66579e-05
4.88037e-05
6.20452e-05
5.35819e-05
6.3175e-05
5.18849e-05
3.91957e-05
4.05888e-05
0.000737928
0.000509163
0.00106501
0.00181599
0.000806397
0.000592061
0.000546495
0.000104879
4.63857e-05
3.06695e-05
2.92679e-05
5.31977e-06
0.000168565
0.000406606
0.000382732
0.000190176
0.000181784
5.8169e-05
5.17303e-05
5.74904e-05
2.58951e-05
1.22411e-05
2.19308e-06
1.35572e-06
2.04339e-06
7.14146e-06
3.6162e-05
2.57425e-05
5.94683e-05
3.06282e-05
3.73106e-05
0.000119921
8.46771e-05
9.91787e-05
0.000190813
0.000229582
0.000239357
0.000347974
0.000330418
0.000389251
0.000295483
0.00059985
0.000464594
0.000510454
0.000528082
0.000637879
0.000678601
0.000590307
0.000722947
0.000517765
0.000628927
0.000717906
0.000812472
0.000838627
0.000682449
0.000772555
0.000864527
0.000732668
0.000807138
0.00076526
0.000903175
0.00101362
0.00116036
0.00112153
0.000932372
0.00113369
0.000283466
0.000336806
0.00057499
0.000517567
0.000656973
0.000675722
0.00083269
0.00093529
0.0010061
0.0010964
0.00129239
0.00145411
0.00131305
0.00143433
0.00143648
0.00148004
0.00156432
0.00160214
0.00175219
0.00186638
0.0018545
0.00197089
0.00177362
0.00179845
0.00190438
0.00208253
0.00228816
0.00222255
0.00234513
0.00243756
0.0024487
0.00271546
0.0029163
0.00275928
0.00273765
0.0028902
0.00293121
0.00299942
0.00295956
0.00301914
0.00318886
0.00319436
0.00329954
0.00329238
0.00338303
0.00329186
0.00329365
0.00332378
0.00346245
0.00296634
0.00296568
0.00289659
0.00314295
0.00310011
0.00308929
0.00271894
0.00271798
0.00274109
0.00275975
0.00272706
0.00306721
0.00293223
0.00295276
0.00254711
0.00261123
0.00250794
0.00261314
0.00262622
0.00246246
0.00235733
0.00235255
0.00220509
0.00224383
0.00211925
0.00197325
0.0018865
0.00197397
0.0018772
0.0017848
0.001637
0.00169522
0.00158628
0.00160998
0.00152694
0.00155877
0.00146603
0.00153443
0.00146228
0.00135926
0.00120679
0.00109937
0.00120658
0.0010301
0.00103217
0.000980714
0.000856997
0.000828881
0.00075703
0.00078051
0.000762717
0.000683872
0.000573019
0.000547606
0.00048134
0.00047184
0.000385725
0.000344429
0.000320692
0.000271697
0.000250909
0.000198797
0.000175484
0.000158586
0.0001294
0.000105904
8.1703e-05
6.03372e-05
4.82155e-05
3.46672e-05
2.74096e-05
2.1741e-05
1.40823e-05
5.98017e-06
2.22312e-06
3.8733e-07
1.15898e-08
3.84909e-07
1.6894e-06
4.24817e-06
7.02142e-06
1.56899e-05
1.90037e-05
2.0191e-05
2.62404e-05
2.97912e-05
3.57131e-05
3.79733e-05
4.46703e-05
5.60813e-05
5.87587e-05
6.59246e-05
7.47167e-05
7.75133e-05
8.06992e-05
8.3077e-05
9.09291e-05
9.24301e-05
9.4037e-05
0.000114237
0.000116039
0.00012523
0.000141716
0.000142761
7.39578e-05
7.45386e-05
8.39582e-05
8.38925e-05
7.11856e-05
6.51464e-05
6.31356e-05
0.000332691
2.11755e-06
0.0139836
0.0190626
0.0167227
0.0139623
0.012115
0.00427637
0.00746333
0.0107263
0.00999906
0.0069721
0.00559903
0.00701739
0.00558942
0.00480043
0.00498981
0.00401614
0.0034776
0.00353252
0.00288022
0.00250218
0.00216243
0.00179671
0.00155528
0.00131368
0.00105818
0.000904908
0.00081504
0.000628884
0.000514488
0.000396567
0.0002828
0.000236685
0.000164544
0.000129683
7.03224e-05
3.68605e-05
2.78095e-05
2.54608e-05
1.18271e-05
7.97038e-06
3.95413e-06
5.20829e-08
5.13996e-08
3.89451e-06
1.03086e-05
1.43589e-05
2.3744e-05
3.61592e-05
2.39971e-05
2.44465e-05
4.57532e-05
3.95252e-05
6.99891e-05
7.31584e-05
6.66146e-05
4.94959e-05
4.18187e-05
3.86505e-05
4.43701e-05
3.70662e-05
3.64448e-05
2.20503e-05
1.72977e-05
1.68622e-05
2.47788e-05
2.68463e-05
2.61537e-05
1.14683e-05
5.34539e-06
2.20045e-05
1.09849e-05
3.83801e-05
2.20921e-05
2.0663e-05
1.82839e-05
8.39727e-06
8.54724e-06
6.86041e-06
7.31684e-06
2.21729e-05
8.29405e-06
9.36259e-06
9.33638e-06
3.77216e-06
1.60108e-05
1.27702e-05
1.21549e-05
8.53834e-06
3.66814e-07
4.60673e-07
1.00864e-06
1.01929e-06
3.14133e-08
1.16246e-07
3.68063e-06
1.25283e-05
1.25443e-05
7.21602e-06
1.6401e-05
1.34862e-05
2.4137e-05
2.29039e-05
2.36026e-05
3.49423e-05
2.72759e-05
4.03588e-05
3.71629e-05
1.65033e-05
2.70526e-05
4.83713e-05
5.90903e-05
6.41382e-05
7.42466e-05
0.000100789
0.000111878
0.000103214
6.82486e-05
7.44769e-05
8.13148e-05
6.89507e-05
7.63088e-05
6.36934e-05
7.09498e-05
6.69855e-05
6.36705e-05
6.8306e-05
6.46771e-05
6.83305e-05
6.34634e-05
6.71928e-05
5.45393e-05
5.79101e-05
5.44547e-05
6.1109e-05
6.14991e-05
4.34367e-05
4.46857e-05
4.20292e-05
5.15874e-05
5.08817e-05
5.527e-05
5.18864e-05
4.4169e-05
4.20246e-05
4.03873e-05
5.36461e-05
4.71147e-05
3.38544e-05
2.84108e-05
2.44321e-05
2.04192e-05
1.96666e-05
1.75014e-05
1.35618e-05
9.1787e-06
1.08273e-05
7.06267e-06
4.18187e-06
1.77979e-06
1.66337e-06
3.48768e-06
1.31924e-06
2.55105e-08
1.18852e-07
5.69664e-07
1.94644e-07
2.56097e-06
4.93732e-06
1.21521e-05
6.80214e-06
5.92887e-06
5.55049e-06
4.89988e-06
4.72152e-07
6.98504e-06
6.04533e-05
3.54377e-08
0.0122976
0.00962339
0.00885119
0.00623218
0.00575939
0.00744489
0.00545085
0.00431992
0.00217273
0.00237152
0.00210123
0.00213052
0.00187256
0.00166776
0.00156343
0.00140094
0.00131399
0.00109312
0.000972315
0.000674924
0.000620053
0.000360861
0.000322953
0.000287015
0.000105462
0.000102965
4.33883e-06
5.70708e-05
5.44576e-05
2.54638e-05
0.000294434
0.000283719
0.00070511
0.000543488
0.000677853
0.00111279
0.00132166
0.00125188
0.00159408
0.00127952
0.00132608
0.000776848
0.000740288
0.000789553
0.000315862
0.000228082
0.000211266
0.000106524
5.93395e-05
5.20576e-05
6.14203e-05
2.1446e-05
2.10059e-05
1.28311e-06
6.92486e-06
2.63859e-07
8.64691e-06
3.62796e-08
7.58831e-07
3.94671e-05
3.13148e-05
4.0701e-05
7.97293e-05
9.61152e-05
6.62104e-05
0.000156624
0.000146368
0.000338105
0.000306305
0.00029496
0.000280551
0.000384078
0.00036944
0.000460781
0.000306277
0.000458143
0.000487531
0.000398371
0.000445723
0.000347476
0.000489272
0.000692791
0.00079132
0.000685571
0.00045095
0.000662898
0.000687889
0.000539674
0.000617645
0.000655769
0.00066811
0.000859478
0.000683223
0.000796003
0.000590902
0.000781152
0.00060744
0.00073006
0.000942472
0.00111079
0.00120484
0.000904501
0.00117252
0.000812364
0.0010974
0.000891534
0.00118259
0.00114893
0.000984772
0.00117027
0.00132379
0.00100914
0.00132423
0.00128371
0.0016014
0.00107139
0.001195
0.00141167
0.00120887
0.00167039
0.00145472
0.00158995
0.00117318
0.00176577
0.00123798
0.00127797
0.00140533
0.00178589
0.00148522
0.00173776
0.00151352
0.00177491
0.00185313
0.0020909
0.00213464
0.00155698
0.00175304
0.00183988
0.00128255
0.00146991
0.00157923
0.00197027
0.00148497
0.00183578
0.0020461
0.00205302
0.0015072
0.00175346
0.00219915
0.00150079
0.00171731
0.00166121
0.00185297
0.0023319
0.00231834
0.00288458
0.00176115
0.00182774
0.00264224
0.00233023
0.00229141
0.00219596
0.0021663
0.00249856
0.00244131
0.00229057
0.00229022
0.00223964
0.00224872
0.0013643
0.00121345
0.00123212
0.00200597
0.00198143
0.00207644
0.00134835
0.00118697
0.00120984
0.00117356
0.00134371
0.00121791
0.00119178
0.00116257
0.00118146
0.00116388
0.00123475
0.00124939
0.00122065
0.00106101
0.00106227
0.00114208
0.00109202
0.00091299
0.000907922
0.00107297
0.00105785
0.00101512
0.000967397
0.000993916
0.000999519
0.00101105
0.000965579
0.000879174
0.000896277
0.00088039
0.000953877
0.000969768
0.000946779
0.000891934
0.000905083
0.000889435
0.000913499
0.000887615
0.000845621
0.000842077
0.000814461
0.00079191
0.000789253
0.000742856
0.000801627
0.000808469
0.00077738
0.000742547
0.000748615
0.000717033
0.000651346
0.000611235
0.000623139
0.000595196
0.000582078
0.000618633
0.000597146
0.000540308
0.000543013
0.000507381
0.000490328
0.000468847
0.000442434
0.000385139
0.000379668
0.000358488
0.000320802
0.000304034
0.000334024
0.000306139
0.000311996
0.000295935
0.000274074
0.000226079
0.000238811
0.000225761
0.000186875
0.000174186
0.000163507
0.000157658
0.000142307
0.000134615
0.000128878
0.000121702
0.000100717
9.27438e-05
8.88719e-05
8.60048e-05
8.25631e-05
7.89724e-05
6.90196e-05
5.21023e-05
6.47175e-05
3.89526e-05
3.33456e-05
2.72472e-05
2.39822e-05
2.24981e-05
1.80935e-05
1.63791e-05
1.42551e-05
1.62867e-05
1.52184e-05
1.2419e-05
1.10396e-05
8.30033e-06
2.28677e-05
2.00433e-05
1.93385e-05
1.82286e-05
1.61637e-05
2.20986e-05
2.13744e-05
1.98144e-05
1.44069e-05
1.32535e-05
1.16403e-05
1.14861e-05
9.70858e-06
9.71109e-06
9.19767e-06
8.61231e-06
1.00822e-05
9.8016e-06
6.3951e-06
5.98163e-06
5.08097e-06
7.50184e-06
6.96395e-06
5.17326e-06
4.55547e-06
6.74911e-06
6.04951e-06
8.61472e-06
8.17693e-06
7.90207e-06
5.70631e-06
5.01454e-06
7.87989e-06
6.18021e-06
6.60626e-06
6.03505e-06
5.45708e-06
3.91554e-06
3.43918e-06
3.12596e-06
3.5197e-06
2.1246e-06
2.0335e-06
1.47421e-06
1.45145e-05
1.26169e-05
1.15342e-05
2.04329e-05
2.03682e-05
2.08657e-05
2.08908e-05
2.11353e-05
2.18112e-05
2.18386e-05
2.18614e-05
2.0017e-05
2.04159e-05
1.4276e-05
1.41713e-05
1.90649e-05
1.37315e-05
1.30193e-05
1.29712e-05
