0.00514398
0.00456161
0.00384763
0.00325732
0.00270297
0.00222418
0.00185546
0.00157245
8.20252e-05
0.000147575
0.00022708
0.000159886
0.000243529
0.000212452
0.000197172
0.00018002
0.000140293
9.44505e-05
5.66489e-05
2.72641e-05
7.55383e-08
3.14245e-05
0.000109229
0.000251902
0.00040794
0.000435967
0.000745785
0.00100732
0.00111656
0.000962394
0.000808695
0.000498114
0.000440077
0.000174625
0.000123862
6.91772e-05
2.19987e-05
3.16196e-05
1.0535e-05
6.58295e-06
2.64895e-06
3.15379e-07
8.39113e-06
2.45801e-08
4.86676e-07
1.26748e-06
3.39087e-09
5.18065e-07
4.63513e-07
2.71128e-07
6.14657e-06
2.77055e-08
8.43488e-07
2.94787e-06
6.42173e-06
1.28602e-05
1.41463e-05
4.85148e-05
3.75434e-05
4.73794e-05
9.872e-05
6.14408e-05
4.88435e-05
0.000169804
0.000284706
4.51621e-05
0.000174171
0.000347146
0.00015314
0.000264435
0.000364837
0.000853662
0.000537438
0.000784163
0.000968863
0.000911177
0.000905205
0.00062877
0.000506616
0.00127575
0.00145749
0.000610514
0.000523198
0.000838134
0.000777508
0.000725422
0.00072265
0.000692397
0.000627099
0.000789835
0.0006805
0.000659306
0.000613813
0.000607664
0.000628627
0.000496496
0.000656161
0.000599428
0.000567489
0.000495685
0.000537748
0.000447093
0.000450296
0.00052811
0.00044979
0.000344039
0.000347573
0.000301912
0.000311085
0.000317414
0.000248642
0.000296834
0.00023178
0.000200766
0.000157523
0.000157555
0.0001296
0.000110945
7.27304e-05
7.57743e-05
6.23892e-05
2.72528e-05
4.02701e-05
2.08302e-05
2.19069e-05
9.75496e-06
5.04911e-06
4.78243e-06
6.23471e-07
2.03979e-07
1.56279e-07
5.01042e-07
2.16858e-06
3.83829e-06
2.72323e-06
5.53355e-06
3.11281e-06
1.62322e-06
1.23337e-06
3.65725e-06
2.76298e-06
2.87488e-06
2.80657e-06
1.97536e-06
8.60784e-07
4.25487e-06
1.72159e-06
2.25148e-06
4.98712e-06
6.11519e-06
2.75479e-06
3.67671e-06
5.06099e-06
3.95956e-06
7.47896e-06
7.74083e-06
1.8101e-06
1.1114e-05
4.24643e-06
7.06325e-07
9.42541e-06
0.000102147
0.000104031
0.000108607
0.000110758
0.000151767
5.51192e-05
0.000418858
0.00163678
0.00312017
0.000304899
0.00216402
5.93852e-05
0.000262018
0.000304966
9.10475e-05
7.64963e-05
0.000223711
0.000194194
9.11216e-05
4.14415e-06
2.87623e-05
8.9783e-05
0.000367856
0.000737025
0.000907189
0.00144734
0.00186734
0.0022527
0.00222638
0.00199739
0.00190306
0.00160793
0.00177234
0.00139739
0.00094584
0.000652301
0.00046854
0.000506496
0.000666542
0.00083589
0.000299104
3.02632e-06
1.32005e-06
8.63388e-06
4.6226e-07
2.70894e-05
2.85883e-05
3.01839e-05
6.52986e-05
9.13916e-06
1.591e-05
1.82037e-05
9.42033e-06
2.61349e-06
3.55762e-06
1.00992e-06
3.17549e-06
8.97388e-08
1.70998e-05
2.50506e-05
1.4506e-06
4.49233e-08
9.89409e-06
9.63166e-08
4.67275e-06
0.000274755
0.000446018
0.0055721
0.00371224
0.00250885
0.00186278
0.00123416
0.000814468
0.000481986
0.000335154
0.000184247
0.000163795
6.87541e-05
0.002794
0.00286948
0.00287736
0.00262897
0.00231941
0.00239415
0.0021161
0.00192119
0.00168641
0.00131132
0.000955187
0.000510901
0.000139674
4.93198e-06
6.53212e-05
0.000611291
0.00118556
0.000922974
0.000705137
0.000560865
0.00044172
0.000435049
0.000350758
0.000254367
0.000209991
0.000148522
7.77601e-05
5.65538e-05
3.628e-05
3.60227e-07
6.81508e-07
4.19862e-06
6.89952e-05
4.39736e-05
4.73498e-05
4.51759e-05
5.8204e-05
0.000129617
0.000159512
0.000100128
0.000117469
9.1846e-05
8.52696e-05
0.000126955
1.99876e-05
0.000111657
7.61558e-05
0.000157842
0.000182066
0.000131767
0.000153591
0.000148099
0.00018671
0.000255325
0.000241035
0.000297123
0.000270613
0.000451485
0.000379596
0.000578911
0.000599315
0.000506879
0.00118109
0.00137454
0.000771103
0.000815995
0.000554558
0.000201721
0.000185914
0.000385731
0.00031023
0.000401511
0.000398127
0.000498958
0.000270372
0.000264497
0.000547348
0.000168509
0.000256884
0.00036208
0.000341957
0.000337236
0.000277267
0.000247957
0.000143914
0.000190993
0.000158331
0.000185234
0.000177793
0.000136947
0.000131048
0.000166388
0.000137178
0.000105443
8.72524e-05
7.80461e-05
8.59617e-05
8.1382e-05
7.10385e-05
6.89112e-05
5.35474e-05
4.26357e-05
3.73843e-05
3.41502e-05
3.03239e-05
2.927e-05
1.53366e-05
1.36058e-05
1.21663e-05
6.41064e-06
1.22279e-06
3.79766e-07
2.36147e-06
4.71091e-07
1.98516e-08
6.59676e-07
6.99076e-07
6.29781e-08
5.36364e-06
2.73563e-06
8.8256e-06
1.64004e-05
4.39211e-06
2.10552e-07
1.6345e-06
8.01453e-07
3.52612e-07
3.2138e-07
3.02337e-06
5.65954e-07
7.1324e-07
8.8506e-07
5.49064e-07
1.70361e-06
3.45358e-06
2.9871e-06
2.06331e-06
5.72002e-07
3.46736e-06
3.46176e-06
4.28725e-06
1.67912e-05
2.49361e-06
8.87306e-07
3.28275e-07
8.78695e-07
9.69303e-05
9.78847e-05
9.91655e-05
9.94233e-05
9.96356e-05
9.59625e-05
7.5618e-05
7.93895e-05
0.000207704
0.00104577
0.00264469
0.000286509
0.00447977
0.000622043
0.000453035
0.000379926
0.00424078
0.00350443
0.00234407
0.00160357
0.000883572
0.000392566
0.000307001
7.50197e-05
8.4716e-05
2.94193e-05
9.66012e-07
8.88598e-06
3.72825e-05
5.08536e-07
2.95093e-07
2.79522e-06
1.78993e-06
4.48687e-06
4.4883e-05
8.02397e-06
2.48916e-05
2.20496e-06
7.25853e-06
4.94328e-05
6.40911e-05
2.0714e-05
6.4076e-05
0.000161311
0.000101653
0.00220105
0.00126967
0.00338238
0.0022666
0.00171564
0.00128266
0.000641619
0.00116765
0.00171727
0.00189041
0.000945341
0.000595128
0.000614189
0.000165713
0.000388057
0.000161409
4.6455e-05
7.46272e-05
4.45783e-05
9.76211e-06
2.00466e-08
8.83869e-07
4.6037e-07
9.08522e-06
4.04613e-06
2.3721e-06
4.33421e-07
2.0796e-06
8.26812e-06
3.37922e-06
7.22324e-06
5.5106e-06
1.01576e-06
0.00395187
0.00188486
0.000850728
0.000389735
0.000136832
5.80436e-05
4.99972e-05
2.64091e-06
0.00691336
0.00640154
0.00592671
0.00544466
0.0047911
0.00407111
0.00358894
0.00216481
0.00173602
0.00108049
0.000488348
9.71765e-05
6.70401e-08
0.000173142
0.000651051
0.000603466
0.000426416
0.000365995
0.000271319
0.000278735
0.000222741
0.00016561
8.49574e-05
5.55575e-05
2.71603e-05
1.2408e-05
1.45704e-06
7.40801e-06
1.79503e-05
2.66869e-05
0.000152565
0.000127001
0.000192869
0.000197695
0.000206531
0.000224053
0.000199305
0.000240623
0.000255539
0.0002496
0.000392677
0.00025494
0.00038622
0.000395381
0.000462752
0.000559921
0.000550855
0.000642722
0.000627161
0.000580805
0.000615684
0.000697953
0.000777896
0.000713456
0.00069793
0.000909358
0.0011575
0.000738798
0.000838968
0.000793484
0.000220893
8.83834e-05
0.000149422
0.000466659
0.000436659
0.000680041
0.000905803
0.00101615
0.000589443
0.000515673
0.00112013
0.000973466
0.000554663
0.00056068
0.000492777
0.000461069
0.000434335
0.000400452
0.000460227
0.000351731
0.000432669
0.000404238
0.000498643
0.000398396
0.000421709
0.000333507
0.0003951
0.000406809
0.000355307
0.000317322
0.0002951
0.000363397
0.000382369
0.000329019
0.000368505
0.000343396
0.000321405
0.000359416
0.000270685
0.000342911
0.000238465
0.000278903
0.000232834
0.000212262
0.000222781
0.000203675
0.000184957
0.000155313
0.000114657
0.000124147
0.000110631
8.35831e-05
6.38195e-05
4.32001e-05
2.3343e-05
1.47584e-05
2.37131e-05
8.95735e-06
1.53797e-06
1.3856e-09
1.57877e-06
9.63359e-06
2.35767e-05
2.87589e-05
3.63268e-05
4.65894e-05
5.54179e-05
6.39439e-05
8.3511e-05
8.11392e-05
0.000100239
0.000105525
0.000111116
0.000119798
0.000126944
0.000127269
0.000127859
0.000137586
0.000127936
0.000130398
0.000133486
0.000132729
0.000140475
0.000142489
0.000137367
0.00013165
0.000168165
7.17256e-05
7.17363e-05
7.17354e-05
7.17315e-05
7.17356e-05
7.17163e-05
7.17176e-05
0.00143029
4.81356e-11
0.00104046
0.00512404
0.00453168
0.00411595
0.00342682
0.00281343
0.00227054
0.00148654
0.000932325
0.000671664
0.00259351
0.00350916
0.00253543
0.00217333
0.00157577
0.00113147
0.000956118
0.00050192
0.000297644
0.000320063
0.000130858
6.13432e-05
4.06076e-05
8.50106e-06
2.67839e-06
1.24066e-05
9.38719e-06
1.20831e-05
0.00198021
0.00154832
0.00108732
0.000833109
0.000532532
0.000425174
0.000215628
0.000134399
6.9706e-05
4.13659e-05
9.62222e-06
0.00212696
0.00130016
0.00104386
0.000660148
0.00032318
0.000116476
6.84486e-05
6.60335e-05
8.86636e-05
1.02316e-05
4.20086e-05
9.80899e-06
1.42013e-05
6.0882e-05
8.06388e-06
1.98657e-07
1.55272e-05
1.14754e-05
0.00310306
0.00185402
0.000946371
0.0016758
0.000753224
0.000440149
0.000246128
0.000227839
9.7464e-05
0.00870568
0.00788491
0.00735985
0.00620758
0.00560805
0.00367596
0.00277851
0.00174188
2.59606e-05
0.000196259
8.71666e-05
8.4675e-05
5.75576e-05
5.08443e-05
4.70402e-05
2.85764e-05
1.26782e-05
2.89933e-06
2.78021e-06
1.44005e-05
3.15805e-05
9.46929e-05
8.57236e-05
7.33537e-05
0.000124992
0.000126763
0.000160828
0.000116489
0.000211723
0.000280996
0.000355103
0.00047457
0.000318341
0.000301786
0.000370873
0.00044811
0.000869557
0.000916437
0.000732522
0.00112631
0.000888383
0.00075116
0.00096188
0.000662647
0.000104981
0.000199273
8.6853e-07
1.06104e-05
0.000111852
0.000207486
0.000284967
0.000395899
0.000639035
0.000714839
0.000866445
0.000942843
0.00088587
0.000863078
0.000848728
0.000915636
0.000931553
0.000927399
0.000859581
0.000847156
0.00086975
0.000911143
0.000910504
0.000959946
0.000913561
0.000947565
0.000868905
0.000869586
0.000877641
0.000785795
0.00079559
0.000797947
0.000869615
0.000815429
0.000782636
0.000780404
0.000711017
0.000620851
0.000546125
0.000459567
0.000344533
0.000302298
0.000217487
0.000141852
8.97173e-05
4.68974e-05
1.49149e-05
2.78581e-06
4.23976e-08
4.50621e-06
1.04157e-05
2.67402e-05
4.66404e-05
5.1122e-05
8.2952e-05
7.02817e-05
8.75324e-05
0.000114496
8.91454e-05
0.000123069
0.000127427
0.000111595
0.000141176
0.000132583
0.000144693
0.000155411
0.000138436
0.000133629
0.000141027
0.000175623
0.000173895
0.000166393
0.000141524
0.000174602
7.69469e-05
0.00012623
9.06481e-05
0.000166
6.03695e-05
6.03966e-05
6.0386e-05
6.03579e-05
6.02322e-05
6.0229e-05
0.000244319
0.000243944
0.00406209
0.00321349
0.0103055
0.00933884
0.00774759
0.00694897
0.00557232
0.00545905
0.00452165
0.00339856
0.00292991
0.00115819
0.000692967
0.000514349
0.000353064
0.000160295
8.71789e-05
5.75892e-06
3.11076e-06
4.56933e-07
2.12202e-06
2.93921e-05
9.15889e-05
3.33162e-05
3.74105e-05
9.91035e-05
8.15998e-05
0.000191822
6.1763e-05
6.48591e-05
1.21838e-06
2.03373e-06
0.000372517
0.000203109
0.000176799
9.18671e-05
7.37805e-06
1.00997e-09
1.72514e-06
3.7701e-06
1.7515e-05
3.73016e-06
1.82398e-05
1.02793e-05
0.00296587
0.00167428
0.0009692
0.000591514
0.000375481
0.000134565
6.40584e-05
4.64964e-05
1.07759e-05
1.43522e-05
1.611e-05
9.33872e-07
6.65232e-07
1.18444e-07
1.04771e-07
3.4924e-06
4.43213e-06
1.19988e-05
8.60266e-06
2.32496e-06
3.08435e-06
2.70134e-05
2.44144e-05
1.36056e-07
0.00677723
0.00643381
0.00560227
0.00520335
0.00450799
0.00337973
0.00269121
0.00194072
0.00107694
0.000391243
6.31489e-05
3.21581e-05
0.000249651
0.000139975
0.000130431
8.3908e-05
7.08487e-05
9.83854e-05
7.05129e-05
6.84624e-05
5.88257e-05
5.21061e-05
2.57025e-05
4.47209e-06
2.08335e-07
2.19981e-06
2.64248e-06
2.01652e-05
7.31987e-05
0.000105465
0.000108384
9.77773e-05
0.000142915
0.000125049
0.00018031
0.000158792
0.000156262
0.000106168
0.00010129
0.000188
0.000199439
0.000405782
0.000381789
0.000518705
0.000631441
0.00053712
0.000683695
0.000712093
0.000939917
0.00070083
0.000801439
0.000994643
0.00107925
0.00116524
0.00092778
0.00090098
0.00107034
4.65218e-05
0.000201284
0.000350828
0.000438154
0.000496425
0.000653361
0.000691916
0.000689355
0.000621018
0.000618216
0.000764028
0.000739034
0.000650142
0.000673132
0.000681352
0.000621253
0.000619875
0.000521599
0.00046699
0.000564624
0.000486614
0.000400396
0.00036998
0.000394467
0.000398114
0.000405647
0.000405384
0.000412692
0.00037448
0.000390529
0.000354996
0.000320952
0.000313016
0.000253428
0.00026347
0.00026613
0.000251902
0.000238216
0.000193849
0.000188552
0.000172399
0.00014858
0.000147627
0.000116741
0.00010798
6.84422e-05
6.12412e-05
3.94902e-05
3.06535e-05
2.36238e-05
6.1305e-06
5.36856e-06
1.91738e-06
1.63552e-06
4.32313e-07
6.61399e-07
2.0015e-06
1.49127e-06
1.41646e-06
2.67551e-06
5.46822e-06
7.64143e-06
1.21853e-05
1.0709e-05
1.91508e-05
1.73457e-05
2.06518e-05
1.96915e-05
2.60511e-05
2.97513e-05
2.72466e-05
2.90695e-05
6.74733e-05
3.0107e-05
6.53038e-05
6.56858e-05
6.58628e-05
6.63376e-05
6.69777e-05
6.7691e-05
6.30119e-05
0.000710387
0.00290031
0.000241077
0.000159621
0.000375544
0.000304005
0.000242134
0.000197608
0.00014057
1.15535e-06
2.94203e-05
0.00018101
9.8308e-05
0.0272004
0.0215816
0.0171682
0.0129786
0.00928047
0.00676806
0.0044305
0.00293105
0.001958
0.00122703
0.000612112
0.000588633
0.000214835
7.65409e-06
6.46505e-06
0.000322465
0.000249104
0.00019859
0.000326779
0.000230117
0.00017516
0.000302594
0.000400296
0.000121399
0.000114436
0.000156564
9.34054e-05
0.000113028
9.86868e-05
6.68406e-05
0.000202872
0.000150456
0.000164924
0.00430989
0.00364076
0.00239724
0.00225234
0.00186191
0.0015242
0.00141188
0.00108779
0.00089997
0.000841146
0.000690144
0.000664099
0.000515854
0.000534572
0.00047379
0.000556873
0.00042102
0.000432304
0.000409252
0.000313828
0.000294525
8.81544e-05
6.63839e-05
7.01957e-05
7.29921e-05
0.000111105
0.000104304
6.79477e-05
1.96598e-06
6.7419e-05
0.000139946
0.000278548
0.000370267
0.000350695
0.000270126
4.00648e-06
6.13903e-05
0.000322333
0.00101136
0.00136341
0.000972339
0.000632492
0.000381593
0.000400578
0.000287175
0.000201483
0.000132242
7.03195e-05
9.16515e-05
6.06607e-05
4.42483e-05
5.63329e-06
2.39228e-09
3.59455e-05
6.33591e-05
0.000115115
8.2e-05
0.000181704
0.000155694
0.000242936
0.000189363
0.00013037
0.000111835
0.000141307
0.000147581
6.591e-05
5.55776e-05
0.000121996
0.000225613
0.000372878
0.00035812
0.00052235
0.000459485
0.000493469
0.000612552
0.000490747
0.000485177
0.000512321
0.000727529
0.00046798
0.000533472
0.000836591
0.000562887
0.000725283
0.00085456
0.000425972
0.000565009
0.000771025
0.000550389
2.29717e-05
0.000196275
0.000218802
0.000197004
0.000246234
0.000230698
0.000227908
0.000156083
0.00017363
0.000187625
0.000102235
9.14392e-05
0.00012927
0.0001563
0.000148749
0.000161737
0.000188387
0.000161286
0.000179821
0.000192061
0.000185042
0.000166944
0.000110523
0.000106084
9.68201e-05
9.20219e-05
9.12614e-05
0.000105904
0.000108456
8.21341e-05
7.61916e-05
5.87052e-05
5.62174e-05
4.80998e-05
5.56645e-05
3.67946e-05
2.81021e-05
4.62033e-05
2.4819e-05
2.93495e-05
2.53543e-05
2.3416e-05
1.0448e-05
9.37047e-06
2.02326e-06
5.67778e-07
5.85823e-07
3.42675e-06
7.52822e-07
1.14689e-05
4.79961e-06
6.385e-06
2.09001e-05
1.20809e-05
1.40661e-05
4.00084e-05
4.59966e-05
2.11037e-05
3.7326e-05
2.59019e-05
9.65002e-06
8.75382e-06
9.98658e-06
8.18618e-06
8.85447e-06
5.64162e-06
9.90521e-06
4.12507e-06
7.09439e-06
7.51943e-06
1.98306e-06
4.19862e-06
4.91232e-06
5.90489e-06
6.57944e-06
7.79488e-09
8.10738e-07
8.71397e-05
8.98505e-05
9.16086e-05
9.43105e-05
9.63688e-05
9.16641e-05
7.23559e-05
7.24468e-05
0.00185798
8.90656e-05
0.00277476
0.00805511
0.00703843
0.00686647
0.00603286
0.0045348
0.00318556
0.00279789
0.00161215
0.000996873
0.000781714
0.000356611
0.00026693
0.000111699
0.000130867
8.9145e-05
2.88173e-06
1.01331e-08
1.43823e-06
9.88169e-07
1.59311e-05
1.92465e-05
2.38564e-05
0.000122597
6.29681e-06
1.63982e-05
4.19134e-06
1.83575e-05
2.09196e-05
0.000107778
6.55296e-05
7.51882e-05
0.00401774
0.0024812
0.00184375
0.00100645
0.00359275
0.00247879
0.0013435
0.00152426
0.00144756
0.00146246
0.00495462
0.00424337
0.00430495
0.0027351
0.00109116
0.000554151
0.0007793
0.000540323
0.000120065
0.000134834
6.5039e-06
1.11719e-07
0.00045281
0.000615288
0.000751231
0.000623493
0.000330637
0.000371901
0.0003272
0.000149291
0.000171809
0.00110396
0.0200209
0.0124925
0.00701264
0.00353359
0.00164263
0.000852818
0.000281645
0.000149008
6.24435e-05
0.00879299
0.00815325
0.00771364
0.00711462
0.00618469
0.00554672
0.0049029
0.00400963
0.00315339
0.00241992
0.00141114
0.000659592
0.000654957
0.000196271
6.45608e-06
0.000118056
0.000522105
0.000422932
0.000274584
0.000273552
0.000243775
0.000166287
0.000143125
7.84464e-05
3.94525e-05
2.85672e-05
4.71655e-06
1.74826e-06
1.14018e-06
2.05948e-05
4.43501e-05
9.50811e-05
0.000111713
0.000176957
0.000144448
0.000216561
0.000232452
0.000305996
0.000272365
0.000321211
0.00022286
0.000318456
0.000263881
0.000445884
0.000464526
0.000444352
0.000424034
0.000507303
0.000523753
0.00054419
0.000580405
0.000573347
0.000538284
0.000583926
0.000799767
0.00090871
0.00113105
0.000823012
0.000983333
0.00136328
0.000833738
0.000477281
0.000262667
0.000179691
0.000575457
0.000600852
0.000817642
0.000962354
0.0010106
0.00130539
0.00108369
0.000307138
0.000348233
0.000382261
0.000429373
0.000459585
0.00038841
0.000396478
0.000506028
0.000484377
0.000505047
0.000433049
0.000587579
0.000501434
0.000639696
0.000530334
0.000604164
0.000485928
0.000584148
0.00057643
0.000576815
0.000634125
0.000532943
0.000558018
0.000532013
0.000577591
0.000544701
0.000615103
0.00059171
0.0005047
0.000593076
0.000495062
0.000443388
0.000475814
0.000457525
0.00040691
0.000380073
0.000373791
0.000397259
0.000362656
0.000326447
0.000284773
0.000283112
0.000262825
0.000229448
0.000215078
0.000202996
0.000131928
0.00010287
8.63124e-05
6.06849e-05
4.83577e-05
2.95855e-05
1.78017e-05
1.22796e-05
3.62791e-06
3.70947e-06
3.419e-07
2.10697e-06
5.92127e-06
1.15445e-05
1.70957e-05
2.63098e-05
2.93236e-05
4.04573e-05
4.61153e-05
5.54094e-05
5.58046e-05
6.0678e-05
6.68679e-05
6.83851e-05
7.81088e-05
7.63492e-05
8.46869e-05
7.3514e-05
8.3075e-05
8.61691e-05
8.62826e-05
8.34053e-05
8.26136e-05
0.000128133
8.21191e-05
7.77657e-05
7.0684e-05
7.09945e-05
7.09939e-05
7.06938e-05
7.06917e-05
7.06705e-05
0.000100901
0.00384075
0.000484565
0.000824744
0.00205927
0.00234332
0.00234294
0.0019084
0.00144015
0.00122967
0.000884629
0.000495015
0.000263209
8.41003e-05
5.16111e-05
3.381e-09
4.30376e-05
0.000937376
0.000703357
0.000129336
0.000482537
0.000357941
0.000274026
0.000104795
1.45659e-05
1.25761e-05
2.24749e-06
3.16032e-07
2.70461e-05
2.64856e-05
3.55392e-05
0.000130624
3.51695e-05
4.56727e-05
0.000140743
8.43101e-05
0.000102663
0.00181552
0.00109117
0.00104285
0.000781276
0.000583274
0.000563478
0.000295423
0.000212212
0.000171886
7.64119e-05
0.00193991
0.00121057
0.000864837
0.000703266
0.000333758
0.000204633
0.000152014
7.8053e-05
1.86755e-05
9.49514e-06
7.90679e-06
1.97975e-06
2.35072e-06
1.84184e-06
2.91904e-06
1.00196e-06
4.01913e-06
8.62436e-06
1.2957e-08
5.14613e-06
4.50395e-05
9.20604e-07
2.18263e-06
2.16e-07
1.25121e-05
0.00294266
0.00172124
0.000850033
0.000745863
0.000911227
0.000490687
0.00026231
0.000144975
8.60883e-05
7.44494e-05
0.00798419
0.00712115
0.00654104
0.00563292
0.00446218
0.00360854
0.00251404
0.00160977
0.00123269
0.00129971
0.000500245
3.10591e-06
4.28753e-05
0.000395708
0.000288229
0.000175588
0.000163661
0.000112876
0.000124581
9.16461e-05
7.41993e-05
6.61517e-05
3.09049e-05
3.9086e-05
1.90482e-05
1.01036e-06
4.16332e-05
2.16201e-05
1.73857e-05
2.94309e-05
5.36828e-05
8.46015e-05
0.000229871
0.000229804
0.000237561
0.000222793
0.000233158
0.000247806
0.00027812
0.000159406
0.000234424
0.000282905
0.000229677
0.00028189
0.000308484
0.000371819
0.000556724
0.000426419
0.000619436
0.0006693
0.000605993
0.000598344
0.000651509
0.000898175
0.000570989
0.000516463
0.000543531
0.000438546
8.37953e-05
8.07484e-06
0.000497285
1.8362e-05
8.06265e-05
0.00018577
0.00026422
0.000457163
0.000459172
0.000654426
0.000792526
0.000822338
0.00094575
0.000888193
0.0009154
0.000798458
0.000876911
0.000882298
0.000881407
0.000874396
0.000893841
0.000869106
0.000851382
0.00087954
0.000843153
0.00084931
0.000880827
0.000851733
0.000772548
0.000932976
0.000721237
0.000749018
0.000685253
0.000672444
0.000635138
0.00062052
0.000535625
0.000470648
0.000431988
0.000402924
0.000367148
0.000262112
0.00022601
0.000176082
0.000125158
9.66427e-05
6.58189e-05
4.39256e-05
2.0517e-05
2.53772e-06
3.52403e-07
2.32851e-06
1.78881e-05
1.69327e-05
2.66706e-05
4.29184e-05
5.40668e-05
6.11842e-05
8.77361e-05
6.51503e-05
9.34824e-05
0.000110219
0.000101286
0.000128466
0.000111846
0.000135717
0.000149424
0.000116856
0.000145862
0.000137685
0.000146343
0.000158565
0.000182853
0.000147523
9.57362e-05
9.27945e-05
8.13702e-05
8.71331e-05
8.89366e-05
9.67792e-05
9.53442e-05
6.86368e-05
6.86404e-05
6.86372e-05
6.85638e-05
6.84371e-05
6.84292e-05
6.84219e-05
0.000198456
0.00133444
0.00405781
0.00956227
0.0102973
0.00885375
0.00681489
0.0069774
0.00507081
0.00441182
0.00347335
0.00228882
0.00148821
0.000815595
0.000575201
0.000208648
0.000306205
0.000202503
1.13891e-05
1.64297e-06
1.65865e-05
7.06517e-05
6.21953e-05
4.8734e-05
0.000150574
0.000130086
3.64234e-05
5.36579e-05
2.11378e-05
2.72071e-05
4.20584e-05
2.36083e-05
5.298e-05
5.46548e-05
5.34072e-05
7.19194e-05
2.30539e-05
9.48372e-05
1.17165e-05
0.000239293
0.000262466
0.000164233
0.000141671
5.62308e-05
9.27649e-06
3.38555e-06
1.84943e-06
3.91785e-06
4.29043e-06
3.89537e-06
7.40401e-07
6.52655e-09
0.00278641
0.00164752
0.00103799
0.000674125
0.000305635
0.000209887
0.00010009
3.90644e-05
7.43249e-05
2.96863e-05
5.1695e-05
2.2994e-05
1.16914e-06
4.80431e-07
7.69224e-07
4.18386e-06
4.0598e-06
8.79607e-07
3.04427e-06
7.47245e-07
3.22257e-06
1.01101e-07
1.01519e-07
4.36659e-07
1.24238e-06
0.00613066
0.00580103
0.00551508
0.00478068
0.00396168
0.00284473
0.00235725
0.0013229
0.000680553
0.000283585
1.61764e-05
0.000130725
0.000343602
0.000194513
0.000152227
0.000155774
0.000134601
9.75503e-05
0.000102009
8.72225e-05
5.89497e-05
6.12496e-05
6.8287e-05
4.58251e-05
3.53784e-05
5.20735e-07
1.26996e-06
9.23532e-07
1.26976e-05
3.48631e-06
4.16677e-05
3.4411e-05
1.1643e-05
8.10003e-05
1.45818e-05
4.01765e-05
5.68436e-05
0.000124474
0.000125084
0.000111225
9.29664e-05
6.50342e-05
7.85438e-05
4.48601e-05
0.000138625
0.000158352
0.000227954
0.00019624
0.000336232
0.000388898
0.000383168
0.000429392
0.000370995
0.000533675
0.000436225
0.000335382
0.000377506
0.000347601
2.21736e-05
4.79054e-05
0.000233323
0.000163053
0.000263664
0.000282558
0.000400838
0.000570826
0.000578859
0.0006547
0.00077956
0.000734917
0.000707357
0.00065134
0.000646511
0.000618487
0.000574827
0.000629122
0.000542108
0.000563897
0.00049427
0.00058766
0.000515131
0.000525445
0.000627203
0.000517777
0.000554491
0.000499721
0.000477896
0.000401552
0.000489111
0.00043344
0.000377479
0.000306946
0.000348231
0.000309706
0.000283593
0.000260172
0.000243887
0.000189098
0.000173931
0.000142328
0.000149252
0.000124734
8.21519e-05
6.73121e-05
5.14845e-05
3.74603e-05
1.88418e-05
1.32338e-05
6.29596e-06
2.91208e-06
1.94702e-08
1.33875e-06
6.8546e-07
7.29181e-06
1.10901e-05
1.4407e-05
2.23008e-05
2.75844e-05
2.72433e-05
4.03709e-05
4.10374e-05
4.32179e-05
5.20223e-05
5.85718e-05
5.64905e-05
6.79213e-05
5.45967e-05
5.83936e-05
4.96766e-05
3.72394e-05
6.83657e-05
5.53342e-05
6.22782e-05
6.30277e-05
7.75586e-05
7.87431e-05
7.91083e-05
7.93803e-05
8.05658e-05
8.04115e-05
7.20648e-05
0.000125012
0.000125428
0.0027735
0.00230248
0.00147812
0.0216644
0.0240346
0.0202519
0.0170623
0.0152557
0.0140049
0.0119339
0.00925922
0.00659525
0.00515494
0.00291473
0.00203545
0.00129417
0.000863957
0.000391175
0.00026776
0.000135458
6.60388e-05
3.59482e-05
3.98368e-05
0.000124955
4.91977e-05
6.26106e-05
0.000101347
8.04121e-05
7.06907e-05
0.000140322
1.84666e-05
1.75332e-05
4.18293e-05
4.34945e-05
3.81309e-05
4.81766e-05
3.69098e-05
0.000107243
0.000114146
5.71183e-05
0.000143036
0.00118226
0.00164775
0.00140218
0.00132263
0.00107347
0.00093448
0.000553302
0.000500416
0.000707877
0.000526419
0.000518178
0.000570374
0.000539228
0.000411017
0.000505609
0.000487357
0.000403855
0.000445343
0.000412382
0.000370771
0.000320085
0.000421037
0.000344478
0.0002945
0.000288762
0.000253216
0.000351947
0.00026603
0.00024945
0.000243477
0.000299594
0.000253683
0.000246531
0.000180041
0.00013169
0.000271718
0.00040837
0.000387949
0.000313338
0.000195038
7.87514e-05
4.00957e-05
3.03342e-06
0.000140094
0.00115866
0.00122006
0.000818286
0.000593869
0.000531658
0.000416597
0.000299839
0.00019134
0.000132705
7.31651e-05
2.19805e-05
4.4127e-05
2.00632e-05
3.97185e-06
2.19169e-06
8.86523e-10
1.34048e-05
1.50568e-05
2.84943e-05
1.74878e-05
3.20459e-06
1.61394e-05
4.67797e-06
7.17924e-07
1.80495e-07
4.24084e-06
3.58855e-05
7.53119e-05
2.69447e-05
0.000142869
0.00013341
0.000249653
0.000264865
0.000186937
0.000363788
0.00048098
0.000275868
0.00044125
0.000410921
0.000406811
0.00035991
0.000477878
0.000836936
0.000483795
0.00059781
0.000788656
0.000629458
0.000352815
0.000354202
0.00102536
0.001003
0.000111629
0.000122847
7.55767e-05
7.35348e-05
0.000104286
0.000157288
0.000181279
0.00015293
0.000203556
0.000218601
0.000205743
0.000229435
0.000297063
0.000251458
0.000275061
0.00023485
0.000256691
0.000251348
0.000263152
0.000276385
0.000331884
0.000305843
0.000255026
0.00032627
0.00025997
0.000256796
0.000231613
0.000236984
0.000240611
0.000264197
0.000216347
0.000290673
0.000202617
0.000162995
0.000141852
0.000154611
0.000140263
9.81197e-05
7.76133e-05
6.32851e-05
5.23252e-05
4.78829e-05
4.33761e-05
3.02575e-05
3.08267e-05
1.86321e-05
1.95098e-05
4.50378e-06
6.02004e-06
9.0282e-06
7.62093e-07
2.84381e-06
4.61716e-08
5.12181e-07
1.19003e-06
2.75866e-06
8.33544e-06
1.2232e-05
3.86364e-06
1.30007e-05
1.51009e-05
1.91485e-05
7.56011e-06
2.87296e-05
1.10366e-05
3.01847e-05
9.31318e-06
5.3471e-06
3.33085e-05
1.23513e-05
1.43443e-05
5.39941e-06
5.61412e-06
1.39314e-05
2.46753e-05
5.11994e-06
3.6939e-05
1.26671e-05
2.03687e-06
7.41463e-05
7.60462e-05
7.62596e-05
7.36383e-05
7.6357e-05
7.40214e-05
7.73063e-05
7.78888e-05
8.37942e-05
0.00280332
0.00282232
0.00403699
5.67547e-06
0.00686619
0.00562112
0.00465488
0.0041196
0.00414768
0.00395795
0.0031906
0.00287838
0.00193146
0.00140178
0.000813286
0.000687307
0.000284109
0.00014844
0.000101842
0.000165962
5.06391e-05
5.77895e-05
9.09694e-07
2.20691e-06
5.93149e-05
9.60713e-05
1.67702e-05
5.21029e-05
0.000222403
0.000122146
0.000135001
3.15176e-05
0.000146559
0.000153368
0.000295439
0.000289859
0.00176658
0.00202824
0.0011662
0.000628477
0.00191508
0.001746
0.000692611
0.00046398
0.00025385
0.000531381
0.000225596
0.000148627
0.000200186
5.50465e-05
3.18814e-05
3.20847e-05
1.87017e-05
3.19107e-06
1.02914e-05
1.47566e-06
4.08497e-06
1.70538e-05
1.00146e-05
5.45988e-05
2.59222e-05
0.012007
0.00733
0.00139302
0.0049798
0.00265644
0.00158123
0.000702916
0.000294149
8.44742e-05
3.67198e-05
4.79559e-05
7.56917e-06
2.6909e-06
1.17277e-05
3.20484e-07
0.00870775
0.00816129
0.0077352
0.00688662
0.00601439
0.00527635
0.00463373
0.00379876
0.00251572
0.00195731
0.00128829
0.00119245
0.000644399
0.00011601
5.26831e-06
0.00022733
0.000620533
0.000343094
0.000291336
0.00023488
0.000221274
0.0001766
0.000117288
8.80561e-05
5.56151e-05
5.04711e-05
1.17054e-05
3.6016e-07
3.11376e-08
1.2718e-05
2.59972e-05
6.48575e-05
8.49723e-05
0.000115453
0.00017029
0.000191934
0.000192625
0.000230648
0.000176375
0.000263171
0.000401183
0.000344025
0.00041261
0.000358876
0.000272684
0.000276318
0.000399193
0.00041815
0.000457082
0.000671598
0.000893959
0.000727558
0.000935842
0.000766597
0.00112344
0.000840857
0.000680172
0.000423634
0.000387855
0.000332473
0.000443287
0.000650369
0.000967246
0.000862749
0.000494719
0.00068962
0.000935469
0.00109927
0.000908582
0.000970666
0.000391486
0.000425746
0.000417075
0.000455447
0.000429074
0.000443488
0.000474116
0.000459398
0.000505817
0.000540048
0.000506733
0.00048976
0.000561392
0.000423432
0.000555264
0.000556929
0.000539935
0.000586121
0.0005406
0.000615094
0.000555936
0.000435934
0.000564898
0.00059986
0.000595551
0.000501507
0.000513743
0.000470612
0.000595255
0.000483057
0.000492242
0.000451158
0.000438942
0.000471387
0.000451377
0.00046858
0.000427282
0.000405171
0.000306158
0.000312478
0.00027757
0.000207035
0.000241
0.000178993
0.00014349
0.000121694
0.000113869
9.47623e-05
8.03323e-05
5.31187e-05
3.47782e-05
3.68171e-05
1.31053e-05
8.30092e-06
1.69091e-06
1.10764e-08
5.1257e-07
3.1805e-06
6.9799e-06
9.9737e-06
1.63674e-05
3.22693e-05
3.77535e-05
4.46306e-05
5.0524e-05
5.73679e-05
6.39578e-05
8.41341e-05
8.21546e-05
8.62207e-05
9.26808e-05
9.3793e-05
9.38531e-05
9.5056e-05
9.89952e-05
0.00010557
0.000104831
0.00010358
0.000107029
0.000107123
0.000107535
0.000152341
7.76124e-05
7.67212e-05
7.66913e-05
7.77452e-05
7.6849e-05
7.67894e-05
7.4419e-05
8.98771e-05
0.00317441
0.000283739
7.84206e-05
0.00179794
0.00275922
0.00282636
0.00246475
0.00168046
0.00140025
0.000901239
0.000518142
0.000215467
0.00013835
3.31429e-05
8.16845e-06
0.00178454
0.00104276
0.000616568
0.000572732
0.0004093
0.000301436
0.000216812
8.8552e-05
2.61244e-05
1.58474e-05
2.89553e-06
6.59469e-06
7.63265e-06
1.66415e-07
8.51102e-07
2.42548e-05
3.92319e-06
3.0172e-06
6.23632e-05
5.85477e-09
0.00222172
0.00135708
0.000961789
0.000917074
0.000670506
0.000485056
0.000172774
0.000211693
4.21446e-05
1.36441e-05
0.000143357
0.000187933
7.43197e-05
0.000153374
0.000146436
0.000400381
0.00016653
0.000251731
4.52362e-05
0.000230352
0.000181976
0.000284531
0.000267678
0.000197306
0.000285043
0.000180815
0.000229966
0.000215629
0.000194507
5.14089e-05
5.85743e-05
0.000140776
0.000203008
0.000184349
0.000195801
4.34312e-05
0.000216478
0.000203565
0.000202071
2.58233e-10
9.98016e-07
1.00343e-06
0.0198735
0.00130377
0.00140889
0.00151547
0.00141526
0.00111563
0.000923436
0.000816995
0.000654931
0.000211935
0.000146618
2.15766e-06
8.62015e-05
0.000454133
0.00111847
0.000684645
0.000489323
0.00040157
0.000379121
0.000248296
0.00021129
0.000112869
7.75481e-05
3.88417e-05
6.68316e-06
1.01609e-06
1.96275e-06
4.88157e-06
3.92697e-06
4.14246e-05
3.89947e-05
0.000139038
0.000119555
0.000131647
0.000191664
0.000157728
0.000145549
0.000227143
0.000151526
0.000195816
0.000161569
0.000162472
0.000305268
0.000221139
0.000333812
0.000474638
0.000507891
0.0006348
0.000741194
0.000771975
0.000845119
0.00101441
0.000814129
0.000765696
0.000722482
0.000658024
0.000391591
0.000335036
0.000756924
0.000565329
0.000744428
0.000687293
7.27229e-05
1.51099e-06
6.05654e-06
7.60794e-05
0.000226311
0.000320837
0.000364195
0.000454206
0.000427741
0.000422284
0.000493603
0.000572215
0.000597103
0.000510839
0.000554789
0.000586443
0.000611931
0.000699671
0.000566886
0.00047246
0.000661397
0.000682158
0.000589649
0.000590936
0.00063301
0.000801315
0.000580096
0.00056993
0.000603451
0.000593633
0.000594533
0.000466396
0.000523024
0.00046535
0.000360932
0.000369814
0.000350359
0.000266866
0.000211141
0.000194675
0.000111714
7.64965e-05
5.5577e-05
1.97911e-05
7.31407e-06
3.65937e-07
1.07101e-08
1.14962e-06
1.23619e-05
3.08565e-05
2.32732e-05
5.16777e-05
6.0259e-05
5.65575e-05
7.68759e-05
6.70371e-05
8.91764e-05
0.000106773
9.83495e-05
0.000125728
0.000113325
0.000126186
0.000137656
0.000133675
0.00011916
0.000146033
0.000122324
7.86639e-05
6.39773e-05
6.78597e-05
7.86159e-05
7.95431e-05
8.35764e-05
9.00816e-05
8.78172e-05
0.000111175
7.55087e-05
7.55106e-05
7.55142e-05
7.54964e-05
7.54336e-05
7.53484e-05
7.52816e-05
0.000234811
0.00160452
0.00204285
0.0114316
0.008057
0.00694835
0.00849567
0.00535895
0.00518838
0.0037982
0.0029027
0.00203612
0.00144517
0.00105683
0.000380034
0.00013116
0.000118607
8.4406e-05
1.95263e-05
1.27273e-07
8.81089e-06
0.000121589
0.000116104
4.42341e-05
7.07016e-06
9.27951e-05
5.43078e-05
7.30583e-05
6.96708e-05
0.000132825
0.00025578
5.32253e-05
0.000236215
6.91892e-05
6.47644e-05
5.9494e-06
6.38633e-05
0.00030823
0.000227595
0.000198305
8.17136e-05
5.5108e-05
6.37527e-06
2.90393e-05
1.16161e-05
1.35141e-05
6.09933e-07
6.79349e-06
0.001191
0.000695982
0.000448137
0.000332898
0.000144155
9.20167e-05
6.09933e-05
2.61839e-05
1.75606e-06
8.39377e-06
4.0883e-06
4.48184e-06
2.18807e-07
7.77986e-07
1.79355e-06
1.65121e-06
3.99636e-06
9.14277e-07
2.18173e-05
1.15574e-06
8.97437e-06
6.2478e-06
5.37331e-06
1.51888e-06
1.53956e-05
0.00408718
0.00399982
0.00397308
0.00361756
0.00291568
0.00258131
0.00170453
0.00106938
0.000713144
0.000160958
1.67281e-06
0.000106392
0.0005475
0.000614431
0.000386816
0.000268107
0.000214224
0.000150625
0.000114397
7.00547e-05
4.09555e-05
6.29267e-05
1.30176e-05
2.25564e-06
9.53853e-07
6.06592e-06
2.12327e-05
6.41808e-05
9.23283e-05
0.000108786
0.000142602
9.22984e-05
8.21335e-05
0.000185656
0.00029331
0.000250307
0.000219869
0.000184438
0.00023532
0.00019934
0.000265164
0.000166545
0.000298059
0.00050094
0.000557527
0.000424565
0.000464436
0.000475566
0.000544731
0.000492018
0.000541006
0.000437765
0.0005364
0.000547698
0.000407861
8.84539e-05
0.000855192
0.000202525
0.000191299
0.000299217
0.000351676
0.000390075
0.00039792
0.000478853
0.000432997
0.000349933
0.000418339
0.000349492
0.000323842
0.000385094
0.000398376
0.000453372
0.000383976
0.000505294
0.000399545
0.000396657
0.000367731
0.000386148
0.000397341
0.00037659
0.000420057
0.000376891
0.000350897
0.000401501
0.000344027
0.00030177
0.000287401
0.000218884
0.000249113
0.000210542
0.000186198
0.000168306
0.000191066
0.000187136
0.000118752
0.000124131
9.14491e-05
9.76178e-05
7.00568e-05
4.38781e-05
4.67422e-05
1.10359e-05
1.4691e-05
5.87404e-06
2.61171e-06
1.91385e-06
5.07434e-08
1.26576e-06
2.56746e-06
9.8349e-06
1.49696e-05
1.34992e-05
3.08245e-05
3.31891e-05
3.92182e-05
5.18171e-05
5.45763e-05
6.48088e-05
6.20712e-05
6.99645e-05
7.42538e-05
7.24719e-05
7.25544e-05
7.39417e-05
8.94096e-05
8.84236e-05
9.10304e-05
8.59114e-05
8.46052e-05
8.11839e-05
7.18556e-05
7.91621e-05
7.92253e-05
7.93313e-05
7.93862e-05
7.96358e-05
7.99732e-05
7.99405e-05
7.6816e-05
0.00126969
0.00123049
0.000127871
0.0288389
0.0187739
0.0162551
0.013306
0.0137522
0.0143622
0.0132786
0.0121424
0.0100319
0.0079474
0.00565833
0.0041362
0.00246966
0.00169228
0.000812636
0.000454114
0.000207551
0.000124172
0.00013563
2.54885e-05
1.46211e-05
5.01656e-05
3.27245e-05
0.000117767
0.000111945
0.000155342
0.000133437
0.000120211
6.50541e-05
5.20371e-05
0.000125128
6.40611e-05
3.69901e-05
7.14484e-05
8.76236e-05
7.38799e-05
7.77284e-05
9.87772e-05
0.000111561
1.96032e-05
0.000112354
0.000103782
3.44861e-05
3.47257e-05
0.00149745
0.00136706
0.00117077
0.00122744
0.00121331
0.0010832
0.00112771
0.00097658
0.000959472
0.000888413
0.000770597
0.000740432
0.000655129
0.000646876
0.00049617
0.000524863
0.000639375
0.000526849
0.000458211
0.00043513
0.000403314
0.000326389
0.000382985
0.000377317
0.000265855
0.00024185
0.000221787
0.000257957
0.000436505
0.000201274
0.000201159
1.62588e-06
6.41933e-05
0.000338382
0.000809257
0.00142656
0.00130794
0.000712874
0.000718567
0.000463797
0.0002797
0.000273113
0.000202427
0.000120486
8.54542e-05
2.76775e-05
1.10873e-05
1.71057e-05
1.45266e-07
8.83546e-06
4.62537e-05
2.96416e-05
2.53016e-06
4.25943e-06
3.10063e-06
3.01584e-05
1.67609e-05
2.63484e-05
7.75611e-05
3.20952e-05
0.000106829
4.9491e-05
0.000250985
0.000269772
0.000323616
0.000336208
0.000373921
0.000329613
0.000312557
0.000405923
0.000418411
0.000584866
0.000805602
0.000630445
0.000577441
0.000490884
0.000374746
0.000632386
0.000708013
0.000755143
0.0007922
0.000997063
0.000528845
0.00048666
0.000458099
0.000387077
0.000460472
0.000378585
0.000441093
0.000417028
0.000364209
0.00037311
0.000333634
0.000274319
0.000313801
0.000302834
0.000294519
0.000271176
0.000276263
0.000285757
0.000190424
0.000264927
0.000196946
0.000240008
0.000240742
0.000228092
0.000186533
0.000188337
0.000130016
0.000105167
0.000140306
0.000124969
0.000114089
0.000142824
0.000144907
9.98814e-05
8.85393e-05
8.81913e-05
9.23403e-05
5.32802e-05
4.30652e-05
6.21531e-05
4.59553e-05
4.91285e-05
3.85875e-05
4.62605e-05
3.85138e-05
1.21146e-05
1.29371e-05
1.20954e-05
6.00541e-06
7.65328e-07
3.9963e-06
1.35796e-06
1.04437e-06
2.65148e-06
2.75899e-07
5.851e-07
6.87018e-08
1.056e-09
3.93077e-08
4.0454e-07
6.73627e-07
8.33043e-07
1.21553e-06
1.80694e-06
2.14187e-06
1.01673e-05
1.19088e-05
1.0821e-05
1.32142e-05
1.32002e-05
2.05589e-05
2.61335e-05
3.98237e-05
2.64128e-05
2.96047e-06
9.24397e-06
2.63258e-05
3.09254e-05
1.78177e-05
1.86082e-05
4.66839e-05
3.31461e-05
7.66146e-05
0.000140583
0.00232374
0.00225608
0.00246673
0.00262777
0.00338869
0.00012092
0.000127966
0.00013356
0.000138785
0.000718749
0.00368017
0.000240198
0.00217528
0.00175785
0.00172985
0.00137933
0.00091084
0.000699698
0.000371291
7.42683e-05
1.89413e-05
1.08847e-05
2.99525e-07
2.70292e-05
2.09418e-05
2.11821e-05
2.76103e-05
7.76664e-05
9.66743e-05
0.000127776
0.000246435
0.000414571
0.000152906
0.000322451
0.000379578
0.000285656
0.000247372
0.000200066
0.000373985
0.000270107
0.000363181
0.00123531
0.000546596
0.000558726
0.00102757
0.000518627
0.000344801
0.00046897
0.000164728
0.00029345
0.000134275
4.91496e-05
3.25108e-05
9.66015e-06
9.70372e-06
2.70639e-06
3.61539e-05
1.33797e-05
1.23639e-06
2.82079e-06
3.43731e-06
7.55913e-06
1.15114e-05
6.34789e-05
5.37466e-06
9.94011e-06
9.32596e-06
1.16862e-07
3.04901e-05
2.37791e-05
8.23101e-06
5.77744e-06
7.26164e-06
0.00866222
0.0054689
0.00336796
0.00150865
0.000592647
0.000287175
0.000130447
6.11801e-05
2.59776e-05
1.52919e-05
7.4262e-06
0.00562384
0.00551631
0.00503803
0.00448447
0.00392996
0.00338475
0.00288691
0.00214433
0.00157811
0.000473707
0.000174201
0.000187372
0.000237798
0.000883856
0.000816729
0.000605303
0.00049907
0.000452251
0.000406658
0.000318596
0.000225267
0.000152428
7.06474e-05
5.32507e-05
7.53788e-05
7.88223e-06
6.04574e-08
8.70094e-07
7.58572e-05
7.98225e-05
0.000123547
0.000155791
0.000174833
0.000280942
0.000220774
0.000460559
0.000401204
0.00034975
0.000473041
0.00043053
0.000321735
0.000523429
0.000342758
0.000407735
0.000390909
0.000676852
0.000909138
0.000661732
0.00056466
0.000519421
0.000303922
0.000241124
0.000560031
0.000504923
0.000782707
0.000567743
0.000577624
0.000514993
0.000697645
0.000404293
0.000928801
0.00112797
0.000294477
0.000338365
0.000286365
0.000297131
0.000280651
0.000269133
0.000343301
0.00026389
0.000344123
0.000275165
0.000296447
0.000338264
0.000301963
0.000293666
0.000288207
0.000303772
0.000294362
0.000284639
0.000261394
0.000336942
0.000260304
0.000297804
0.000226462
0.000304336
0.000299892
0.000256924
0.00029646
0.000255485
0.000286711
0.000233252
0.000286522
0.000219597
0.000210151
0.000183802
0.000146503
0.000142056
7.98361e-05
6.10746e-05
5.16466e-05
2.85719e-05
2.28739e-05
1.00362e-05
3.85645e-06
1.48153e-07
2.55414e-06
3.509e-06
1.42447e-05
2.37832e-05
2.99412e-05
5.19331e-05
6.63696e-05
6.71851e-05
7.47178e-05
9.60136e-05
0.00010633
0.000113327
0.000124099
0.000126052
0.000132639
0.000131751
0.000140827
0.000146445
0.00015067
0.000146699
0.000149224
0.000152162
0.000146579
0.000149087
0.000153412
0.00015562
0.000159323
0.000173792
8.90313e-05
8.98762e-05
8.91009e-05
9.00824e-05
8.97995e-05
8.90187e-05
8.62359e-05
0.00100223
0.00135641
0.000999547
0.00511639
0.00491565
0.00442278
0.00403052
0.00306921
0.00240188
0.00145924
0.00109392
0.00396228
0.0031699
0.00184645
0.00144597
0.00132974
0.000845532
0.000821102
0.000599311
0.000362412
0.000159178
0.000202936
0.000114352
3.74645e-05
5.30284e-06
3.50514e-06
1.22621e-06
1.38566e-06
0.00192677
0.00111626
0.000862855
0.000701692
0.000623367
2.29985e-05
2.82503e-06
5.66962e-06
1.85029e-07
4.4861e-06
8.19564e-06
3.45262e-05
1.77059e-05
7.0587e-05
9.64478e-05
0.000202456
0.000191602
9.61435e-05
0.000192503
0.000202792
0.000249719
0.000205201
0.000248208
6.79033e-05
0.000116514
0.000227779
0.000239406
0.000227671
7.16007e-05
0.000132098
0.000288934
2.68861e-05
1.87535e-05
0.000532991
0.00068085
0.000917548
0.000761935
0.000768514
0.000703584
0.000532375
0.000355892
0.000204111
5.06976e-05
1.8321e-05
0.000185787
0.00120644
0.000954439
0.000578368
0.000423033
0.000306087
0.000213578
0.000158605
7.24403e-05
0.000127609
4.2133e-05
3.04546e-05
4.39633e-07
2.99167e-06
7.98896e-06
6.18608e-05
0.000221344
0.000190791
0.000257784
0.000241356
0.000289431
0.000339743
0.00037366
0.000457395
0.00028579
0.000373092
0.000365091
0.000742114
0.000614531
0.000817963
0.000683893
0.000555752
0.000709676
0.000815643
0.000916915
0.00115665
0.000918317
0.000645609
0.000440193
0.000504975
0.000461189
9.96632e-05
5.56845e-06
1.67947e-05
0.000121271
0.000235065
0.000286779
0.000333589
0.000393702
0.000410462
0.000486967
0.000532294
0.000577701
0.000650584
0.000622726
0.000671616
0.000623238
0.000572155
0.000661731
0.00048112
0.000667039
0.000636934
0.000575362
0.000563703
0.000691663
0.000639238
0.000586902
0.000602117
0.000551216
0.000591316
0.000599208
0.000551478
0.000459512
0.000430817
0.000395605
0.000340953
0.000300624
0.000281811
0.000171022
0.000102936
6.78792e-05
3.86186e-05
2.23297e-05
1.03884e-05
1.08307e-07
1.36007e-07
3.99787e-06
1.18955e-05
3.08707e-05
5.71699e-05
5.57006e-05
8.92708e-05
8.35248e-05
9.41836e-05
0.000117265
0.000104085
0.000141351
0.000126531
0.000137235
0.000151221
0.000167323
0.000139668
0.000177839
0.000163973
0.000179367
0.000155184
0.000178007
0.000163212
0.000178713
9.66668e-05
9.6018e-05
0.000100665
0.000146481
0.000146959
0.000158103
0.000162952
7.78778e-05
7.79148e-05
7.79046e-05
7.78947e-05
7.78701e-05
7.77174e-05
0.000675762
0.00589203
0.0186169
0.0141637
0.00991572
0.00865674
0.00805076
0.00619922
0.00524686
0.0034928
0.00258915
0.00175541
0.00104801
0.000484527
0.000199706
0.00029387
0.000205853
0.000160441
7.86641e-08
7.28748e-06
8.53494e-06
1.38558e-05
2.60491e-05
1.73526e-05
1.40853e-06
1.20153e-05
3.11562e-06
2.63616e-05
5.78424e-05
4.89246e-05
1.29404e-05
7.92366e-06
7.31112e-05
0.000474773
0.000327272
0.000119641
6.97756e-05
2.45088e-05
1.76006e-06
1.40627e-05
9.65661e-11
1.63125e-05
0.00141256
0.00081016
0.000580672
0.000257383
0.000164484
0.000109666
2.51244e-05
3.10757e-05
1.34402e-05
2.71692e-06
3.17417e-09
3.1749e-06
1.76476e-06
1.84191e-06
4.25965e-06
7.47537e-06
5.50701e-07
3.11835e-07
3.75067e-06
7.68483e-06
2.34888e-05
2.27467e-05
0.00446859
0.00445377
0.00426692
0.00380718
0.00347721
0.00291446
0.002174
0.00158076
0.00111581
0.000537886
8.12092e-05
1.112e-08
6.10767e-06
0.000461152
0.000404039
0.000277426
0.00020578
0.000118335
0.000124296
5.23853e-05
3.14115e-05
1.28964e-05
4.72951e-06
5.10488e-06
1.55937e-07
5.4644e-06
1.08576e-05
2.26516e-05
4.33228e-05
7.10022e-05
6.5116e-05
0.00011182
5.00374e-05
0.000101519
0.000270265
0.000262765
0.000226531
0.000188147
0.000177409
0.000196225
0.000116367
0.000132519
5.65816e-05
0.000217069
0.000475675
0.000475364
0.000441426
0.000421921
0.000415279
0.000446874
0.000491934
0.000750988
0.000679973
0.000574112
0.000651113
0.000574827
0.000479254
0.000551797
0.000924653
0.00014567
0.000206286
0.000239344
0.00027731
0.000365192
0.000330736
0.000342862
0.000283123
0.000451913
0.000358162
0.000396409
0.00037411
0.000399182
0.000410684
0.000464547
0.00041374
0.000401336
0.00042211
0.000451504
0.000384358
0.000401912
0.000419773
0.000416863
0.000350619
0.000348095
0.000391438
0.000453206
0.000385853
0.00043548
0.000450826
0.000410611
0.000339494
0.000348412
0.000268774
0.000318909
0.000332413
0.000294592
0.000291331
0.000236551
0.000252528
0.000170197
0.000198152
0.000165868
0.000113352
9.66522e-05
7.46467e-05
6.80879e-05
4.43827e-05
3.05468e-05
2.35333e-05
1.80161e-05
1.35305e-05
8.44007e-06
1.14524e-06
4.08264e-07
1.1618e-07
1.90778e-06
3.74917e-06
4.60667e-06
6.488e-06
1.75967e-05
1.96554e-05
2.04636e-05
1.88106e-05
2.96107e-05
3.19912e-05
3.44163e-05
3.87119e-05
5.53273e-05
3.37856e-05
4.40746e-05
3.66653e-05
8.5522e-05
7.41433e-05
7.42325e-05
7.44042e-05
7.42092e-05
7.43463e-05
7.45823e-05
0.00224605
0.00314766
2.25222e-05
0.0148511
0.0122221
0.00865984
0.00938352
0.0110125
0.00975121
0.0100526
0.00849834
0.00702329
0.00502871
0.00368874
0.00203085
0.00129788
0.000486345
0.000391192
0.000140065
8.42125e-05
2.36035e-05
2.30635e-05
1.31709e-06
2.24312e-09
5.55176e-06
7.90241e-06
0.000101414
7.48371e-05
7.75033e-05
0.000214432
0.000167032
0.00010014
0.000138038
0.000402453
0.000315527
0.00032718
0.00027604
0.000301134
0.000256598
0.000204872
0.000213919
0.000184826
0.000160884
0.000102025
9.14392e-05
9.01834e-05
0.000110432
3.26093e-05
0.000216026
0.000217763
0.000170917
0.000134672
9.46385e-05
2.29013e-05
5.76734e-05
0.000185986
0.000164179
0.000165341
0.000188279
0.000744497
0.000486715
0.000364923
0.000288031
0.000177692
0.000139179
7.16075e-05
0.000741511
0.000640861
0.000427082
0.000307616
0.000203677
0.000105649
7.12728e-05
4.90562e-05
3.20327e-05
0.00274831
0.0027697
0.00276793
0.00242385
0.00182828
0.00120677
0.000677418
0.000599384
1.12587e-06
0.000136086
0.000507244
0.00071026
0.000463003
0.000337036
0.000275285
0.000181275
0.000195761
0.000100774
5.5232e-05
3.9642e-05
1.00768e-05
5.28703e-07
3.57376e-06
9.13604e-06
1.33092e-05
1.43802e-05
9.87886e-06
5.956e-06
1.34303e-05
2.87894e-05
1.74384e-05
1.35694e-05
3.82109e-05
8.71175e-05
5.20434e-05
3.22778e-05
9.84586e-05
1.60289e-05
4.55963e-05
1.51026e-05
8.4233e-05
8.93952e-05
0.000532558
0.000190399
0.000177196
0.000317444
0.000317858
0.000507097
0.00047325
0.000415021
0.000344395
0.000578354
0.000855181
0.000907302
0.000669761
0.000740491
0.000318763
0.000609968
0.000585627
0.000510525
0.00050208
0.000478427
0.000443219
0.000436198
0.000439755
0.000352153
0.000402047
0.000349065
0.000321114
0.000378142
0.000369962
0.000361797
0.000385192
0.000336911
0.000305415
0.000316082
0.000296188
0.000256356
0.000297294
0.000216735
0.000154137
0.000198077
0.000198687
0.000186566
0.000177606
0.000153918
0.000158514
0.000154297
8.79949e-05
9.41172e-05
8.29325e-05
9.60972e-05
6.51439e-05
6.35703e-05
5.57476e-05
5.20548e-05
2.30032e-05
4.02411e-05
1.15907e-05
2.26532e-05
1.57974e-05
1.32885e-05
5.94719e-06
6.10203e-06
3.75749e-06
3.81933e-06
2.96709e-06
1.56672e-06
2.2922e-06
8.28112e-07
2.05868e-07
4.10351e-07
2.65215e-07
6.56973e-07
3.82493e-09
5.67624e-08
2.25355e-06
4.77338e-07
7.07607e-07
2.16061e-06
7.51379e-07
2.44517e-07
6.96848e-07
6.64956e-07
1.60295e-06
6.47082e-07
4.93495e-07
5.52147e-07
7.13178e-07
1.46517e-07
1.23449e-07
2.78481e-08
7.29657e-07
6.47596e-06
0.000101149
0.00010316
0.000106006
0.000109052
0.000113064
0.000118126
0.000123715
0.000127732
0.00331917
0.00470656
3.979e-06
0.000328558
0.00346364
0.00274271
0.00290473
0.00265217
0.00233096
0.00202613
0.000917046
0.00037652
0.000161601
4.22374e-05
2.65824e-05
3.05551e-06
2.0178e-06
9.94361e-07
7.55807e-06
4.79155e-05
6.71256e-05
0.000103526
0.000103914
0.000106032
0.000148473
0.000216935
0.000321244
0.000137816
0.000247083
0.000188399
0.000137762
5.14714e-05
3.84025e-05
0.000166363
0.00192236
0.00203746
0.00147773
0.000705227
0.00191758
0.00136955
0.000766341
0.00059594
0.000292735
9.00967e-05
6.47951e-05
2.75618e-05
1.54972e-06
8.14384e-07
4.69336e-10
5.47652e-06
1.29996e-05
4.48564e-06
1.67313e-06
1.84875e-05
2.33602e-06
1.77709e-05
1.06054e-05
1.63613e-05
2.69137e-05
9.75915e-06
8.48525e-08
5.4853e-06
2.15e-05
2.24341e-09
0.0119845
0.00652864
0.00364731
0.00238653
0.00104173
0.000499229
0.000199803
8.30736e-05
5.29848e-05
2.57543e-05
1.67827e-05
4.1007e-08
0.00746113
0.00690615
0.00644227
0.00590377
0.00513454
0.00464204
0.00388908
0.00297733
0.0018295
0.00120156
0.00043107
0.00023015
0.000235581
0.000494072
0.000369827
0.000313356
0.000229435
0.000206919
0.000161101
0.000106879
8.7985e-05
2.79124e-05
1.23189e-05
1.08057e-11
1.59173e-06
6.83038e-06
1.95425e-05
2.72049e-05
8.60625e-05
5.50858e-05
9.76589e-05
0.000179918
0.000169343
0.000148236
0.000165618
0.000263493
0.000171255
0.000313385
0.000210155
0.000312503
0.000178241
0.000284375
0.000173541
0.000242398
0.000251163
0.000196524
0.000378321
0.00035656
0.000410942
0.000405238
0.000567054
0.000429611
0.000307673
0.000411814
0.000360433
0.000347377
0.000527582
0.000383254
0.000352356
0.00041071
0.000437074
0.00033599
0.000339541
0.000366197
0.000391466
0.000309217
0.000304595
0.000380087
0.000377501
0.00028269
0.000397766
0.00034929
0.000309713
0.000389286
0.000466029
0.00035343
0.000393424
0.000348031
0.000337085
0.000322901
0.000317196
0.000411503
0.000362293
0.000310087
0.000362837
0.000378297
0.000418927
0.000458031
0.00037494
0.000399644
0.000354851
0.000323546
0.00040902
0.00031079
0.000248602
0.000264864
0.000376133
0.000364113
0.000341125
0.00025661
0.000283064
0.000332842
0.000335958
0.000268749
0.000371945
0.000271002
0.000337627
0.000318018
0.000461529
0.00029469
0.000272456
0.000333542
0.000364235
0.000253845
0.000298632
0.000269205
0.000234895
0.000206996
0.000192898
0.000166411
0.000147148
0.000125605
0.000111442
0.000100153
8.33061e-05
6.87607e-05
0.000301053
0.000156529
0.000129859
0.000195616
0.000160539
0.000136469
0.00011258
9.42855e-05
6.96863e-05
5.86369e-05
4.62972e-05
3.66265e-05
2.82468e-05
2.35666e-05
2.26259e-05
1.66829e-05
1.38238e-05
1.22229e-05
8.78163e-06
5.91702e-06
4.53317e-06
2.39402e-06
1.2239e-06
0.000503833
0.000477051
0.000454807
0.000415497
0.000396875
0.000377617
0.000376295
0.000347825
0.000321872
0.000280866
0.000253364
0.000235663
0.000214165
0.00019747
0.000175555
0.000160504
0.000137803
0.000116295
8.87922e-05
7.38435e-05
7.00008e-05
2.98652e-05
1.33127e-05
6.52602e-06
1.00386e-05
4.23775e-06
8.11814e-07
4.76908e-06
2.14803e-06
7.15342e-06
1.19477e-05
3.19327e-05
5.23696e-05
7.96497e-05
0.000103541
7.58617e-05
0.000105666
0.000138398
0.000179479
0.000150151
5.76111e-05
2.09933e-05
2.10061e-05
1.38842e-06
5.01875e-07
1.50631e-05
1.48978e-05
3.25668e-06
1.47286e-06
2.47608e-05
6.24669e-05
2.24366e-05
3.37083e-05
0.000113127
0.000186088
9.50628e-05
6.75323e-05
0.000115697
0.000173731
0.000243405
0.000178303
0.000150854
0.000237132
0.000521201
0.000532171
0.000723364
0.000521255
0.00070661
0.000548041
0.000670509
0.000593232
0.000970197
0.000528961
0.000629397
0.000693129
0.00103382
0.000668428
0.00088762
0.00104861
0.000874354
0.00104836
0.000675489
0.000785606
0.000472736
0.00059596
0.000578835
0.000500152
0.000603795
0.000876755
0.0010461
0.00100143
0.00122885
0.000737733
0.00106781
0.00104761
0.000985615
0.000975939
0.000944934
0.000773775
0.000901755
0.00084725
0.000994866
0.000985014
0.000953224
0.00098558
0.000976219
0.000923414
0.000730618
0.000870479
0.000864959
0.000836502
0.000821857
0.000780401
0.000755124
0.000686916
0.000640437
0.000704563
0.000624602
0.000626013
0.000606195
0.000613845
0.000529496
0.000532897
0.000513748
0.000522037
0.00051525
0.00052671
0.000494011
0.000468889
0.000472861
0.000457661
0.000412533
0.000417239
0.00041052
0.000446967
0.000463501
0.000466946
0.00044909
0.000436778
0.000429918
0.00040173
0.000362069
0.000258485
0.000257644
0.000248343
0.000417688
0.000421202
0.000403254
0.000387217
0.00037708
0.000267487
0.000376511
0.000381084
0.000361001
0.000313144
0.000315568
0.000353635
0.000325682
0.000308877
0.000323273
0.000326477
0.000313004
0.000315475
0.00030356
0.000253245
0.000251478
0.000240235
0.000242754
0.000240985
0.000224727
0.00022222
0.000207501
0.000209765
0.000207334
0.000190273
0.000165924
0.000154316
0.000139481
0.000110609
0.000105046
9.14587e-05
9.32841e-05
8.47512e-05
8.14071e-05
7.71253e-05
6.06084e-05
4.53129e-05
4.08818e-05
3.53288e-05
3.47068e-05
3.1385e-05
2.64679e-05
1.05611e-05
6.33384e-06
1.24606e-05
9.6303e-06
1.21998e-06
4.47831e-07
4.87132e-09
3.61903e-07
1.26229e-06
1.68963e-06
3.0545e-06
8.7682e-06
1.1401e-05
1.65014e-05
1.75915e-05
2.05642e-05
2.76377e-05
2.6592e-05
3.55202e-05
4.57016e-05
5.28965e-05
5.76226e-05
6.54758e-05
6.63773e-05
7.05862e-05
8.00274e-05
8.66261e-05
8.99428e-05
9.64748e-05
0.000100984
0.000104252
0.000108979
0.0001133
0.00012264
0.000122579
0.0001242
0.000130991
0.000134199
0.000133906
0.000153446
0.000153793
0.000165928
0.000174338
0.000172663
0.000174348
0.00018141
0.000180064
0.000189453
0.000186261
0.000187534
0.000196749
0.000194139
0.000186163
0.000196871
0.000193188
0.000192792
0.000210072
0.000205218
0.000193475
0.000210038
0.000187986
0.000184239
0.000185138
0.000202218
0.000199726
0.000196247
0.00019819
0.000193211
0.000221323
0.000225092
0.000236984
0.000216247
9.45397e-05
9.45243e-05
9.45043e-05
9.44921e-05
9.44749e-05
9.44635e-05
9.44658e-05
9.44409e-05
9.46076e-05
9.45677e-05
9.52926e-05
0.000170512
0.000169667
0.000170029
0.000984001
7.88586e-05
9.44514e-05
0.000112889
9.41007e-05
0.00151
0.00131253
0.00156883
0.00139103
0.00150246
0.00133695
0.000980905
0.000849154
0.000426484
0.000349743
0.000324034
0.000129589
9.97099e-05
3.57581e-06
4.09759e-07
3.66848e-05
4.59085e-05
4.11434e-05
7.24196e-05
7.71364e-05
7.16238e-05
2.2225e-05
0.000124816
0.000132071
0.000217553
0.000221985
0.000284765
0.000287441
0.000177226
0.000174674
0.000122437
8.514e-05
8.82198e-05
7.92395e-05
4.67409e-05
4.6987e-05
6.05658e-05
5.94927e-05
5.22963e-05
0.000101147
0.000103947
9.9885e-05
8.77294e-05
0.000158309
0.000116133
0.000103707
5.73004e-05
3.65363e-05
3.94669e-05
2.5434e-05
7.06332e-07
5.3959e-07
3.88244e-06
2.87478e-06
2.27763e-05
1.12656e-05
3.04571e-06
1.5005e-07
2.72638e-05
3.15968e-05
6.97456e-05
6.35721e-05
1.78604e-05
2.0074e-05
1.95473e-05
1.04166e-05
9.23471e-06
2.09867e-05
2.24189e-05
2.46502e-05
2.43563e-05
2.23042e-05
1.45488e-06
6.0903e-06
8.21614e-05
8.21439e-05
4.08111e-05
6.46773e-05
0.000160828
0.000198224
0.00023113
0.000296354
0.000240688
0.000297207
0.00040567
0.000560986
0.000333642
0.00031646
0.000402831
0.000387629
0.000450748
0.000396483
0.000493458
0.000802568
0.000693467
0.000381372
0.00076598
0.000487781
0.000918283
0.0004838
0.000913706
0.000769064
0.000647316
0.00113885
0.000962951
0.000689772
0.000775579
0.00064853
0.000834295
0.000920779
0.0219753
0.0143866
0.00840565
0.00444216
0.0022854
0.00120785
0.000544598
0.000261308
9.17701e-05
4.35813e-05
2.39737e-05
6.85983e-06
4.28839e-06
1.29465e-06
2.32832e-07
1.65011e-07
3.32518e-07
1.27928e-08
6.47094e-08
9.94948e-07
1.28373e-07
8.65497e-07
1.56695e-06
7.25711e-07
5.20931e-06
0.000106752
7.95077e-05
2.65515e-05
1.75461e-05
1.2995e-05
8.21281e-06
1.65305e-06
2.54159e-06
5.8227e-06
0.00588745
0.00553232
0.00521764
0.00490328
0.00380935
0.00343635
0.00302079
0.00281265
0.00265952
0.00257283
0.0023157
0.00210336
0.00176284
0.00165329
0.00135172
0.00109527
0.000933559
0.000892398
0.00062793
0.000541777
0.000256993
0.000271658
8.88599e-05
6.31068e-05
1.38613e-06
7.1636e-06
5.61545e-06
7.99805e-05
9.22902e-05
0.000375208
0.000414469
0.000458957
0.00110599
0.00114301
0.00076764
0.00105534
0.0011387
0.000966135
0.000988399
0.000861177
0.000587729
0.000694681
0.000552723
0.000497878
0.000385076
0.000418167
0.00041915
0.000364451
0.000382385
0.000340559
0.000285206
0.000320477
0.000225389
0.000173755
0.000196708
0.000202799
0.000143443
0.000162694
9.86048e-05
8.48634e-05
6.56317e-05
4.51425e-07
2.59811e-06
7.06671e-08
9.25605e-06
2.28581e-06
5.10074e-07
7.02792e-07
2.37019e-06
1.75775e-05
8.00008e-06
3.44189e-05
3.94619e-05
2.9032e-05
4.64164e-05
2.81041e-05
2.56148e-05
8.81522e-05
6.58733e-05
0.000128404
4.24445e-05
6.74987e-05
0.000105566
8.21995e-05
5.13993e-05
5.67089e-05
2.91119e-05
9.02187e-05
7.45158e-05
0.000169438
0.000163004
0.000116158
0.000161928
0.000169075
0.000134964
0.000298696
0.000157649
0.000198124
0.000237181
0.000242237
0.000172579
0.000130365
0.00027797
0.000445117
0.000272261
0.000285555
0.000383105
0.000468647
0.000398287
0.000561505
0.000308891
0.000493957
0.000391138
0.000501225
0.000558988
0.00031499
0.000492703
0.00065759
0.000444486
0.000562544
0.000599111
0.000491882
0.000347031
0.000529747
0.000410863
0.000158723
4.76116e-05
0.000189809
0.000322365
0.000433305
0.000526453
0.000226243
0.00032584
0.000160048
0.00024951
0.000220158
0.000298069
0.000320169
0.00048325
0.000325915
0.000436041
0.000389691
0.000530403
0.000760584
5.80299e-05
0.000939837
0.000127092
0.000154223
0.000231183
0.000248283
0.000284628
0.000218571
0.00025971
0.000371825
0.000375925
0.000395939
0.000409426
0.00039877
0.000397658
0.000312509
0.000319166
0.000357537
0.000353514
0.000367155
0.000370203
0.000374236
0.000369214
0.000329301
0.000345042
0.000393523
0.000364503
0.000435194
0.00043425
0.000353156
0.000347196
0.000334101
0.000346835
0.000315497
0.000350479
0.000362635
0.000348098
0.000362405
0.000356748
0.000333701
0.000322691
0.000333729
0.000322118
0.000274991
0.000261144
0.000318543
0.000328657
0.000313006
0.000328932
0.000338463
0.000334472
0.000252342
0.000255739
0.000362701
0.000370952
0.000360081
0.000287799
0.000296377
0.000292209
0.000321994
0.000315456
0.000312764
0.000320307
0.000311761
0.000254915
0.00024394
0.000268365
0.000270642
0.000266203
0.000251532
0.000252189
0.000236842
0.000234967
0.000171509
0.000156686
0.000144747
0.000175402
0.000172688
0.000165413
0.000125572
0.000120608
0.000108757
9.90281e-05
8.3721e-05
0.0001114
0.000108796
9.9544e-05
7.4796e-05
7.08118e-05
6.10794e-05
6.97017e-05
6.69988e-05
5.52924e-05
2.84662e-05
2.27514e-05
2.07679e-05
1.7847e-05
1.02784e-05
8.37914e-06
5.35995e-06
3.39122e-06
2.44317e-06
1.01549e-08
3.48938e-07
1.4727e-06
2.65634e-06
4.92237e-06
6.5785e-06
8.42944e-06
8.56383e-06
1.88525e-05
2.19522e-05
2.50533e-05
2.475e-05
3.14444e-05
3.38469e-05
3.8355e-05
4.30153e-05
5.4303e-05
5.76151e-05
6.4633e-05
6.3578e-05
6.53758e-05
6.7427e-05
7.29348e-05
7.36566e-05
7.44988e-05
8.01907e-05
8.72783e-05
9.73441e-05
0.000100034
9.7138e-05
9.87964e-05
9.57856e-05
9.48274e-05
9.68905e-05
0.000108103
0.00010878
0.000120797
0.000123126
0.000128468
0.000128393
0.000133225
0.000185968
0.000175103
0.000168939
0.000162027
0.000160527
0.000156238
0.000154794
0.000155606
0.000155169
0.000153482
0.000151376
0.000151644
0.000159086
0.000160837
0.000146239
0.000143638
0.000146698
0.00014629
0.000144889
0.000142492
0.000142295
0.000141827
0.000144462
0.000157122
0.000162666
0.000149763
0.000147241
0.000148822
0.000146849
0.0001741
0.000178949
9.18213e-05
9.18351e-05
9.18338e-05
9.18201e-05
9.18425e-05
9.17979e-05
9.1718e-05
9.17225e-05
9.17303e-05
9.18068e-05
9.38126e-05
9.38188e-05
9.41755e-05
0.00391889
0.00366442
0.0005992
0.000597688
0.000740277
0.000610157
0.00181038
0.00162671
0.00169361
0.00155151
0.00142341
0.0012818
0.000881999
0.000815207
0.000717059
0.000300404
0.000241501
0.000112114
8.38663e-05
1.79731e-05
1.08036e-05
1.55249e-05
7.77264e-06
1.68043e-07
1.0619e-06
9.6213e-06
1.41353e-05
1.21143e-05
1.66714e-05
3.86906e-05
4.08092e-05
9.33936e-05
9.69323e-05
0.000174904
0.000174051
0.000159853
0.000157379
0.000164293
0.000164453
0.000154109
0.000125125
0.000122294
0.000223821
0.000198931
0.000111094
8.81031e-05
5.31151e-07
0.00166379
0.00132967
0.000933092
0.000723013
0.000568207
0.000437455
0.000652474
0.000499074
0.000442238
0.000329187
0.000288066
0.000223298
0.00015986
9.28018e-05
6.34705e-05
0.00010059
2.62941e-05
1.27553e-05
5.12588e-05
3.083e-05
1.19639e-05
4.74515e-06
2.71771e-05
1.35892e-05
4.90778e-06
5.10589e-07
2.68153e-07
1.40921e-07
1.50426e-05
1.76675e-05
8.45969e-07
3.76754e-08
2.13764e-08
1.90624e-05
0.00382987
0.00316115
0.00179663
0.00137677
0.00114847
0.000835949
0.000645514
0.000948681
0.000704503
0.000586387
0.000600938
0.000433265
0.000363708
0.000251565
0.000215891
2.12268e-05
8.50375e-06
1.65486e-06
2.25808e-06
3.89526e-06
9.5079e-06
8.37246e-05
5.09699e-05
4.74573e-05
2.58151e-07
2.87571e-06
2.2735e-06
2.69284e-05
3.66918e-05
2.88488e-05
2.16321e-05
2.7405e-05
1.30111e-07
2.3925e-06
5.45254e-05
3.1835e-05
3.19667e-06
1.30292e-07
5.52431e-07
2.34961e-05
3.13537e-05
2.22153e-05
6.27211e-05
3.68462e-05
5.81762e-06
1.08875e-05
4.05112e-06
4.5678e-07
8.176e-07
1.29281e-07
1.72503e-06
6.26559e-06
1.03346e-06
8.19798e-07
2.37112e-07
0.000340697
0.000987779
0.000716667
0.000571288
1.40843e-05
0.000261699
0.00198691
0.00141998
0.00109786
0.000702576
0.000477698
0.000392164
0.000266206
0.000146086
0.000102907
0.000139584
8.50126e-05
6.75196e-05
7.29514e-05
4.53312e-05
1.07306e-05
5.17151e-06
2.91839e-06
2.21236e-07
8.51492e-07
2.94863e-06
2.33099e-07
1.12355e-06
1.04447e-05
3.5718e-06
5.81676e-06
3.00966e-06
1.06888e-06
3.653e-06
3.28669e-06
8.29865e-07
3.26718e-06
4.52671e-07
1.20221e-06
1.40669e-06
3.43282e-06
1.11749e-05
3.39996e-06
1.00739e-05
1.94614e-05
1.35646e-05
0.0015167
0.00115604
0.000777254
0.00280723
0.00249957
0.00124813
0.00156978
0.000680471
0.000635195
0.000369647
5.11419e-05
8.01219e-07
4.79099e-05
3.70789e-05
0.000186799
8.16008e-05
9.7139e-05
9.63772e-05
7.36724e-05
8.69409e-05
5.91306e-05
4.81928e-05
5.59789e-05
4.2565e-05
3.4334e-05
4.51916e-05
5.77926e-05
4.58744e-05
5.32487e-05
3.9025e-05
3.12459e-05
3.43804e-05
4.34129e-05
2.02227e-05
2.7025e-05
2.43858e-05
5.51377e-07
9.02803e-07
5.19895e-06
1.7641e-08
4.23775e-07
4.05181e-06
7.50519e-07
6.50844e-06
3.46332e-06
1.33842e-05
2.3148e-05
4.06311e-05
2.41243e-05
3.60461e-05
7.2061e-05
6.76715e-05
7.54959e-05
3.42643e-05
5.2799e-05
8.98707e-05
0.000205331
5.57782e-05
0.000205655
0.000194629
0.000179687
0.000248684
0.000250857
0.000348226
0.000713523
0.000560105
0.000474528
0.000327549
0.000307836
0.000255391
0.00018352
0.000135083
0.000104136
6.42576e-05
3.60641e-05
2.31014e-05
7.50167e-06
2.33633e-06
2.19407e-07
1.27358e-06
8.16963e-07
2.36281e-05
4.46858e-05
5.09429e-05
6.17411e-05
9.37493e-05
0.000129043
0.000168303
0.000216439
0.00021608
0.000340825
0.000365237
0.000420504
0.000424496
0.000448703
0.000535338
0.000645842
0.000673913
0.000765992
0.000708121
0.000731359
0.000791536
0.000745364
0.00082028
0.000961195
0.00107477
0.00118631
0.00117203
0.00119604
0.00126994
0.00134889
0.00139207
0.0014635
0.00142278
0.00123762
0.00123266
0.00129878
0.0012648
0.001502
0.00148387
0.00138123
0.00138453
0.00139547
0.00156787
0.0014973
0.00140547
0.00141723
0.00133797
0.00144347
0.00133059
0.00107973
0.0011
0.00103802
0.00116997
0.00107864
0.000964239
0.000923404
0.00105032
0.000985766
0.00085737
0.000798724
0.000748062
0.000835591
0.000748965
0.00070032
0.000722791
0.000666144
0.000763876
0.000688178
0.000613766
0.000625958
0.000582272
0.000488171
0.000484347
0.000433536
0.000537924
0.000488457
0.000443522
0.000328139
0.000313896
0.000274155
0.000308502
0.000250772
0.000206028
0.000175429
0.000164266
0.000149128
0.000110151
9.2196e-05
8.12181e-05
5.70237e-05
3.27192e-05
2.10059e-05
1.9308e-05
1.45399e-05
4.28255e-06
2.06091e-06
1.75376e-07
2.86013e-06
3.83549e-06
8.15629e-06
1.72809e-05
2.34689e-05
3.72076e-05
4.30237e-05
5.43388e-05
6.57797e-05
7.58054e-05
8.06757e-05
8.90227e-05
9.23028e-05
0.000105168
0.00010897
0.000120295
0.000125104
0.000133935
0.000134896
0.000161188
0.000164881
0.000156765
0.000157499
0.000171383
0.000172933
0.000189682
0.000197983
0.000206659
0.00022255
0.000222714
0.000227629
0.000172097
0.000180782
0.000181062
0.000143886
3.91052e-05
5.86923e-05
0.000615531
0.000560624
0.00168352
0.000434641
0.000320185
0.0002982
0.000666045
0.000210496
0.000125724
0.000298496
0.000504014
0.000522732
2.38641e-05
3.56998e-05
0.000515639
0.000379767
0.000334177
0.000268717
0.000191089
0.000516061
0.000404095
0.000479954
0.000378561
0.00015833
0.000126706
0.000212524
0.000205118
0.000187308
6.19615e-05
4.12622e-05
6.44618e-07
1.56308e-07
3.04349e-07
2.29312e-06
1.41229e-06
6.38057e-06
1.7945e-05
1.52957e-05
2.06481e-05
7.66733e-06
6.70698e-06
3.73061e-06
6.02239e-06
7.60441e-06
4.44712e-06
6.72863e-06
4.7188e-06
1.29098e-05
1.18222e-05
2.9328e-05
2.8518e-05
8.14821e-06
7.32405e-06
8.73838e-05
8.60546e-05
7.71549e-05
3.45084e-06
7.57739e-06
1.4389e-06
4.53397e-06
3.96124e-06
1.48684e-06
1.10567e-07
4.58884e-09
2.87526e-06
5.03511e-07
7.96274e-05
4.35843e-05
9.05828e-05
5.02348e-05
7.47588e-06
1.08279e-05
7.07452e-06
5.27391e-07
1.02037e-06
8.00028e-07
1.58487e-05
7.57867e-06
1.15816e-05
1.17722e-05
7.95048e-05
6.90566e-05
6.39305e-05
0.000129738
9.56892e-05
7.09566e-05
6.4836e-05
5.71676e-05
3.17721e-05
2.26088e-05
9.93295e-06
6.11562e-06
2.37969e-07
5.86598e-06
1.31157e-05
1.35974e-05
2.49109e-05
1.69476e-05
1.07283e-05
2.16558e-05
3.95465e-08
1.10979e-06
2.5164e-05
9.21552e-05
0.000143997
9.35501e-05
9.2062e-05
0.000110738
3.08492e-05
4.30941e-05
6.86254e-05
8.50767e-05
7.13672e-05
4.80182e-05
5.97374e-05
5.33113e-05
5.77656e-05
3.84161e-05
5.14471e-05
4.77391e-05
8.6204e-05
8.87825e-05
9.98807e-05
5.63145e-05
6.89183e-05
9.00795e-05
0.000104003
6.9062e-05
7.96471e-05
0.000102553
0.000114215
5.53603e-05
6.37119e-05
0.000102687
0.000101494
0.000113184
0.000118629
9.01703e-05
9.51855e-05
8.51618e-05
8.91339e-05
5.25868e-05
5.58957e-05
4.74531e-05
6.8971e-05
7.03208e-05
5.15315e-05
4.09312e-05
3.96748e-05
3.72666e-05
4.19376e-05
3.97398e-05
2.22449e-05
2.04279e-05
1.6921e-05
1.16841e-05
1.05516e-05
9.05438e-06
7.87689e-06
7.35144e-06
4.35818e-06
4.31996e-07
6.03457e-07
9.08957e-07
0.000274907
0.0167967
0.0148669
0.0133911
0.011404
0.00904982
0.0117283
0.00645373
0.00760463
0.00624537
0.000275076
0.000348287
0.000597579
0.000940252
0.000753208
0.000584617
0.000726828
0.000628135
0.000733198
0.000731287
0.000730349
0.000624351
0.000545266
0.000627668
0.000521277
0.000427433
0.000363622
0.000231963
0.000168942
0.00018429
4.36054e-05
2.32885e-05
1.0409e-05
1.99166e-05
7.67155e-08
0.000167598
0.000166751
0.000682722
0.000710405
0.000422627
0.000938454
0.000973733
0.00100515
0.00095186
0.000647608
0.000555709
0.000438274
0.000448812
0.000319542
0.00027738
0.000318515
0.000276028
0.000227468
0.000151976
0.000119998
0.000114472
0.000108865
0.000124721
4.91283e-05
5.36812e-05
3.88043e-05
3.82564e-05
7.84594e-06
9.02414e-06
5.05083e-06
4.01703e-06
1.29372e-07
5.11262e-06
6.18033e-08
1.2606e-06
2.03545e-05
2.29845e-05
1.08219e-05
8.01419e-06
3.79913e-05
2.08267e-05
1.26565e-05
2.28983e-05
2.65068e-05
1.78805e-05
2.41922e-05
5.41666e-05
7.72045e-05
0.000112273
8.147e-05
3.44386e-05
3.79652e-05
0.000119559
6.85104e-05
0.000173642
0.00015023
0.000258111
0.000249771
0.000162786
9.70782e-05
0.000135801
0.000163917
0.000216107
0.000279712
0.000372898
0.000437142
0.000378592
0.000422175
0.000536759
0.0006237
0.000358152
0.000616945
0.000451586
0.000795289
0.000517376
0.000645661
0.000739486
0.000475601
0.000675969
0.000596333
0.000846137
0.000767283
0.000835841
0.00068162
0.000830833
0.000684898
0.000773434
0.00105344
0.00071639
0.000862393
0.000678829
0.00110271
0.00072744
0.000999446
0.000617392
0.000685858
0.000881278
0.000725887
0.0007179
0.000476344
0.000486508
0.000474101
0.000591747
0.000653129
0.000829852
0.00101083
0.000942979
0.000513288
0.000460223
0.000551311
0.000950877
0.000534609
0.000807854
0.000369624
0.000355376
0.000815361
0.000419457
0.000408989
0.000409804
0.000470619
0.00046613
0.000407625
0.000421311
0.000417915
0.000364995
0.000208832
0.000424983
0.000247114
0.000246555
0.000203499
0.000212195
0.000465515
0.00026689
0.000423226
0.000253607
0.000425492
0.000425107
0.000395635
0.000398074
0.000340193
0.000201516
0.000419901
0.000273591
0.000271824
0.000404122
0.000269465
0.000352221
0.000349983
0.000302614
0.000247824
0.000312436
0.000302657
0.000271128
0.000274511
0.000251865
0.000258099
0.000247006
0.000172674
0.000177799
0.000258689
0.000262697
0.000251416
0.000244894
0.000254468
0.000250922
0.00027838
0.00027796
0.000275393
0.000276152
0.000279461
0.000262778
0.000291703
0.000299778
0.00028434
0.000253446
0.000238354
0.000233479
0.000227986
0.000182652
0.000176661
0.000208014
0.000197095
0.000226814
0.000228243
0.000215113
0.000167013
0.000164482
0.000159165
0.000171565
0.000172184
0.000165858
0.00016047
0.000141851
0.000129254
0.000111317
0.0001091
0.000101453
9.53391e-05
9.24178e-05
8.80723e-05
8.32445e-05
6.2522e-05
5.13494e-05
4.95039e-05
4.51758e-05
3.79415e-05
3.14234e-05
2.75023e-05
2.29127e-05
1.43604e-05
1.0597e-05
1.29728e-05
1.00353e-05
7.55086e-06
5.29643e-06
3.32731e-06
2.43515e-06
1.04519e-06
1.13941e-06
7.60738e-07
9.57889e-08
1.16842e-06
2.32098e-06
2.32434e-06
4.61221e-06
6.56422e-06
7.81562e-06
1.05996e-05
1.20125e-05
1.46465e-05
1.8926e-05
2.12744e-05
3.50703e-05
3.82135e-05
4.28661e-05
3.31814e-05
3.40769e-05
3.71074e-05
4.63886e-05
4.77712e-05
4.71513e-05
5.18914e-05
5.26734e-05
5.67614e-05
6.21905e-05
6.29329e-05
6.7369e-05
7.79977e-05
7.93904e-05
8.4783e-05
8.64061e-05
8.87808e-05
0.000103229
0.000105642
9.09229e-05
9.02665e-05
9.19742e-05
9.76234e-05
9.95538e-05
0.000100947
0.000101384
9.2702e-05
9.19372e-05
9.42556e-05
6.79067e-05
6.81478e-05
7.02496e-05
6.79656e-05
6.97368e-05
7.08495e-05
6.84324e-05
6.79762e-05
7.04467e-05
6.95245e-05
7.01792e-05
7.54639e-05
7.40874e-05
7.32763e-05
7.25664e-05
7.44693e-05
6.47111e-05
6.36901e-05
6.47369e-05
6.82383e-05
6.73632e-05
7.01437e-05
6.36836e-05
6.27396e-05
6.34235e-05
6.07448e-05
6.23654e-05
6.47998e-05
6.46328e-05
5.84896e-05
5.91237e-05
6.36552e-05
6.37057e-05
6.95209e-05
7.35729e-05
5.71081e-05
6.04999e-05
5.2014e-05
5.2802e-05
5.69023e-05
5.70002e-05
5.76104e-05
0.000128466
0.000126737
0.000130445
0.000131773
0.000131591
0.000131724
0.000134202
0.000128268
0.000131959
9.27373e-05
9.25671e-05
8.19909e-05
8.25758e-05
8.13552e-05
0.000122589
0.000121708
1.22009e-05
2.90955e-06
4.6709e-05
6.31895e-05
0.00165107
0.00143657
0.00229296
0.00208788
0.00159303
0.00146079
0.00263117
0.00235077
0.000642417
0.000552416
0.000359041
0.000302352
0.000288455
0.000242876
0.000229225
9.11686e-05
7.40633e-05
0.000130865
8.87493e-05
6.21312e-06
9.60073e-06
7.82714e-06
1.12782e-05
1.35445e-05
9.58949e-06
9.50545e-05
9.16593e-05
4.38232e-05
4.30385e-05
2.43278e-06
3.94771e-08
8.55998e-08
9.13272e-05
8.38281e-05
6.9731e-05
5.75719e-05
2.56296e-06
6.53233e-06
2.67622e-05
4.02099e-05
3.93814e-05
5.43036e-06
2.26936e-05
5.23472e-06
1.25236e-05
8.47964e-05
8.8177e-05
0.000161483
0.00017106
0.00018152
2.58507e-06
4.78531e-08
4.45324e-09
5.1832e-06
1.45559e-05
1.11985e-05
2.58886e-06
7.65565e-06
7.8824e-06
6.34161e-08
7.49295e-07
1.47692e-06
6.75083e-06
1.54739e-06
1.34874e-06
1.66064e-05
2.49981e-05
4.71662e-06
7.72029e-06
7.10259e-05
8.12234e-05
7.06609e-05
4.67052e-05
4.95614e-05
8.78956e-05
9.00593e-05
7.05696e-06
8.85149e-06
3.06138e-05
3.09241e-05
3.09983e-05
3.29658e-05
2.87934e-05
7.51414e-05
7.45382e-05
7.01734e-05
7.35231e-05
6.77523e-05
5.56002e-05
7.11404e-06
5.50471e-06
4.30554e-06
9.16823e-06
6.23024e-06
4.78166e-06
1.82682e-07
1.99527e-06
5.0925e-07
4.7098e-07
8.28949e-07
1.69121e-07
1.81624e-07
2.95043e-06
1.04213e-05
2.24268e-05
4.17457e-05
2.54177e-05
5.17271e-05
4.83194e-05
8.23894e-05
0.000109377
0.000124955
0.000184578
0.000180627
9.07254e-05
0.000148567
0.000150051
0.000228972
0.000253564
0.000366885
0.000362084
0.000305709
0.000274095
0.00178839
6.19182e-05
0.00165081
0.00124893
0.000979204
0.000894031
0.00112032
0.000872295
0.000785596
0.000499339
0.000367142
0.000325026
0.00031138
0.000209596
0.000197072
0.000159899
9.86969e-05
9.40139e-05
8.40536e-05
4.67644e-05
1.74856e-05
6.22091e-06
1.72148e-05
3.95281e-06
5.78652e-06
8.18413e-07
2.86781e-07
6.10375e-06
2.18481e-07
3.61852e-07
1.64762e-10
3.30727e-06
1.51536e-06
1.07681e-09
2.03153e-05
3.20697e-05
5.02085e-05
3.6562e-05
3.63732e-06
1.22652e-05
9.01592e-06
2.34948e-05
3.93052e-05
2.55246e-05
3.03012e-05
3.81322e-05
5.32611e-05
5.78473e-05
1.74736e-05
3.02459e-05
2.36778e-05
1.02475e-05
9.6323e-06
6.73111e-06
0.0364696
0.0327277
0.0290646
0.0256872
0.0223838
0.0187454
0.0158068
0.0127394
0.0101652
0.0078837
0.00592994
0.00448973
0.00513832
0.00429733
0.0039273
0.002655
0.00261054
0.00158236
0.00136432
0.000694726
0.000568275
0.000535565
4.5075e-05
0.000158853
1.36257e-07
1.52899e-06
7.85363e-06
3.44309e-07
6.64824e-06
2.25607e-06
3.82903e-06
2.06026e-06
6.82841e-06
9.25023e-06
4.63381e-06
7.01663e-07
2.90573e-06
2.4776e-06
8.68385e-07
4.18183e-06
6.51e-06
8.77607e-06
2.06298e-06
4.33664e-06
2.12801e-06
6.45783e-06
3.01218e-06
2.03486e-05
1.67186e-05
2.02415e-05
2.27421e-05
2.68089e-05
4.57143e-05
6.21912e-05
8.59814e-05
8.58783e-05
5.38114e-05
0.000108562
0.000193452
0.000182199
0.000164129
0.000240543
0.000238599
0.000275325
0.000231229
0.000305467
0.000337901
0.000354133
0.000327486
0.000384825
0.000315237
0.000380214
0.000303236
0.000318729
0.000357533
0.000299331
0.00040855
0.000360157
0.000426063
0.000339459
0.00180167
0.00158911
0.00134219
0.00107181
0.000836806
0.000586005
0.00049178
0.000382594
0.000266344
0.000268471
0.000188078
0.00012187
6.18182e-05
5.89177e-05
2.63473e-05
3.45924e-06
1.16554e-06
1.25294e-07
4.31012e-06
1.03297e-05
2.78691e-05
3.23064e-05
4.44929e-05
5.81206e-05
7.68085e-05
9.98231e-05
0.000164581
0.000187064
0.000230014
0.000223356
0.000245484
0.00030322
0.000291029
0.000312876
0.000362876
0.000405761
0.000429924
0.000502848
0.000516066
0.000541052
0.00062582
0.000661186
0.000686411
0.000785845
0.000795309
0.000888292
0.000980152
0.00101138
0.00103764
0.00113815
0.00126375
0.00139741
0.00131269
0.00145596
0.00148597
0.00139238
0.0014718
0.00137995
0.00128638
0.00131772
0.00120797
0.00121626
0.00115706
0.00112034
0.00104811
0.00105275
0.000984182
0.00104878
0.000911178
0.000858172
0.000739993
0.000660333
0.000830098
0.000808883
0.000684481
0.000645532
0.000626815
0.000605492
0.000517953
0.000626342
0.000594545
0.000403933
0.000490512
0.000379395
0.000338809
0.000267831
0.000221308
0.000231569
0.000201507
0.000170431
0.00013442
0.000118402
0.000107557
7.79856e-05
5.74133e-05
3.58912e-05
3.71477e-05
3.14093e-05
1.60055e-05
1.43421e-05
5.72444e-06
1.37985e-06
7.95675e-08
2.46073e-07
2.27632e-06
8.51671e-06
1.28295e-05
1.84982e-05
2.34564e-05
3.17736e-05
3.78289e-05
4.35233e-05
5.53903e-05
6.565e-05
6.84544e-05
7.66036e-05
8.19066e-05
8.41155e-05
9.41042e-05
0.000109163
0.000106465
0.000123364
0.000125628
0.000129781
0.000140141
0.000151006
0.000153099
0.000158134
0.000157644
0.000162724
0.000171051
0.000173179
0.000173744
0.000173901
0.000182989
0.000195564
0.00019907
0.000216389
0.000217598
0.000223616
0.000204269
0.000203492
0.000208068
0.000202746
0.00011484
0.000106345
0.000941911
0.00111923
0.00233309
0.000474557
0.000461075
0.000332718
0.00148064
0.00146936
0.00134215
0.00156163
0.00158501
0.00120282
0.00121442
0.000302209
6.6548e-05
3.43842e-05
0.000530186
0.000399006
0.000595783
0.00045518
0.000410757
0.000316504
0.000146706
0.00010099
7.88315e-05
4.26551e-05
1.15648e-05
6.60378e-05
8.85771e-05
0.000116687
0.000102205
0.000224883
0.000236332
1.68646e-06
6.82571e-06
8.46729e-05
0.000103717
6.1856e-06
1.522e-05
1.16303e-05
4.31891e-05
5.87539e-05
5.66714e-05
0.000199525
0.000208388
0.000188751
0.000200792
9.34175e-05
0.000108504
0.000183496
0.000190267
0.000102094
7.93567e-05
4.81153e-05
5.12218e-05
6.57844e-05
3.20212e-05
7.94501e-05
5.13262e-05
0.000112826
7.5598e-05
6.45287e-05
4.22614e-05
3.28562e-05
7.43114e-06
6.00602e-07
4.75163e-07
1.68397e-06
1.25133e-06
1.55324e-07
5.55033e-08
2.12176e-06
1.88191e-06
2.41338e-06
7.8139e-06
6.7308e-06
5.25304e-06
3.13265e-08
2.07386e-06
2.92376e-06
5.28012e-06
2.47448e-05
1.48511e-05
6.42487e-05
0.00012756
0.000136672
0.000108908
0.000126796
0.000416689
0.000425999
0.00018321
0.000359588
0.000259389
0.000457187
0.000193057
0.000272717
0.000251067
0.000266102
0.00028268
0.000381892
0.000367193
0.000502666
0.000465022
0.000392551
0.000630327
0.000633318
0.000829952
0.000746339
0.000537555
0.000657379
0.000577434
0.000551886
0.00116103
0.00103749
0.000578744
0.000775711
0.000659425
0.000961632
0.00114747
0.000913321
0.00112308
0.00115187
0.00147025
0.00124721
0.00119672
0.00141268
0.00116695
0.000969442
0.00192603
0.00159379
0.000933929
0.00194267
0.00157515
0.000718693
0.000977248
0.000858102
0.0326899
0.0239515
0.0157661
0.00941619
0.00495968
0.00254838
0.00136381
0.000605378
0.000266634
0.000105709
1.42562e-05
2.33184e-06
2.53631e-06
2.80726e-05
6.34007e-06
1.59385e-06
3.77497e-06
4.15522e-07
8.0942e-06
8.53076e-06
4.18747e-06
3.61341e-06
6.46764e-07
5.5718e-06
7.66261e-07
1.73432e-09
0.000120539
0.000107071
0.000142597
7.57041e-05
4.96626e-05
4.04063e-05
1.1852e-05
1.2826e-05
9.52581e-06
4.60297e-06
7.09195e-06
8.50491e-07
1.78838e-06
2.65196e-09
2.07808e-08
9.32405e-07
4.47959e-08
4.02091e-06
6.35331e-06
1.52715e-06
0.0133386
0.0125876
0.0111342
0.00951795
0.00938295
0.00820441
0.0072486
0.00702877
0.00623253
0.00581192
0.00543348
0.00521765
0.00475606
0.00412385
0.0035856
0.00316453
0.00273591
0.00237242
0.00214746
0.00173364
0.00150641
0.00136995
0.000903395
0.000756393
0.000786613
0.000323541
0.000401545
0.000240553
0.000233354
2.05182e-05
6.52055e-06
2.28369e-05
5.38986e-05
4.24243e-05
0.000243259
0.000281744
0.000334231
0.000337353
0.000199953
0.000217453
0.000257279
0.000158882
0.00013415
0.000145447
0.000133599
0.000118413
0.000116536
0.000107199
0.000100322
8.00285e-05
8.67704e-05
6.27106e-05
4.65385e-05
4.66725e-05
4.0913e-05
2.23869e-05
2.05681e-05
1.75193e-05
2.91021e-05
1.27436e-05
8.41417e-06
4.85294e-06
1.81614e-05
1.06112e-05
5.0585e-07
1.80562e-06
3.12468e-07
6.90773e-06
2.2576e-05
6.75798e-05
2.87237e-05
7.80955e-05
9.71011e-05
9.99219e-05
9.96016e-05
0.000124984
9.62113e-05
9.39557e-05
7.18362e-05
0.000115578
0.000177007
0.000270674
0.000122749
0.000283873
0.000320246
0.000270255
0.000297198
0.000183262
0.000294699
0.000250916
0.000307247
0.000251808
0.000263144
0.000453017
0.000324428
0.000389921
0.000379491
0.000287356
0.00031567
0.000229958
0.000333981
0.000385262
0.000587448
0.000288832
0.000431106
0.000419937
0.000605325
0.000445762
0.000765774
0.000524791
0.000739232
0.000560413
0.000510863
0.000339297
0.00036634
0.000821405
0.00066724
0.000827387
0.000533434
0.000699736
0.000857886
0.000395768
0.000502244
0.000424174
0.000538911
0.000443407
0.000565543
0.000650929
0.000596936
0.000813007
0.000493597
0.00067896
0.000524901
0.000659391
0.000753202
0.000513048
0.000632889
0.000706085
0.000553029
0.000747308
4.63055e-05
1.98687e-05
0.000615471
1.30642e-06
2.2501e-06
1.21326e-05
3.42301e-05
5.8187e-05
0.000136353
0.000164705
0.000212067
0.000200513
0.000264501
0.000409602
0.000447266
0.000512625
0.000530611
0.000566615
0.000621296
0.000600212
0.000686949
0.000672401
0.000704715
0.000698679
0.000686129
0.00068787
0.000756472
0.000783522
0.000769056
0.000745235
0.000748299
0.000683884
0.000709863
0.000699041
0.000641527
0.000666756
0.000660119
0.000824491
0.00081161
0.000762805
0.000566591
0.000589848
0.000585929
0.000628817
0.000630904
0.000694956
0.000644762
0.000618332
0.000588184
0.000695209
0.000711221
0.000694189
0.000567981
0.000539566
0.00052586
0.000471722
0.000465546
0.000536705
0.000529567
0.000526745
0.000529382
0.000531797
0.0005363
0.000410761
0.000397957
0.00043274
0.000425653
0.000406733
0.000389128
0.000404837
0.000392881
0.000382179
0.000271047
0.000255761
0.000286029
0.000281093
0.000264603
0.000249195
0.000243473
0.000212488
0.000205217
0.000176621
0.000154767
0.000141283
0.000138459
0.000106903
9.31578e-05
8.96693e-05
7.8361e-05
7.00679e-05
5.55584e-05
4.97803e-05
3.46992e-05
2.90248e-05
2.17699e-05
1.78536e-05
1.47111e-05
9.94828e-06
2.88661e-06
1.22867e-06
5.06821e-07
4.72113e-10
6.79651e-07
1.49004e-06
2.90913e-06
4.64503e-06
7.77049e-06
9.49117e-06
1.24854e-05
1.82712e-05
2.05077e-05
2.27717e-05
2.12621e-05
3.73509e-05
3.34587e-05
3.57954e-05
4.39846e-05
4.59675e-05
5.20571e-05
4.73363e-05
4.77338e-05
5.00188e-05
6.06087e-05
6.15672e-05
6.60947e-05
7.3197e-05
7.12004e-05
7.55885e-05
7.67302e-05
7.31088e-05
7.49169e-05
8.02283e-05
8.16763e-05
9.31366e-05
9.32373e-05
9.40165e-05
9.57863e-05
9.03673e-05
8.88679e-05
9.09748e-05
0.000107301
9.87535e-05
0.000177379
0.000160862
0.000103543
0.000162122
0.000156411
0.000151935
0.000146673
0.000147377
0.000145647
0.000146531
0.000135614
0.000132396
0.000140268
0.00014108
0.000139222
0.000133731
0.000132646
0.000132103
0.000130997
0.000128505
0.000130657
0.000117383
0.000150415
0.000156121
8.00002e-05
7.99978e-05
8.00016e-05
7.99312e-05
7.98972e-05
7.98953e-05
7.98931e-05
7.99156e-05
8.12679e-05
8.0688e-05
8.19394e-05
8.18626e-05
8.23042e-05
0.000443857
0.000483292
0.00250362
0.00239268
0.0021288
0.000270267
0.000222812
0.000682605
0.000505713
0.000438472
0.000153311
0.00011781
0.000110838
0.000109081
1.58399e-06
1.53058e-07
0.000179561
0.000188328
0.000173263
0.000126564
0.000137345
0.000110902
0.000113826
0.000121763
0.000100259
0.000192059
0.000202318
0.00034454
0.000337877
0.00041408
0.000397187
0.000282205
0.000267815
0.000561651
0.000408457
0.000385288
0.000393356
0.000376752
0.000328731
0.000236042
0.000314978
0.000297383
0.000260435
0.000237075
0.00022216
0.000359767
0.000333597
0.000291522
0.000156634
0.00169912
0.00130656
0.00132394
0.0010674
0.000768993
0.000594185
0.00044887
0.000403114
0.000338118
0.000249565
0.000309068
0.000221799
0.000203176
0.000176747
0.000125464
0.000102667
7.23055e-05
8.50717e-05
5.29935e-05
4.52051e-05
6.17922e-05
3.61496e-05
3.64389e-05
4.78859e-07
5.72824e-07
6.10668e-07
2.5031e-06
7.28582e-06
5.23422e-06
4.04053e-06
2.32437e-07
9.60322e-07
2.36219e-07
7.48594e-05
8.87698e-05
7.10861e-05
3.56539e-05
2.43626e-05
4.04745e-05
3.45177e-05
2.75661e-05
1.04519e-05
0.00421503
0.00277944
0.0021789
0.00167161
0.00139781
0.000891877
0.000663996
0.000266088
0.000182048
0.000207815
0.000368442
0.000268393
0.00050491
0.00036216
0.000298133
4.68142e-05
2.57904e-05
2.28262e-05
0.000155113
0.000211827
0.000144311
1.64848e-05
6.05399e-06
5.12993e-06
1.61048e-05
2.57782e-05
3.23247e-05
5.75335e-05
6.57666e-05
7.83907e-05
7.94628e-05
7.72445e-06
2.51853e-06
3.08629e-06
1.32409e-07
2.81814e-07
4.8211e-07
1.14096e-05
3.54511e-06
4.40218e-06
2.69429e-07
1.33975e-08
1.2127e-06
7.55427e-07
1.11402e-05
0.000242363
0.00020202
9.49911e-06
4.33722e-06
0.000821464
0.000613351
0.0014043
0.00157595
0.00128965
0.000928909
0.000585386
0.000395356
0.000311127
0.000336782
0.000227786
0.000100559
5.96756e-05
5.31309e-05
4.31213e-05
2.5595e-05
4.5571e-05
2.87922e-05
2.68117e-06
1.82357e-07
7.27752e-07
1.06422e-06
2.27242e-07
3.30592e-07
2.82653e-07
3.62618e-07
3.44817e-07
7.09886e-06
1.84275e-06
2.9341e-06
1.68025e-05
1.06613e-05
1.75068e-07
1.43659e-07
6.22087e-06
5.34803e-06
8.98556e-07
6.66215e-07
2.2327e-06
2.76931e-06
1.07644e-05
1.10286e-06
0.000496328
0.000422691
0.0007569
0.00274261
0.00177558
0.00147304
0.00127138
0.000595272
0.000340881
4.70125e-05
2.44493e-05
7.20555e-05
1.45169e-05
0.000158143
0.000186699
0.000122755
0.00010987
5.61227e-05
7.45861e-05
6.46072e-05
7.30019e-05
5.25443e-05
4.22838e-05
4.99374e-05
6.20187e-05
5.40918e-05
4.20488e-05
5.44473e-05
3.17618e-05
4.71043e-05
4.6965e-05
1.82257e-05
2.8834e-05
2.59772e-05
6.43273e-06
3.06604e-06
2.51326e-06
5.78195e-07
1.95195e-07
2.7405e-06
4.98642e-08
3.13502e-05
1.0694e-05
1.75789e-05
2.10815e-05
4.3905e-05
5.39698e-05
3.5075e-05
6.89093e-05
2.28426e-05
4.73041e-05
7.16823e-05
0.00010273
0.000112753
6.55411e-05
9.3867e-05
0.000126216
8.37699e-05
0.000109294
9.62345e-05
0.00014678
0.000192497
0.000258209
0.000243398
0.000164659
0.000252951
0.000670736
0.000585871
0.000341033
0.000387132
0.000276973
0.000244988
0.00015737
0.000101241
7.40184e-05
4.27226e-05
8.77572e-06
2.74878e-07
2.32214e-06
3.99056e-07
2.10238e-06
6.21769e-06
1.82362e-05
2.72973e-05
5.90772e-05
9.0705e-05
0.000103354
0.000147112
0.000116938
0.000133067
0.000176954
0.000244064
0.000325739
0.000322082
0.000382045
0.000446294
0.000470417
0.000623049
0.000736269
0.000691237
0.000712378
0.00081711
0.000853554
0.000921292
0.00092956
0.000993168
0.0011102
0.00113711
0.0012317
0.00126958
0.00135389
0.00132988
0.00135209
0.00140497
0.00151218
0.00117451
0.00120528
0.00119144
0.00141845
0.00140016
0.00140437
0.00114318
0.00115504
0.00122248
0.0012476
0.00125287
0.00155571
0.00145187
0.00148159
0.00117695
0.00124769
0.00118696
0.00128653
0.00130189
0.00119271
0.00112481
0.00114127
0.0010436
0.00108473
0.00100238
0.000895634
0.000832906
0.000910924
0.000851314
0.000786739
0.000689255
0.000740508
0.000665518
0.000688234
0.000641334
0.000682469
0.000613386
0.000670931
0.00061594
0.000545457
0.000447981
0.000383603
0.000452185
0.000339778
0.000345907
0.000311398
0.000240336
0.00022356
0.000186871
0.000199485
0.000187531
0.000149818
9.91898e-05
8.59587e-05
6.10412e-05
5.88016e-05
2.98183e-05
1.96806e-05
1.35895e-05
5.07463e-06
2.45715e-06
1.51121e-09
4.34605e-07
1.51223e-06
4.62017e-06
8.49282e-06
1.49765e-05
2.32826e-05
2.81681e-05
3.60447e-05
3.93562e-05
4.24351e-05
4.82614e-05
5.93864e-05
6.82132e-05
7.49609e-05
7.79369e-05
8.31231e-05
8.96582e-05
9.64926e-05
0.00010241
0.000122028
0.000125568
0.00012197
0.000128857
0.000132513
0.000138455
0.000139559
0.000146867
0.000162263
0.00016431
0.000171451
0.000180456
0.00018299
0.000184266
0.000186547
0.000195576
0.000196807
0.000196354
0.000221468
0.000223363
0.000232728
0.000250573
0.000253666
0.00019171
0.00019316
0.000204775
0.000205187
0.000186583
0.000177227
0.000175263
0.00024498
4.89137e-07
0.00395693
3.6679e-06
0.000107458
0.000129301
0.00011817
0.00110703
0.000494934
0.000832946
0.000801385
0.000444062
0.000483475
1.72005e-06
7.46938e-07
4.04574e-07
0.000547513
0.000397298
0.000369526
0.0019108
0.00157253
0.00140595
0.00199935
0.00173643
0.00158714
0.0018863
0.00163826
0.00152266
0.00109419
0.000911861
0.000663773
0.00056915
0.000382943
0.000347104
0.000230982
0.000205942
4.99199e-05
2.66191e-05
2.44964e-05
4.12334e-05
2.58536e-05
2.47203e-05
7.83292e-06
1.88047e-06
3.55742e-06
1.25761e-05
2.49805e-05
2.55671e-05
8.02195e-05
9.53362e-05
3.51521e-05
2.96322e-05
9.71473e-05
7.87447e-05
0.000214353
0.000206779
0.000172902
0.000108521
8.6165e-05
6.97863e-05
7.75094e-05
5.96847e-05
5.53589e-05
4.44494e-06
1.56332e-06
7.44291e-07
1.62457e-05
1.69269e-05
1.44403e-05
8.17756e-06
1.86085e-05
7.57557e-07
1.32813e-06
3.21721e-05
1.22615e-05
8.40235e-06
4.33934e-07
1.51599e-06
2.00441e-06
3.46144e-06
3.46456e-06
3.28822e-06
3.68441e-06
2.89831e-06
3.63204e-06
1.06149e-05
5.16633e-06
2.54151e-06
1.3199e-06
2.82786e-08
1.06198e-05
2.1409e-05
2.02031e-05
5.22403e-06
1.14291e-05
1.19403e-05
1.97924e-06
2.81444e-07
1.94655e-07
1.08244e-05
2.5774e-06
7.24675e-08
1.80734e-06
1.13433e-06
3.42778e-07
8.68859e-07
8.29453e-06
1.91522e-05
1.48168e-05
3.19515e-06
7.26507e-08
1.45104e-05
2.32917e-05
2.39431e-05
3.53089e-05
0.000117467
0.000140856
0.000125985
5.94818e-05
6.86858e-05
7.84929e-05
5.38823e-05
6.60283e-05
4.06485e-05
5.54461e-05
5.14327e-05
4.76607e-05
5.81977e-05
5.42089e-05
6.49872e-05
5.784e-05
7.13923e-05
3.85283e-05
5.24608e-05
4.64059e-05
7.26916e-05
8.28709e-05
2.9347e-05
4.082e-05
3.50824e-05
6.7669e-05
7.99453e-05
0.000102161
0.000108076
7.67406e-05
9.05925e-05
8.38173e-05
0.000156863
0.000158973
9.29064e-05
9.34697e-05
6.8346e-05
7.78884e-05
6.94775e-05
4.6849e-05
5.08265e-05
5.4998e-05
7.53181e-05
8.00937e-05
3.69184e-05
4.09052e-05
3.21729e-05
5.62397e-05
5.67285e-05
5.42653e-05
4.96091e-05
4.47058e-05
3.0829e-05
2.60693e-05
1.16256e-05
7.77759e-06
2.5163e-05
2.32802e-05
1.70186e-05
5.88351e-06
3.28799e-06
1.05017e-05
4.76843e-05
1.28985e-05
0.0181414
0.0155408
0.0146082
0.0117653
0.0110561
0.0124966
0.010199
0.00856649
0.000118719
0.000349728
0.000316775
0.000591061
0.000477334
0.000413011
0.00065296
0.000560988
0.000563463
0.000706122
0.00055792
0.000570229
0.000426771
0.000447028
0.000352623
0.000412695
0.000284083
0.000282963
0.000133834
3.69681e-05
2.31962e-05
3.48552e-05
1.41823e-05
1.86862e-05
0.000202996
0.000121877
0.000224158
0.000455978
0.00061056
0.000652686
0.000981551
0.000828633
0.00088153
0.000522019
0.000538413
0.000592939
0.000331614
0.000275306
0.00029225
0.000207966
0.000169648
0.000178668
0.000217616
0.000177382
0.000163267
0.000126985
0.000152801
0.000115255
8.337e-05
0.000117608
0.000114182
5.42376e-05
6.08254e-05
5.4347e-05
3.06139e-05
2.44606e-05
3.78753e-05
8.36299e-06
1.03406e-05
3.06932e-06
1.35666e-06
9.95936e-07
5.81461e-07
1.01301e-05
8.92663e-06
2.46842e-05
2.96426e-06
2.70775e-05
3.40727e-05
1.6668e-05
2.68171e-05
9.58148e-06
3.91343e-05
0.000102527
0.000141051
0.000104686
3.37325e-05
9.99517e-05
0.000110952
6.13981e-05
8.84171e-05
0.000102966
0.000109343
0.000190233
0.000118054
0.000166143
8.5177e-05
0.000162737
9.38822e-05
0.00014345
0.000242104
0.000329959
0.000383279
0.000228706
0.000370223
0.000188653
0.000333576
0.000228233
0.000383872
0.000367163
0.00027789
0.000381994
0.000472231
0.000296269
0.000476906
0.000453036
0.00065189
0.000331338
0.000401791
0.000537542
0.000413677
0.00070398
0.000563008
0.000655867
0.000391056
0.000772711
0.000430014
0.000455219
0.000540811
0.000793053
0.000590824
0.000762859
0.000613136
0.000791986
0.000831726
0.00100668
0.00104048
0.000644361
0.000782492
0.000843224
0.000464067
0.000589682
0.000660954
0.000942317
0.000596428
0.000831141
0.000988167
0.000995931
0.000616712
0.000789318
0.00111733
0.000607553
0.000760871
0.000730268
0.000872346
0.000238541
0.000251338
0.00034872
0.00017846
0.000899974
0.000324939
0.000257958
0.000260247
0.000250561
0.000253923
0.000369909
0.000364336
0.000332395
0.000344658
0.000343757
0.000363219
0.000203815
0.00016276
0.000175125
0.000331915
0.000331795
0.000393026
0.000253863
0.000200693
0.00021438
0.000209187
0.000255783
0.000242026
0.000240042
0.000223776
0.000235778
0.000236895
0.0002862
0.000295996
0.000284231
0.000219356
0.000221993
0.000262124
0.000257818
0.000176686
0.000175948
0.000263643
0.000256754
0.000232371
0.00022386
0.000231355
0.000234844
0.000248374
0.000240647
0.000199911
0.000208675
0.000206488
0.000236994
0.000245317
0.000239259
0.000223099
0.000229516
0.000226608
0.000241721
0.000242246
0.000224069
0.000213943
0.000212124
0.000204205
0.000193844
0.000180636
0.000204878
0.00020705
0.000194371
0.000182784
0.000178298
0.000172083
0.000133136
0.000121608
0.000120488
0.000114801
0.000110616
0.000127435
0.000115974
9.63296e-05
9.56173e-05
7.52921e-05
6.70443e-05
6.07363e-05
5.31741e-05
3.5705e-05
3.25362e-05
2.67525e-05
1.61708e-05
1.17852e-05
1.7177e-05
1.27334e-05
1.21111e-05
9.77638e-06
6.3899e-06
1.30666e-06
1.35725e-06
4.2792e-07
3.59054e-07
1.31008e-06
2.69361e-06
3.85522e-06
6.3808e-06
8.43172e-06
1.00111e-05
1.22808e-05
1.88002e-05
2.23077e-05
2.36954e-05
2.52716e-05
2.66416e-05
2.8277e-05
3.26426e-05
4.24249e-05
3.43971e-05
5.16646e-05
5.65024e-05
6.20926e-05
6.52449e-05
6.5884e-05
7.07773e-05
7.18479e-05
7.39003e-05
6.87682e-05
6.88414e-05
7.42006e-05
7.56158e-05
8.00202e-05
5.08581e-05
5.30305e-05
5.3232e-05
5.3445e-05
5.58275e-05
4.66221e-05
4.61371e-05
4.75932e-05
5.45563e-05
5.49367e-05
5.62074e-05
5.57547e-05
5.75771e-05
5.57951e-05
5.52685e-05
5.6154e-05
5.27738e-05
5.17962e-05
5.84451e-05
5.79176e-05
6.00994e-05
5.32369e-05
5.29133e-05
5.61911e-05
5.646e-05
4.97353e-05
4.97443e-05
4.41546e-05
4.35465e-05
4.40609e-05
4.87855e-05
4.91463e-05
4.19067e-05
4.39934e-05
4.20975e-05
4.19051e-05
4.32841e-05
4.72005e-05
4.72479e-05
4.82665e-05
4.81797e-05
5.17739e-05
5.12937e-05
5.23196e-05
2.37566e-05
2.49324e-05
2.51552e-05
0.000117825
0.000117457
0.00012041
0.000120416
0.000121926
0.000126127
0.000126135
0.000126356
0.000120005
0.000121212
8.9311e-05
8.92174e-05
0.000113696
8.75535e-05
8.69991e-05
8.68277e-05
