0.00297648
0.00261479
0.00225048
0.00192065
0.00160869
0.00135467
0.00114416
0.000997865
9.17183e-05
0.000131025
0.000158213
0.000136767
0.00016457
0.000157125
0.000157532
0.000153146
0.000144097
0.000138904
0.00013276
0.000135367
0.000180095
0.000280957
0.000444948
0.000668881
0.000984958
0.00128024
0.0017561
0.00266668
0.00336627
0.00195217
0.0015381
0.000545949
0.000338476
8.94114e-05
9.8607e-05
8.36486e-05
2.96053e-05
1.61805e-05
5.66915e-06
3.33114e-05
0.000164922
0.000274281
0.000245075
0.000226343
0.000436397
0.000540006
0.000495106
0.00051515
0.000687985
0.00132258
0.00162078
0.00200907
0.00205154
0.00159958
0.00211311
0.00205195
0.00265756
0.00185279
0.00249414
0.00301604
0.00251721
0.00286509
0.0033966
0.00333935
0.00266136
0.0042472
0.00356197
0.00271174
0.00639004
0.00579488
0.00578763
0.00398957
0.00464576
0.00523265
0.00601851
0.00732132
0.00771343
0.00989523
0.0115459
0.00771815
0.00675015
0.0133716
0.0170368
0.00142942
0.00145435
0.00147949
0.00147177
0.00148502
0.00153304
0.00140163
0.00146511
0.00147284
0.00150462
0.00150046
0.00147031
0.00161443
0.00142716
0.00146818
0.00149124
0.00115925
0.00150561
0.000448129
0.00044524
0.00113645
0.0003632
0.00032475
0.000257043
0.00052844
0.000350258
0.000250342
0.00091342
0.000240138
0.000910398
0.0013292
0.00229917
0.00180611
0.00242478
0.00268932
0.00453058
0.0032179
0.00340439
0.00692225
0.00329656
0.00508873
0.00348878
0.00508586
0.00530891
0.00390969
0.00532065
0.00466128
0.00488425
0.00443947
0.00508455
0.00462272
0.00351648
0.00404724
0.00384072
0.00367965
0.00368823
0.00489705
0.00370515
0.00323788
0.00306262
0.00227567
0.00105333
0.00105965
0.00013096
9.96584e-06
9.82082e-06
3.74455e-06
0.000307994
0.000677076
0.00045131
0.000882965
0.00121649
0.00105229
0.00307101
0.000600852
0.00139577
0.000196656
0.000786751
5.29688e-05
5.39975e-05
5.64861e-05
5.76589e-05
8.00598e-05
0.000264134
0.000839156
0.00242736
0.00424078
0.00414651
0.00106493
0.00527829
0.0102108
0.00752557
0.00344266
0.00311486
0.00686469
0.00741007
0.00748678
0.00604525
0.00425764
0.00327674
0.00095545
0.000430379
0.000704248
0.00189053
0.00574462
0.00865878
0.0125708
0.00784982
0.00724088
0.00639824
0.000919284
0.000724771
0.000490973
0.000339031
0.00024386
0.000263024
0.000344116
0.000429413
0.000154879
1.96118e-06
1.35944e-06
5.54712e-06
1.09353e-06
1.51029e-05
1.59202e-05
1.6799e-05
3.47581e-05
6.19733e-06
9.7642e-06
1.10345e-05
6.61663e-06
3.14538e-06
3.78385e-06
2.51657e-06
3.48356e-06
2.12622e-06
1.04642e-05
1.44646e-05
2.82155e-06
2.36934e-06
7.08395e-06
2.59032e-06
5.04856e-06
0.000141697
0.000228772
0.00282753
0.00188782
0.00127896
0.000951946
0.000633092
0.000419918
0.000250738
0.000175997
9.89258e-05
8.86512e-05
3.99608e-05
0.00141637
0.00145423
0.00145771
0.0013321
0.00117583
0.00121236
0.00107138
0.000972769
0.000853332
0.000663728
0.00048464
0.000263037
8.24451e-05
2.31539e-05
6.89332e-05
0.000387835
0.000618929
0.000951334
0.00297339
0.00608391
0.00836402
0.00839806
0.00865986
0.00707539
0.00571915
0.0041363
0.00232791
0.00180081
0.00135114
0.000288881
0.000314767
0.000224906
6.30547e-05
7.80545e-05
6.8601e-05
5.1861e-05
3.9644e-05
8.19618e-05
0.00013274
6.31661e-05
0.000113268
0.000111888
0.000170714
0.000390578
0.000266278
0.000400378
0.000545423
0.000946584
0.00112571
0.00131223
0.00202399
0.00196192
0.00264577
0.0028038
0.00505438
0.00510183
0.0059037
0.00569118
0.00999
0.00914077
0.0120582
0.0142387
0.00830788
0.00937099
0.0117032
0.0114374
0.0142489
0.0223079
0.021901
0.016065
0.0181136
0.0147742
0.0140381
0.0121838
0.00163739
0.00164217
0.0120945
0.00191082
0.00156175
0.0013432
0.00137369
0.00137444
0.0014863
0.00153933
0.00194652
0.00146618
0.0018374
0.00169934
0.00105756
0.000144315
7.32581e-05
0.000374783
7.07368e-05
0.000293453
0.000717002
0.00087131
0.000544406
0.000889905
0.00144934
0.00137158
0.00204585
0.00255004
0.002605
0.00241508
0.00242963
0.00205227
0.00365909
0.00360971
0.00344686
0.00391561
0.00347807
0.00340945
0.00381809
0.00355774
0.00377242
0.00241653
0.00388243
0.00220697
0.00222765
0.00356661
0.00207895
0.0032656
0.00244967
0.00357782
0.00231693
0.00247867
0.00253382
0.00220437
0.000723707
0.00131861
0.00102053
0.000744611
0.000633886
0.000162218
1.18285e-05
2.21632e-06
2.48868e-06
5.81097e-06
9.34395e-05
8.52893e-05
5.10444e-05
0.000840089
1.17383e-05
0.000135849
0.000137314
0.00105132
4.99786e-05
5.04969e-05
5.11999e-05
5.1329e-05
5.14471e-05
4.96525e-05
3.84442e-05
4.05202e-05
0.000105054
0.000521235
0.00132539
0.000147508
0.00227212
0.0003208
0.000239878
0.000203017
0.00217477
0.00179554
0.00119752
0.000820365
0.000454096
0.000203902
0.000160237
4.13389e-05
4.63374e-05
1.77545e-05
2.23185e-06
6.13563e-06
2.00657e-05
2.42745e-06
2.2181e-06
3.77433e-06
2.95867e-06
4.30492e-06
2.44763e-05
6.15845e-06
1.47224e-05
3.51534e-06
6.28546e-06
2.70337e-05
3.44332e-05
1.2548e-05
3.42901e-05
8.32239e-05
5.34003e-05
0.00112104
0.000648628
0.00172342
0.00115731
0.000877314
0.000657283
0.000330962
0.000599236
0.000879445
0.000968113
0.00048672
0.000308359
0.000318224
8.8904e-05
0.00020272
8.66518e-05
2.73613e-05
4.20917e-05
2.66811e-05
8.63223e-06
3.27141e-06
3.85318e-06
3.69873e-06
8.34477e-06
5.76278e-06
4.84938e-06
3.7769e-06
4.78076e-06
7.63353e-06
5.19066e-06
7.06834e-06
6.32496e-06
4.257e-06
0.00201767
0.000968523
0.000441421
0.000205598
7.55462e-05
3.48673e-05
3.10393e-05
5.93853e-06
0.0035127
0.00325253
0.00301067
0.00276487
0.00243256
0.00206627
0.0018201
0.00109923
0.000883112
0.000553452
0.000258322
6.98828e-05
3.2532e-05
0.000145914
0.000443748
0.000769711
0.00276934
0.00571264
0.00922315
0.00919883
0.0100494
0.00948378
0.00770403
0.00623185
0.0047744
0.0038033
0.00274989
0.00165817
0.00136237
0.00117757
0.000436831
0.000480833
0.000322689
0.000290433
0.000230766
0.000202468
0.000154952
0.000139143
0.000135491
0.000149368
0.000308528
0.000221003
0.000403021
0.000726471
0.000750698
0.00135578
0.0013349
0.00159309
0.00174751
0.00200268
0.00229325
0.00287309
0.00330209
0.00325728
0.00411248
0.00592671
0.00544463
0.00484601
0.00577224
0.00692238
0.00857475
0.0122159
0.0116025
0.00879105
0.00893729
0.00716021
0.00607529
0.00506788
0.00857365
0.00136485
0.00500859
0.00561042
0.00125055
0.00123874
0.00129216
0.00131904
0.00134382
0.00138251
0.00129594
0.00144566
0.00131259
0.00134231
0.00122608
0.00133402
0.00129441
0.00142416
0.00131355
0.00128948
0.00135803
0.00141885
0.00143043
0.00131871
0.00128233
0.00100307
0.00128727
0.000743386
0.000389258
0.000720319
0.000147542
0.00048273
0.00031515
0.000141304
0.000248425
0.000351589
0.000186922
0.000273293
0.0003777
0.000735642
0.00161772
0.000765027
0.000844315
0.00144097
0.0019102
0.00257831
0.00377014
0.00342427
0.000920209
0.00245473
0.0039464
0.00389255
0.00424793
0.00552569
0.00674297
0.00390223
0.00269507
0.00234263
0.00180659
0.00149227
0.00300566
0.00100457
0.00187624
0.00116777
0.000790577
0.000938498
0.000853733
0.000621091
0.000420838
0.000606267
0.000110257
0.000177484
0.000266148
0.000138658
0.000560725
0.000452465
7.54024e-05
6.61419e-05
0.00239276
3.63286e-05
3.63346e-05
3.63345e-05
3.63331e-05
3.63356e-05
3.63265e-05
3.63276e-05
0.000716416
5.42872e-08
0.000521603
0.00259146
0.00231488
0.00209721
0.00174037
0.00143113
0.00115388
0.000754214
0.000473846
0.000342141
0.00131529
0.00178169
0.00128842
0.00110657
0.000803859
0.000578785
0.000490444
0.000259518
0.000155557
0.000167497
7.08385e-05
3.52381e-05
2.47085e-05
8.08963e-06
5.06916e-06
9.34196e-06
7.94684e-06
9.12583e-06
0.00101226
0.000792954
0.000558667
0.000429424
0.000276263
0.000221648
0.000114513
7.28733e-05
3.95576e-05
2.49689e-05
8.35557e-06
0.00108864
0.000668247
0.000538038
0.000342484
0.000170313
6.43565e-05
3.96487e-05
3.84363e-05
5.03633e-05
9.68429e-06
2.63874e-05
9.73354e-06
1.10202e-05
3.40426e-05
8.29517e-06
4.78652e-06
1.19329e-05
1.01842e-05
0.00158698
0.000952665
0.00049031
0.000863718
0.000392696
0.000232561
0.000133086
0.000124384
5.73081e-05
0.00441891
0.00400231
0.00373392
0.00314934
0.00284307
0.00186461
0.00141166
0.000890179
0.000100127
0.000197394
0.00147797
0.00370078
0.00707566
0.00957241
0.00972649
0.0102146
0.00897932
0.00678588
0.00427465
0.00316567
0.00236888
0.00135814
0.00141863
0.00148599
0.000977881
0.000870937
0.000661444
0.000708816
0.000374756
0.000264194
0.000197514
0.000240469
0.000165098
0.000206404
0.000311592
0.000676272
0.00154175
0.00200039
0.00166461
0.00274881
0.0028026
0.00267001
0.00373966
0.00655461
0.0127107
0.00691747
0.00359124
0.00314239
0.00259535
0.00227845
0.00198374
0.00188904
0.00227694
0.00189153
0.0019187
0.00185812
0.00188795
0.00189237
0.00188949
0.00181932
0.00179257
0.0017814
0.00181901
0.00181507
0.00178223
0.00173823
0.00172541
0.00168207
0.00169757
0.00166466
0.00170213
0.00168891
0.00167095
0.00172835
0.00138825
0.00102281
0.00135347
0.000725372
0.000541139
0.000555021
0.000366035
0.000349139
0.000410085
0.000594192
0.00122065
0.000771598
0.00134388
0.00193884
0.0018642
0.00203098
0.00249149
0.00158615
0.00112823
0.00108064
0.000662489
0.00204187
0.00111746
0.000846228
4.47405e-05
0.000557814
0.000105249
0.00016582
0.000233775
0.00030249
6.49682e-05
0.0001908
7.38258e-05
0.00139237
9.29545e-05
0.000138353
7.41334e-05
0.000334333
0.000258895
0.000117853
8.75435e-05
0.000182377
0.000847462
0.000109881
0.00980234
0.0159641
0.00215014
0.0170836
3.05241e-05
3.05391e-05
3.05335e-05
3.05181e-05
3.0448e-05
3.04463e-05
0.000122656
0.000122465
0.00202902
0.00160268
0.00517527
0.00472428
0.00408479
0.00369135
0.00306979
0.00290549
0.00237361
0.00176084
0.0015148
0.000598525
0.000361651
0.000270014
0.00018826
9.04203e-05
5.31458e-05
1.0214e-05
8.93233e-06
7.34479e-06
6.20006e-06
2.09431e-05
5.11787e-05
2.24712e-05
2.47121e-05
5.51941e-05
4.6519e-05
0.00010106
3.65851e-05
3.815e-05
6.95001e-06
6.94654e-06
0.000197259
0.000110549
9.76888e-05
5.38553e-05
9.50063e-06
5.16007e-06
6.59826e-06
6.99196e-06
1.35606e-05
8.55683e-06
1.6448e-05
1.12964e-05
0.00152211
0.000864265
0.000504457
0.000311261
0.000200883
7.6712e-05
3.99801e-05
3.12581e-05
1.253e-05
1.459e-05
1.57005e-05
6.75494e-06
7.33296e-06
6.95704e-06
7.25793e-06
8.60719e-06
9.13201e-06
1.27744e-05
1.11415e-05
8.6327e-06
9.05463e-06
2.07999e-05
1.94395e-05
8.43236e-06
0.0034419
0.0032663
0.00284455
0.0026403
0.00228669
0.00171728
0.00136832
0.000991008
0.000560686
0.000227637
8.11218e-05
0.000107099
0.000162449
0.000633861
0.00218513
0.00549572
0.00666144
0.00629417
0.00784888
0.00842216
0.00829197
0.00781001
0.00672478
0.00379572
0.00267819
0.00167469
0.00168556
0.000904487
0.000388046
0.000269452
0.000271805
0.000288596
0.000183171
0.000186857
0.000139168
0.000123117
0.000112056
0.000101987
8.2454e-05
0.000125594
0.000147528
0.000710543
0.00076605
0.000866942
0.00146608
0.00135597
0.00219059
0.00218611
0.00305634
0.00319886
0.00310137
0.00296048
0.00372284
0.00438027
0.00414341
0.00429703
0.00647085
0.00293549
0.00270385
0.00247279
0.00247863
0.00241305
0.00262241
0.00250951
0.00258654
0.00270523
0.00268095
0.00237376
0.00238943
0.00252719
0.00245486
0.0024139
0.00250699
0.00248364
0.00269473
0.00282913
0.00252302
0.00269987
0.00296517
0.00305593
0.00291343
0.00286297
0.00279947
0.00277625
0.0026877
0.00281995
0.00265445
0.0014136
0.000631961
0.000436075
0.00013603
0.000130194
0.000131779
0.000139295
0.000161145
0.000499379
0.000475174
0.000581267
0.00088208
0.00070437
0.00138209
0.00134507
0.00290398
0.00263129
0.00381699
0.00373574
0.00373289
0.00666854
0.0048549
0.00513879
0.0037567
0.00625291
0.00464083
0.0042663
0.00557898
0.0057606
0.00560641
0.00570121
0.00524569
0.00547698
0.00385339
0.00542398
0.0039721
0.00380544
0.00290181
0.00351359
0.00344389
0.00244803
0.00226744
0.00851172
0.00123736
3.32013e-05
3.34076e-05
3.35031e-05
3.37587e-05
3.41035e-05
3.44872e-05
3.19663e-05
0.000355946
0.00146164
0.000130146
9.8509e-05
0.000222293
0.00018653
0.000155297
0.000133338
0.000102023
1.87156e-05
2.92618e-05
0.000102101
5.98768e-05
0.0138924
0.0110164
0.00878511
0.00665238
0.00476721
0.00348689
0.00229117
0.00152337
0.00102396
0.000647349
0.000329028
0.000317917
0.000122923
1.3522e-05
1.137e-05
0.000169855
0.000134858
0.000109681
0.000172478
0.000124594
9.74423e-05
0.000160154
0.000208413
7.07744e-05
6.73842e-05
8.78784e-05
5.69521e-05
6.65637e-05
5.96488e-05
4.43005e-05
0.000110468
8.49411e-05
9.16926e-05
0.00218623
0.00184871
0.00122221
0.00114704
0.000949758
0.000778756
0.000721799
0.00055728
0.000462368
0.000432563
0.000355916
0.000342447
0.000267957
0.000277169
0.000246559
0.000288196
0.000220339
0.000225696
0.000213946
0.000165774
0.000155442
5.17981e-05
4.12897e-05
4.33359e-05
4.54828e-05
6.42688e-05
6.10341e-05
4.25892e-05
1.04533e-05
4.24809e-05
8.01429e-05
0.000150144
0.000196666
0.000187949
0.000148849
3.77561e-05
9.43014e-05
0.000270396
0.00075112
0.000794166
0.000944469
0.00277925
0.00547281
0.00512958
0.00518723
0.00432845
0.00327984
0.00163963
0.00188841
0.00131537
0.000886108
2.08609e-05
8.08888e-05
2.75578e-05
6.39659e-05
0.000125291
0.000116801
0.000241363
0.000249005
0.000477035
0.000487022
0.000499911
0.000589749
0.00101591
0.00121651
0.00124753
0.00155177
0.00163779
0.00350157
0.00395472
0.00504261
0.00584701
0.00612619
0.00668597
0.00668533
0.00925486
0.00963936
0.010901
0.0108988
0.0131855
0.0152429
0.0112189
0.0146418
0.0174103
0.0152158
0.0211919
0.0177698
0.0146442
0.0170399
0.00714684
0.00330235
0.00309114
0.00321221
0.00283967
0.00289749
0.00287827
0.00339642
0.00318917
0.0030329
0.00390682
0.00401813
0.00343171
0.00311065
0.00313919
0.00298285
0.00274361
0.00291413
0.00273725
0.00262242
0.00263902
0.00115145
0.000264742
0.000137111
0.000113631
5.55165e-05
8.14702e-05
0.00016113
0.000144838
7.6647e-05
7.83993e-05
0.000439029
0.000413667
0.000692154
0.00037635
0.00122235
0.00148695
0.000788319
0.00250821
0.00146817
0.0016826
0.00154469
0.00347378
0.00267642
0.00504676
0.00480211
0.00334766
0.00488226
0.0042424
0.00449536
0.00418418
0.00387819
0.00301674
0.00365874
0.00316902
0.00332338
0.00307239
0.00217013
0.00266783
0.0031529
0.00388648
0.00316207
0.00295599
0.0021419
0.00193879
0.00102432
0.00158086
0.000445153
0.000742652
0.000636564
2.03216e-05
0.000136899
0.00011625
0.00011579
7.71665e-05
0.000645933
0.0014184
4.49009e-05
4.63375e-05
4.72718e-05
4.87341e-05
4.98471e-05
4.75239e-05
3.6896e-05
3.69464e-05
0.000932201
4.58581e-05
0.00140798
0.00413042
0.00361306
0.0035445
0.00311314
0.0023423
0.00163375
0.00144105
0.000830218
0.00051612
0.000406665
0.000188822
0.000143396
6.31912e-05
7.30555e-05
5.16903e-05
6.85401e-06
4.27704e-06
4.87378e-06
5.10133e-06
1.22176e-05
1.42192e-05
1.65098e-05
6.54052e-05
8.72194e-06
1.32189e-05
7.29309e-06
1.45496e-05
1.58541e-05
5.88687e-05
3.73997e-05
4.27834e-05
0.00205321
0.00127189
0.000947863
0.000520994
0.00184106
0.0012741
0.000685761
0.000774821
0.000746164
0.000754307
0.00250796
0.002145
0.00217922
0.0013881
0.000557595
0.000285237
0.000398771
0.000277892
6.57116e-05
7.25185e-05
8.26359e-06
4.67284e-06
0.000236102
0.00031898
0.000388564
0.000324186
0.000174434
0.000196124
0.000173753
8.23538e-05
9.40698e-05
0.00057063
0.0102348
0.00641432
0.00362271
0.0018398
0.000864458
0.000455042
0.000157163
8.76942e-05
4.19935e-05
0.00446708
0.00414248
0.00391815
0.00361311
0.00314259
0.00281815
0.00248998
0.00203757
0.00160313
0.00123206
0.000726123
0.000352963
0.00035044
0.000130425
5.42335e-05
0.000157243
0.000432827
0.000507068
0.00224863
0.00292179
0.00549936
0.0077477
0.00829676
0.00644701
0.00468895
0.00384157
0.00227183
0.00188516
0.0011624
0.000575605
0.000329484
0.00017833
0.000153778
0.00011569
0.000117621
0.000113891
0.000119012
0.000192127
0.000180467
0.000223244
0.000161776
0.000438202
0.000503358
0.000665177
0.000957928
0.000988641
0.000936513
0.00141961
0.00180277
0.00196818
0.00202086
0.00266089
0.00242643
0.00341793
0.00503573
0.00542056
0.00510036
0.00438045
0.00524445
0.00773553
0.00688601
0.00515687
0.00866277
0.00981578
0.00662394
0.0072483
0.0082398
0.00581107
0.00636984
0.0062437
0.00725636
0.00245879
0.00228158
0.00215398
0.00201182
0.00192772
0.00207889
0.00203845
0.00179183
0.00181469
0.00176435
0.00188467
0.00162103
0.00172802
0.00154136
0.00165835
0.00155517
0.00170015
0.00155424
0.00155176
0.0015402
0.00147193
0.00157075
0.00152885
0.00154927
0.00148581
0.00151196
0.0014295
0.0014416
0.00152996
0.00142097
0.00152128
0.000699115
0.000897761
0.000590095
0.000240678
0.000187977
0.000184805
0.000243679
0.00018009
0.000231636
0.000425665
0.000310474
0.000369271
0.000609787
0.000602275
0.000573286
0.00206484
0.00245998
0.00228036
0.00287702
0.00253923
0.00312787
0.00321559
0.00261795
0.00346642
0.0016959
0.00439676
0.00330907
0.00294501
0.00265994
0.00209995
0.00214411
0.00123611
0.00168984
0.00114253
0.0012656
0.000576658
0.00053824
0.000601977
0.000379114
0.000716306
0.000263146
0.000484889
6.22175e-05
0.000287119
0.000213287
0.000264435
0.000123043
0.00010737
0.00339704
0.00026417
0.000157269
3.57822e-05
3.59374e-05
3.59373e-05
3.57886e-05
3.57881e-05
3.57777e-05
5.09312e-05
0.00191889
0.000245254
0.000414461
0.00104344
0.00120366
0.00123443
0.00100091
0.000746908
0.000640707
0.000460151
0.000259021
0.000139635
4.78036e-05
3.14537e-05
4.47619e-06
2.5573e-05
0.00048044
0.000361839
7.0294e-05
0.00024998
0.000186733
0.000144214
5.76008e-05
1.08941e-05
9.99919e-06
4.59518e-06
3.60792e-06
1.63294e-05
1.62112e-05
2.07845e-05
6.79966e-05
2.06579e-05
2.59343e-05
7.31424e-05
4.50555e-05
5.40467e-05
0.000928213
0.000560053
0.000535563
0.000402579
0.000301862
0.000292162
0.000155362
0.000112953
9.24879e-05
4.34344e-05
0.000995242
0.000623908
0.00044765
0.000365322
0.000176128
0.000109879
8.29105e-05
4.49852e-05
1.42338e-05
9.4833e-06
8.70308e-06
5.55435e-06
5.11667e-06
5.28032e-06
5.928e-06
4.96945e-06
5.91755e-06
8.15441e-06
4.50828e-06
7.44817e-06
2.67597e-05
4.97647e-06
5.62295e-06
5.16235e-06
1.09097e-05
0.00150814
0.000886739
0.000442273
0.000389167
0.000474521
0.000259397
0.0001423
8.20213e-05
5.16794e-05
4.61435e-05
0.00405892
0.00361996
0.0033234
0.00286163
0.00226794
0.00183412
0.00128125
0.000826684
0.000637804
0.000670068
0.00027413
6.08769e-05
9.64468e-05
0.000238292
0.000407792
0.00341282
0.00576997
0.00911873
0.00877439
0.00977943
0.00894575
0.00850943
0.00655376
0.00603305
0.00525987
0.00328916
0.00104426
0.0013593
0.00141599
0.00111176
0.000769213
0.000471757
0.000189144
0.00017114
0.000152512
0.000139973
0.000121426
0.000128286
0.000184986
0.00010564
0.000307924
0.000422071
0.000356846
0.000638166
0.000834112
0.00132052
0.00153425
0.00148226
0.00195695
0.00228072
0.0022979
0.00295706
0.00323272
0.00629124
0.0050189
0.00496271
0.00498998
0.0049137
0.0057801
0.00361764
0.00473148
0.00247364
0.0021635
0.00201751
0.00174037
0.00183201
0.00154231
0.00167861
0.00181336
0.0017719
0.00167148
0.0016951
0.00166516
0.0017375
0.00166518
0.00164954
0.00163828
0.00163099
0.0016075
0.00161119
0.00161101
0.0015824
0.00159355
0.00157856
0.00154931
0.00155544
0.00159808
0.00149344
0.00161684
0.00158224
0.00138359
0.000891379
0.000513466
0.000430782
0.000274742
0.00034557
0.000341089
0.000307812
0.0003214
0.00115968
0.000881466
0.00108015
0.00138443
0.00110588
0.00123182
0.00111314
0.00153291
0.00288921
0.00109236
0.0016643
0.000584889
0.00111839
0.000651136
0.000556272
0.00037519
4.57307e-05
0.00010578
0.000349525
8.38128e-05
0.000387167
0.000449498
0.000130258
0.000591711
0.000344856
0.000155387
0.000310819
0.000113073
8.17359e-05
0.000812706
0.000452189
0.000100495
0.00017383
0.00398687
0.00602105
0.00211194
0.00179501
0.00130928
0.00179528
0.00131569
3.47253e-05
3.47279e-05
3.47263e-05
3.46866e-05
3.46163e-05
3.46123e-05
3.46085e-05
9.97818e-05
0.00066812
0.00204126
0.00481367
0.00530848
0.00456981
0.00360877
0.00384763
0.0026863
0.00231094
0.0017953
0.00117964
0.00076963
0.000424731
0.000302516
0.000114131
0.000164619
0.000111636
1.23111e-05
5.97579e-06
1.30117e-05
3.9441e-05
3.53489e-05
2.83206e-05
7.89465e-05
6.89764e-05
2.24819e-05
3.1033e-05
1.51065e-05
1.81194e-05
2.56063e-05
1.66206e-05
3.08779e-05
3.17723e-05
3.1181e-05
4.0499e-05
1.64054e-05
5.18575e-05
1.03022e-05
0.000127158
0.000139386
8.9269e-05
7.79794e-05
3.40083e-05
9.36359e-06
6.26038e-06
5.49315e-06
6.04798e-06
6.33946e-06
6.30224e-06
5.02487e-06
4.76265e-06
0.00142849
0.000848633
0.000537732
0.000351928
0.000162914
0.000113832
5.72687e-05
2.55248e-05
4.44796e-05
2.08518e-05
3.24797e-05
1.76405e-05
5.7339e-06
5.45326e-06
5.74088e-06
7.90853e-06
6.98173e-06
5.88854e-06
6.94377e-06
6.12356e-06
8.1834e-06
6.43552e-06
6.33726e-06
6.6754e-06
7.28315e-06
0.00312018
0.00295162
0.00280412
0.00243025
0.00201422
0.00144972
0.00120189
0.000681968
0.000362742
0.000169767
5.22085e-05
0.000162458
0.000260329
0.000908581
0.00345926
0.0046465
0.0067713
0.00948453
0.00922289
0.00887212
0.00782452
0.00764993
0.00689158
0.0054567
0.00480865
0.00186415
0.00197134
0.00129738
0.000729158
0.00104007
0.000389295
0.000428576
0.000640555
0.000178198
0.000473331
0.00024863
0.000166154
6.99528e-05
6.59917e-05
6.04871e-05
5.02167e-05
3.36575e-05
8.24547e-05
6.537e-05
0.000414796
0.000569614
0.00129892
0.00170867
0.00185016
0.00206391
0.00274071
0.00303977
0.00280762
0.00414934
0.00436564
0.00431472
0.00454202
0.00604895
0.0024584
0.0022479
0.00292022
0.00229013
0.00239254
0.00220028
0.0022907
0.00279063
0.00273665
0.00253167
0.00229107
0.00233541
0.00235685
0.00243375
0.00241753
0.00244809
0.00251773
0.00237485
0.00254214
0.00246197
0.00261321
0.00235713
0.00250044
0.00244741
0.00220942
0.00241574
0.00230616
0.0024105
0.00244211
0.0012176
0.00235921
0.00110622
0.000421839
0.00016171
0.000232052
0.000161193
0.000217671
0.000324364
0.000383491
0.00107352
0.0011039
0.00163195
0.000992555
0.00140441
0.00288891
0.00294695
0.00321562
0.00342281
0.00487654
0.00414489
0.00418842
0.00423227
0.00539881
0.00512614
0.00319267
0.00469442
0.00394825
0.00272969
0.00362122
0.00299942
0.00155964
0.0032975
0.00203091
0.00183297
0.00204858
0.00195572
0.00135751
0.00181314
0.00230975
0.00213024
0.00291281
0.00238234
0.00715849
0.00376565
0.00409723
0.00350727
3.93995e-05
4.0025e-05
4.02191e-05
4.03628e-05
4.09874e-05
4.09011e-05
3.65116e-05
6.30627e-05
6.32804e-05
0.00138523
0.00116459
0.000749478
0.0109525
0.0130287
0.0111509
0.00963382
0.00840952
0.00744836
0.00621315
0.00480273
0.0034217
0.00269259
0.00152601
0.00107426
0.000690445
0.000467731
0.000219661
0.000155073
8.55831e-05
4.85598e-05
3.23271e-05
2.88475e-05
7.07046e-05
3.47265e-05
4.08887e-05
5.96407e-05
4.94399e-05
4.46759e-05
7.82943e-05
1.9948e-05
1.97227e-05
3.1136e-05
3.19623e-05
2.92631e-05
3.41855e-05
2.89906e-05
6.26562e-05
6.5958e-05
3.8314e-05
8.0014e-05
0.000607703
0.000841995
0.000717911
0.000677385
0.000551595
0.000481317
0.000290057
0.000263249
0.000366415
0.000275413
0.00027104
0.000296659
0.000280778
0.000216327
0.000263417
0.000254084
0.000211875
0.000232446
0.000215776
0.000194887
0.000169799
0.000219758
0.000182426
0.000157536
0.000154625
0.000136957
0.000186034
0.000143592
0.000135111
0.000132083
0.000160142
0.000137433
0.000133908
0.000100023
7.6767e-05
0.000147637
0.000216381
0.000207473
0.000171994
0.000116332
6.39918e-05
4.82499e-05
4.63015e-05
0.000148764
0.000846893
0.000621825
0.0016178
0.00372728
0.00421329
0.0050311
0.00489055
0.00373943
0.00233795
0.00139613
0.000455159
0.000677619
0.000353359
0.000128659
9.10522e-05
2.17817e-05
1.27857e-05
2.54265e-05
7.75294e-05
6.45737e-05
6.98502e-05
0.000199556
0.000192102
0.00033886
0.000467622
0.000720082
0.000874625
0.000923969
0.00109862
0.00281187
0.0038272
0.00395093
0.00542424
0.00554138
0.00659557
0.00581158
0.00603765
0.00795267
0.0104388
0.00888151
0.0136963
0.0141138
0.0109454
0.0136167
0.0144563
0.016382
0.014721
0.0214261
0.0226626
0.011788
0.011293
0.00447089
0.00422026
0.00503075
0.00498098
0.00427643
0.00352032
0.00324783
0.00346715
0.00298677
0.00284806
0.00289709
0.00271277
0.00235513
0.00253429
0.00239602
0.00256493
0.00242676
0.00242566
0.00234605
0.00226536
0.00204659
0.00211259
0.00125833
0.00201104
0.000825784
0.000625767
0.00026801
0.000258527
0.000253509
0.000465763
0.000107106
0.000706942
0.000132885
0.000623387
0.000952246
0.000497602
0.000511437
0.000823984
0.00145278
0.00199976
0.00220626
0.00209765
0.00193601
0.00260717
0.00254149
0.00380841
0.00319875
0.00433008
0.00316498
0.00283777
0.00316056
0.00306343
0.00500214
0.0027196
0.00532407
0.00517055
0.00288231
0.00295203
0.00267234
0.00227251
0.00203267
0.00153874
0.00162842
0.000441774
0.00225373
0.000330541
0.00138518
0.000417778
0.000483531
0.00142763
0.00153024
0.000185473
0.000219398
0.00141403
9.40931e-05
0.000193409
0.0018292
0.00079919
2.25613e-05
3.76314e-05
3.86747e-05
3.87921e-05
3.7353e-05
3.88457e-05
3.75647e-05
3.93684e-05
3.96879e-05
4.2515e-05
0.00140429
0.00141407
0.00202438
6.04014e-06
0.00351642
0.00298434
0.00258937
0.00233221
0.00223636
0.00209854
0.00167109
0.00150764
0.00100558
0.000734146
0.000428094
0.000365145
0.000155331
8.46535e-05
6.05186e-05
9.42007e-05
3.41715e-05
3.74848e-05
6.72702e-06
6.93607e-06
3.42094e-05
5.22105e-05
1.37159e-05
3.02776e-05
0.000115168
6.5371e-05
7.16313e-05
2.06821e-05
7.69886e-05
8.04829e-05
0.000152275
0.000149188
0.000908844
0.00104299
0.000602839
0.000327757
0.000986223
0.000900342
0.00036141
0.000244171
0.000136168
0.000279515
0.00012248
8.29637e-05
0.000109563
3.4761e-05
2.27919e-05
2.25438e-05
1.55988e-05
7.22921e-06
1.03689e-05
6.78379e-06
8.06805e-06
1.32913e-05
1.02116e-05
3.24827e-05
1.85508e-05
0.00614395
0.00376894
0.000707423
0.00256883
0.00137987
0.000827008
0.000373591
0.000161594
5.18503e-05
2.66983e-05
3.32835e-05
1.18153e-05
9.20064e-06
1.49127e-05
8.66178e-06
0.00443674
0.00415789
0.00393933
0.00350757
0.00306333
0.00268649
0.00236141
0.00193685
0.00128766
0.00100462
0.000668009
0.000619241
0.000346054
9.47522e-05
6.77115e-05
0.000232578
0.000400219
0.00118126
0.00328772
0.00448668
0.00632371
0.00776828
0.0081045
0.00694767
0.005267
0.00462978
0.00270648
0.00122442
0.00133026
0.000626442
0.000457376
0.000234888
0.000179836
0.000118233
9.29385e-05
9.84102e-05
0.000118565
0.00020235
0.000147703
0.000295579
0.000535926
0.000549445
0.000783456
0.000931821
0.00102706
0.00150995
0.00190559
0.00181421
0.00245788
0.00289562
0.00332173
0.00391221
0.00461417
0.00509104
0.00769419
0.00675294
0.00706757
0.00901271
0.00582573
0.0081761
0.00533509
0.00591611
0.00481885
0.00431017
0.00732059
0.00790026
0.00587953
0.00508651
0.00922252
0.00834224
0.00205502
0.00195261
0.00195569
0.00185641
0.00189543
0.0018491
0.00177562
0.00178796
0.00169492
0.00163259
0.0016677
0.00168098
0.00156941
0.00177316
0.00155339
0.00154027
0.00154972
0.00148655
0.00152695
0.00143862
0.00148806
0.00164586
0.00145766
0.00141388
0.00140849
0.00150129
0.00147543
0.00152207
0.00137198
0.00143742
0.00125948
0.000603183
0.000445354
0.000654393
0.00043578
0.00052619
0.000270357
0.000210457
0.000545571
0.000336724
0.000519517
0.00146938
0.000431386
0.00126067
0.00176569
0.00185854
0.00138719
0.00151676
0.00149854
0.00236707
0.00283761
0.00143424
0.00363611
0.0028967
0.00370085
0.00341714
0.00288145
0.00284777
0.00227563
0.00165902
0.00175753
0.00310239
0.00208007
0.00141119
0.0010904
0.00095287
0.000875083
0.00199314
0.000635328
0.000529239
0.000558327
0.000258488
0.00024013
0.000228372
0.000232472
0.000471354
0.000271741
0.000180917
0.000229644
0.000148912
0.000145828
0.0039329
3.92666e-05
3.88207e-05
3.8806e-05
3.93336e-05
3.88854e-05
3.88562e-05
3.76735e-05
4.5413e-05
0.0015854
0.000145752
3.82487e-05
0.00089947
0.00139448
0.00144774
0.00126491
0.000853265
0.000712751
0.0004596
0.000265343
0.000111673
7.3242e-05
2.01163e-05
7.51811e-06
0.000906768
0.000531322
0.000315573
0.000293823
0.000211184
0.000156675
0.000113778
4.84805e-05
1.65543e-05
1.1376e-05
4.70972e-06
6.01105e-06
7.45148e-06
3.38069e-06
4.06421e-06
1.68244e-05
6.35627e-06
5.32369e-06
3.436e-05
3.45163e-06
0.00113571
0.000696267
0.000495192
0.000472761
0.000347309
0.000252866
9.29011e-05
0.000113135
2.46376e-05
1.0915e-05
7.64779e-05
9.86404e-05
4.08084e-05
8.14258e-05
7.81401e-05
0.000205099
8.80269e-05
0.000130592
2.64565e-05
0.000119869
9.59399e-05
0.000147267
0.000138826
0.000103771
0.000147606
9.53671e-05
0.000120203
0.000113012
0.000102384
2.95462e-05
3.33339e-05
7.5467e-05
0.000106351
9.72649e-05
0.000103054
2.57868e-05
0.000113004
0.000106847
0.000106099
4.24783e-06
5.12394e-06
4.76712e-06
0.0101313
0.000662493
0.000715775
0.000769106
0.000718433
0.000567813
0.000471172
0.000417923
0.000336953
0.00011915
8.78387e-05
2.61299e-05
8.8458e-05
0.000315215
0.000713463
0.000913236
0.00290846
0.00574511
0.00633871
0.00911351
0.00897373
0.00832721
0.0070447
0.0051028
0.0031614
0.00185748
0.00169595
0.00145909
0.00143334
0.000677385
0.000636193
0.000272934
0.00025162
0.000192939
0.0001323
0.000126207
8.6081e-05
0.000139825
8.87179e-05
0.000138529
0.000168966
0.000293817
0.000502714
0.000590654
0.000773053
0.00118766
0.00132249
0.00191287
0.00235436
0.00278458
0.00359653
0.00363938
0.00397125
0.00405751
0.00547477
0.00560986
0.00789543
0.00671452
0.0195038
0.00407872
0.00360691
0.00427408
0.00708083
0.00469152
0.00437398
0.00268978
0.0025524
0.00228092
0.00211625
0.00187614
0.00191538
0.0019108
0.00175583
0.00162779
0.00158592
0.00168706
0.00161277
0.00156224
0.00152375
0.00143759
0.00155118
0.00167048
0.00143756
0.0014122
0.00148309
0.00147143
0.00142284
0.00131
0.00145252
0.00145288
0.0014111
0.000979663
0.000776719
0.000248834
0.000390982
0.000229486
0.000537388
0.000230078
0.00019032
0.000625891
0.00103964
0.000599709
0.00203074
0.00170192
0.00124886
0.00275321
0.00199614
0.0019579
0.000909213
0.00080782
0.00171095
0.000700493
0.00048568
0.000436968
0.0003815
0.000275173
3.99567e-05
0.000796556
0.000129972
0.000103581
0.000998331
0.000103434
0.000486677
0.000253929
0.000173453
6.94918e-05
0.000664411
8.68556e-05
0.000278134
0.00298026
0.0041585
0.00258914
0.00264288
0.00146824
0.00128368
0.00150062
0.000831846
0.00281636
3.82577e-05
3.82596e-05
3.82619e-05
3.82526e-05
3.82184e-05
3.81692e-05
3.81358e-05
0.000118198
0.000804405
0.00103179
0.00576486
0.00406822
0.00351686
0.00438135
0.0028086
0.002726
0.00195925
0.00149722
0.0010504
0.00074635
0.000548913
0.000201877
7.35861e-05
6.72712e-05
4.91846e-05
1.57707e-05
4.93363e-06
8.74983e-06
6.38367e-05
6.09087e-05
2.56787e-05
7.19671e-06
4.96035e-05
3.08277e-05
4.02798e-05
3.86216e-05
7.01123e-05
0.000131369
3.02581e-05
0.00012151
3.81765e-05
3.59809e-05
6.45522e-06
3.49444e-05
0.000161029
0.00012013
0.000105376
4.56996e-05
3.22587e-05
6.81067e-06
1.88784e-05
8.7026e-06
9.77222e-06
3.79823e-06
6.63396e-06
0.000611819
0.000359853
0.000233521
0.000174836
7.81961e-05
5.14823e-05
3.56462e-05
1.76897e-05
4.63708e-06
8.41514e-06
6.22279e-06
6.02631e-06
4.53015e-06
4.65955e-06
5.11737e-06
5.16082e-06
6.30454e-06
4.85927e-06
1.49252e-05
5.34303e-06
8.9608e-06
7.62249e-06
7.29776e-06
5.48189e-06
1.23851e-05
0.00207964
0.0020347
0.00201974
0.00183766
0.00148214
0.00131133
0.000869165
0.000550005
0.000371229
0.000101659
3.90294e-05
0.000112265
0.000390489
0.000381439
0.000949001
0.00328937
0.00647041
0.00997941
0.010912
0.00890145
0.00689786
0.00739141
0.00409126
0.00279021
0.00175978
0.00138794
0.000920598
0.000497691
0.000393767
0.000395094
0.000325741
0.00043737
0.00045078
0.000189928
0.000160612
0.00014492
0.000120066
0.000111596
0.000120641
0.000106838
0.000362486
0.000315144
0.000506895
0.00106618
0.00148379
0.00166921
0.00189906
0.00186929
0.00301448
0.00331876
0.00484646
0.00501352
0.00645226
0.00587421
0.00719799
0.00303223
0.00720637
0.00294221
0.0025543
0.00261752
0.00249264
0.00250582
0.00245296
0.00220333
0.00229887
0.00254394
0.00229172
0.00249142
0.00256409
0.0023172
0.00225368
0.00208808
0.00225219
0.00194062
0.0021646
0.0021517
0.00221531
0.00213943
0.00208843
0.00212599
0.00199288
0.00208582
0.00214253
0.00198281
0.00212392
0.00100343
0.000595333
0.000111023
0.000189074
0.000132709
0.000271721
0.000417116
0.000146373
0.000150311
0.00135058
0.000825905
0.00169292
0.00102299
0.00198039
0.00345333
0.00230139
0.00692111
0.00399878
0.00486281
0.00467749
0.00320111
0.00519099
0.00511513
0.00384672
0.00525972
0.00517364
0.0028858
0.00601816
0.00409459
0.00427592
0.00427433
0.00282257
0.00392677
0.00223094
0.00155338
0.00142992
0.00130307
0.00081904
0.000739489
0.00235593
0.00135482
0.0014591
0.000836296
0.000819281
0.000498772
0.000172672
4.01154e-05
4.01494e-05
4.02072e-05
4.0237e-05
4.03672e-05
4.05458e-05
4.05278e-05
3.89713e-05
0.000635753
0.00062191
6.65519e-05
0.0151686
0.0114965
0.0100848
0.00886405
0.00818702
0.00781601
0.00707042
0.00635628
0.00518611
0.00412004
0.0029329
0.00215321
0.00129265
0.000891798
0.000434984
0.000248281
0.000118705
7.45867e-05
8.08911e-05
2.17075e-05
1.59911e-05
3.11533e-05
2.29832e-05
6.44931e-05
6.1751e-05
8.2921e-05
7.20805e-05
6.55599e-05
3.84691e-05
3.21649e-05
6.80797e-05
3.7853e-05
2.47576e-05
4.16048e-05
4.95372e-05
4.26738e-05
4.45137e-05
5.4848e-05
6.13672e-05
1.6254e-05
6.18431e-05
5.74516e-05
2.34716e-05
2.36689e-05
0.00076506
0.00069919
0.000599929
0.000628158
0.000620694
0.000554836
0.000577073
0.000500687
0.000491729
0.000455567
0.000396039
0.000380633
0.00033753
0.000333108
0.000257362
0.000271493
0.000328881
0.000272222
0.000237612
0.000225924
0.000209866
0.000171288
0.000199502
0.000196541
0.000140779
0.000128775
0.000119394
0.000138188
0.000227428
0.00011225
0.000112517
2.53249e-05
7.37049e-05
0.000245667
0.000538919
0.000760205
0.000657882
0.00290946
0.00305886
0.00623248
0.00725062
0.00678269
0.00577448
0.0040439
0.00317788
0.00158584
0.00103198
0.00115344
0.000489049
0.00019038
5.42018e-05
5.6276e-05
0.000161398
3.19732e-05
2.17387e-06
4.40362e-05
1.8318e-05
6.86714e-05
0.000328573
0.000379522
0.0005757
0.000849808
0.00246923
0.00271099
0.00299289
0.00345282
0.00424597
0.00523143
0.00562815
0.00772282
0.00766852
0.0104993
0.00945089
0.0114334
0.0100045
0.0136378
0.0185729
0.0137365
0.012915
0.0137594
0.0120337
0.0102386
0.00188626
0.00195479
0.00200464
0.00216917
0.00197619
0.00217043
0.00199919
0.00204555
0.00217837
0.00212779
0.00223906
0.0024701
0.00228255
0.0023229
0.00234568
0.00241811
0.00240958
0.0023572
0.00284549
0.00241027
0.00277736
0.00251747
0.00250753
0.00251031
0.00214434
0.0021949
0.000483039
0.000955671
0.000988653
0.00039199
0.000362145
0.000673526
0.000528462
4.98852e-05
8.88347e-05
8.08688e-05
5.52623e-05
0.000832098
0.00108957
0.000365392
0.000942774
0.000759914
0.00123243
0.00064719
0.000832668
0.00352839
0.00276873
0.00281617
0.00409741
0.00671488
0.00380634
0.00479066
0.00446327
0.0029651
0.00433427
0.00338639
0.00369363
0.00363429
0.00331773
0.00324356
0.00238376
0.00165091
0.0013834
0.00101876
0.000501922
4.04694e-05
6.03133e-06
0.000406888
0.000606515
0.00194886
0.00368774
0.00744219
0.00980365
0.01364
0.0107619
0.00883886
0.00829067
0.00747999
0.00894146
0.00811972
0.00874866
0.00516262
0.00725979
0.00924159
0.00322706
0.00314637
0.00340316
0.00359811
0.0045043
6.3166e-05
6.70635e-05
7.01646e-05
7.30603e-05
0.000366229
0.00183948
0.000120339
0.00112459
0.000918295
0.000906137
0.000725117
0.000477725
0.000367238
0.000197521
4.28968e-05
1.34327e-05
9.06458e-06
2.78007e-06
1.48877e-05
1.20973e-05
1.20046e-05
1.56396e-05
4.00179e-05
4.95774e-05
6.51667e-05
0.000124594
0.000208841
7.77826e-05
0.000163116
0.000192151
0.000144846
0.000125541
0.00010184
0.000189001
0.000137269
0.000184274
0.000633655
0.000282068
0.000288087
0.000527907
0.000268319
0.000179058
0.000242097
8.63213e-05
0.000152094
7.05819e-05
2.68549e-05
1.82955e-05
6.47524e-06
6.50961e-06
2.84239e-06
2.01054e-05
8.38294e-06
2.05288e-06
2.89103e-06
3.11396e-06
5.20358e-06
7.15661e-06
3.31058e-05
3.91661e-06
6.2996e-06
6.17285e-06
1.49416e-06
1.65723e-05
1.32616e-05
5.57432e-06
4.2986e-06
5.07415e-06
0.00441613
0.00280034
0.00172996
0.000779312
0.00030879
0.000150757
6.96473e-05
3.3712e-05
1.54288e-05
9.88396e-06
5.81769e-06
0.00286815
0.00281165
0.00256812
0.0022863
0.00200369
0.0017257
0.00147127
0.0010939
0.00080598
0.000246968
9.66688e-05
0.000117778
0.000146125
0.000501351
0.000755749
0.00290418
0.00643092
0.00918761
0.010371
0.0133506
0.0140136
0.0127663
0.00954271
0.00838118
0.00907243
0.0052892
0.00407115
0.00365417
0.00169979
0.0016578
0.00144472
0.00124639
0.00112781
0.000769298
0.000866563
0.00053882
0.000469086
0.000483237
0.000346057
0.000292488
0.000212983
0.000275492
0.000209556
0.000216034
0.000291565
0.0014922
0.00159564
0.00218568
0.00275511
0.00363524
0.00449134
0.00457674
0.0021855
0.00215615
0.00225386
0.00314383
0.00386813
0.0052226
0.00622837
0.00765094
0.00481427
0.00369448
0.00142095
0.00132725
0.00142057
0.00138802
0.00141489
0.00143235
0.0012778
0.00142647
0.00126063
0.00138182
0.00132821
0.00124656
0.00130114
0.00130886
0.00131146
0.00127363
0.0012833
0.0012942
0.00133531
0.00118943
0.00132122
0.00123825
0.0013877
0.00121176
0.00121217
0.0012152
0.00120381
0.000673082
0.00100395
0.000193554
0.000746053
0.000108726
0.000107882
0.000209278
0.000628878
0.000498766
0.00266925
0.00292
0.00265908
0.00412761
0.00330163
0.00446239
0.00470245
0.00738483
0.00656721
0.00388759
0.00575577
0.00502747
0.00357906
0.00533161
0.00428065
0.00173305
0.00127859
0.0025281
0.00186315
0.00130903
0.001288
0.000713062
0.000775207
0.00030667
0.000548337
0.00061071
0.000492459
0.000162769
0.000237715
0.000402237
0.000144835
0.000244922
0.000305345
0.000292031
0.000557387
0.000980656
4.51164e-05
4.55399e-05
4.51515e-05
4.56432e-05
4.5502e-05
4.5111e-05
4.37208e-05
0.000502284
0.000675213
0.00049741
0.00257099
0.00248456
0.00228972
0.00206769
0.00155234
0.00121298
0.000735342
0.000552073
0.00200153
0.00160303
0.000934349
0.000732709
0.000674887
0.000430218
0.000418513
0.000306586
0.000186679
8.35915e-05
0.00010615
6.12095e-05
2.20382e-05
5.44469e-06
4.67917e-06
3.34738e-06
3.51435e-06
0.000983692
0.000571876
0.000443042
0.000361111
0.000321389
1.51269e-05
4.83217e-06
6.27948e-06
3.37341e-06
5.3338e-06
7.20537e-06
2.01071e-05
1.2181e-05
3.85063e-05
5.14332e-05
0.000104959
9.95938e-05
5.19781e-05
0.00010015
0.000105417
0.000129023
0.000106678
0.000128343
3.69652e-05
6.14112e-05
0.000118428
0.000124319
0.000118409
3.93629e-05
7.00088e-05
0.000149497
1.68295e-05
1.30956e-05
0.000273692
0.000348601
0.000468007
0.000389889
0.000392927
0.000360157
0.000274353
0.000186415
0.000111636
3.85423e-05
3.4126e-05
0.00013569
0.00062396
0.000712178
0.00351438
0.00741118
0.0097512
0.0102177
0.00967832
0.00769
0.00832241
0.00589522
0.00507792
0.00229833
0.00311274
0.00171203
0.000848819
0.000415259
0.000430191
0.00036559
0.000334824
0.000266694
0.000226812
0.000219275
0.000232923
0.000145011
0.000311349
0.000376711
0.000830873
0.000941354
0.0015246
0.00177835
0.00204565
0.00227506
0.00271349
0.00316817
0.00389329
0.00466579
0.00567054
0.00657491
0.00751605
0.02987
0.00745341
0.00436455
0.0032796
0.00284795
0.00241804
0.00221612
0.00203345
0.00185519
0.00180195
0.00164761
0.00157062
0.00150549
0.00142669
0.00144066
0.00139174
0.00142111
0.00145981
0.00137214
0.0015503
0.00135081
0.00136413
0.00140836
0.00141046
0.00130225
0.00132846
0.00136188
0.0013405
0.00114023
0.00120173
0.000943776
0.000428998
0.000255994
0.000243118
0.00026681
0.00040346
0.000452109
0.000338156
0.00199443
0.00317908
0.00270416
0.0025466
0.00171546
0.00143728
0.00367219
0.000996786
0.00144748
0.00129507
0.00095286
0.00103174
0.000841174
0.00013823
0.000596514
9.45077e-05
0.000177582
0.000759581
7.38722e-05
0.000628983
0.000313422
0.000144503
0.000190241
0.000556809
8.97077e-05
0.000325193
0.000112065
0.000757993
0.00043488
0.00101573
9.89592e-05
0.00694749
0.00434664
0.00278521
0.0082338
0.00393186
0.00317933
0.00411589
3.94901e-05
3.95105e-05
3.95052e-05
3.95002e-05
3.94873e-05
3.94006e-05
0.000339291
0.00295414
0.00936565
0.00716638
0.00510183
0.00445747
0.0041896
0.00317337
0.00267578
0.00178151
0.00132316
0.000899711
0.000539675
0.000252328
0.0001067
0.000155592
0.000110915
8.71876e-05
4.08368e-06
7.14065e-06
7.83499e-06
1.05079e-05
1.64727e-05
1.245e-05
5.2585e-06
1.00159e-05
6.02919e-06
1.69369e-05
3.27028e-05
2.83478e-05
1.078e-05
7.64107e-06
3.9795e-05
0.000246759
0.000171841
6.55693e-05
4.00422e-05
1.66502e-05
4.57359e-06
1.14423e-05
3.67316e-06
1.13272e-05
0.000724904
0.000418778
0.000302213
0.000136966
8.94971e-05
6.15934e-05
1.78415e-05
2.12092e-05
1.20928e-05
6.42719e-06
4.67613e-06
6.86516e-06
5.47131e-06
5.85701e-06
7.09826e-06
8.64372e-06
5.72717e-06
5.69383e-06
7.06971e-06
9.24013e-06
1.6843e-05
1.65329e-05
0.00227014
0.00226177
0.00216622
0.00193284
0.00176463
0.00147938
0.00110562
0.000806552
0.0005725
0.000286113
6.92453e-05
4.21329e-05
5.16339e-05
0.000230105
0.000334934
0.00162232
0.00435489
0.0101859
0.00998714
0.00806105
0.00617383
0.00434706
0.00321865
0.00323556
0.00197879
0.00142138
0.00117693
0.00089967
0.000649474
0.00046606
0.000500795
0.000313949
0.000555068
0.000306011
0.000173481
0.000159978
0.000142703
0.000120396
0.000110699
0.000101501
6.05875e-05
8.59575e-05
4.11149e-05
0.000349877
0.00103127
0.00152868
0.00152237
0.00167167
0.00234876
0.00259497
0.00331427
0.00449001
0.00433674
0.00453331
0.00511478
0.00582149
0.00704088
0.00700407
0.00519523
0.00342976
0.00322193
0.00291415
0.0031803
0.00271522
0.00282795
0.00274159
0.00299494
0.00231369
0.00258802
0.00242596
0.00247424
0.00236582
0.0023069
0.00214266
0.00225242
0.00226519
0.00218492
0.00209061
0.00224897
0.00217605
0.00210768
0.00209514
0.00226739
0.00225299
0.00210094
0.00193376
0.00207769
0.00193729
0.00188788
0.00196027
0.000947205
0.000837182
0.000143641
0.000421927
0.000485629
0.000190871
0.000165225
0.00024374
0.000150184
0.001048
0.000383131
0.000792878
0.00223643
0.00248546
0.00318956
0.00288351
0.00409418
0.00485498
0.00455369
0.00432799
0.00403895
0.00444741
0.00622921
0.00502784
0.00556826
0.00608866
0.0049987
0.00414126
0.00396427
0.00650115
0.00473002
0.00334316
0.00231221
0.00347954
0.00280844
0.00262753
0.00275826
0.0046058
0.000850965
0.00168166
0.000709325
4.8376e-05
3.76393e-05
3.76876e-05
3.77812e-05
3.76755e-05
3.77501e-05
3.78775e-05
0.00112357
0.00158534
1.61821e-05
0.00798402
0.00813463
0.00715459
0.00631523
0.00617947
0.00546536
0.00528183
0.00446501
0.00365853
0.00260759
0.00192114
0.00106382
0.000685207
0.000263388
0.000213641
8.16422e-05
5.19725e-05
1.93081e-05
1.92218e-05
5.77894e-06
5.70769e-06
7.84198e-06
8.93388e-06
5.41313e-05
4.11332e-05
4.33192e-05
0.000112104
8.83728e-05
5.5121e-05
7.38387e-05
0.000208273
0.000164735
0.000170223
0.000144348
0.000156622
0.000134172
0.000108127
0.000112452
9.79101e-05
8.58443e-05
5.64107e-05
5.11688e-05
5.04233e-05
6.04803e-05
2.19985e-05
0.000113097
0.00011393
9.05542e-05
7.24624e-05
5.24456e-05
1.71981e-05
3.43047e-05
9.82401e-05
8.74767e-05
8.81283e-05
9.93076e-05
0.000385009
0.000253833
0.000192032
0.00015316
9.67511e-05
7.73097e-05
4.24059e-05
0.000385445
0.000335105
0.000225944
0.000165145
0.000112022
6.15065e-05
4.39166e-05
3.26005e-05
2.39081e-05
0.00140017
0.00141083
0.00140898
0.00123466
0.000933056
0.000621087
0.000357813
0.000319103
4.94986e-05
0.000157643
0.000408782
0.000508745
0.00072913
0.00305564
0.00552562
0.00787185
0.00741994
0.006527
0.00452523
0.00378525
0.00219072
0.00132856
0.00160582
0.000532031
0.00047557
0.000444787
0.000475386
0.00052534
0.000363599
0.000197857
0.00018713
0.000155538
8.75601e-05
4.53155e-05
3.10706e-05
1.68305e-05
0.000134344
8.9086e-05
0.000158655
0.000199405
0.000465907
0.00141564
0.00399139
0.00254915
0.00294254
0.00302401
0.00562217
0.00548518
0.00600333
0.00952
0.0110856
0.0115286
0.00966
0.0087574
0.0125415
0.0146421
0.0230631
0.0154447
0.00209774
0.00223022
0.00223018
0.00226494
0.00233573
0.00233283
0.00230151
0.0025612
0.00236481
0.00252239
0.00260737
0.00237019
0.0023747
0.00237892
0.00228236
0.00242301
0.00252517
0.00245677
0.00194298
0.00086887
0.0014852
0.000210032
0.000267133
0.000108676
0.000105896
9.67213e-05
0.000118179
0.000285359
0.000221827
0.000241312
0.00199665
0.00147917
0.00180812
0.00108051
0.00245831
0.00226507
0.00253038
0.00246658
0.00556666
0.00263942
0.00683861
0.00359288
0.00423266
0.00415583
0.00558597
0.00467765
0.00488164
0.00414163
0.00391967
0.0040152
0.00303656
0.00344091
0.00357508
0.00276651
0.00249607
0.0039213
0.00226908
0.00208032
0.0033261
0.00173439
0.00154667
0.0018501
0.000966675
0.000499031
0.000547709
0.000356004
0.000407544
0.000116211
3.63791e-05
3.84035e-06
3.9832e-07
0.00013277
0.000309951
0.00048614
0.00157431
0.00380908
5.24957e-05
5.36041e-05
5.5186e-05
5.68704e-05
5.90903e-05
6.18903e-05
6.49881e-05
6.72158e-05
0.00167281
0.00236641
7.9328e-06
0.000193785
0.00199547
0.00172007
0.0017603
0.00142982
0.0012619
0.00108755
0.000484225
0.00020341
9.10418e-05
2.86763e-05
2.0261e-05
7.08974e-06
7.06379e-06
5.52533e-06
8.69933e-06
2.83179e-05
3.7949e-05
5.58454e-05
5.61645e-05
5.66602e-05
7.85557e-05
0.000111787
0.00016452
7.31438e-05
0.000127708
9.83715e-05
7.28161e-05
3.06044e-05
2.35613e-05
8.78889e-05
0.0009858
0.00104541
0.000760633
0.000366506
0.000986183
0.000706903
0.000398868
0.000311809
0.000156144
5.15302e-05
3.84972e-05
1.9121e-05
5.23553e-06
4.64562e-06
4.37222e-06
7.78104e-06
1.19157e-05
7.45021e-06
5.43642e-06
1.49303e-05
6.27868e-06
1.49015e-05
1.1301e-05
1.30254e-05
1.85549e-05
9.8173e-06
5.38723e-06
8.06016e-06
1.54842e-05
5.84282e-06
0.00612503
0.00335481
0.0018854
0.00124009
0.000548376
0.000267956
0.000112607
5.16464e-05
3.61887e-05
2.20708e-05
1.7698e-05
7.98299e-06
0.00379901
0.00351694
0.0032805
0.00300613
0.00261519
0.00236343
0.00198051
0.00151866
0.000937716
0.000623224
0.000241173
0.000145319
0.000234898
0.000420448
0.00227256
0.00459727
0.00711366
0.00763497
0.0077939
0.00616083
0.00539623
0.00270454
0.00185253
0.000841122
0.000607367
0.000435769
0.000290445
0.000233636
7.9239e-05
0.000108841
6.03413e-05
9.74962e-05
9.69577e-05
8.90367e-05
0.000115897
0.000358363
0.000184887
0.00057631
0.000556704
0.0010865
0.000795252
0.000935445
0.00122232
0.00128441
0.00201368
0.00228268
0.00198219
0.00149803
0.00170293
0.00133211
0.00216003
0.00175331
0.00128825
0.00137041
0.00109394
0.00106115
0.00143014
0.000960053
0.00120006
0.00129032
0.000945761
0.000831859
0.000874161
0.000692393
0.000857184
0.000552242
0.000661909
0.000820963
0.000967735
0.000584272
0.00071501
0.000662534
0.000516
0.000624453
0.000834183
0.00048343
0.000577759
0.000540956
0.000584445
0.000352766
0.000413495
0.000570354
0.000550208
0.000299829
0.000463621
0.000626044
0.000578626
0.000363994
0.000323159
0.00044047
0.000255936
0.00030765
0.000363381
0.000237658
0.000219842
0.000163712
0.000427757
0.000329924
0.000231879
0.000269111
0.000181903
0.000213121
0.000259623
0.000178491
0.000358866
0.000158177
0.000250418
0.000245849
0.000386213
0.000253634
0.000259169
0.00024527
0.000221194
0.000130489
0.000221359
0.000205427
0.000186456
0.000171713
0.000164091
0.000150508
0.000149243
0.000136858
0.000129584
0.000120944
0.000111367
9.91433e-05
0.000238846
0.000157792
0.000142255
0.000180601
0.000161572
0.000157848
0.000139509
0.000126081
0.000118307
0.000105401
9.75689e-05
9.68395e-05
9.11427e-05
8.92841e-05
7.62105e-05
7.21358e-05
7.14936e-05
7.92423e-05
6.82081e-05
6.64727e-05
7.00822e-05
7.00744e-05
6.86799e-05
0.000300587
0.000288157
0.000277264
0.000267927
0.000259162
0.000251408
0.000240506
0.000230327
0.000219843
0.00021108
0.000211334
0.000206672
0.000194799
0.000192062
0.000195612
0.000198795
0.000190899
0.00017825
0.00018818
0.000189181
0.000215788
0.00020952
0.000299723
0.000323237
0.000331175
0.000362921
0.000415622
0.000464546
0.000503239
0.00057907
0.000836929
0.00118174
0.00137816
0.00160813
0.001975
0.0022135
0.00259032
0.00384479
0.00454151
0.00401812
0.00430526
0.00288822
0.00101349
0.000561705
0.00100481
0.00057167
0.000228582
0.00131488
0.00200588
0.00136367
0.000651373
0.00129461
0.00141247
0.000330172
0.00022525
0.000515373
0.00104415
0.000581623
0.000610107
0.000409753
0.00123804
0.00147196
0.00108244
0.000556439
0.00122433
0.00109917
0.000884331
0.000836949
0.00227925
0.00172852
0.00187859
0.00149218
0.00286653
0.00237173
0.00250018
0.00157611
0.00316652
0.00397503
0.00315707
0.00332668
0.00279318
0.00547516
0.00436194
0.00767455
0.00593747
0.00594664
0.00656184
0.00506872
0.00306773
0.000883297
0.000872658
0.000921056
0.00396142
0.000870547
0.000863908
0.000849412
0.000845305
0.0008376
0.000816647
0.000826303
0.00081704
0.000837648
0.000833473
0.000825217
0.000829141
0.000825094
0.000813125
0.000790322
0.000800363
0.000797311
0.000791236
0.000787172
0.000780663
0.000776379
0.000771528
0.000770135
0.000766949
0.000765893
0.000763266
0.000762165
0.000759026
0.000767851
0.000764453
0.000765837
0.000761288
0.000760066
0.000755023
0.000759729
0.000764145
0.00076016
0.000762199
0.000777142
0.000772089
0.000772192
0.0007548
0.000746782
0.000743129
0.000745934
0.000747441
0.000747228
0.000756045
0.000773825
0.00041372
0.000370912
0.000261222
0.000738028
0.000734073
0.000738505
0.000742923
0.0007451
0.000325992
0.000740684
0.000735771
0.000743245
0.000735647
0.000711444
0.000739154
0.000753589
0.000514787
0.000674744
0.00067034
0.000489102
0.000507157
0.000368508
0.000125581
0.000124698
0.000129417
0.000121798
0.000120854
0.000147125
0.000145024
0.000201128
0.000159823
0.000157442
0.000249968
0.000503776
0.000633535
0.000864321
0.00164011
0.0016018
0.00193244
0.00151016
0.00166367
0.00148902
0.00145167
0.0021378
0.00293051
0.00284182
0.00284649
0.00242682
0.00235081
0.00242417
0.00482235
0.00524676
0.00238796
0.00250449
0.00541222
0.00513901
0.00540968
0.00509872
0.00503287
0.00408717
0.00401881
0.00533277
0.00490955
0.00497151
0.0039923
0.00363198
0.00397095
0.00240324
0.00310696
0.00409962
0.00409097
0.00356066
0.00332394
0.00200733
0.0018902
0.00227672
0.00211582
0.00180516
0.00163691
0.00157492
0.00140205
0.0010417
0.00109303
0.00133395
0.00103168
0.00088862
0.000930998
0.000141918
0.000164205
0.000301744
0.000300724
0.000179861
9.33357e-05
0.000100404
0.000108837
0.000103843
9.03349e-05
0.000161597
0.000118409
9.6382e-05
0.000119837
0.000101588
0.000214327
0.000219662
0.000148781
0.000119232
0.000524982
0.000409927
0.000105519
0.000458299
0.000216698
0.000145835
0.000101565
0.00011407
0.000101433
0.000122154
0.000443361
0.000242838
0.000259048
0.000326519
0.000119261
0.00215524
4.79508e-05
4.7943e-05
4.79325e-05
4.79266e-05
4.79177e-05
4.79121e-05
4.79141e-05
4.7901e-05
4.79941e-05
4.79726e-05
4.83719e-05
8.61007e-05
8.57234e-05
8.59046e-05
0.000489964
4.29133e-05
5.0846e-05
6.01987e-05
5.03671e-05
0.000755476
0.000657227
0.000791212
0.000702488
0.000762388
0.000679541
0.000496417
0.000430651
0.000216039
0.000177934
0.000165315
6.68143e-05
5.21258e-05
3.87952e-06
2.46487e-06
2.08913e-05
2.55704e-05
2.3093e-05
3.88886e-05
4.12607e-05
3.84147e-05
1.35917e-05
6.51781e-05
6.8794e-05
0.000111603
0.000113773
0.000145186
0.000146459
9.10654e-05
8.97429e-05
6.35294e-05
4.48428e-05
4.63682e-05
4.18286e-05
2.55462e-05
2.5679e-05
3.23561e-05
3.18008e-05
2.81723e-05
5.25169e-05
5.38448e-05
5.17816e-05
4.56665e-05
8.09008e-05
5.97325e-05
5.34751e-05
3.02928e-05
1.98438e-05
2.12762e-05
1.42139e-05
1.98703e-06
1.88958e-06
3.40353e-06
2.91269e-06
1.28167e-05
6.9977e-06
2.97551e-06
1.49986e-06
1.52792e-05
1.74607e-05
3.65381e-05
3.34687e-05
1.05027e-05
1.16137e-05
1.13695e-05
6.64844e-06
5.98431e-06
1.18799e-05
1.26276e-05
1.37399e-05
1.35998e-05
1.25777e-05
1.90383e-06
4.24172e-06
4.27873e-05
4.2799e-05
2.18553e-05
3.39042e-05
8.25044e-05
0.000101424
0.000118096
0.000151093
0.000123021
0.00015165
0.000206545
0.000285205
0.000170314
0.000161724
0.000205528
0.000197891
0.000229946
0.000202574
0.000251813
0.000408685
0.000353503
0.000195339
0.000390671
0.000249446
0.000468104
0.000247753
0.000466288
0.000392942
0.000331011
0.000580951
0.000491792
0.000353059
0.000396861
0.000332516
0.000427167
0.000471306
0.0111651
0.00734291
0.00431474
0.00229358
0.00118646
0.000630106
0.000286863
0.000139506
5.10762e-05
2.56871e-05
1.53281e-05
6.27831e-06
4.84864e-06
3.25651e-06
2.65522e-06
2.66964e-06
2.80137e-06
2.61393e-06
2.66874e-06
3.31074e-06
2.87704e-06
3.08611e-06
3.42792e-06
3.02135e-06
5.0845e-06
5.65017e-05
4.27945e-05
1.61412e-05
1.15977e-05
9.25392e-06
6.88317e-06
3.66039e-06
4.09501e-06
5.5728e-06
0.00299167
0.00281118
0.00265048
0.00249053
0.00193771
0.00174821
0.00153739
0.00143126
0.00135276
0.00130767
0.00117632
0.00106875
0.000896505
0.000840826
0.000687582
0.000557131
0.000475681
0.000454777
0.000321056
0.00027789
0.000134961
0.000141968
5.1332e-05
3.89677e-05
1.17586e-05
1.57647e-05
1.20164e-05
5.66789e-05
6.41935e-05
0.00021826
0.000241361
0.000265359
0.000620237
0.000646254
0.000441645
0.000680725
0.000615166
0.00087088
0.000873655
0.000709762
0.00274822
0.00250075
0.00523463
0.00538962
0.00860412
0.00860013
0.00791922
0.00953997
0.00946539
0.0106997
0.0118179
0.010852
0.0120006
0.0113532
0.0108906
0.0103933
0.00945007
0.00952249
0.00791292
0.00729727
0.00647064
0.00288823
0.00311743
0.0024418
0.00340176
0.00276495
0.00198004
0.0023435
0.00168875
0.00110503
0.00133138
0.000814672
0.000755432
0.000830705
0.000635717
0.000778066
0.000773139
0.000362659
0.000393707
0.000225902
0.000480505
0.000341356
0.000220644
0.000219288
0.000219115
0.000244913
0.000305825
9.29848e-05
9.70146e-05
8.68845e-05
8.6109e-05
7.23392e-05
8.26916e-05
8.58964e-05
6.93988e-05
0.00024665
0.000132205
0.000211183
0.000209814
0.000243723
0.000217896
0.00026092
0.000577462
0.000808751
0.000587802
0.000583906
0.000612306
0.000828533
0.00112728
0.00126642
0.00104057
0.00124705
0.00136
0.0012711
0.00142529
0.00153561
0.00184492
0.00179853
0.00173368
0.0015636
0.00163557
0.00192051
0.00228162
0.00169575
0.00119181
0.000871913
0.0019338
0.00113689
0.00161587
0.00132834
0.00164427
0.00157498
0.00130468
0.00280977
0.00214447
0.00334239
0.00259684
0.00262349
0.00140278
0.00352677
0.00268906
0.00396505
0.00325217
0.0021092
0.00123147
0.00259086
0.00131439
0.00129944
0.00141947
0.00137066
0.00138442
0.00120469
0.00122245
0.0014394
0.00142283
0.00138159
0.00135302
0.0013598
0.00135277
0.00149679
0.00147215
0.00138936
0.00138723
0.00135553
0.00134203
0.00132732
0.00132669
0.00138626
0.00134908
0.00126717
0.00130092
0.00120221
0.00119635
0.00129495
0.00129641
0.00131004
0.00128104
0.00132661
0.00125975
0.00123434
0.00124831
0.00122013
0.00122093
0.00124835
0.00125878
0.00123341
0.00124469
0.00132523
0.00134726
0.00122787
0.00120465
0.00122254
0.00119027
0.00116955
0.00116862
0.00131075
0.00129495
0.00111163
0.00109602
0.00110285
0.00120229
0.00118059
0.00118085
0.0011279
0.00113114
0.00112885
0.00111187
0.000990358
0.000239816
0.000164616
0.000342507
0.00033945
0.00028933
0.000186072
0.000185277
0.000125604
0.000123108
0.00048017
0.000642248
0.00076809
0.000194726
0.000190244
0.000216525
0.00082984
0.000803128
0.000961891
0.00106749
0.00146905
0.000350599
0.000340497
0.000443344
0.00109199
0.00105202
0.00126286
0.000651997
0.000629372
0.000948695
0.00280062
0.00292633
0.00244206
0.00231885
0.00309768
0.00281394
0.00274932
0.00275522
0.00237677
0.00413933
0.00433218
0.00427065
0.0038973
0.00373158
0.00319266
0.00287878
0.00195813
0.00350252
0.00306424
0.00268678
0.00166221
0.00186832
0.00163704
0.00150212
0.00141905
0.00217285
0.00184595
0.00176641
0.00100435
0.000867719
0.000640622
0.000745256
0.00058909
0.000523864
0.00059647
0.000723654
0.00112793
0.00100834
0.000407991
0.000430111
0.000118354
0.000123747
0.000129523
0.000258342
0.000267227
0.000563216
0.000580373
0.000328299
0.000306714
0.00035161
0.0025805
0.00152018
0.000812709
0.000478297
0.000256315
0.000161163
0.000125265
0.000103452
7.79897e-05
7.98912e-05
7.60926e-05
7.64787e-05
0.000180518
0.00021431
0.000175099
0.00010254
8.03613e-05
7.90491e-05
8.41838e-05
7.18136e-05
0.000138888
0.000138733
0.000141995
0.00053707
0.000640502
9.69739e-05
7.98191e-05
7.48826e-05
0.000154044
0.00258415
0.0019851
4.66316e-05
4.6639e-05
4.66388e-05
4.66317e-05
4.66422e-05
4.66207e-05
4.65775e-05
4.65804e-05
4.6585e-05
4.66234e-05
4.77098e-05
4.77166e-05
4.79092e-05
0.00196024
0.00183305
0.000304769
0.000303899
0.000371868
0.000307234
0.000929052
0.000837246
0.000902054
0.000829831
0.00075333
0.000681506
0.000457563
0.000425446
0.000376573
0.000158594
0.000129159
6.24711e-05
4.84604e-05
1.41012e-05
1.06882e-05
1.33306e-05
9.55587e-06
5.09616e-06
5.66672e-06
9.61198e-06
1.19329e-05
1.09252e-05
1.32659e-05
2.38711e-05
2.50216e-05
5.0706e-05
5.24869e-05
9.10731e-05
9.06329e-05
8.34761e-05
8.22302e-05
8.555e-05
8.56129e-05
8.04551e-05
6.60409e-05
6.46354e-05
0.000114831
0.000102414
5.89243e-05
4.7366e-05
2.51844e-06
0.000840931
0.000672768
0.000472847
0.000367028
0.000289018
0.000223124
0.000332205
0.000254887
0.000226335
0.000169316
0.000148632
0.000115757
8.37124e-05
4.96324e-05
3.48065e-05
5.38164e-05
1.59382e-05
9.08022e-06
2.90341e-05
1.87148e-05
8.90498e-06
5.24195e-06
1.69571e-05
1.00884e-05
5.59567e-06
3.33308e-06
3.18873e-06
2.82713e-06
1.00075e-05
1.13456e-05
3.49482e-06
3.05432e-06
3.09504e-06
1.20322e-05
0.00194569
0.00160777
0.000916045
0.000703282
0.000587621
0.000429018
0.000332355
0.000486816
0.000362854
0.000302923
0.000310342
0.000224991
0.000189599
0.000132423
0.00011426
1.43889e-05
7.9905e-06
4.37709e-06
4.73756e-06
5.08219e-06
7.84329e-06
4.66372e-05
2.9888e-05
2.81439e-05
4.09462e-06
5.3489e-06
5.05834e-06
1.67763e-05
2.16715e-05
1.77656e-05
1.41158e-05
1.70372e-05
3.49603e-06
4.56973e-06
3.16949e-05
2.01269e-05
5.29985e-06
3.65882e-06
3.94808e-06
1.50927e-05
1.90309e-05
1.45034e-05
3.50561e-05
2.26929e-05
6.65308e-06
9.19838e-06
5.74678e-06
3.84953e-06
4.08265e-06
3.6463e-06
4.43277e-06
6.9317e-06
4.19575e-06
4.0805e-06
3.74109e-06
0.00017767
0.000507185
0.000369542
0.000295746
1.10618e-05
0.000138615
0.00101734
0.000729555
0.000566025
0.000364605
0.000249939
0.000206454
0.00014213
8.03801e-05
5.8297e-05
7.75525e-05
4.95594e-05
4.06172e-05
4.36795e-05
2.95313e-05
1.11332e-05
8.27459e-06
6.99778e-06
5.49262e-06
5.95759e-06
7.26935e-06
5.7676e-06
6.40661e-06
1.18178e-05
8.20873e-06
9.58334e-06
8.24476e-06
6.50205e-06
7.72227e-06
7.59844e-06
6.7116e-06
7.85711e-06
6.75229e-06
7.55427e-06
7.98866e-06
9.29236e-06
1.39435e-05
9.76447e-06
1.33288e-05
1.87885e-05
1.5554e-05
0.000786132
0.000603242
0.000409402
0.00142642
0.00127196
0.000648661
0.000806996
0.0003696
0.000346591
0.000220424
8.38295e-05
7.93558e-05
8.24242e-05
0.000128691
9.34671e-05
0.00166506
0.00165074
0.00127623
0.00221599
0.00219655
0.00505296
0.00629752
0.006206
0.00692709
0.0081582
0.00788835
0.00696891
0.00800283
0.00759409
0.00844413
0.0088791
0.00847867
0.0077797
0.00716435
0.00711832
0.00629843
0.00379064
0.00358361
0.00445615
0.0029967
0.00296681
0.0018774
0.00221489
0.00152145
0.00159261
0.00109232
0.000809884
0.000530981
0.000696027
0.000502548
0.000260678
0.000255898
0.000184546
0.000317409
0.000182577
8.54217e-05
0.000119936
8.67764e-05
0.000131077
0.00016289
0.000157194
0.000283757
0.000196214
0.000410599
0.00148329
0.00145877
0.00139283
0.00137083
0.00125191
0.00115879
0.00116618
0.00116345
0.00108566
0.00110674
0.00111575
0.00105435
0.00109291
0.00107983
0.00102954
0.00105468
0.000960522
0.00114408
0.0011721
0.00112411
0.00109116
0.00116715
0.00122765
0.00128344
0.00133851
0.00125571
0.00150556
0.0014685
0.00153547
0.00148504
0.00145378
0.00158697
0.00175614
0.00172009
0.00183695
0.00164687
0.00162038
0.00168507
0.00156319
0.00163848
0.00184414
0.00196533
0.00207643
0.00200367
0.00197571
0.00204752
0.00211671
0.00212932
0.00221707
0.00221624
0.00230402
0.00228585
0.00222233
0.00222286
0.00209286
0.00208211
0.0021048
0.00208593
0.00206437
0.00199478
0.00199771
0.00201138
0.00199162
0.00200537
0.00195315
0.00197677
0.00209974
0.0020669
0.00209498
0.00198876
0.00202902
0.00210228
0.00212207
0.00199716
0.00202911
0.00213406
0.00218445
0.00223262
0.00209966
0.00218921
0.00224047
0.00218475
0.0022527
0.002088
0.00217454
0.00126196
0.00123592
0.00074508
0.00025689
0.000255354
0.000241169
0.000523826
0.00028545
0.000222822
0.000810495
0.000762033
0.00107385
0.000418289
0.000955175
0.00150271
0.00183137
0.00159526
0.00154549
0.00243639
0.00250255
0.00226651
0.00292922
0.00402773
0.00410325
0.0027371
0.00237147
0.00355678
0.00300382
0.00421652
0.00447346
0.00289544
0.00287439
0.00334371
0.00287942
0.00345305
0.0026152
0.00241855
0.00251574
0.00220311
0.00167443
0.00145026
0.00114286
0.00146992
0.00122817
0.00139163
0.00127826
0.00125926
0.000951575
0.0029731
0.00246674
0.000810095
0.000724223
0.0014224
0.0012451
0.00250016
0.00272005
0.00349746
0.00543093
0.00529399
0.00552389
0.00247658
0.00229886
0.00213513
0.000151009
0.0198613
0.0169409
0.00446217
0.00415012
0.000916001
0.000221124
0.000164791
0.000154527
0.000338901
0.000111025
6.75248e-05
0.000154645
0.000258166
0.000267537
1.53444e-05
2.14697e-05
0.000264121
0.000196397
0.000173903
0.000141124
0.000102498
0.00027042
0.000214561
0.000254953
0.000204144
8.98829e-05
7.40398e-05
0.000120351
0.000116816
0.00010809
4.22185e-05
3.18087e-05
9.14973e-06
8.98128e-06
8.84919e-06
9.80161e-06
9.44059e-06
1.13156e-05
1.70103e-05
1.92692e-05
2.2292e-05
1.56139e-05
1.51227e-05
1.3542e-05
1.47636e-05
1.58185e-05
1.46573e-05
1.59214e-05
1.22129e-05
1.62033e-05
1.5636e-05
2.33649e-05
2.29721e-05
1.35396e-05
1.32556e-05
5.06993e-05
5.00203e-05
4.5547e-05
1.08264e-05
1.29807e-05
9.9921e-06
1.15426e-05
1.11112e-05
9.98866e-06
9.85686e-06
9.89786e-06
1.02831e-05
9.25157e-06
4.63665e-05
2.84046e-05
5.14499e-05
3.12965e-05
1.07843e-05
1.24185e-05
1.06982e-05
8.18551e-06
8.60079e-06
8.46515e-06
1.65216e-05
1.21342e-05
1.42357e-05
1.44198e-05
5.04322e-05
4.52834e-05
4.29012e-05
7.66729e-05
5.95311e-05
4.68983e-05
4.38559e-05
3.93855e-05
2.64172e-05
2.16642e-05
1.5151e-05
1.32218e-05
9.91325e-06
1.15123e-05
1.51122e-05
1.53933e-05
2.09492e-05
1.72184e-05
1.43718e-05
1.97267e-05
1.01666e-05
1.06632e-05
2.10323e-05
5.34571e-05
7.93494e-05
5.46704e-05
5.39628e-05
6.32891e-05
2.48713e-05
3.10343e-05
4.30003e-05
5.12065e-05
4.44534e-05
3.32168e-05
3.90945e-05
3.57333e-05
3.82367e-05
2.90301e-05
3.5525e-05
3.36275e-05
5.17673e-05
5.32688e-05
5.89185e-05
3.79882e-05
4.42944e-05
5.40168e-05
6.10047e-05
4.44552e-05
4.97905e-05
6.03582e-05
6.62411e-05
3.84937e-05
4.2784e-05
6.08715e-05
6.05765e-05
6.59555e-05
6.87774e-05
5.51182e-05
5.77741e-05
5.28255e-05
5.49805e-05
3.74853e-05
3.93639e-05
3.53161e-05
4.51109e-05
4.60274e-05
3.71846e-05
3.2699e-05
3.19581e-05
3.12455e-05
3.3236e-05
3.25814e-05
2.47703e-05
2.4387e-05
2.2832e-05
2.04845e-05
2.02998e-05
1.96605e-05
1.90071e-05
1.86423e-05
1.75922e-05
1.76974e-05
1.69737e-05
1.7321e-05
0.000152127
0.00859234
0.00760533
0.00685856
0.00584858
0.004651
0.00603884
0.00333008
0.00392753
0.00323526
0.000149107
0.000185096
0.000310754
0.000483068
0.000389867
0.00030605
0.000378041
0.0003288
0.00038255
0.00038066
0.000381682
0.000329115
0.000291698
0.000331091
0.000280012
0.000234341
0.000203461
0.000142544
0.000113737
0.000119653
6.24889e-05
5.6551e-05
7.53682e-05
8.65948e-05
5.79759e-05
0.000202081
0.00020752
0.000587527
0.000624937
0.000407387
0.000612465
0.000653911
0.000768347
0.000582267
0.000675273
0.00098485
0.00201088
0.00183362
0.00346636
0.00378889
0.00332192
0.00360915
0.00397322
0.00353744
0.00314524
0.00257921
0.00251191
0.00192046
0.000862886
0.000787886
0.000662806
0.000553
0.00012152
0.000130534
6.58155e-05
4.06475e-05
9.22164e-07
4.84386e-05
1.98867e-06
9.77909e-06
0.000119618
0.000141555
0.00012739
6.19421e-05
0.000241408
0.000173027
0.000158697
0.000245831
0.000311999
0.00031296
0.000432649
0.000526321
0.000678511
0.000803552
0.000850621
0.000610976
0.000766527
0.0010643
0.00111109
0.00119609
0.00134024
0.00217341
0.00244807
0.00139429
0.00127151
0.00156779
0.00185487
0.00213837
0.00239316
0.00227876
0.00252402
0.00232991
0.00248024
0.00233932
0.00260108
0.00295798
0.00353888
0.0030938
0.00381511
0.00371433
0.00341231
0.00372577
0.00378946
0.00383934
0.00489931
0.0050038
0.00552433
0.0043285
0.00545608
0.00532275
0.00544922
0.00576092
0.00522086
0.00583371
0.00508073
0.00627306
0.00638191
0.00817286
0.00555747
0.00680967
0.00698538
0.0067575
0.00763399
0.00938636
0.0116826
0.0111958
0.0112089
0.00914766
0.00922696
0.00738856
0.00624528
0.00788222
0.012734
0.0132865
0.0112295
0.00601526
0.0105561
0.00687256
0.0132333
0.0130984
0.00605835
0.00141375
0.00141991
0.00140957
0.00132152
0.00131876
0.00138621
0.00135825
0.00135419
0.00142772
0.00182873
0.00131782
0.00166569
0.0016545
0.00179396
0.00174523
0.00122806
0.00154717
0.00125939
0.00156207
0.00124115
0.00123483
0.00126345
0.00125326
0.00133131
0.00166641
0.00120389
0.00143005
0.00142443
0.00119975
0.00141149
0.00125357
0.00125001
0.00131678
0.00142805
0.00128088
0.00129074
0.0013454
0.00132963
0.00137224
0.0013485
0.00136613
0.00159032
0.00155848
0.00131119
0.00129409
0.00131089
0.00131764
0.00128764
0.00128745
0.00122371
0.00121695
0.00121452
0.00120614
0.00119292
0.00121738
0.00115839
0.00113907
0.00115776
0.00120835
0.00123338
0.00117513
0.00103231
0.000200109
0.000156755
0.000449351
0.000304912
0.000646935
0.000640885
0.000411645
8.72789e-05
8.5477e-05
9.1741e-05
8.43668e-05
8.4661e-05
8.44012e-05
8.32321e-05
0.000185688
0.000280203
0.000540882
0.000529423
0.000615493
0.000766699
0.000689753
0.000766669
0.000842425
0.00160158
0.00197287
0.0018559
0.00177877
0.00201693
0.00238269
0.00226899
0.00235684
0.00336312
0.00338236
0.00239059
0.00236336
0.00269219
0.00250149
0.00258022
0.00229316
0.00263387
0.00228469
0.00216716
0.00240946
0.00401997
0.00404436
0.00296457
0.00346675
0.0033536
0.00309443
0.00303
0.00278177
0.00258435
0.00282294
0.00267214
0.00455576
0.00403909
0.00352858
0.00130471
0.00119084
0.00111273
0.00172901
0.00154945
0.00100767
0.00116706
0.00105763
0.00103246
0.00116594
0.0010526
0.0010302
0.00162395
0.00142781
0.00137189
0.00113029
0.00114317
0.0021111
0.00192198
0.000451195
0.000433142
0.00037262
0.0005784
0.000669694
0.000500166
0.000531158
0.000543692
0.000519067
0.000479428
0.00245335
0.00218198
0.00194646
0.00157124
0.00159113
0.00152005
0.00125576
0.00110414
0.0010751
0.000856582
0.000826963
0.00100288
0.000821655
0.000664759
0.000568461
0.000566814
0.00015423
0.00012606
0.000132989
0.00020555
0.000164576
0.000216768
6.22154e-05
4.75054e-05
5.16705e-05
3.16778e-05
3.67633e-05
5.22218e-05
4.08615e-05
5.39863e-05
6.0727e-05
3.2835e-05
3.26141e-05
4.35198e-05
5.72357e-05
0.000217729
0.000188899
0.000479958
0.000545844
0.000393256
0.000513399
0.000425829
6.61271e-05
6.52152e-05
6.71766e-05
6.78744e-05
6.77778e-05
6.78437e-05
6.91602e-05
6.60112e-05
6.79638e-05
4.71986e-05
4.71123e-05
4.18308e-05
4.21087e-05
4.1488e-05
6.21613e-05
6.16892e-05
5.8746e-06
1.35951e-06
2.7116e-05
3.55825e-05
0.000852003
0.000744959
0.00121837
0.00111587
0.000889176
0.000823821
0.00137934
0.00123776
0.000348517
0.000303836
0.000200356
0.000172577
0.000165993
0.000143822
0.00013718
6.18872e-05
5.41195e-05
7.72942e-05
5.63339e-05
1.30409e-05
1.50078e-05
1.41835e-05
1.63016e-05
1.78046e-05
1.60476e-05
5.62141e-05
5.47763e-05
2.98136e-05
2.97223e-05
8.3606e-06
7.32132e-06
7.37684e-06
5.42801e-05
5.09051e-05
4.44172e-05
3.8947e-05
6.78419e-06
8.94265e-06
1.84907e-05
2.51947e-05
2.48756e-05
7.55597e-06
1.61416e-05
8.33326e-06
1.20502e-05
4.75874e-05
4.94034e-05
8.54964e-05
9.0309e-05
9.55435e-05
5.56338e-06
4.36108e-06
4.36172e-06
6.44458e-06
1.1178e-05
9.52158e-06
5.4616e-06
8.10612e-06
9.12766e-06
5.27811e-06
5.49276e-06
6.02348e-06
9.88052e-06
7.33433e-06
7.22626e-06
1.34375e-05
1.77066e-05
8.55262e-06
1.02408e-05
4.03184e-05
4.5464e-05
4.02423e-05
2.86446e-05
3.02638e-05
4.88013e-05
5.00233e-05
1.04206e-05
1.15658e-05
2.13957e-05
2.18266e-05
2.18108e-05
2.3014e-05
2.09997e-05
4.2833e-05
4.27095e-05
4.0793e-05
4.23646e-05
3.97669e-05
3.38932e-05
1.16294e-05
1.13715e-05
1.08767e-05
1.28913e-05
1.20241e-05
1.14276e-05
1.08205e-05
1.28979e-05
1.10687e-05
1.24418e-05
1.13876e-05
1.23776e-05
1.24009e-05
1.48601e-05
2.03233e-05
2.76863e-05
3.97634e-05
3.03025e-05
4.64709e-05
4.47386e-05
6.5141e-05
8.09104e-05
9.04955e-05
0.000125324
0.000123727
7.25228e-05
0.000106471
0.000107879
0.000153719
0.00016872
0.000234378
0.000232999
0.000201972
0.000183895
0.000900765
6.35671e-05
0.000833358
0.000630827
0.000495669
0.000453339
0.000569183
0.000444673
0.0004014
0.000256779
0.000190404
0.000169351
0.000162601
0.000111423
0.000105309
8.66568e-05
5.58429e-05
5.36155e-05
4.84466e-05
2.96444e-05
1.44847e-05
8.87837e-06
1.47594e-05
8.01236e-06
9.08129e-06
6.14179e-06
5.92818e-06
9.85116e-06
6.79932e-06
6.92122e-06
6.63514e-06
8.20728e-06
7.45848e-06
7.02311e-06
1.65411e-05
2.24811e-05
3.15263e-05
2.48771e-05
9.42324e-06
1.36771e-05
1.21658e-05
1.85871e-05
2.64603e-05
1.98433e-05
2.19255e-05
2.59889e-05
3.33783e-05
3.59233e-05
1.65841e-05
2.29461e-05
1.98012e-05
1.34478e-05
1.33521e-05
1.11419e-05
0.0188506
0.0169165
0.0149838
0.0132355
0.011529
0.00966705
0.00816305
0.00659757
0.00527747
0.0041094
0.00310123
0.00236089
0.00257977
0.00216088
0.00197656
0.00134553
0.0013227
0.000817974
0.000711884
0.000394061
0.000336214
0.000319799
0.000133776
0.000160617
3.91693e-05
4.74991e-05
0.00010073
0.000494999
0.00294827
0.00291389
0.00250848
0.00360543
0.00607564
0.00727779
0.00713737
0.00540402
0.00794961
0.00839838
0.00780597
0.0081644
0.00726812
0.00624212
0.00632351
0.00582741
0.00555183
0.00468339
0.0044819
0.00298687
0.00304254
0.00254065
0.00237756
0.00190862
0.00128734
0.000896031
0.000588167
0.00056356
0.000874534
0.000333397
0.000160086
0.000160818
0.000174542
0.000129696
0.000128777
0.000140939
0.000119075
0.000161541
0.000189705
0.000203058
0.000182898
0.000243333
0.000186338
0.000311177
0.000179182
0.000224948
0.00029603
0.000287095
0.000426838
0.000372307
0.000519317
0.000372062
0.00370977
0.00327737
0.00309214
0.00289458
0.00273599
0.00270493
0.00243519
0.00235608
0.00227546
0.00199587
0.00192035
0.00203223
0.00202771
0.00172465
0.00171773
0.0019035
0.00195674
0.00154534
0.00160928
0.00152642
0.00160258
0.00149507
0.00143147
0.00142023
0.00143585
0.00141879
0.00162841
0.00157151
0.00163647
0.00151397
0.00147113
0.00158064
0.00146134
0.00142674
0.00150786
0.00157416
0.00153923
0.00166269
0.00163108
0.00159825
0.00173715
0.00174637
0.0017142
0.00187019
0.0018389
0.00194013
0.00203188
0.00202928
0.00199603
0.00212963
0.00228754
0.00244538
0.00262974
0.00249878
0.00245658
0.00248995
0.00241707
0.0024491
0.0024916
0.00244328
0.0025058
0.00247277
0.00250042
0.00251007
0.00256095
0.00252838
0.00258296
0.00247944
0.00262552
0.00267699
0.00286285
0.0030114
0.00262883
0.00263472
0.00284772
0.00290557
0.00239205
0.00172584
0.000655035
0.00161704
0.00108156
0.000257938
0.000342718
0.000332237
0.000505973
0.00120659
0.00180349
0.00113815
0.00143759
0.00177668
0.0024472
0.0022942
0.00208432
0.00280116
0.00324062
0.00410691
0.00256808
0.00225741
0.00310058
0.00219346
0.00294008
0.00322393
0.00320364
0.00290606
0.00313976
0.00370675
0.00324526
0.00282318
0.00248201
0.00266733
0.00229485
0.00207606
0.00209719
0.00236517
0.0017242
0.00190791
0.00166652
0.00138693
0.00156952
0.00195713
0.00122918
0.00209941
0.0017916
0.00148245
0.00184543
0.00282741
0.00248536
0.0022448
0.0015387
0.00188241
0.00220474
0.00219896
0.00142449
0.00133769
0.00192635
0.00316696
0.00347031
0.00699974
0.00661131
0.00690367
0.00169359
0.00166097
0.00191947
0.00102002
0.00782787
0.00633044
0.00512131
0.00437777
0.00127124
0.000247887
0.000246373
0.000182505
0.000752828
0.000746912
0.000682513
0.000790771
0.000802491
0.000611806
0.000617478
0.000158385
4.10769e-05
2.55036e-05
0.000285823
0.000220076
0.000325223
0.000254577
0.000232487
0.000185316
9.45298e-05
7.19068e-05
6.04913e-05
4.20705e-05
2.0254e-05
4.53613e-05
5.66373e-05
7.06783e-05
6.33907e-05
0.00012318
0.000129058
1.78028e-05
2.04637e-05
5.59469e-05
6.54833e-05
2.05604e-05
2.50299e-05
2.34723e-05
3.74359e-05
4.52109e-05
4.39957e-05
0.000111248
0.00011587
0.000105803
0.000111967
5.99146e-05
6.75761e-05
0.000103199
0.000106724
6.39155e-05
5.25666e-05
3.75544e-05
3.90905e-05
4.60588e-05
2.93932e-05
5.18226e-05
3.77416e-05
6.71557e-05
4.84958e-05
4.3075e-05
3.25458e-05
2.78809e-05
1.531e-05
1.42033e-05
1.43916e-05
1.43486e-05
1.40717e-05
1.27283e-05
1.29243e-05
1.37111e-05
1.3588e-05
1.40116e-05
1.74984e-05
1.6946e-05
1.60829e-05
1.16445e-05
1.27641e-05
1.33873e-05
1.46483e-05
2.47573e-05
1.95696e-05
4.50347e-05
8.00831e-05
8.48991e-05
6.84756e-05
7.77199e-05
0.000230088
0.00023523
0.000108359
0.000198694
0.000148499
0.000249523
0.00011321
0.000154007
0.000143244
0.000151027
0.000159726
0.000210573
0.000203117
0.000272517
0.000253859
0.00021613
0.000337696
0.000340309
0.000441133
0.000399072
0.000290643
0.000352209
0.000311694
0.000299468
0.000611499
0.000549327
0.000314665
0.000415995
0.000356657
0.000514293
0.000610777
0.000488068
0.000596273
0.000614083
0.000778369
0.000664789
0.000640895
0.000753128
0.000624968
0.000523214
0.00101626
0.000846854
0.000507408
0.00102816
0.00084033
0.000397267
0.000531732
0.000473467
0.0174226
0.0126364
0.00830109
0.0049746
0.00265075
0.00138843
0.000767326
0.000364726
0.000182571
9.49556e-05
4.00722e-05
3.24244e-05
3.32007e-05
5.29394e-05
3.9998e-05
3.21673e-05
3.28808e-05
3.27061e-05
3.38007e-05
3.39477e-05
3.22529e-05
3.7062e-05
3.55475e-05
4.08804e-05
3.79012e-05
3.71441e-05
9.28872e-05
8.46224e-05
0.000101707
6.9502e-05
5.6094e-05
5.16354e-05
4.01127e-05
4.04483e-05
3.86586e-05
3.65684e-05
3.7486e-05
3.664e-05
4.22667e-05
4.04464e-05
4.10288e-05
4.07268e-05
4.16668e-05
3.96005e-05
4.04071e-05
3.97519e-05
0.00675657
0.00637663
0.00564354
0.0048285
0.00475795
0.00416352
0.00368094
0.00356762
0.0031658
0.00295226
0.00275968
0.00264924
0.00241509
0.00209714
0.00182554
0.00161397
0.00139816
0.0012165
0.00110359
0.000897399
0.000784635
0.000716425
0.000489159
0.000418231
0.0004308
0.000217065
0.000249734
0.000179337
0.000174755
0.000103615
0.000107825
0.000105029
0.000194599
0.000181468
0.000366922
0.000414953
0.000200578
0.000175867
0.000810346
0.000790659
0.000947777
0.00290437
0.00263164
0.00312148
0.00362372
0.00383197
0.00384457
0.0036882
0.00375556
0.00368527
0.00303956
0.00288697
0.00239973
0.00206602
0.00144386
0.000844703
0.000756914
0.000556914
0.000547519
0.00027241
0.000144498
0.000140419
0.00039426
0.000162029
1.97449e-06
2.28491e-05
2.05938e-06
7.78899e-05
0.000243337
0.000482256
0.000276791
0.000515418
0.000643802
0.000675808
0.000657606
0.000764737
0.00061258
0.000757783
0.000750218
0.000790974
0.000869289
0.00116151
0.000878942
0.00128068
0.00136285
0.0014834
0.00129043
0.00127095
0.00151286
0.00145955
0.00167134
0.00168489
0.00198112
0.00250056
0.0024978
0.00278999
0.00248937
0.00285945
0.00252422
0.00243616
0.00314183
0.00358823
0.0038575
0.00292914
0.0030451
0.00363681
0.00371201
0.00422189
0.00429819
0.00493578
0.00436065
0.00479173
0.00321092
0.00326864
0.00332906
0.00462808
0.00393031
0.00365582
0.00333831
0.00385549
0.00355731
0.00245513
0.0022701
0.00265374
0.00243214
0.0026379
0.00240816
0.0027292
0.0034495
0.00354081
0.00327335
0.00323321
0.0033623
0.00297115
0.00331903
0.00386384
0.00336087
0.00361664
0.00442355
0.00407608
0.00406287
0.00371107
0.0042223
0.00328255
0.00316383
0.00291484
0.00284552
0.00265609
0.00280642
0.00259392
0.00253234
0.00226447
0.0022497
0.00247336
0.00234217
0.00233535
0.00222665
0.00213466
0.00212629
0.00197048
0.00203408
0.00203634
0.00197403
0.00196458
0.00196389
0.00194445
0.00184796
0.00180599
0.00180549
0.00181494
0.0017972
0.00185393
0.00180866
0.00180611
0.00186165
0.00181424
0.00180756
0.00163836
0.00163586
0.00166233
0.00187814
0.00182745
0.00181803
0.00174637
0.00173009
0.00164785
0.0016876
0.00170541
0.0017302
0.00159931
0.00157384
0.00157747
0.00170465
0.00173138
0.00173827
0.00181525
0.00181172
0.00168123
0.00167851
0.00166969
0.00165326
0.00163742
0.00161911
0.000717667
0.000526273
0.000815706
0.000660147
0.00046213
0.000322485
0.000417006
0.00032309
0.000262112
0.000487088
0.000539643
0.0002143
0.000208119
0.000253452
0.000308668
0.000297042
0.000531613
0.000491016
0.000820401
0.00106422
0.00114424
0.000908171
0.00164934
0.00179176
0.00143473
0.00154815
0.00151334
0.00188414
0.00174953
0.00233854
0.00212069
0.002275
0.00197949
0.00180001
0.00186469
0.00291952
0.00276579
0.00231786
0.00242572
0.00244899
0.00211906
0.00183841
0.00173377
0.00173217
0.00147286
0.00131506
0.00160251
0.0013195
0.000931443
0.000528547
0.0017811
0.000803071
0.00073374
0.000987759
0.000821812
0.000842428
0.00030986
0.000277254
0.000243542
0.000520266
0.000448748
0.000447703
0.000613096
0.000381975
0.000339015
0.000325747
0.000111548
0.000171139
0.000224818
0.000268796
0.000469556
0.000382638
0.000156793
0.000215851
5.5125e-05
6.17365e-05
7.48698e-05
7.37154e-05
0.000213306
0.00282003
0.00237516
0.000514366
0.000838659
0.000534788
0.000402431
0.000225479
9.00333e-05
7.81992e-05
8.18887e-05
0.000186791
0.000106291
9.06674e-05
0.000112604
7.03825e-05
6.83719e-05
6.89628e-05
7.61586e-05
7.99769e-05
0.000144999
0.000176267
6.55242e-05
0.00231424
0.00170311
4.06099e-05
4.06089e-05
4.0612e-05
4.05736e-05
4.05552e-05
4.0554e-05
4.05531e-05
4.05642e-05
4.12975e-05
4.0986e-05
4.16618e-05
4.16177e-05
4.18555e-05
0.000223855
0.00024363
0.00126954
0.00121315
0.0010799
0.000146194
0.000123097
0.000385614
0.000282447
0.000248802
9.12128e-05
7.36245e-05
7.03769e-05
7.06532e-05
1.09093e-05
1.03805e-05
9.74716e-05
0.000101797
9.40372e-05
7.0453e-05
7.58448e-05
6.26075e-05
6.40919e-05
6.80567e-05
5.72595e-05
0.000102587
0.000107659
0.000178295
0.000174863
0.000212651
0.00020408
0.00014658
0.000139328
0.000285679
0.000209051
0.000197358
0.000201215
0.000192798
0.00016874
0.00012251
0.000161642
0.000152769
0.000134294
0.000122574
0.000115074
0.000183316
0.000170145
0.00014914
8.21767e-05
0.000857156
0.000659784
0.000669263
0.000540388
0.000390137
0.000302242
0.000229143
0.000206259
0.000173589
0.000129012
0.000159583
0.000115624
0.000106353
9.30535e-05
6.72116e-05
5.55546e-05
4.02652e-05
4.71373e-05
3.09286e-05
2.69978e-05
3.54672e-05
2.24839e-05
2.27124e-05
3.86223e-06
3.85132e-06
3.85919e-06
4.45425e-06
6.81594e-06
5.82612e-06
5.86636e-06
3.886e-06
4.41556e-06
3.98094e-06
4.03789e-05
4.73646e-05
3.85447e-05
2.10135e-05
1.53434e-05
2.31778e-05
2.01911e-05
1.67403e-05
8.50913e-06
0.00214014
0.00141377
0.00111006
0.000853272
0.000714752
0.000458061
0.000342413
0.000139723
9.68674e-05
0.000110181
0.000192572
0.000141755
0.000262148
0.000189575
0.00015704
2.87293e-05
1.79188e-05
1.64166e-05
8.40028e-05
0.000113416
7.90157e-05
1.29267e-05
7.47757e-06
6.99442e-06
1.28783e-05
1.75239e-05
2.08122e-05
3.3036e-05
3.71704e-05
4.4075e-05
4.46868e-05
8.39446e-06
5.69368e-06
6.06741e-06
4.46454e-06
4.58407e-06
4.60168e-06
1.05539e-05
6.46339e-06
6.97714e-06
4.74425e-06
4.5822e-06
5.0992e-06
4.9045e-06
1.07929e-05
0.000129008
0.000108567
1.01801e-05
7.57271e-06
0.000424311
0.000318685
0.000722184
0.000810347
0.00066514
0.000481696
0.000306285
0.000209257
0.000166286
0.000180072
0.00012439
5.84284e-05
3.73194e-05
3.40444e-05
2.89289e-05
1.98995e-05
3.09379e-05
2.23772e-05
7.76604e-06
6.33599e-06
6.7688e-06
7.10766e-06
6.74073e-06
6.66798e-06
7.0099e-06
6.7275e-06
6.93184e-06
1.16494e-05
8.84528e-06
9.59671e-06
1.73912e-05
1.43923e-05
7.70234e-06
7.935e-06
1.22872e-05
1.21948e-05
8.71278e-06
9.43944e-06
1.09326e-05
1.13257e-05
1.62995e-05
1.03696e-05
0.000265918
0.000229153
0.000401594
0.00139394
0.000910558
0.000759838
0.000659972
0.000330377
0.000211901
8.99242e-05
8.63454e-05
9.76896e-05
0.00011759
0.000116547
0.000123976
0.00123367
0.00127038
0.00416834
0.00409309
0.00392315
0.00496401
0.00606823
0.00717634
0.00699513
0.00646186
0.00713752
0.00678909
0.00611221
0.00649829
0.00630428
0.00585062
0.00493037
0.005015
0.0044702
0.00363522
0.00289969
0.00252657
0.00165096
0.00165935
0.00118189
0.0016699
0.000404408
0.000695468
0.000503795
0.000412118
0.00019562
0.000162448
0.000237851
8.88319e-05
0.00021968
7.60561e-05
5.32923e-05
6.17566e-05
6.88341e-05
3.39443e-05
6.89527e-05
9.55321e-05
5.11502e-05
9.90276e-05
0.000128876
0.000192563
0.00033074
0.000425961
0.000501468
0.000374239
0.000586662
0.00191802
0.0017761
0.00190089
0.00152592
0.00149244
0.00138759
0.00139179
0.00142347
0.00132471
0.00133016
0.00147845
0.00146977
0.00124394
0.00127578
0.00122469
0.00116931
0.00121528
0.00116673
0.0012874
0.001336
0.00129886
0.00139039
0.00118104
0.00114888
0.00123969
0.00137153
0.00150751
0.00140017
0.00146823
0.00156561
0.00153238
0.00184015
0.00197677
0.00177398
0.00174389
0.00188877
0.0018601
0.00192263
0.0018636
0.00192061
0.00206153
0.00202885
0.00213321
0.00214017
0.00221624
0.00210764
0.00208039
0.00211985
0.00223331
0.00244332
0.00239309
0.00238087
0.00221514
0.00220457
0.00218345
0.00233007
0.00229807
0.0022272
0.00219094
0.00216832
0.00202568
0.0020409
0.00201544
0.00214038
0.00207953
0.00209705
0.00202571
0.00200246
0.00204103
0.00206572
0.0020376
0.00208867
0.00204031
0.00208559
0.0021686
0.00222107
0.00211301
0.00215784
0.00221793
0.00234468
0.00223964
0.00233943
0.00227694
0.00145056
0.001707
0.000877374
0.00129925
0.000741504
0.00034508
0.000293712
0.000554928
0.000226784
0.000724515
0.000491804
0.000661769
0.00150238
0.00138953
0.00179202
0.000990324
0.000912582
0.00144662
0.00280122
0.00251733
0.00306389
0.00208867
0.00363437
0.00341106
0.00296036
0.00349816
0.0029194
0.00352955
0.00279378
0.00223945
0.0021673
0.00191848
0.00208826
0.00227142
0.00170859
0.00171191
0.00114491
0.000881217
0.000778211
0.00101155
0.00115611
0.000966935
0.000748867
0.000620921
0.000736394
0.000704974
0.000768405
0.00170586
0.00135654
0.000553965
0.000587559
0.000636708
0.000635101
0.00055002
0.000672039
0.00146068
0.00124792
0.0012953
0.00149385
0.00139877
0.00100653
0.00102008
0.0015281
0.00137601
0.000890807
0.00381303
0.00347511
0.00424432
0.00769386
0.00853713
0.00274791
0.00273297
0.00371817
0.00349433
0.000705827
0.000178173
0.000193512
0.00819183
0.0181098
0.00209883
5.40759e-06
5.92735e-05
7.03466e-05
6.4382e-05
0.000560283
0.000245992
0.000414217
0.000398517
0.000227131
0.00024702
2.78853e-06
2.84101e-06
2.61557e-06
0.000276356
0.000201907
0.000188616
0.000979694
0.000809792
0.000726568
0.00104868
0.000915736
0.000841181
0.00101975
0.000892942
0.000836221
0.000596601
0.000503682
0.00037046
0.000323163
0.000224667
0.000206604
0.000144985
0.000132579
4.59658e-05
3.39037e-05
3.29215e-05
4.31128e-05
3.51147e-05
3.47351e-05
2.38304e-05
2.07402e-05
2.18011e-05
2.20607e-05
2.76465e-05
2.80562e-05
5.25422e-05
6.00772e-05
3.17919e-05
2.91889e-05
6.06038e-05
5.13726e-05
0.000116635
0.000112819
9.60033e-05
6.43506e-05
5.31849e-05
4.51644e-05
4.88472e-05
3.99621e-05
3.77337e-05
1.51379e-05
1.37969e-05
1.35914e-05
1.93023e-05
1.96167e-05
1.84239e-05
1.98428e-05
2.53991e-05
1.37115e-05
1.44113e-05
2.66182e-05
1.68585e-05
1.51493e-05
1.27596e-05
1.35988e-05
1.40071e-05
1.48225e-05
1.48876e-05
1.33939e-05
1.51555e-05
1.4732e-05
1.52963e-05
1.89842e-05
1.32126e-05
1.19834e-05
1.15694e-05
1.14525e-05
1.73897e-05
2.40833e-05
2.36773e-05
1.41868e-05
1.75151e-05
1.79177e-05
1.24113e-05
1.12427e-05
1.12353e-05
1.91505e-05
1.48359e-05
1.19916e-05
1.26019e-05
1.23913e-05
1.36799e-05
1.37283e-05
1.49694e-05
2.02082e-05
1.8198e-05
1.54919e-05
1.38217e-05
1.91955e-05
2.35979e-05
2.43997e-05
3.00491e-05
6.86002e-05
8.02387e-05
7.28065e-05
3.99705e-05
4.46231e-05
4.96892e-05
3.77763e-05
4.39729e-05
3.18703e-05
3.91803e-05
3.71189e-05
3.52446e-05
4.06179e-05
3.85587e-05
4.40573e-05
4.0358e-05
4.72007e-05
3.18928e-05
3.87971e-05
3.58235e-05
4.77501e-05
5.29573e-05
2.83201e-05
3.40186e-05
3.12663e-05
4.57612e-05
5.1983e-05
6.22578e-05
6.54105e-05
5.04032e-05
5.73542e-05
5.39329e-05
8.8613e-05
8.99031e-05
5.82621e-05
5.88759e-05
4.69108e-05
5.17914e-05
4.76666e-05
3.69584e-05
3.92305e-05
4.16702e-05
5.094e-05
5.35188e-05
3.37202e-05
3.60178e-05
3.20515e-05
4.25574e-05
4.31333e-05
4.24883e-05
4.01703e-05
3.84892e-05
3.21113e-05
3.06995e-05
2.52492e-05
2.47207e-05
3.09351e-05
3.00464e-05
2.74678e-05
2.33866e-05
2.17585e-05
2.52368e-05
3.91934e-05
2.46731e-05
0.00929264
0.0079763
0.00750993
0.00606124
0.00570913
0.00646375
0.00528741
0.00444791
7.56864e-05
0.000190285
0.000173694
0.000310711
0.000254596
0.00022267
0.000342816
0.000297183
0.000297174
0.000369492
0.000296406
0.000304853
0.000234772
0.000246813
0.000201471
0.000229358
0.000170938
0.000169555
0.000105857
7.26646e-05
6.94561e-05
7.11137e-05
0.000100542
0.000106702
0.00027207
0.000205694
0.000296769
0.000483434
0.000614264
0.000671336
0.000836327
0.0004594
0.000601495
0.000610677
0.000591338
0.000433579
0.00215343
0.00275791
0.00258479
0.00350738
0.003825
0.00351759
0.00285771
0.00270731
0.00296911
0.00245713
0.0023374
0.00184777
0.00157532
0.00181155
0.00149484
0.000696561
0.000734479
0.000528594
0.00030355
0.000176861
0.000231913
3.1301e-05
1.06685e-05
8.66462e-05
7.75575e-05
8.12686e-05
0.000115755
0.000233309
0.000257996
0.000378577
0.000190069
0.00058839
0.000547272
0.000429695
0.000553758
0.000342924
0.000769005
0.00106857
0.00119313
0.00128322
0.00104063
0.00138877
0.00156042
0.00141564
0.00169113
0.00137185
0.00164694
0.00202187
0.00229871
0.00212961
0.00245357
0.00209164
0.00198267
0.00247912
0.00312794
0.00293685
0.00317252
0.00332342
0.00349692
0.00265318
0.00293322
0.00348797
0.00374447
0.00369569
0.00462043
0.00415849
0.00467631
0.00415344
0.00436576
0.00508915
0.00504409
0.00579684
0.00623593
0.00507521
0.00583837
0.0060576
0.00708527
0.00573152
0.00765449
0.00655519
0.00799509
0.00782891
0.00626058
0.0061397
0.00710767
0.00620966
0.0066454
0.00593463
0.00959611
0.00808669
0.00788871
0.00720989
0.00603733
0.00613145
0.00900278
0.00727038
0.00748995
0.00526952
0.00846593
0.0089068
0.00731375
0.0069943
0.00774224
0.00641368
0.0048585
0.00950251
0.00763631
0.00816569
0.00673661
0.00202998
0.00196179
0.00166635
0.00226718
0.00640716
0.00163796
0.00181322
0.00179129
0.00180869
0.00178309
0.00148417
0.00148464
0.00153741
0.00150178
0.00149301
0.00144612
0.00186965
0.00205341
0.00196867
0.00145923
0.0014501
0.00133558
0.00161009
0.00178098
0.00171376
0.00171941
0.00155548
0.00158349
0.00157768
0.00161725
0.00156722
0.00155235
0.00141419
0.00138369
0.00139979
0.00156325
0.0015435
0.0014216
0.00142235
0.00167404
0.00166426
0.00137802
0.00138528
0.00143907
0.0014531
0.00142231
0.00140347
0.00135983
0.00136977
0.00141958
0.00138289
0.00116084
0.00134413
0.00131561
0.00126966
0.000881038
0.000863021
0.0007327
0.000900064
0.000893191
0.00053159
0.000314271
0.000313674
0.000226096
0.000124831
9.17032e-05
0.000189518
0.000187785
0.000117437
9.08764e-05
9.06274e-05
9.04208e-05
0.00045521
0.000551065
0.000552274
0.000527836
0.000522539
0.000196738
0.00033183
0.000635272
0.000580175
0.0012742
0.00150397
0.00154794
0.001672
0.00271779
0.00261698
0.00275149
0.00394735
0.0041912
0.00241448
0.00246383
0.00230003
0.00216002
0.00241415
0.00383741
0.00344483
0.00366221
0.00513687
0.0052099
0.00521829
0.00482565
0.00473023
0.00451547
0.00393924
0.00377616
0.00446942
0.00427451
0.00325639
0.00287416
0.00235813
0.00212258
0.00207807
0.00284455
0.00130669
0.00304541
0.0030026
0.00287031
0.00261834
0.00196218
0.00207036
0.00162701
0.00152887
0.000773725
0.000716063
0.00281708
0.00248194
0.00224574
0.00255996
0.00251353
0.00210025
0.00186805
0.00173444
0.000834442
0.000745167
0.000701482
0.00103378
0.000969059
0.000964277
0.000788357
0.000826055
0.00064947
0.000553462
0.000506741
0.000292322
0.000233689
0.000454855
0.000373205
0.00040355
0.000133071
0.00010831
0.000163593
0.000137558
2.81871e-05
2.51945e-05
5.448e-05
7.60943e-05
6.03995e-05
2.48363e-05
2.8232e-05
0.000134204
0.000123913
0.000195606
0.000266147
0.000190442
9.38685e-05
0.000149204
0.000110781
5.57125e-05
5.24749e-05
8.2229e-05
0.000139141
0.00193976
0.0020105
0.00227127
6.09849e-05
6.07867e-05
6.23824e-05
6.23841e-05
6.32009e-05
6.54726e-05
6.54753e-05
6.55959e-05
6.22338e-05
6.28689e-05
4.56279e-05
4.55817e-05
5.88125e-05
4.46837e-05
4.44122e-05
4.43198e-05
