0.00306323
0.00269957
0.00232713
0.00199103
0.0016721
0.00141029
0.00119387
0.00104174
8.66386e-05
0.000125219
0.000151805
0.000131289
0.000158529
0.000151612
0.000152308
0.000148184
0.00013959
0.000134997
0.000129561
0.000132959
0.000179774
0.000282998
0.000449467
0.000676738
0.000996126
0.00129296
0.00177478
0.0026932
0.00339825
0.00197999
0.00156387
0.000562378
0.000350268
9.19882e-05
9.49171e-05
7.87604e-05
2.67571e-05
1.66923e-05
6.35342e-06
3.74639e-05
0.000172834
0.000285088
0.000253912
0.000236008
0.000449414
0.000554117
0.000508785
0.000529056
0.000703732
0.00134345
0.00164268
0.00203358
0.00207596
0.00162041
0.00213614
0.00207392
0.00268181
0.0018716
0.00251608
0.00303936
0.0025368
0.00288678
0.00341996
0.00335951
0.00267587
0.00427172
0.0035822
0.00272502
0.00641605
0.00581827
0.0058094
0.00399669
0.00466239
0.0052464
0.00603126
0.00733873
0.00773218
0.00992012
0.0115724
0.00773256
0.00675956
0.0133976
0.0170571
0.00140796
0.00143198
0.00145767
0.00145023
0.00146356
0.00151082
0.00138152
0.00144447
0.00145235
0.00148398
0.00148008
0.00145051
0.00159351
0.00140819
0.00144897
0.00147204
0.00114207
0.00148667
0.000437512
0.000434723
0.00112005
0.000354016
0.000326443
0.0002574
0.000533901
0.000353293
0.000251364
0.000924104
0.000241551
0.000921852
0.00134507
0.00232314
0.00182794
0.00245226
0.00271997
0.00457493
0.00325642
0.00344613
0.0069899
0.00334306
0.00515129
0.00354139
0.00515413
0.00538239
0.00397387
0.00539981
0.00473761
0.00496474
0.00451789
0.005171
0.00470581
0.00358865
0.00412504
0.00391588
0.00375083
0.00375623
0.00497355
0.00376922
0.00329547
0.0031127
0.00231177
0.00107088
0.00106968
0.000133065
1.02267e-05
9.845e-06
3.93694e-06
0.000310404
0.0006829
0.000456074
0.000890551
0.00122826
0.00106289
0.00309035
0.000608831
0.00140711
0.000195269
0.000787421
5.52037e-05
5.63405e-05
5.90788e-05
6.03729e-05
8.51479e-05
0.000260666
0.0008282
0.00240275
0.00420359
0.00413471
0.00102209
0.00524516
0.0101328
0.00744675
0.00340751
0.00308732
0.00679954
0.00734022
0.00741033
0.00597313
0.00419578
0.00322227
0.000930352
0.000425072
0.000725042
0.00193096
0.00582371
0.00875779
0.0126799
0.0079396
0.00732567
0.00647235
0.000956986
0.000754346
0.000511348
0.000353487
0.000254561
0.000273863
0.000355976
0.000441725
0.000160186
1.77228e-06
1.26079e-06
5.74662e-06
1.04095e-06
1.53415e-05
1.61088e-05
1.69409e-05
3.49573e-05
6.19496e-06
9.74851e-06
1.09958e-05
6.55456e-06
3.08366e-06
3.69941e-06
2.44408e-06
3.49638e-06
2.08608e-06
1.0601e-05
1.46665e-05
2.81682e-06
2.30418e-06
7.17974e-06
2.54577e-06
4.90261e-06
0.000143124
0.000231032
0.00286523
0.00191572
0.00129947
0.000967829
0.000644301
0.000427735
0.000255624
0.000179452
0.000100969
9.03411e-05
4.07122e-05
0.00143743
0.00147539
0.00147816
0.00135071
0.00119246
0.00122807
0.00108416
0.000983996
0.000861527
0.000668346
0.000486666
0.000262677
8.15685e-05
2.29196e-05
7.0436e-05
0.000393592
0.000626451
0.000951745
0.00295893
0.00604514
0.00830302
0.00833384
0.0085888
0.00701718
0.00567457
0.00410993
0.00232358
0.00180063
0.00135381
0.000298188
0.000322585
0.000232486
6.86624e-05
8.33746e-05
7.24718e-05
5.40242e-05
4.13214e-05
8.23103e-05
0.000132515
6.37983e-05
0.000113844
0.000113181
0.000173166
0.00039432
0.000273394
0.00040495
0.000553419
0.000954926
0.00113471
0.00132511
0.00204105
0.00197883
0.00266528
0.00282186
0.00508263
0.00512882
0.00593388
0.00571661
0.0100273
0.00917341
0.0120959
0.0142798
0.00832902
0.00938688
0.0117396
0.0114714
0.014288
0.0223491
0.021941
0.0161041
0.0181527
0.0148109
0.0140741
0.012216
0.00161318
0.00161857
0.0121259
0.00188764
0.00154025
0.00132218
0.00135221
0.00135321
0.00146357
0.0015176
0.00192778
0.00144709
0.00182031
0.00168347
0.00104442
0.000139549
7.06976e-05
0.000366826
6.85898e-05
0.00029837
0.000726802
0.000882781
0.000553419
0.00090334
0.00146854
0.00139087
0.00207088
0.00257946
0.00263595
0.0024457
0.00246146
0.00208198
0.00370168
0.00365405
0.00349181
0.00396514
0.00352361
0.00345615
0.00387233
0.00361068
0.0038286
0.00245981
0.00394159
0.00225104
0.00227029
0.00362487
0.00212095
0.0033191
0.00249781
0.00362733
0.00234986
0.00251024
0.0025645
0.00223156
0.000737351
0.00133565
0.00103459
0.000755619
0.000642614
0.000165788
1.25863e-05
2.02516e-06
2.64539e-06
5.96775e-06
9.25199e-05
8.44448e-05
5.00967e-05
0.000835869
1.21746e-05
0.000137562
0.000138491
0.0010551
5.17453e-05
5.23147e-05
5.30963e-05
5.32245e-05
5.33576e-05
5.16424e-05
3.91266e-05
4.14418e-05
0.000106326
0.000519961
0.00132949
0.000147919
0.00229909
0.000321658
0.000239697
0.000202762
0.00219572
0.00181418
0.00121256
0.000832381
0.000461835
0.000208433
0.000163852
4.27101e-05
4.76959e-05
1.83983e-05
2.11777e-06
5.92872e-06
1.981e-05
2.43584e-06
2.15766e-06
3.72133e-06
2.88187e-06
4.23045e-06
2.45901e-05
6.12495e-06
1.48281e-05
3.48548e-06
6.33233e-06
2.73092e-05
3.4831e-05
1.26253e-05
3.46515e-05
8.42223e-05
5.41361e-05
0.00113978
0.000660564
0.00175557
0.00118049
0.00089498
0.000670938
0.000338937
0.000612725
0.00089836
0.000988876
0.000496622
0.000315017
0.000326068
9.11333e-05
0.000207329
8.89846e-05
2.82713e-05
4.30711e-05
2.72533e-05
8.76487e-06
3.22558e-06
3.83049e-06
3.65717e-06
8.3931e-06
5.75059e-06
4.8237e-06
3.7195e-06
4.7509e-06
7.64704e-06
5.15997e-06
7.07282e-06
6.32838e-06
4.21546e-06
0.00205415
0.000989818
0.000452396
0.000211066
7.78232e-05
3.58434e-05
3.16491e-05
5.97226e-06
0.00357832
0.00331289
0.00306545
0.00281371
0.00247444
0.00210009
0.00184752
0.00111381
0.000894782
0.000560256
0.000261137
7.05914e-05
3.27634e-05
0.000146927
0.000446114
0.000765342
0.00275223
0.00567469
0.00915631
0.00912678
0.00996428
0.00939802
0.00763721
0.00617923
0.00474093
0.00378027
0.00273964
0.00165792
0.00136186
0.00117574
0.000445068
0.000487363
0.00032734
0.000293927
0.000232482
0.000204196
0.000155145
0.000140256
0.000137917
0.000152643
0.000312916
0.000226418
0.000409217
0.000737322
0.00076016
0.00136959
0.0013488
0.00160721
0.00176349
0.0020219
0.00231387
0.00289589
0.00332592
0.00328212
0.00414187
0.00596033
0.00547244
0.00487762
0.00580574
0.00695934
0.00861422
0.0122552
0.0116374
0.00882966
0.00897506
0.00719485
0.00610637
0.00509528
0.00860818
0.00134842
0.00503384
0.00563792
0.00123584
0.00122451
0.00127752
0.00130447
0.0013294
0.00136803
0.00128267
0.00143143
0.00129979
0.00132953
0.00121439
0.00132181
0.00128276
0.00141187
0.00130217
0.00127844
0.00134683
0.00140765
0.00141932
0.00130836
0.00127228
0.000994089
0.00127746
0.000735688
0.000383493
0.000712789
0.000146012
0.000476363
0.000316131
0.00013859
0.000249026
0.000353435
0.000187199
0.000274857
0.000380463
0.000741282
0.00162819
0.000771998
0.000852251
0.00145259
0.00192502
0.00259711
0.00379564
0.00345051
0.000933867
0.00247932
0.0039809
0.00392901
0.00428991
0.00557767
0.00680693
0.00395356
0.00273789
0.00238181
0.00183956
0.00152054
0.00304497
0.00102603
0.00190281
0.00118717
0.000804811
0.000952626
0.000865948
0.000631108
0.000428363
0.000614147
0.000112787
0.000180813
0.000270127
0.000140965
0.000566104
0.000457191
7.62725e-05
6.65474e-05
0.00239999
3.68049e-05
3.68117e-05
3.6812e-05
3.68113e-05
3.68144e-05
3.68061e-05
3.68077e-05
0.000717402
5.45816e-08
0.000522471
0.00259842
0.00232066
0.00210281
0.00174495
0.00143441
0.0011564
0.000755453
0.000474066
0.000342205
0.00132589
0.00179849
0.00130184
0.0011179
0.00081263
0.0005854
0.000495987
0.000262719
0.000157674
0.00016945
7.17681e-05
3.57078e-05
2.49835e-05
8.12238e-06
5.04443e-06
9.33027e-06
7.9389e-06
9.11586e-06
0.00103168
0.000807558
0.000569875
0.000437923
0.000282249
0.000226243
0.000117211
7.46961e-05
4.06544e-05
2.5642e-05
8.58493e-06
0.00110984
0.000681472
0.00054914
0.000350032
0.00017441
6.60436e-05
4.06789e-05
3.93689e-05
5.13526e-05
9.83579e-06
2.68386e-05
9.81935e-06
1.0997e-05
3.42758e-05
8.30914e-06
4.72343e-06
1.20028e-05
1.02598e-05
0.00161604
0.000971691
0.000501121
0.000881626
0.0004024
0.000238411
0.000136496
0.000127021
5.85445e-05
0.00449658
0.00407203
0.00379635
0.00320082
0.0028864
0.00189015
0.00143017
0.000900703
0.000100909
0.000198272
0.00146543
0.00367269
0.00702226
0.00948805
0.00964285
0.0101186
0.008894
0.00672259
0.00424505
0.00314608
0.00235977
0.0013584
0.00141339
0.00147792
0.000973691
0.000864317
0.000657415
0.000699215
0.000372208
0.00026439
0.000199385
0.000243934
0.000166943
0.000212666
0.000319622
0.000689919
0.00155595
0.00201838
0.00168412
0.00276845
0.00282907
0.00269844
0.00377136
0.00660482
0.0127686
0.00693792
0.00359257
0.00314657
0.00259467
0.00227628
0.00198013
0.00188432
0.00227129
0.00188478
0.00191105
0.0018497
0.00187969
0.00188458
0.00188176
0.00181183
0.00178388
0.00177264
0.0018108
0.00180723
0.00177425
0.00172995
0.00171706
0.00167333
0.00168906
0.00165596
0.00169363
0.00168041
0.00166245
0.0017201
0.00138048
0.00101568
0.00134552
0.000718895
0.000535392
0.000549245
0.000361688
0.000346588
0.000408844
0.00059494
0.00122488
0.000775408
0.00135112
0.00195001
0.00187723
0.00204691
0.00251179
0.00160404
0.00114376
0.00109518
0.000673962
0.00206231
0.00113177
0.000860675
4.52771e-05
0.000565403
0.000106768
0.000165686
0.000238213
0.000303394
6.53483e-05
0.000193581
7.43442e-05
0.00140091
9.28168e-05
0.000138705
7.47729e-05
0.000338259
0.000261707
0.000119012
8.78259e-05
0.000183209
0.000855419
0.000110451
0.00991517
0.0160992
0.0021988
0.0171969
3.08608e-05
3.08776e-05
3.08718e-05
3.08547e-05
3.07755e-05
3.07736e-05
0.000123081
0.000122886
0.0020259
0.00159768
0.00518614
0.00473538
0.00409518
0.00370256
0.00307916
0.00291691
0.00238387
0.00176929
0.00152402
0.000602192
0.000363873
0.00027235
0.000189858
9.08261e-05
5.32436e-05
1.01017e-05
8.81729e-06
7.24571e-06
6.10275e-06
2.12028e-05
5.18118e-05
2.27297e-05
2.5052e-05
5.60158e-05
4.72394e-05
0.000102423
3.7187e-05
3.87911e-05
6.91327e-06
6.91057e-06
0.000200526
0.000112497
9.91648e-05
5.47278e-05
9.59713e-06
5.09948e-06
6.57174e-06
6.91201e-06
1.35419e-05
8.46478e-06
1.64157e-05
1.13523e-05
0.00154945
0.000881862
0.000515677
0.000318685
0.000205581
7.87367e-05
4.10955e-05
3.19356e-05
1.26922e-05
1.47612e-05
1.58564e-05
6.66437e-06
7.27442e-06
6.87904e-06
7.17894e-06
8.55567e-06
9.09496e-06
1.28098e-05
1.11503e-05
8.59443e-06
9.02571e-06
2.10486e-05
1.96503e-05
8.34867e-06
0.00350283
0.00332228
0.00289243
0.00268213
0.00232052
0.00174253
0.00138607
0.0010031
0.000567252
0.000230515
8.22699e-05
0.000108031
0.0001631
0.000626539
0.00216534
0.00544959
0.00660457
0.00623675
0.00777617
0.00833655
0.00820189
0.00772206
0.00665022
0.00375793
0.00265638
0.00166897
0.00167456
0.000904774
0.000393833
0.000276535
0.000276398
0.000290921
0.000185927
0.000187959
0.000142214
0.000124585
0.000113257
0.00010084
8.15153e-05
0.000130035
0.000152515
0.000720975
0.000778414
0.000875814
0.00147906
0.00137143
0.00221059
0.00220539
0.00307655
0.00322946
0.00312794
0.00297966
0.00374663
0.00440742
0.00417683
0.00433279
0.00651675
0.00291282
0.0026808
0.00245059
0.00245728
0.00239291
0.00260189
0.00249034
0.00256746
0.00268591
0.00266237
0.0023573
0.00237318
0.0025104
0.00243898
0.00239865
0.00249159
0.0024685
0.00267933
0.00281383
0.00250915
0.00268796
0.00295613
0.00304734
0.00290595
0.00285556
0.00279214
0.00276302
0.00267511
0.00281328
0.00264786
0.00140839
0.000627882
0.000432405
0.000134646
0.000128423
0.00013
0.0001382
0.000160458
0.000500788
0.000476791
0.000583402
0.000885416
0.000707512
0.00138789
0.00135132
0.00291441
0.00264226
0.00383191
0.00375186
0.00375104
0.00669551
0.00487972
0.00516691
0.00378208
0.00628825
0.00467297
0.00429813
0.00562369
0.00580822
0.00565333
0.00574807
0.00528992
0.00552108
0.00388944
0.0054644
0.00400531
0.00383625
0.0029273
0.00353925
0.00346739
0.00246654
0.00228368
0.00853462
0.00124763
3.3795e-05
3.402e-05
3.41242e-05
3.44019e-05
3.47771e-05
3.5194e-05
3.24508e-05
0.000356482
0.00147597
0.000135539
9.51243e-05
0.000217847
0.000182588
0.000151827
0.000130259
9.94316e-05
1.83438e-05
3.03853e-05
0.00010513
6.19755e-05
0.0140339
0.0111553
0.00891314
0.00676625
0.00486208
0.00356412
0.00234841
0.00156428
0.00105309
0.000667299
0.00034078
0.000327792
0.000127695
1.40043e-05
1.1042e-05
0.000171422
0.000136626
0.000111159
0.000174638
0.000126312
9.88709e-05
0.000162353
0.000211153
7.20014e-05
6.85682e-05
8.93551e-05
5.79595e-05
6.77367e-05
6.07229e-05
4.51027e-05
0.000112211
8.64323e-05
9.32186e-05
0.00221763
0.00187757
0.00124391
0.00116666
0.000966519
0.000792797
0.000734812
0.000567455
0.000471034
0.000440673
0.000362642
0.000348801
0.000273217
0.000282444
0.000251321
0.000293444
0.000224669
0.000229964
0.000217946
0.000168979
0.000158327
5.29366e-05
4.2221e-05
4.42912e-05
4.64988e-05
6.55882e-05
6.2273e-05
4.34425e-05
1.04422e-05
4.32805e-05
8.15824e-05
0.000152317
0.00019886
0.000189516
0.000150001
3.78002e-05
9.57387e-05
0.000274298
0.000759145
0.000802329
0.000935859
0.00274406
0.00539906
0.00505712
0.00510237
0.00425133
0.00322007
0.00160591
0.00184918
0.00128817
0.000865184
2.17274e-05
7.89991e-05
2.85568e-05
6.45622e-05
0.000124983
0.000117798
0.000240634
0.000249275
0.000477374
0.00049002
0.000507149
0.000600602
0.00103284
0.00123669
0.00127607
0.0015862
0.0016672
0.0035468
0.00399521
0.00509562
0.00589841
0.00618438
0.00674766
0.00674175
0.00933612
0.00972321
0.0109909
0.0109814
0.0132862
0.0153493
0.0112999
0.0147425
0.0175167
0.0153104
0.0213033
0.0178709
0.0147303
0.0171341
0.00715513
0.00327827
0.00306905
0.00319041
0.0028209
0.00287961
0.00286174
0.00338355
0.00317715
0.00302349
0.00390298
0.00401526
0.0034285
0.0031072
0.00313581
0.00297884
0.00273937
0.00291002
0.00273255
0.00261818
0.00263394
0.00114673
0.000263182
0.000135465
0.000112344
5.4047e-05
8.03116e-05
0.000159542
0.000143138
7.51929e-05
7.68907e-05
0.000437959
0.000412967
0.00069249
0.000376994
0.00122535
0.0014907
0.000793908
0.00252093
0.00147812
0.00169448
0.00155663
0.00349454
0.00269466
0.00507532
0.00483088
0.00336434
0.00490676
0.00427473
0.00451967
0.00421901
0.00391283
0.00303923
0.00369375
0.00320164
0.00334749
0.00309595
0.00219777
0.00269508
0.00318666
0.0039149
0.00318479
0.00297693
0.0021568
0.00195185
0.00103257
0.00158882
0.000449322
0.000746485
0.000639024
2.06367e-05
0.000137335
0.000116032
0.000115118
7.61851e-05
0.000649119
0.00142391
4.64562e-05
4.79895e-05
4.89903e-05
5.05904e-05
5.18069e-05
4.9551e-05
3.76943e-05
3.77511e-05
0.000936745
4.63212e-05
0.00142922
0.00416262
0.00364296
0.00357523
0.00314218
0.00236485
0.00165302
0.00145769
0.00084221
0.000524355
0.000413307
0.000192536
0.000145978
6.45996e-05
7.46517e-05
5.27784e-05
6.87589e-06
4.23392e-06
4.75443e-06
5.00461e-06
1.21212e-05
1.42019e-05
1.65318e-05
6.5935e-05
8.72546e-06
1.32726e-05
7.25448e-06
1.46644e-05
1.59964e-05
5.96253e-05
3.77842e-05
4.33847e-05
0.00208779
0.00129542
0.000966105
0.000531872
0.0018771
0.00130131
0.000685351
0.000775171
0.000762148
0.000770384
0.00254234
0.00216862
0.00220862
0.00141035
0.000568335
0.00029098
0.000406204
0.000283318
6.73336e-05
7.40534e-05
8.38889e-06
4.59336e-06
0.000239089
0.000323765
0.00039482
0.000329032
0.000177517
0.000199204
0.000176337
8.37582e-05
9.56611e-05
0.000581176
0.0103992
0.00655566
0.00372639
0.00190436
0.000899146
0.00047348
0.000164788
9.14957e-05
4.36835e-05
0.00454945
0.00421894
0.00398906
0.00367706
0.00319955
0.00286817
0.00253191
0.00207154
0.00162795
0.00124989
0.00073681
0.000357965
0.000355658
0.000132433
5.48697e-05
0.000157799
0.000434432
0.000501514
0.00222946
0.00289677
0.00544863
0.00767637
0.00821486
0.006375
0.0046394
0.00380071
0.00225164
0.00186768
0.00115771
0.000576292
0.000334859
0.000184072
0.000159086
0.000119909
0.000121292
0.000117214
0.000121818
0.00019477
0.000183546
0.000226064
0.000165663
0.000445269
0.000513819
0.00067164
0.000968236
0.00100036
0.00094841
0.00143498
0.00182231
0.00198902
0.00204117
0.00268802
0.00245269
0.00345132
0.00507449
0.00545909
0.005131
0.0044154
0.0052811
0.00777734
0.00693513
0.00520225
0.00871913
0.00987196
0.00667202
0.00729742
0.00828993
0.00585062
0.00641072
0.0062802
0.00729897
0.00244063
0.00226585
0.00213994
0.00199909
0.00191601
0.0020673
0.0020275
0.00178161
0.00180474
0.00175469
0.00187512
0.00161182
0.00171897
0.00153235
0.00164963
0.00154641
0.00169161
0.00154562
0.00154321
0.0015317
0.00146339
0.00156238
0.00152055
0.00154098
0.00147749
0.00150374
0.00142125
0.0014334
0.00152194
0.00141289
0.00151338
0.00069318
0.000891148
0.000584441
0.000236969
0.000185246
0.00018216
0.000239983
0.000177803
0.00023079
0.000426619
0.000310926
0.00037043
0.000612774
0.000605711
0.000577013
0.00207472
0.00247219
0.00229339
0.00289342
0.00255604
0.00314834
0.00323839
0.00264027
0.00349441
0.0017162
0.00443239
0.00334172
0.00297719
0.00269127
0.00212785
0.00217178
0.00125658
0.00171281
0.00116037
0.00128334
0.000587853
0.000548098
0.000611547
0.000386102
0.000725177
0.000268069
0.000490971
6.39499e-05
0.000291171
0.000216311
0.000268041
0.000125296
0.000109343
0.00340541
0.000261076
0.000155457
3.62287e-05
3.63836e-05
3.63838e-05
3.62371e-05
3.62372e-05
3.62271e-05
5.14062e-05
0.00191621
0.00024856
0.000412609
0.00104301
0.00120416
0.00123574
0.0010012
0.000746381
0.000640028
0.000459181
0.000257728
0.000138538
4.7003e-05
3.07799e-05
4.42779e-06
2.63413e-05
0.000487199
0.000366982
7.06558e-05
0.000253662
0.000189478
0.000146223
5.85262e-05
1.11116e-05
1.01407e-05
4.5984e-06
3.55863e-06
1.63526e-05
1.62946e-05
2.09586e-05
6.85872e-05
2.08947e-05
2.6269e-05
7.39006e-05
4.56181e-05
5.46449e-05
0.000945816
0.000571958
0.000545968
0.00041054
0.000307817
0.000297354
0.000158469
0.00011518
9.42188e-05
4.43393e-05
0.001015
0.000637521
0.000458414
0.000373731
0.000180965
0.000112932
8.51109e-05
4.60914e-05
1.4544e-05
9.62616e-06
8.8013e-06
5.55413e-06
5.04093e-06
5.28305e-06
5.93704e-06
4.93969e-06
5.86077e-06
8.12942e-06
4.45617e-06
7.50646e-06
2.71436e-05
4.94105e-06
5.60634e-06
5.09142e-06
1.10307e-05
0.00153685
0.000906167
0.00045253
0.000398943
0.000485611
0.000265837
0.000145905
8.40586e-05
5.29071e-05
4.70331e-05
0.00413713
0.00368869
0.00338406
0.00291242
0.00230755
0.00186419
0.00130205
0.00084061
0.000648954
0.000681274
0.00027938
6.13112e-05
9.65691e-05
0.000237587
0.000402254
0.00338674
0.0057249
0.00904279
0.00869766
0.00968901
0.00885696
0.0084239
0.00648796
0.00596646
0.00520875
0.00326228
0.00104663
0.00135527
0.00140791
0.00110568
0.000765857
0.000468309
0.000192283
0.000173673
0.000154771
0.000141718
0.000123515
0.00013122
0.000189821
0.000110171
0.000317261
0.000432511
0.000367209
0.000652212
0.000850228
0.00134083
0.00155162
0.00150272
0.00197679
0.00230221
0.00232131
0.00298569
0.003262
0.00633239
0.00505922
0.00500287
0.00502941
0.00495302
0.00580104
0.00362848
0.00476789
0.00247636
0.00216408
0.00201619
0.00173686
0.00182679
0.00153623
0.00167133
0.00180537
0.00176338
0.00166213
0.00168607
0.00165593
0.00172867
0.00165613
0.00164046
0.0016293
0.00162207
0.00159845
0.00160234
0.0016022
0.00157354
0.00158469
0.00156979
0.00154049
0.00154675
0.0015896
0.00148468
0.00160829
0.00157384
0.00137579
0.000884643
0.000508001
0.000425753
0.000271959
0.000344303
0.000340317
0.000307284
0.000321459
0.00116447
0.000886198
0.00108666
0.00139285
0.00111457
0.00124222
0.00112399
0.00154657
0.00291022
0.001107
0.00168213
0.000590201
0.00113379
0.000661864
0.000563575
0.000380324
4.667e-05
0.000105434
0.000355287
8.42681e-05
0.00038761
0.000455188
0.000131201
0.000597022
0.000346739
0.00015633
0.000315625
0.000113485
8.18481e-05
0.000816297
0.00045529
0.000101059
0.000176783
0.00404327
0.00610126
0.00215741
0.00183291
0.00133862
0.00182702
0.0013412
3.51337e-05
3.51373e-05
3.51357e-05
3.50922e-05
3.50132e-05
3.5009e-05
3.50051e-05
0.000100287
0.000668695
0.0020565
0.00483522
0.00533279
0.00459352
0.00362743
0.00387153
0.00270313
0.00232741
0.00181062
0.00119141
0.00077818
0.000430322
0.000306581
0.000115858
0.000167284
0.00011342
1.24069e-05
5.87955e-06
1.29394e-05
3.9602e-05
3.55655e-05
2.84029e-05
7.9582e-05
6.97234e-05
2.27294e-05
3.1429e-05
1.53008e-05
1.8377e-05
2.60362e-05
1.69089e-05
3.13601e-05
3.23018e-05
3.17204e-05
4.12389e-05
1.67296e-05
5.27556e-05
1.04143e-05
0.000129773
0.000141937
9.08766e-05
7.9274e-05
3.45749e-05
9.49282e-06
6.28892e-06
5.4851e-06
5.98849e-06
6.29895e-06
6.27721e-06
4.98151e-06
4.70441e-06
0.00145826
0.000868025
0.000550585
0.000360435
0.000167481
0.000116867
5.8833e-05
2.62513e-05
4.5294e-05
2.13409e-05
3.31522e-05
1.79313e-05
5.73802e-06
5.42387e-06
5.70774e-06
7.89069e-06
6.93298e-06
5.84269e-06
6.92465e-06
6.08248e-06
8.08896e-06
6.36084e-06
6.27685e-06
6.625e-06
7.25364e-06
0.00318373
0.00301076
0.00285687
0.00247426
0.00204941
0.00147543
0.00122162
0.00069314
0.000369139
0.000173154
5.3211e-05
0.000162374
0.000260233
0.000899505
0.00343292
0.00461054
0.00671715
0.00940018
0.00913543
0.00878396
0.00774637
0.00757334
0.00681928
0.00539996
0.00476172
0.00185794
0.00196151
0.00129414
0.000732664
0.00103687
0.000392674
0.000429715
0.000633529
0.000180408
0.000465982
0.00024618
0.000165267
7.17635e-05
6.78442e-05
6.2017e-05
5.14264e-05
3.50631e-05
8.71223e-05
7.0259e-05
0.000425683
0.000582318
0.00131845
0.00173341
0.00187122
0.00208512
0.00276786
0.00306773
0.00283571
0.00418165
0.00440177
0.00435243
0.00457972
0.00609304
0.0024385
0.00223002
0.00289983
0.00227432
0.00237688
0.0021861
0.00227634
0.00277469
0.00272155
0.00251762
0.00227799
0.00232234
0.00234426
0.00242127
0.00240557
0.00243624
0.00250631
0.00236351
0.00253103
0.00245108
0.00260205
0.00234657
0.00248959
0.00243684
0.00219926
0.00240569
0.00229641
0.00240049
0.00243236
0.00121032
0.0023498
0.00109943
0.00041743
0.000160008
0.000228727
0.00015965
0.000217248
0.000325119
0.000384825
0.00107813
0.00110919
0.0016396
0.000998614
0.00141278
0.00290296
0.00296248
0.00323334
0.00344228
0.00490259
0.00417009
0.00421471
0.00426218
0.00543267
0.00516115
0.0032236
0.00473097
0.00398254
0.00275695
0.0036542
0.00302878
0.00157969
0.00332741
0.00205352
0.0018544
0.00206967
0.0019751
0.00137368
0.00182999
0.00233396
0.00215214
0.00293926
0.00240349
0.00718667
0.00378538
0.00411485
0.00352144
4.00642e-05
4.07297e-05
4.09376e-05
4.10906e-05
4.17532e-05
4.16558e-05
3.70076e-05
6.36156e-05
6.38452e-05
0.0013826
0.0011807
0.000761926
0.0110516
0.0131227
0.0112411
0.0097201
0.00849437
0.00753802
0.00630708
0.00489035
0.00349596
0.00275343
0.00156992
0.00110625
0.000712759
0.000483344
0.000228537
0.000161279
8.90401e-05
5.04771e-05
3.34552e-05
2.83047e-05
7.05777e-05
3.46597e-05
4.09203e-05
5.99452e-05
4.97402e-05
4.49898e-05
7.89837e-05
2.00419e-05
1.9827e-05
3.14522e-05
3.2311e-05
2.95626e-05
3.45959e-05
2.93368e-05
6.34972e-05
6.68798e-05
3.88669e-05
8.11642e-05
0.000620413
0.000858234
0.000732213
0.000690882
0.000563076
0.000491571
0.000297268
0.000269821
0.000374297
0.000281845
0.000277282
0.000303075
0.000286831
0.000221247
0.000268965
0.000259411
0.000216396
0.000237199
0.000220214
0.000198977
0.000173553
0.000224079
0.000186467
0.00016114
0.000158122
0.000140115
0.000189895
0.000146813
0.0001381
0.00013496
0.00016342
0.000140324
0.000136687
0.000102121
7.84732e-05
0.000150464
0.000219846
0.000210378
0.000173958
0.00011718
6.41427e-05
4.84057e-05
4.65681e-05
0.000150201
0.000853249
0.000622842
0.0016001
0.00367955
0.00415976
0.00496138
0.00481595
0.00367899
0.0022966
0.00137359
0.000447461
0.000663028
0.000345825
0.000126286
8.92195e-05
2.1069e-05
1.34559e-05
2.63874e-05
7.89358e-05
6.67085e-05
7.40974e-05
0.000205952
0.000200196
0.00035203
0.000484633
0.000739693
0.000891783
0.000937616
0.00112048
0.00284307
0.00386923
0.00398598
0.00547112
0.00559429
0.00664629
0.00585133
0.00609033
0.00801017
0.0105113
0.00894645
0.0137831
0.0141988
0.0110079
0.0136988
0.0145386
0.0164668
0.014802
0.0215203
0.022758
0.0118484
0.0113523
0.00446527
0.00421503
0.00504357
0.00499255
0.00428332
0.00352024
0.00324686
0.00346936
0.00298402
0.00284487
0.00289322
0.00270863
0.00235023
0.00252916
0.00239071
0.00255992
0.00242133
0.00241681
0.0023405
0.00225865
0.0020374
0.00210327
0.00125081
0.00200179
0.000819326
0.000619894
0.000263822
0.000254306
0.00024929
0.000460361
0.000104894
0.000700388
0.000131968
0.000627098
0.000957841
0.000500978
0.000514326
0.000825021
0.00145601
0.00200581
0.00221368
0.00210657
0.00194555
0.00261945
0.00255773
0.00383122
0.00322238
0.00435261
0.00318761
0.00286425
0.00318257
0.00309281
0.00504256
0.002743
0.00536882
0.00521622
0.00290905
0.00297971
0.0027065
0.00229904
0.00205766
0.00155875
0.00165428
0.000449084
0.00228368
0.000336888
0.00140755
0.000429542
0.000490825
0.00144823
0.0015509
0.000192463
0.000226636
0.00143142
9.71943e-05
0.000199412
0.00184343
0.000810273
2.08729e-05
3.82206e-05
3.93807e-05
3.95116e-05
3.79116e-05
3.95713e-05
3.81487e-05
4.01544e-05
4.05093e-05
4.3168e-05
0.00140652
0.00141662
0.00203186
6.09529e-06
0.00355853
0.00301436
0.00261414
0.0023548
0.00226106
0.0021243
0.00169405
0.00152967
0.00102338
0.000747469
0.00043785
0.000372705
0.000159603
8.73582e-05
6.24446e-05
9.67795e-05
3.51365e-05
3.86542e-05
6.76787e-06
6.76484e-06
3.39524e-05
5.20659e-05
1.35441e-05
3.00575e-05
0.000115745
6.56756e-05
7.20021e-05
2.07093e-05
7.73308e-05
8.09715e-05
0.000153948
0.000150733
0.000930447
0.00106725
0.00061799
0.00033649
0.00101066
0.000921224
0.000371413
0.000251118
0.000140312
0.00028554
0.000125406
8.49268e-05
0.000112155
3.55275e-05
2.32261e-05
2.30813e-05
1.59035e-05
7.1644e-06
1.03257e-05
6.74497e-06
8.07878e-06
1.3248e-05
1.01973e-05
3.28938e-05
1.87869e-05
0.00626669
0.00386422
0.000716747
0.00263866
0.00142329
0.000855781
0.000387545
0.000167912
5.41397e-05
2.76757e-05
3.4046e-05
1.1947e-05
9.21165e-06
1.495e-05
8.59116e-06
0.00453396
0.00424787
0.00402286
0.00358171
0.00312709
0.00274028
0.00241043
0.0019763
0.00131469
0.0010252
0.000682079
0.000632241
0.000353717
9.74692e-05
6.78594e-05
0.000231711
0.000398823
0.00116913
0.00325992
0.0044509
0.00626938
0.00769983
0.00802563
0.00687847
0.00521524
0.00458274
0.00268852
0.00122486
0.00132675
0.000631293
0.000461949
0.000240444
0.00018491
0.000121366
9.5887e-05
0.000101209
0.000121732
0.000206683
0.000152197
0.000300873
0.000540707
0.000556592
0.000791739
0.000944456
0.00104433
0.00153285
0.00192836
0.00183547
0.00248402
0.0029186
0.0033413
0.00394235
0.00464343
0.00512872
0.00773765
0.00679858
0.00711728
0.00907031
0.00587194
0.00822877
0.00537749
0.00595855
0.00485188
0.00434222
0.00736641
0.00794643
0.00591696
0.0051186
0.00926851
0.00838488
0.00204207
0.00194066
0.00194446
0.00184587
0.00188523
0.00183933
0.00176629
0.00177882
0.00168615
0.001624
0.00165938
0.00167273
0.00156131
0.00176528
0.00154545
0.00153238
0.0015419
0.00147863
0.00151922
0.00143083
0.00148035
0.00163837
0.00145014
0.00140637
0.00140096
0.00149387
0.00146798
0.00151473
0.00136461
0.00143033
0.00125272
0.000597966
0.000440709
0.000648923
0.000431135
0.000521136
0.000266728
0.000207537
0.000546346
0.000336851
0.000521007
0.00147458
0.000433277
0.00126615
0.0017735
0.00186781
0.00139566
0.00152643
0.00150896
0.00238157
0.00285509
0.00144733
0.00365983
0.00291964
0.00372916
0.00344583
0.00290979
0.00287733
0.00230229
0.00168206
0.00178103
0.00313338
0.002106
0.00143148
0.00110735
0.000967642
0.0008883
0.00201151
0.000645223
0.000537536
0.000566031
0.000262979
0.000244287
0.000232157
0.000235824
0.00047613
0.000275252
0.000183618
0.000232501
0.000150929
0.000147738
0.00394123
3.97308e-05
3.92853e-05
3.9271e-05
3.97987e-05
3.93509e-05
3.93226e-05
3.81444e-05
4.58863e-05
0.00158242
0.000150248
3.60934e-05
0.000893196
0.0013897
0.0014443
0.00126155
0.000849368
0.00070914
0.00045599
0.000262194
0.000109542
7.14729e-05
1.91935e-05
7.05803e-06
0.000914553
0.000536096
0.000318661
0.000296504
0.000213075
0.000158001
0.000114808
4.88744e-05
1.66304e-05
1.13765e-05
4.65599e-06
6.01603e-06
7.36399e-06
3.34627e-06
3.98606e-06
1.66183e-05
6.20917e-06
5.36019e-06
3.48328e-05
3.40453e-06
0.00115554
0.000710002
0.000505338
0.000482001
0.00035416
0.000257926
9.52983e-05
0.000115534
2.47746e-05
1.09725e-05
7.78877e-05
0.000100324
4.12801e-05
8.29695e-05
7.97318e-05
0.000208145
8.97701e-05
0.000132872
2.6904e-05
0.000122044
9.79636e-05
0.000149966
0.000141449
0.000106039
0.000150406
9.74601e-05
0.000122762
0.000115465
0.000104654
3.01499e-05
3.40644e-05
7.72794e-05
0.000108508
9.94074e-05
0.000105299
2.63645e-05
0.000115181
0.000109085
0.000108321
4.18773e-06
5.00564e-06
4.75954e-06
0.010287
0.000671619
0.000725499
0.000778866
0.000726915
0.000573878
0.000475539
0.000422069
0.000340204
0.00011991
8.83959e-05
2.62783e-05
8.91395e-05
0.000317196
0.000717112
0.000907143
0.0028874
0.00570005
0.00628725
0.00903393
0.008889
0.00824869
0.00698105
0.00506079
0.00314814
0.0018562
0.00169449
0.0014564
0.00142802
0.000678025
0.000634597
0.000278395
0.000253951
0.000194417
0.000134527
0.00012745
8.68267e-05
0.00014312
9.16819e-05
0.00014253
0.00017502
0.00030331
0.000511804
0.000604182
0.000785639
0.00120118
0.00133673
0.00192975
0.00237255
0.00280641
0.00362376
0.0036621
0.00400375
0.00409252
0.00552125
0.00565857
0.00795927
0.00677237
0.0198412
0.00410901
0.00363225
0.00430325
0.00713311
0.00471677
0.00440327
0.00269563
0.00255445
0.00228034
0.00211438
0.00187223
0.00191123
0.0019068
0.00175062
0.00162153
0.0015791
0.00168087
0.00160615
0.00155457
0.00151578
0.00142907
0.00154353
0.00166331
0.00142914
0.00140364
0.00147502
0.00146313
0.00141435
0.00130103
0.00144404
0.00144427
0.00140254
0.00097189
0.000769425
0.000245478
0.000385342
0.000225754
0.000537013
0.000228091
0.000187681
0.00062658
0.00104419
0.000603368
0.00203977
0.0017115
0.00125894
0.00277105
0.00201427
0.0019774
0.000925007
0.000822356
0.00172956
0.000709087
0.000496987
0.000441947
0.000386471
0.000280906
4.03926e-05
0.000805514
0.000131472
0.000103953
0.00100781
0.000104102
0.000491294
0.000256457
0.000174344
7.00468e-05
0.00067103
8.74977e-05
0.000282199
0.0030254
0.00422508
0.00263918
0.00269038
0.00150088
0.0013118
0.00152897
0.000851332
0.00284945
3.87741e-05
3.87773e-05
3.87802e-05
3.87704e-05
3.87328e-05
3.86752e-05
3.86418e-05
0.000118964
0.000806359
0.00104414
0.00581436
0.00410797
0.00354463
0.00441516
0.00282889
0.00274844
0.00197806
0.00151318
0.00106328
0.000757633
0.000557565
0.000205541
7.51977e-05
6.86817e-05
5.04559e-05
1.60422e-05
4.85606e-06
8.63027e-06
6.39276e-05
6.09865e-05
2.57599e-05
7.10828e-06
4.99206e-05
3.11467e-05
4.07989e-05
3.91598e-05
7.10768e-05
0.000132882
3.07489e-05
0.000122985
3.88515e-05
3.66393e-05
6.50058e-06
3.53618e-05
0.000164047
0.000122173
0.000107121
4.65318e-05
3.27195e-05
6.88744e-06
1.90986e-05
8.63129e-06
9.75651e-06
3.75321e-06
6.62299e-06
0.000623832
0.000367638
0.000238677
0.000178578
8.00716e-05
5.26888e-05
3.63934e-05
1.80226e-05
4.6631e-06
8.49607e-06
6.23269e-06
5.99258e-06
4.46524e-06
4.61773e-06
5.08746e-06
5.13407e-06
6.30816e-06
4.82035e-06
1.50765e-05
5.3231e-06
9.04046e-06
7.6647e-06
7.33527e-06
5.45848e-06
1.25579e-05
0.00212075
0.00207414
0.00205723
0.0018692
0.00150724
0.00133162
0.000882604
0.000558506
0.000376437
0.000103421
3.92564e-05
0.000112253
0.000390745
0.000381495
0.000941182
0.00326792
0.00642783
0.00990733
0.0108294
0.00883406
0.00685428
0.00733608
0.00407783
0.00279041
0.00176941
0.0013985
0.000934183
0.000512928
0.000408456
0.000406827
0.00033615
0.000443033
0.000454397
0.00019358
0.000164375
0.000148039
0.000122191
0.000113057
0.000123111
0.000109523
0.000370721
0.000325095
0.000516707
0.00107771
0.0014986
0.00169045
0.00192143
0.00189105
0.00304427
0.00335208
0.00488814
0.00505744
0.006501
0.00591966
0.00724917
0.00301498
0.00725365
0.00292613
0.00254074
0.00260416
0.00248012
0.00249292
0.00244098
0.00219189
0.00228809
0.00253348
0.00228165
0.00248134
0.00255427
0.00230765
0.00224455
0.00207899
0.00224316
0.00193176
0.00215532
0.00214258
0.0022066
0.00213083
0.00207984
0.00211732
0.00198432
0.00207721
0.00213394
0.00197468
0.00211628
0.000997788
0.000590565
0.000109352
0.000186032
0.000131674
0.000272116
0.000418538
0.000146042
0.000150142
0.00135641
0.000830258
0.00170049
0.001029
0.00199037
0.00346871
0.00231499
0.00694766
0.00402112
0.00488884
0.00470514
0.0032241
0.00522423
0.00515028
0.00387748
0.00529706
0.00521366
0.00291622
0.00606399
0.00413263
0.00431647
0.00431277
0.00285257
0.00396278
0.00225737
0.00157263
0.00144733
0.00131989
0.000831362
0.000750508
0.00237496
0.00136842
0.00147289
0.000846544
0.000829224
0.000506136
0.00017673
4.06697e-05
4.07067e-05
4.07703e-05
4.0803e-05
4.09397e-05
4.11303e-05
4.11103e-05
3.95634e-05
0.000636298
0.000630063
6.39617e-05
0.0152739
0.0115862
0.0101681
0.00894332
0.00826186
0.00789666
0.00715505
0.0064472
0.00528036
0.00420426
0.00300603
0.00221186
0.00133484
0.000922695
0.000453729
0.000259742
0.000125166
7.87223e-05
8.45703e-05
2.29619e-05
1.6709e-05
3.06781e-05
2.26787e-05
6.44791e-05
6.19164e-05
8.32963e-05
7.25178e-05
6.60655e-05
3.88084e-05
3.24883e-05
6.88416e-05
3.82978e-05
2.5074e-05
4.21765e-05
5.02355e-05
4.32906e-05
4.51679e-05
5.56502e-05
6.23554e-05
1.6527e-05
6.28785e-05
5.84085e-05
2.3927e-05
2.41315e-05
0.000780565
0.000713696
0.000612777
0.000641192
0.000633389
0.0005664
0.000588816
0.000511182
0.000501859
0.000464937
0.000404415
0.000388629
0.000344772
0.000340106
0.000263206
0.000277369
0.000335425
0.000277892
0.00024268
0.000230724
0.000214339
0.00017512
0.000203627
0.000200523
0.000143902
0.00013164
0.000122075
0.000140998
0.000230798
0.000113915
0.000113668
2.53717e-05
7.44201e-05
0.000247762
0.000542926
0.000764567
0.00065977
0.00288425
0.00303073
0.00616981
0.00716852
0.00670349
0.00570454
0.00399564
0.00314311
0.00157382
0.00102847
0.0011435
0.000489362
0.000193435
5.66144e-05
5.71047e-05
0.000157887
2.97097e-05
2.88477e-06
4.70825e-05
2.03638e-05
7.29372e-05
0.00033687
0.000391896
0.000586814
0.000869126
0.00249589
0.00273935
0.00302147
0.00348532
0.00428367
0.00527856
0.00567854
0.00778219
0.0077271
0.010567
0.00950794
0.0115038
0.0100697
0.013716
0.0186611
0.0138113
0.0129858
0.0138276
0.0120979
0.0102911
0.00186617
0.0019342
0.00198382
0.00214701
0.0019564
0.00214907
0.00197989
0.00202616
0.00215815
0.00210838
0.00221913
0.00244889
0.00226319
0.00230376
0.00232685
0.00239919
0.00239138
0.00233981
0.00282568
0.00239347
0.00275915
0.00250121
0.00249186
0.00249467
0.00213026
0.00218065
0.000476331
0.000954638
0.000983867
0.000388154
0.000359373
0.000668457
0.000522847
4.95535e-05
8.99758e-05
8.18047e-05
5.54867e-05
0.000838
0.00109856
0.000368872
0.000949064
0.000766169
0.0012414
0.000653751
0.000840475
0.0035458
0.00278436
0.00283197
0.00411666
0.00673946
0.00382478
0.00481103
0.00448263
0.00298085
0.0043519
0.0034006
0.00370738
0.00364688
0.00332806
0.00325014
0.00238393
0.00164783
0.00137923
0.00101321
0.000496254
3.74122e-05
6.08348e-06
0.000419498
0.000622303
0.00197892
0.00373125
0.00750376
0.00986866
0.0137134
0.010822
0.00888657
0.00833437
0.00752049
0.00899096
0.0081663
0.00879574
0.00519511
0.00729898
0.00928593
0.00319483
0.00311472
0.00336967
0.00356319
0.0044628
6.64544e-05
7.08286e-05
7.43182e-05
7.75752e-05
0.000374006
0.00184006
0.00011922
0.00114789
0.000935877
0.000923895
0.000739727
0.000488994
0.000377584
0.000204113
4.54252e-05
1.45521e-05
9.79846e-06
2.90875e-06
1.41379e-05
1.15227e-05
1.13952e-05
1.52363e-05
3.94263e-05
4.91355e-05
6.49041e-05
0.000124791
0.000209613
7.78491e-05
0.000164146
0.000193799
0.000146019
0.000126523
0.000102701
0.000190461
0.000138762
0.000186444
0.000650325
0.000290581
0.000296394
0.000542367
0.000277282
0.000185288
0.000249045
8.92176e-05
0.000156372
7.27394e-05
2.76668e-05
1.88249e-05
6.69426e-06
6.69214e-06
2.90768e-06
2.07026e-05
8.60854e-06
2.07809e-06
2.94187e-06
3.10857e-06
5.24601e-06
7.22652e-06
3.34522e-05
3.89868e-06
6.35868e-06
6.30239e-06
1.47584e-06
1.67671e-05
1.3454e-05
5.68491e-06
4.36378e-06
5.16706e-06
0.00451044
0.002874
0.00178018
0.000805585
0.000320908
0.000156665
7.24411e-05
3.50106e-05
1.60023e-05
1.01629e-05
5.93082e-06
0.0029351
0.00287528
0.00262634
0.00233828
0.00204904
0.00176434
0.00150304
0.00111789
0.000823649
0.000253371
9.98151e-05
0.000116351
0.000144611
0.000499315
0.000750648
0.0028905
0.00640201
0.0091434
0.0103204
0.0132782
0.013935
0.0126999
0.00951079
0.00835976
0.00903436
0.00529392
0.00408427
0.00366677
0.00172476
0.00168071
0.00146136
0.00126148
0.00114147
0.000779593
0.000874515
0.000550302
0.000475354
0.00048824
0.000350195
0.000294881
0.000213289
0.000278514
0.000213644
0.000218988
0.000296945
0.00150716
0.00160742
0.00220594
0.00277972
0.00366407
0.00452344
0.00460828
0.00220598
0.00217665
0.00227205
0.00316793
0.00389449
0.00525259
0.00625992
0.00768403
0.00484045
0.00371542
0.00140855
0.00131589
0.00140912
0.00137708
0.00140428
0.00142197
0.00126833
0.00141673
0.00125161
0.0013726
0.00131938
0.00123808
0.00129261
0.00130038
0.00130318
0.00126544
0.00127529
0.00128628
0.00132755
0.00118189
0.00131368
0.00123094
0.00138036
0.00120461
0.00120509
0.00120828
0.00119693
0.000667651
0.000997549
0.000190201
0.000740246
0.000106589
0.000106282
0.000209271
0.000631275
0.00050094
0.00267873
0.00293107
0.00267147
0.00414552
0.00331932
0.0044858
0.00472968
0.0074237
0.00660883
0.00392269
0.00580255
0.00507491
0.00362167
0.005386
0.00433097
0.00176447
0.00130379
0.00256145
0.00189012
0.00133003
0.00130687
0.000725861
0.000787365
0.000313165
0.000556146
0.000618366
0.000498653
0.000165643
0.000241168
0.000406947
0.000147208
0.0002482
0.000308735
0.000295155
0.000562233
0.00098603
4.57376e-05
4.61621e-05
4.57732e-05
4.62655e-05
4.61249e-05
4.57337e-05
4.43468e-05
0.000503223
0.000671076
0.000493914
0.00257166
0.00248602
0.00229225
0.00206939
0.00155179
0.00121185
0.000733293
0.000549833
0.00201524
0.00161393
0.000941068
0.000738047
0.000679516
0.000433287
0.000421439
0.000308598
0.000187873
8.40719e-05
0.000106695
6.14616e-05
2.20428e-05
5.39376e-06
4.60384e-06
3.34266e-06
3.45701e-06
0.001002
0.000583313
0.00045195
0.000368287
0.00032732
1.53039e-05
4.79783e-06
6.27743e-06
3.32721e-06
5.32432e-06
7.23587e-06
2.02935e-05
1.23627e-05
3.9107e-05
5.22244e-05
0.000106677
0.000101317
5.31415e-05
0.000101957
0.000107372
0.000131331
0.000108714
0.000130723
3.76132e-05
6.24541e-05
0.000120904
0.000126906
0.000120902
4.02828e-05
7.15562e-05
0.000152565
1.72492e-05
1.34671e-05
0.000279136
0.00035517
0.000475854
0.000396529
0.00039924
0.000365475
0.000278168
0.00018853
0.000112631
3.87422e-05
3.43407e-05
0.000136581
0.000626135
0.000709489
0.00349187
0.00735748
0.00967767
0.0101328
0.00959676
0.00763277
0.00825122
0.00585737
0.00504707
0.00230476
0.00310102
0.00171611
0.000861234
0.000430436
0.000442857
0.000377899
0.000343516
0.000272967
0.000231618
0.000223629
0.000236421
0.000147038
0.000317102
0.00038417
0.000836145
0.000951733
0.00153686
0.00179807
0.00207253
0.00229988
0.00273986
0.00319625
0.00392141
0.00470712
0.00572445
0.00663555
0.00757939
0.0303505
0.00750844
0.00438675
0.0032918
0.00285462
0.00242029
0.00221632
0.0020318
0.00185202
0.00179808
0.00164238
0.00156451
0.00149869
0.00141915
0.00143297
0.00138368
0.0014132
0.00145203
0.00136385
0.0015427
0.00134244
0.00135569
0.00140026
0.0014024
0.00129369
0.00131982
0.00135361
0.0013322
0.00113241
0.00119372
0.000936287
0.000423167
0.000253328
0.000240609
0.000265473
0.000403948
0.00045353
0.00033939
0.00200459
0.00319599
0.00272295
0.00256767
0.00173428
0.00145578
0.00370661
0.00101576
0.00147026
0.0013162
0.000967024
0.00104259
0.000855492
0.000140276
0.000604484
9.64037e-05
0.000178276
0.000768476
7.44516e-05
0.000634793
0.000317005
0.000145737
0.000191843
0.000562578
9.02427e-05
0.000327688
0.00011263
0.000766026
0.000436126
0.00102219
9.92455e-05
0.00703168
0.00441384
0.00283542
0.00831028
0.00398191
0.00321941
0.00416153
4.00627e-05
4.00856e-05
4.00802e-05
4.0075e-05
4.00616e-05
3.99619e-05
0.000340628
0.00296409
0.00941799
0.00720271
0.0051257
0.00448088
0.00421426
0.00319485
0.00269786
0.00179785
0.00133656
0.000909695
0.000546498
0.000256229
0.000108749
0.000157841
0.000112446
8.88579e-05
4.0414e-06
7.02529e-06
7.74879e-06
1.04659e-05
1.64974e-05
1.25014e-05
5.18869e-06
1.00606e-05
6.02248e-06
1.70575e-05
3.30884e-05
2.87164e-05
1.09061e-05
7.62964e-06
4.01336e-05
0.000250737
0.000174633
6.68695e-05
4.08249e-05
1.69706e-05
4.59374e-06
1.15506e-05
3.62229e-06
1.12725e-05
0.000737283
0.000426276
0.000307771
0.000139927
9.14282e-05
6.28092e-05
1.81942e-05
2.15332e-05
1.22102e-05
6.41272e-06
4.61646e-06
6.82925e-06
5.40142e-06
5.80583e-06
7.07586e-06
8.65198e-06
5.67144e-06
5.63119e-06
7.04722e-06
9.28172e-06
1.70228e-05
1.67195e-05
0.00231071
0.00230108
0.00220277
0.00196455
0.00179211
0.00150133
0.00112164
0.000817519
0.000579153
0.000289555
7.01702e-05
4.24881e-05
5.19333e-05
0.000229713
0.00033217
0.00161059
0.00432626
0.0101082
0.00990851
0.00799695
0.00613067
0.0043252
0.00321126
0.00322348
0.0019806
0.00142648
0.00118321
0.000907084
0.000657585
0.000474443
0.000505266
0.000320358
0.000556447
0.000309975
0.000179626
0.000164853
0.000146273
0.000122406
0.000112296
0.000103832
6.15485e-05
8.94788e-05
4.4226e-05
0.000358721
0.00104234
0.00154596
0.00154084
0.00169244
0.0023762
0.00262354
0.0033471
0.0045242
0.00437193
0.00457197
0.00515498
0.00586617
0.00709096
0.00705264
0.00523028
0.00340763
0.0032026
0.00289733
0.00316435
0.00270108
0.00281363
0.00272838
0.00298199
0.00230237
0.00257736
0.00241548
0.00246409
0.00235601
0.00229752
0.00213328
0.00224317
0.00225574
0.00217573
0.0020816
0.00224004
0.00216734
0.00209919
0.00208641
0.0022587
0.00224456
0.00209254
0.00192538
0.00206951
0.00192912
0.00187971
0.001952
0.000941179
0.000831095
0.000141059
0.000417313
0.000480672
0.000187724
0.000162422
0.000243778
0.000149236
0.00105176
0.000384644
0.000796579
0.002245
0.00249557
0.00320254
0.0028972
0.00411186
0.00487717
0.0045768
0.00435265
0.00406451
0.00447727
0.00626605
0.0050624
0.00560757
0.00613244
0.0050391
0.00417995
0.00400373
0.0065535
0.00477462
0.0033803
0.00234305
0.00351627
0.00284062
0.00265818
0.00278892
0.0046434
0.000867221
0.00170293
0.000722668
4.64673e-05
3.82393e-05
3.82922e-05
3.83953e-05
3.82797e-05
3.83616e-05
3.85007e-05
0.00112345
0.00159956
1.51716e-05
0.00804389
0.00820345
0.00722153
0.00637288
0.00624162
0.00552608
0.00535515
0.00453528
0.00372794
0.00267084
0.00197223
0.00109971
0.000710574
0.000276688
0.000223535
8.65051e-05
5.50527e-05
2.05954e-05
2.02216e-05
5.5789e-06
5.66393e-06
7.58344e-06
8.69239e-06
5.3831e-05
4.09978e-05
4.36158e-05
0.00011351
8.95754e-05
5.59929e-05
7.49462e-05
0.000212347
0.000168274
0.000173683
0.000147344
0.000159663
0.000136872
0.000110406
0.000114715
9.99913e-05
8.77112e-05
5.7772e-05
5.24334e-05
5.16236e-05
6.18379e-05
2.26075e-05
0.000115134
0.000115995
9.23571e-05
7.40153e-05
5.36529e-05
1.76897e-05
3.51844e-05
0.000100166
8.93198e-05
9.0016e-05
0.00010124
0.0003909
0.000257961
0.00019511
0.000155491
9.82827e-05
7.84334e-05
4.30769e-05
0.000392825
0.0003409
0.000230086
0.000168119
0.000114027
6.26327e-05
4.46516e-05
3.30653e-05
2.41726e-05
0.00142722
0.00143747
0.00143424
0.00125623
0.000947193
0.000630045
0.000362662
0.000323591
4.99193e-05
0.000158127
0.000410092
0.000510349
0.000721895
0.00302982
0.00547707
0.00779586
0.00734711
0.00645761
0.00447705
0.00374771
0.00217636
0.00132348
0.00159205
0.000535589
0.000476826
0.00044519
0.000471507
0.000519999
0.000360281
0.000196221
0.000182866
0.000150762
8.63987e-05
4.69919e-05
3.15051e-05
1.77082e-05
0.000139219
9.54307e-05
0.000166047
0.000208911
0.00047794
0.00143935
0.00401932
0.00257916
0.00297552
0.00305307
0.00566629
0.0055238
0.00604547
0.00957629
0.0111457
0.0115876
0.00970956
0.00880301
0.0126005
0.0147041
0.0231335
0.0155062
0.00207524
0.00220634
0.00220659
0.00224156
0.00231203
0.00230971
0.00227914
0.00253702
0.00234295
0.00249968
0.00258465
0.00234981
0.00235473
0.00235941
0.00226386
0.002404
0.0025059
0.00243837
0.00192673
0.000858055
0.00147147
0.000205541
0.000271549
0.000106718
0.000104147
9.67107e-05
0.000119449
0.000289994
0.000225549
0.000245354
0.00201324
0.00149341
0.00182438
0.00109281
0.00247819
0.00228439
0.00255124
0.00248744
0.00559987
0.00266193
0.00687698
0.00362055
0.0042632
0.0041863
0.00562178
0.00471064
0.00491538
0.00417248
0.00394908
0.00404497
0.00306202
0.00346687
0.00360058
0.00278832
0.00251577
0.00394445
0.00228539
0.00209454
0.00334249
0.00174486
0.00155525
0.00185774
0.000971615
0.000501709
0.000549712
0.000356737
0.000407313
0.000115815
3.5957e-05
3.62307e-06
3.85226e-07
0.000135136
0.000314516
0.000492253
0.00158685
0.00382958
5.4799e-05
5.6037e-05
5.78222e-05
5.97119e-05
6.22048e-05
6.53473e-05
6.8833e-05
7.13407e-05
0.00168744
0.00238232
7.65853e-06
0.000192029
0.0020103
0.00173164
0.00177385
0.00144344
0.00127429
0.00109922
0.000491365
0.000207107
9.33189e-05
2.95033e-05
2.0852e-05
7.23114e-06
7.10054e-06
5.39089e-06
8.51208e-06
2.82039e-05
3.79918e-05
5.60434e-05
5.64692e-05
5.68133e-05
7.92892e-05
0.000112426
0.000166036
7.39928e-05
0.000129171
9.95855e-05
7.3669e-05
3.11554e-05
2.38728e-05
8.92994e-05
0.00100511
0.0010658
0.000776121
0.000374347
0.00100762
0.000722948
0.000408154
0.0003193
0.000160542
5.33416e-05
3.97534e-05
1.97288e-05
5.28903e-06
4.67218e-06
4.31797e-06
7.82706e-06
1.20247e-05
7.45366e-06
5.36385e-06
1.50521e-05
6.25317e-06
1.49507e-05
1.12828e-05
1.3087e-05
1.87761e-05
9.83837e-06
5.31818e-06
8.06924e-06
1.55897e-05
5.7621e-06
0.00624063
0.00343528
0.00193883
0.0012786
0.000567684
0.000277794
0.000116854
5.35194e-05
3.72011e-05
2.25084e-05
1.78969e-05
7.91062e-06
0.00387846
0.00359071
0.00334867
0.00306788
0.00266875
0.00241
0.0020185
0.0015479
0.000954619
0.000635476
0.000246221
0.000148709
0.000234171
0.000419772
0.00225332
0.00455974
0.0070547
0.00756737
0.00772128
0.00610156
0.00534608
0.00268675
0.00184427
0.000843468
0.00061132
0.000440206
0.000294005
0.000236141
8.25554e-05
0.000110565
6.2489e-05
9.9792e-05
9.91807e-05
9.14053e-05
0.000118488
0.000362377
0.000189017
0.000582032
0.00056666
0.00109981
0.000810243
0.000948094
0.00124268
0.00130295
0.00203901
0.00231153
0.00200298
0.00151505
0.00172024
0.00134606
0.00217668
0.00177101
0.00130514
0.00138513
0.0011074
0.00107464
0.00144226
0.000971638
0.00121489
0.00130454
0.000955947
0.000843316
0.000885943
0.00070155
0.000867563
0.000560926
0.000671922
0.000831087
0.000979314
0.000593667
0.000723596
0.000671483
0.000523974
0.000632165
0.000842499
0.000490213
0.000584875
0.000548417
0.000592496
0.000358303
0.000419835
0.000576902
0.000557306
0.000304713
0.000469707
0.00063348
0.000584986
0.000367655
0.000327421
0.000445702
0.000259523
0.000312286
0.000367584
0.000241422
0.000224008
0.000166607
0.000432849
0.000334119
0.000235085
0.000273706
0.00018486
0.000216059
0.000263137
0.000181475
0.000363005
0.000160695
0.00025369
0.000249234
0.000389511
0.000257313
0.000263095
0.000248422
0.000223779
0.000132328
0.000219408
0.000203621
0.000184746
0.000170096
0.000162612
0.000149074
0.000147804
0.000135446
0.000128215
0.000119648
0.000110074
9.78969e-05
0.000239718
0.000157466
0.000141816
0.000180995
0.000161744
0.00015782
0.000139352
0.000125828
0.000117769
0.000104848
9.69142e-05
9.60434e-05
9.02697e-05
8.83621e-05
7.54567e-05
7.13184e-05
7.06348e-05
7.82603e-05
6.72948e-05
6.55135e-05
6.90393e-05
6.89657e-05
6.75503e-05
0.00030693
0.00029403
0.000282775
0.0002724
0.000263346
0.000255226
0.000244744
0.000234039
0.000223149
0.000213549
0.000213109
0.000208167
0.000196148
0.000193128
0.000196207
0.000199083
0.000191005
0.000178271
0.000187756
0.0001886
0.0002149
0.000208481
0.000298237
0.000321727
0.000329614
0.000361356
0.000414232
0.000463276
0.000501912
0.000577931
0.000836255
0.00118225
0.00137955
0.00161061
0.00197905
0.00221815
0.00259677
0.00385639
0.00455619
0.00403059
0.00432161
0.00290331
0.00102339
0.000569745
0.00101531
0.000580063
0.000234016
0.00132564
0.00201897
0.00137528
0.000659832
0.0013056
0.0014238
0.000335936
0.000229447
0.000522405
0.00105368
0.00058883
0.000617229
0.000415145
0.0012477
0.00148226
0.00109117
0.000561079
0.00123213
0.00110517
0.000890676
0.00084185
0.00228984
0.001737
0.00188785
0.0014979
0.00287809
0.00238191
0.00251032
0.00158191
0.00317791
0.00398689
0.0031669
0.00333759
0.00280238
0.00548874
0.00437414
0.00768913
0.00595068
0.00595977
0.00657574
0.00508161
0.00307714
0.000874173
0.000863591
0.00091206
0.00397191
0.00086179
0.000855202
0.000840734
0.000836694
0.00082901
0.000807834
0.000817779
0.000808498
0.000829316
0.00082521
0.000816974
0.000820992
0.000817012
0.000805032
0.000781914
0.00079227
0.000789273
0.000783199
0.000779157
0.000772628
0.000768343
0.000763368
0.000761885
0.000758935
0.000757691
0.000755118
0.000754003
0.000750941
0.00075948
0.000756148
0.00075751
0.000753066
0.000751862
0.000746926
0.000751537
0.000755908
0.000751991
0.000754026
0.000768785
0.000763813
0.000763959
0.000746833
0.000738939
0.000735342
0.000738133
0.000739639
0.000739435
0.000748184
0.000765782
0.000407626
0.00036519
0.000256565
0.000730465
0.000726561
0.000730945
0.000735327
0.000737488
0.000320885
0.000733177
0.000728353
0.000735757
0.000728102
0.000704055
0.000731843
0.000746127
0.000508594
0.000667756
0.000663397
0.000483189
0.000501184
0.000363452
0.000124194
0.000123343
0.000128767
0.000120668
0.000119755
0.000147273
0.000145212
0.000202402
0.000160461
0.000158128
0.000252063
0.000508174
0.000639021
0.000871431
0.00165111
0.00161315
0.00194557
0.00152193
0.00167666
0.00150143
0.00146437
0.00215418
0.00295073
0.00286268
0.00286816
0.00244757
0.00237203
0.00244644
0.00485661
0.00528495
0.00241342
0.0025316
0.00545601
0.0051841
0.00545861
0.00514851
0.00508508
0.0041358
0.0040691
0.00539415
0.0049711
0.00503617
0.00405185
0.0036902
0.00403359
0.00245163
0.00316297
0.00416576
0.00415808
0.00362344
0.00338421
0.00205256
0.00193289
0.00232236
0.0021582
0.00184278
0.00167079
0.00160659
0.00143039
0.00106414
0.00111466
0.00135611
0.00105016
0.000904708
0.000946036
0.000145639
0.000168098
0.000305725
0.000304568
0.000181523
9.3801e-05
0.000100978
0.000109425
0.000104315
9.06918e-05
0.000162881
0.000119167
9.68609e-05
0.000120877
0.000102169
0.000215514
0.000221906
0.000150071
0.000120137
0.000531685
0.000414952
0.000106235
0.000464367
0.000218212
0.000146762
0.000102165
0.000115189
0.000101995
0.000123066
0.000447176
0.00024499
0.000256408
0.000324533
0.00011982
0.0021662
4.86614e-05
4.86536e-05
4.86426e-05
4.86368e-05
4.86277e-05
4.86222e-05
4.86255e-05
4.86116e-05
4.8717e-05
4.86937e-05
4.91394e-05
8.69618e-05
8.664e-05
8.68213e-05
0.000487111
4.65395e-05
5.4622e-05
6.41296e-05
5.37693e-05
0.000747879
0.000650275
0.000785073
0.000696756
0.00075734
0.000674772
0.000491727
0.000426319
0.000212436
0.000174733
0.000162372
6.48417e-05
5.04411e-05
3.54569e-06
2.35428e-06
2.19711e-05
2.67365e-05
2.41411e-05
4.02538e-05
4.26164e-05
3.96611e-05
1.42216e-05
6.67266e-05
7.03199e-05
0.000113559
0.000115665
0.000147293
0.000148478
9.25646e-05
9.11523e-05
6.46102e-05
4.56603e-05
4.71389e-05
4.25304e-05
2.60565e-05
2.61469e-05
3.29121e-05
3.23183e-05
2.86373e-05
5.31685e-05
5.45268e-05
5.24126e-05
4.62358e-05
8.1675e-05
6.04355e-05
5.41155e-05
3.07005e-05
2.01745e-05
2.16109e-05
1.44739e-05
2.00683e-06
1.90289e-06
3.47927e-06
2.97046e-06
1.30133e-05
7.12912e-06
2.88774e-06
1.49473e-06
1.50961e-05
1.72797e-05
3.63488e-05
3.32996e-05
1.03813e-05
1.14969e-05
1.12605e-05
6.56829e-06
5.91694e-06
1.18193e-05
1.25717e-05
1.3698e-05
1.35651e-05
1.25463e-05
1.87823e-06
4.2244e-06
4.29007e-05
4.29325e-05
2.19467e-05
3.41029e-05
8.30372e-05
0.000102148
0.000118976
0.00015236
0.000124205
0.000153205
0.000208535
0.00028825
0.000172053
0.000163772
0.000208197
0.000200444
0.000232996
0.000205473
0.000255488
0.000414881
0.000358966
0.000198667
0.000397298
0.00025352
0.000475851
0.000252292
0.00047476
0.000400223
0.000336781
0.00059125
0.000500666
0.000359434
0.000404175
0.000339151
0.00043567
0.00048065
0.0113404
0.00750119
0.00443716
0.00237286
0.00123314
0.000656399
0.000300014
0.000146211
5.39106e-05
2.70317e-05
1.60191e-05
6.50627e-06
4.9751e-06
3.27773e-06
2.63578e-06
2.64003e-06
2.77059e-06
2.57502e-06
2.63003e-06
3.27025e-06
2.83397e-06
3.05154e-06
3.40111e-06
2.9883e-06
5.07282e-06
5.75452e-05
4.36439e-05
1.64838e-05
1.1824e-05
9.40361e-06
6.97536e-06
3.66024e-06
4.10275e-06
5.59469e-06
0.00304864
0.00286449
0.00269981
0.00253637
0.00197613
0.00178296
0.0015684
0.00145981
0.00137883
0.0013316
0.00119668
0.0010874
0.000912533
0.000855817
0.000699178
0.000565576
0.000483213
0.000462009
0.00032571
0.000282272
0.000136908
0.000143839
5.18631e-05
3.94906e-05
1.1772e-05
1.57603e-05
1.20755e-05
5.69818e-05
6.44212e-05
0.000219348
0.000242443
0.000266735
0.000623016
0.000649005
0.000443695
0.000680526
0.000615823
0.000868988
0.000871595
0.00070885
0.00273745
0.00249014
0.00521053
0.00536556
0.00856306
0.00855674
0.00788036
0.0094912
0.00941488
0.0106395
0.0117467
0.0107863
0.0119249
0.0112814
0.0108197
0.0103244
0.00938929
0.00946047
0.00786606
0.00725671
0.00643887
0.00289472
0.00311986
0.00244767
0.00339858
0.0027649
0.00198832
0.0023462
0.00169453
0.0011165
0.00133715
0.000825685
0.00076427
0.000837842
0.000640843
0.000783455
0.000778049
0.000368314
0.000396376
0.000230119
0.000481685
0.000343893
0.000223702
0.000220296
0.000217456
0.000244421
0.000302869
9.30529e-05
9.65783e-05
8.82781e-05
8.75193e-05
7.30819e-05
8.40019e-05
8.72353e-05
7.06101e-05
0.000248095
0.000134765
0.000214291
0.000212059
0.000246346
0.000221729
0.000266456
0.00058327
0.000812357
0.000594077
0.000589833
0.000616062
0.000832243
0.00113576
0.00127181
0.00105095
0.0012545
0.00137118
0.00127894
0.00143311
0.00155016
0.00185771
0.00180731
0.00174712
0.00157338
0.00164524
0.00193449
0.00230024
0.00170767
0.00120249
0.0008839
0.00195277
0.00115007
0.00163016
0.00133921
0.00165561
0.00158979
0.00131669
0.00282967
0.0021611
0.00336304
0.0026144
0.00264076
0.00141311
0.0035463
0.00270516
0.00398488
0.00326907
0.00211987
0.00121514
0.00260212
0.00129763
0.00128329
0.00140273
0.00135478
0.00136889
0.00119112
0.00120894
0.00142458
0.0014084
0.00136773
0.00133954
0.00134656
0.00133975
0.00148329
0.00145903
0.00137691
0.00137495
0.00134372
0.0013304
0.00131589
0.00131537
0.00137501
0.00133808
0.00125655
0.00129027
0.00119201
0.0011862
0.00128475
0.00128627
0.00130008
0.00127121
0.00131687
0.00125023
0.0012249
0.001239
0.00121102
0.00121185
0.00123925
0.00124976
0.00122446
0.00123587
0.00131649
0.00133853
0.00121945
0.00119625
0.00121426
0.00118217
0.00116145
0.00116063
0.00130286
0.00128709
0.00110386
0.00108824
0.00109515
0.00119478
0.00117307
0.00117344
0.00112055
0.00112378
0.00112159
0.00110459
0.000983455
0.000235765
0.000161201
0.000337846
0.000334783
0.000284961
0.000182476
0.000181691
0.00012282
0.000120392
0.000481431
0.000644477
0.000771129
0.000194804
0.000190406
0.000217009
0.000833714
0.00080724
0.000966818
0.00107304
0.00147645
0.000353205
0.000343206
0.000446839
0.00109875
0.00105904
0.00127097
0.000657581
0.00063509
0.000956255
0.00281535
0.00294246
0.00245716
0.00233443
0.00311684
0.00283321
0.00276871
0.00277573
0.00239639
0.00416742
0.00436283
0.00430271
0.00392959
0.00376424
0.00322379
0.00290933
0.00198338
0.0035368
0.00309718
0.00271816
0.00168657
0.00189363
0.00166066
0.00152412
0.00143981
0.00219801
0.00186894
0.00178798
0.00102001
0.000881781
0.00065192
0.0007567
0.000598832
0.000532708
0.000605159
0.000732428
0.00113817
0.00101792
0.000413656
0.000435753
0.000120736
0.000126137
0.000131752
0.000260875
0.000269841
0.000566265
0.00058371
0.000330155
0.000308724
0.000353569
0.00261045
0.00153965
0.000824707
0.000485608
0.000260715
0.000163705
0.000127059
0.000104807
7.8462e-05
8.05296e-05
7.65524e-05
7.69183e-05
0.000180545
0.000214652
0.000175344
0.000102841
8.08247e-05
7.95392e-05
8.47488e-05
7.22437e-05
0.000139924
0.000139869
0.000143047
0.000538789
0.000642793
9.70312e-05
8.00502e-05
7.53282e-05
0.000155407
0.00259055
0.00199212
4.73916e-05
4.73997e-05
4.74001e-05
4.73928e-05
4.74024e-05
4.73821e-05
4.73348e-05
4.73385e-05
4.7344e-05
4.73827e-05
4.8572e-05
4.85835e-05
4.87937e-05
0.00196006
0.00183299
0.000310613
0.000309591
0.000367422
0.000303312
0.000925621
0.000833996
0.000899702
0.000827527
0.000750945
0.00067919
0.000454937
0.000423023
0.000374326
0.00015673
0.000127516
6.12782e-05
4.745e-05
1.35889e-05
1.02911e-05
1.28875e-05
9.23422e-06
5.07725e-06
5.69945e-06
9.82748e-06
1.21865e-05
1.11432e-05
1.35101e-05
2.42748e-05
2.5399e-05
5.13417e-05
5.30803e-05
9.18764e-05
9.13446e-05
8.41592e-05
8.28254e-05
8.61761e-05
8.6139e-05
8.08788e-05
6.64098e-05
6.49103e-05
0.000115237
0.000102675
5.90917e-05
4.76855e-05
2.44183e-06
0.000846487
0.000677227
0.000476258
0.000369649
0.000291221
0.000224775
0.000334437
0.000256546
0.000227853
0.000170394
0.000149606
0.0001167
8.435e-05
5.00562e-05
3.50648e-05
5.42008e-05
1.60278e-05
9.09129e-06
2.91228e-05
1.8722e-05
8.89258e-06
5.1994e-06
1.69559e-05
1.00397e-05
5.53651e-06
3.27388e-06
3.13232e-06
2.78256e-06
1.00328e-05
1.13919e-05
3.43537e-06
3.00671e-06
3.04185e-06
1.20769e-05
0.00197445
0.00163263
0.000930775
0.000714997
0.000597668
0.000436467
0.00033821
0.000494951
0.000369097
0.000308244
0.000316502
0.000229598
0.000193502
0.00013523
0.000116661
1.47583e-05
8.10606e-06
4.37798e-06
4.74212e-06
4.99797e-06
7.77828e-06
4.74448e-05
3.03861e-05
2.85878e-05
4.0372e-06
5.32067e-06
5.0238e-06
1.68539e-05
2.18295e-05
1.78864e-05
1.41864e-05
1.7165e-05
3.44e-06
4.52447e-06
3.20906e-05
2.03319e-05
5.27816e-06
3.60527e-06
3.89657e-06
1.51942e-05
1.91998e-05
1.46202e-05
3.55669e-05
2.28957e-05
6.67197e-06
9.27157e-06
5.72402e-06
3.79687e-06
4.03095e-06
3.59041e-06
4.392e-06
6.9256e-06
4.14709e-06
4.03042e-06
3.68699e-06
0.000180505
0.000515776
0.000376034
0.000301082
1.111e-05
0.000140564
0.00103469
0.000742707
0.000576626
0.000372115
0.000255299
0.000210808
0.000145186
8.23176e-05
5.96449e-05
7.90507e-05
5.04997e-05
4.1358e-05
4.43923e-05
2.99541e-05
1.12584e-05
8.30333e-06
6.99447e-06
5.43303e-06
5.90594e-06
7.23364e-06
5.69657e-06
6.34057e-06
1.17885e-05
8.13689e-06
9.51668e-06
8.15538e-06
6.42688e-06
7.67063e-06
7.54687e-06
6.63962e-06
7.81507e-06
6.67434e-06
7.44869e-06
7.87177e-06
9.17208e-06
1.38185e-05
9.63349e-06
1.3236e-05
1.87145e-05
1.54831e-05
0.000799693
0.000614053
0.00041744
0.00144233
0.00128643
0.000655872
0.000816123
0.000374016
0.000350678
0.000223338
8.50911e-05
8.01851e-05
8.36334e-05
0.000129321
9.22265e-05
0.00165219
0.00163748
0.00126536
0.00219971
0.00217982
0.00501803
0.00625398
0.00616168
0.00687854
0.00809966
0.00782865
0.00691514
0.00793983
0.00753094
0.00837643
0.00880634
0.00840712
0.00771191
0.00709994
0.00705343
0.00623881
0.00375912
0.00355162
0.00441905
0.00297468
0.00294172
0.00187165
0.00220331
0.00151547
0.00158172
0.0010897
0.000810732
0.000532155
0.000693636
0.000501751
0.000263856
0.000257796
0.00018535
0.00031375
0.000180957
8.60779e-05
0.000122234
8.55544e-05
0.000133409
0.000165975
0.000160554
0.000287251
0.000198474
0.000412653
0.00147787
0.00145319
0.0013878
0.00136512
0.00124733
0.00115455
0.00116159
0.00115876
0.00108113
0.00110182
0.00111052
0.0010492
0.00108732
0.00107424
0.00102395
0.0010488
0.000955202
0.00113729
0.00116489
0.0011171
0.00108417
0.00115971
0.00121982
0.00127526
0.00132992
0.00124741
0.00149603
0.001459
0.00152575
0.00147559
0.00144433
0.00157707
0.00174572
0.00170971
0.00182626
0.00163674
0.00161027
0.0016748
0.00155337
0.00162837
0.0018335
0.00195431
0.00206508
0.00199263
0.00196471
0.00203641
0.00210547
0.0021181
0.00220572
0.00220503
0.00229305
0.002275
0.00221154
0.00221217
0.0020822
0.00207155
0.00209443
0.00207561
0.00205413
0.00198456
0.00198759
0.00200141
0.00198172
0.00199562
0.00194343
0.00196713
0.00209023
0.00205751
0.00208577
0.00197965
0.00202003
0.00209347
0.00211337
0.00198852
0.00202051
0.00212563
0.0021761
0.00222442
0.0020915
0.00218118
0.00223277
0.00217708
0.0022453
0.00208066
0.00216727
0.00125632
0.00123023
0.000740498
0.000254281
0.000252771
0.000239601
0.00051989
0.000282635
0.000221023
0.000811578
0.000763413
0.00107614
0.000418803
0.000957626
0.00150641
0.00183634
0.00160044
0.00155123
0.0024444
0.00251163
0.0022761
0.00294068
0.00404174
0.00411905
0.00275061
0.00238504
0.00357422
0.00302109
0.00423667
0.00449555
0.00291422
0.00289347
0.0033634
0.00289804
0.00347232
0.00263227
0.00243345
0.00253045
0.00221595
0.00168557
0.00145962
0.00115115
0.00147801
0.00123566
0.00139846
0.00128488
0.001265
0.000956828
0.00297991
0.00247387
0.000814644
0.000728619
0.00142748
0.00125014
0.0025059
0.00272577
0.00350414
0.00543803
0.00530328
0.00553383
0.00249197
0.00231203
0.00214718
0.000147956
0.0197652
0.016868
0.00443609
0.00412672
0.000903147
0.000212958
0.000158075
0.000148449
0.000331607
0.000116011
7.10618e-05
0.000159778
0.00026463
0.000274016
1.66721e-05
2.30332e-05
0.000259877
0.000192808
0.00017076
0.000138468
0.000100272
0.000267532
0.000211988
0.000252513
0.000201959
8.83735e-05
7.2728e-05
0.000118831
0.000115457
0.00010687
4.1423e-05
3.11364e-05
8.98177e-06
8.92477e-06
8.80472e-06
9.84304e-06
9.44492e-06
1.14286e-05
1.72838e-05
1.88879e-05
2.18974e-05
1.53127e-05
1.48423e-05
1.33036e-05
1.45103e-05
1.5558e-05
1.44176e-05
1.56711e-05
1.22126e-05
1.62956e-05
1.57104e-05
2.35549e-05
2.31524e-05
1.35602e-05
1.32658e-05
5.11018e-05
5.04219e-05
4.59049e-05
1.07894e-05
1.29878e-05
9.92509e-06
1.15131e-05
1.10718e-05
9.9185e-06
9.742e-06
9.78773e-06
1.02215e-05
9.16311e-06
4.66141e-05
2.84982e-05
5.17269e-05
3.14054e-05
1.07383e-05
1.23912e-05
1.06553e-05
8.10478e-06
8.50762e-06
8.37261e-06
1.64848e-05
1.20676e-05
1.41901e-05
1.43736e-05
5.06232e-05
4.54252e-05
4.30152e-05
7.71463e-05
5.98197e-05
4.70783e-05
4.40146e-05
3.95733e-05
2.64614e-05
2.16654e-05
1.50832e-05
1.3134e-05
9.80471e-06
1.14344e-05
1.50743e-05
1.53617e-05
2.098e-05
1.72159e-05
1.43403e-05
1.97602e-05
1.00535e-05
1.05707e-05
2.10639e-05
5.37544e-05
7.98907e-05
5.50445e-05
5.43393e-05
6.37576e-05
2.50064e-05
3.12407e-05
4.33087e-05
5.15928e-05
4.47782e-05
3.34382e-05
3.93729e-05
3.59727e-05
3.85021e-05
2.92049e-05
3.57598e-05
3.38396e-05
5.21177e-05
5.36301e-05
5.93154e-05
3.82258e-05
4.4573e-05
5.43596e-05
6.1382e-05
4.47143e-05
5.00697e-05
6.07031e-05
6.65979e-05
3.867e-05
4.29642e-05
6.11562e-05
6.0829e-05
6.62329e-05
6.90318e-05
5.53083e-05
5.79357e-05
5.29722e-05
5.50929e-05
3.75587e-05
3.94102e-05
3.53526e-05
4.51799e-05
4.60571e-05
3.71973e-05
3.26697e-05
3.19337e-05
3.11877e-05
3.31792e-05
3.24897e-05
2.46989e-05
2.4296e-05
2.27509e-05
2.0421e-05
2.02311e-05
1.95977e-05
1.89524e-05
1.85924e-05
1.75488e-05
1.76667e-05
1.69235e-05
1.727e-05
0.000151822
0.00868045
0.00769299
0.00694566
0.0059302
0.00472139
0.0061337
0.00339119
0.00400151
0.00330049
0.000149322
0.000185704
0.000313069
0.00048743
0.000393516
0.000309011
0.000381841
0.000332161
0.000386313
0.000384351
0.000385029
0.00033207
0.000293942
0.000333404
0.00028138
0.000235552
0.000204476
0.000142858
0.000114026
0.00012004
6.25791e-05
5.67004e-05
7.60774e-05
8.73963e-05
5.83786e-05
0.000204287
0.000209639
0.000592771
0.000630413
0.000411413
0.00061809
0.000659885
0.000775327
0.000587525
0.000666588
0.000970828
0.00198169
0.00180651
0.00341294
0.00372712
0.00327055
0.00354889
0.0039067
0.00347157
0.00308547
0.00252652
0.00246138
0.00187567
0.00083983
0.000765196
0.000645174
0.00053675
0.000116864
0.000125585
6.262e-05
3.80469e-05
6.75622e-07
4.55305e-05
1.75363e-06
1.05079e-05
0.000119817
0.000142094
0.000130338
6.34328e-05
0.000242418
0.000175524
0.000162556
0.000250106
0.000317378
0.0003201
0.00044142
0.000532432
0.000684724
0.00080828
0.000860061
0.000622772
0.000780787
0.0010737
0.00112743
0.00120315
0.00135197
0.00218732
0.00246662
0.00140749
0.00128958
0.00158655
0.00187525
0.00215839
0.00241198
0.00229084
0.00253576
0.00234379
0.00249394
0.00234644
0.00260767
0.00298314
0.00355632
0.00311655
0.00382891
0.00374155
0.00343106
0.00374417
0.00382226
0.00386357
0.00493776
0.00503289
0.00556234
0.00435451
0.00549904
0.00535941
0.00549349
0.00580489
0.00525115
0.00588164
0.00511852
0.00632582
0.00642282
0.00823606
0.00559721
0.00686716
0.00704206
0.00680865
0.00769247
0.00945212
0.0117562
0.0112662
0.0112775
0.00920842
0.00928655
0.00743947
0.00628886
0.0079327
0.0127968
0.013349
0.0112871
0.00605568
0.0106083
0.00691492
0.0132857
0.0131496
0.00609558
0.0014025
0.0014088
0.00139854
0.0013108
0.00130809
0.00137547
0.00134763
0.00134372
0.00141703
0.0018233
0.00130772
0.00166069
0.00164958
0.00178939
0.00174045
0.00121843
0.0015421
0.00124981
0.00155717
0.00123172
0.00122542
0.00125415
0.00124399
0.00132196
0.00166222
0.00119496
0.00142529
0.00141973
0.00119105
0.00140679
0.00124497
0.00124141
0.00130999
0.00142353
0.00127501
0.00128482
0.00134069
0.00132447
0.00136751
0.00134384
0.00136141
0.00158624
0.00155425
0.00130625
0.00128928
0.0013062
0.00131308
0.00128289
0.00128278
0.00121856
0.0012121
0.00120972
0.00120114
0.00118802
0.00121262
0.0011532
0.00113375
0.00115256
0.00120336
0.00122836
0.00117031
0.00102795
0.000197303
0.000154168
0.000445698
0.000301717
0.000642761
0.000636787
0.000408087
8.56403e-05
8.3834e-05
9.0268e-05
8.25334e-05
8.28591e-05
8.28552e-05
8.17145e-05
0.000185247
0.000280199
0.000541765
0.000530505
0.000616906
0.000768967
0.000691823
0.000769312
0.000845583
0.00160664
0.00197872
0.0018622
0.00178502
0.00202396
0.00239122
0.00227741
0.00236582
0.00337508
0.00339472
0.0024018
0.00237472
0.00270563
0.00251432
0.00259371
0.00230614
0.00264869
0.00229964
0.00218242
0.00242598
0.00404212
0.00406801
0.00298523
0.00349031
0.00337756
0.00311846
0.00305421
0.00280578
0.0026077
0.00284779
0.00269691
0.00458866
0.00407111
0.00355859
0.00132292
0.00120809
0.00112886
0.00174851
0.0015678
0.00102198
0.00118197
0.0010716
0.00104562
0.00117934
0.00106514
0.00104196
0.00163795
0.00144082
0.00138395
0.0011409
0.00115364
0.00212434
0.00193462
0.000457433
0.000439058
0.00037769
0.000584324
0.000675888
0.000505133
0.000536172
0.000549294
0.000524376
0.000484177
0.00246141
0.00218888
0.00195286
0.00157627
0.00159523
0.00152326
0.00125758
0.00110512
0.00107607
0.000857341
0.00082698
0.00100285
0.000820998
0.000664022
0.000567209
0.000565665
0.000153709
0.000125328
0.000132278
0.00020451
0.000163352
0.000215372
6.16581e-05
4.69946e-05
5.1129e-05
3.15878e-05
3.64224e-05
5.14514e-05
4.02898e-05
5.52085e-05
6.22782e-05
3.26769e-05
3.29024e-05
4.27071e-05
5.58291e-05
0.000221924
0.000193235
0.000486808
0.00055392
0.000400297
0.000522061
0.000433355
6.83062e-05
6.73376e-05
6.94275e-05
7.01657e-05
7.00626e-05
7.01277e-05
7.15373e-05
6.81697e-05
7.02504e-05
4.81022e-05
4.80147e-05
4.27619e-05
4.30162e-05
4.23887e-05
6.30867e-05
6.25767e-05
5.54452e-06
1.21318e-06
2.96208e-05
3.82953e-05
0.000843901
0.000737619
0.00121139
0.00110929
0.000883703
0.000818699
0.00137317
0.00123189
0.000344359
0.000300148
0.000197297
0.000169923
0.000163493
0.000141665
0.000135154
6.054e-05
5.29936e-05
7.55119e-05
5.49212e-05
1.32708e-05
1.52751e-05
1.44051e-05
1.65393e-05
1.80303e-05
1.62164e-05
5.68292e-05
5.52642e-05
3.04128e-05
3.02417e-05
8.1038e-06
7.23044e-06
7.27517e-06
5.45197e-05
5.10299e-05
4.44444e-05
3.88923e-05
6.92107e-06
9.17036e-06
1.78683e-05
2.44853e-05
2.42063e-05
7.27432e-06
1.56575e-05
8.45741e-06
1.22565e-05
4.81841e-05
4.99433e-05
8.62273e-05
9.09586e-05
9.61024e-05
5.38821e-06
4.32351e-06
4.312e-06
6.5543e-06
1.13834e-05
9.68432e-06
5.50303e-06
8.20487e-06
8.93007e-06
5.22596e-06
5.39219e-06
6.00691e-06
9.72703e-06
7.22864e-06
7.12419e-06
1.34982e-05
1.77715e-05
8.52619e-06
1.0211e-05
4.0407e-05
4.55106e-05
4.02838e-05
2.8652e-05
3.02245e-05
4.8773e-05
4.99241e-05
1.0354e-05
1.14797e-05
2.13073e-05
2.16961e-05
2.16852e-05
2.28414e-05
2.0843e-05
4.26817e-05
4.24851e-05
4.04955e-05
4.2062e-05
3.93972e-05
3.35747e-05
1.14999e-05
1.12385e-05
1.07612e-05
1.27292e-05
1.18729e-05
1.12994e-05
1.08449e-05
1.30085e-05
1.10354e-05
1.25419e-05
1.13445e-05
1.24665e-05
1.24891e-05
1.50658e-05
2.07129e-05
2.81791e-05
4.04983e-05
3.08996e-05
4.73841e-05
4.56211e-05
6.63675e-05
8.22106e-05
9.19638e-05
0.000127223
0.000125578
7.39379e-05
0.00010835
0.000109776
0.000156138
0.000171193
0.000237442
0.000236007
0.000204681
0.000186768
0.000899237
6.47938e-05
0.0008318
0.000629456
0.000494323
0.000452222
0.000568453
0.000443849
0.000400725
0.000256021
0.000189647
0.000168693
0.000162068
0.000110874
0.000104824
8.62116e-05
5.54154e-05
5.32263e-05
4.8116e-05
2.93375e-05
1.42528e-05
8.69345e-06
1.45329e-05
7.84663e-06
8.90534e-06
6.02386e-06
5.86176e-06
9.671e-06
6.68335e-06
6.80089e-06
6.53666e-06
8.18137e-06
7.4044e-06
6.92155e-06
1.66366e-05
2.26392e-05
3.17667e-05
2.50488e-05
9.38305e-06
1.37038e-05
1.21659e-05
1.86697e-05
2.6611e-05
1.99281e-05
2.20281e-05
2.61196e-05
3.35607e-05
3.6113e-05
1.66111e-05
2.30212e-05
1.98462e-05
1.34271e-05
1.33236e-05
1.11025e-05
0.0189957
0.0170692
0.0151453
0.0134037
0.0117021
0.00983644
0.00832838
0.00674957
0.00541593
0.00422874
0.00320311
0.00244346
0.00258071
0.00216137
0.00197747
0.00134422
0.00132202
0.000815999
0.000710347
0.000392649
0.000335186
0.000318873
0.000134478
0.000160574
4.00939e-05
4.86394e-05
0.000102407
0.000489573
0.00292872
0.00289389
0.00249117
0.00358102
0.00603586
0.00722971
0.00708864
0.00536631
0.00789251
0.00833577
0.00774721
0.00810276
0.00721566
0.0062001
0.00627395
0.00578496
0.00550884
0.00465197
0.00444779
0.00297683
0.00303061
0.00253226
0.00237319
0.0019053
0.00129261
0.000902726
0.000596713
0.00057241
0.000878462
0.000338979
0.000168025
0.000167755
0.000181137
0.000134359
0.000133393
0.000144699
0.000122401
0.000164468
0.000192003
0.000205156
0.000185287
0.000244757
0.000188551
0.000312623
0.000181508
0.000227163
0.000298019
0.000290601
0.000428837
0.000375253
0.000522003
0.00037585
0.00373347
0.00329865
0.00311215
0.00291239
0.00275173
0.0027186
0.00244704
0.00236689
0.00228451
0.00200442
0.00192736
0.00203901
0.0020329
0.00172861
0.0017204
0.00190557
0.00195755
0.00154551
0.00160849
0.00152483
0.00160034
0.00149244
0.0014282
0.00141661
0.00143186
0.00141417
0.00162311
0.00156571
0.00163029
0.00150775
0.00146452
0.0015736
0.00145434
0.00141944
0.00150023
0.00156633
0.00153115
0.00165423
0.00162258
0.00158954
0.00172808
0.00173716
0.00170482
0.00186045
0.00182923
0.00193006
0.00202145
0.00201884
0.00198551
0.00211886
0.00227646
0.00243398
0.00261839
0.00248739
0.00244515
0.00247881
0.00240597
0.00243813
0.00248093
0.00243256
0.0024954
0.00246268
0.00249042
0.00250021
0.00255118
0.00251876
0.00257343
0.00247021
0.00261639
0.00266794
0.00285432
0.00300304
0.00262043
0.00262634
0.00283989
0.00289782
0.00238516
0.00171963
0.000650663
0.00161092
0.0010762
0.00025623
0.000339298
0.000331408
0.000505866
0.00120821
0.00180664
0.00114081
0.00144143
0.00178139
0.00245383
0.00230079
0.00209155
0.00281001
0.00325123
0.00412032
0.00257919
0.00226886
0.00311412
0.00220526
0.00295444
0.00323897
0.00321969
0.00292165
0.00315653
0.00372398
0.00326216
0.00283854
0.00249669
0.00268237
0.00230845
0.00208891
0.00210808
0.00237641
0.0017339
0.00191789
0.00167554
0.00139533
0.00157739
0.00196404
0.00123535
0.00210591
0.00179812
0.00148812
0.00185103
0.00283438
0.00249247
0.00225129
0.00154421
0.0018885
0.00221068
0.0022052
0.0014293
0.00134255
0.00193153
0.00317263
0.00347656
0.00700723
0.0066194
0.00691166
0.00169886
0.00166635
0.00192488
0.00102413
0.00780069
0.00630772
0.00508548
0.00434846
0.00125792
0.000257529
0.000238808
0.000176283
0.00076667
0.000760431
0.000695074
0.000802327
0.000814073
0.000623126
0.000628647
0.00016405
3.87353e-05
2.38669e-05
0.000280591
0.000215624
0.000320446
0.00025044
0.000228739
0.000182063
9.2241e-05
7.0011e-05
5.88551e-05
4.08312e-05
2.06818e-05
4.6612e-05
5.80633e-05
7.22875e-05
6.48111e-05
0.000125373
0.000131226
1.77861e-05
2.05993e-05
5.6939e-05
6.65529e-05
2.06416e-05
2.52485e-05
2.36222e-05
3.79043e-05
4.57571e-05
4.45051e-05
0.000112451
0.000117036
0.000106878
0.000113014
6.05247e-05
6.81991e-05
0.000104074
0.000107553
6.44511e-05
5.30122e-05
3.78499e-05
3.93809e-05
4.63877e-05
2.95787e-05
5.21892e-05
3.80103e-05
6.76142e-05
4.88528e-05
4.33798e-05
3.2748e-05
2.80363e-05
1.53141e-05
1.40344e-05
1.42265e-05
1.41641e-05
1.38959e-05
1.26112e-05
1.27999e-05
1.35339e-05
1.34155e-05
1.38353e-05
1.72909e-05
1.67466e-05
1.58935e-05
1.15136e-05
1.26069e-05
1.32256e-05
1.44796e-05
2.45729e-05
1.93949e-05
4.48986e-05
7.99758e-05
8.48277e-05
6.84597e-05
7.7763e-05
0.000230669
0.000235901
0.000108582
0.000199497
0.00014897
0.000250743
0.000113655
0.000154789
0.000143966
0.00015185
0.00016065
0.00021198
0.000204529
0.000274636
0.000255826
0.000217915
0.000340823
0.000343423
0.000445441
0.000402992
0.000293792
0.000356157
0.000315214
0.000302798
0.000618766
0.000555891
0.000318414
0.000421125
0.000361129
0.000520484
0.000618286
0.000494783
0.000604606
0.000622299
0.000789071
0.000674115
0.000649827
0.000763843
0.000634559
0.000531547
0.0010323
0.000860537
0.000515964
0.00104512
0.000854569
0.000404638
0.000541363
0.000481634
0.017636
0.0128454
0.00848642
0.00511997
0.00274551
0.0014445
0.00079911
0.00038051
0.00019019
9.82785e-05
4.08427e-05
3.25165e-05
3.3197e-05
5.31827e-05
3.99145e-05
3.19058e-05
3.26225e-05
3.24629e-05
3.35733e-05
3.37405e-05
3.20348e-05
3.6823e-05
3.52922e-05
4.06361e-05
3.76341e-05
3.68728e-05
9.36075e-05
8.52003e-05
0.000102631
6.99174e-05
5.62636e-05
5.17322e-05
3.99735e-05
4.03072e-05
3.84772e-05
3.63386e-05
3.72742e-05
3.63673e-05
4.19357e-05
4.0132e-05
4.0712e-05
4.0424e-05
4.1348e-05
3.93192e-05
4.01421e-05
3.94576e-05
0.006854
0.00646848
0.00572716
0.00490304
0.00482872
0.00422731
0.00373857
0.00362088
0.00321405
0.00299721
0.0027993
0.00268685
0.00244729
0.00212583
0.0018487
0.00163478
0.00141441
0.00123119
0.0011172
0.00090711
0.000793456
0.000724648
0.000493713
0.000422336
0.000435119
0.000218726
0.000251744
0.000180742
0.00017609
0.000104377
0.000108619
0.000105782
0.000196098
0.000182931
0.000369809
0.000418058
0.000198828
0.000175174
0.000799436
0.000779673
0.000934007
0.0028676
0.00260037
0.00308175
0.00357489
0.0037775
0.00379238
0.00363289
0.00369996
0.00362956
0.00298942
0.0028401
0.0023605
0.00203095
0.00141698
0.000828847
0.000742841
0.000545799
0.000533769
0.000265437
0.000139934
0.000137512
0.000385452
0.000157183
2.1815e-06
2.31566e-05
1.81373e-06
7.77748e-05
0.000242511
0.000477492
0.0002758
0.000510543
0.000639129
0.000671758
0.00065379
0.000760296
0.000609409
0.000757467
0.000753128
0.00078962
0.000864284
0.00115481
0.000879525
0.00127517
0.00135695
0.00148133
0.00128586
0.00127375
0.00151135
0.00146069
0.00167181
0.00168966
0.00198899
0.00250296
0.00250832
0.00280001
0.002498
0.00287886
0.00253897
0.00245704
0.00316299
0.00361107
0.00387221
0.00295395
0.00306276
0.00366151
0.00372826
0.00425209
0.00431399
0.0049696
0.00438039
0.00482462
0.00323356
0.00330108
0.00336102
0.00465073
0.00395492
0.00367234
0.00336533
0.00388049
0.00357434
0.00248157
0.00229064
0.00268128
0.00245342
0.00266493
0.00242885
0.00275006
0.0034787
0.0035638
0.00330503
0.003259
0.0033939
0.00299597
0.00334407
0.00389922
0.00338992
0.00364572
0.00446103
0.00410735
0.00403803
0.00369125
0.00426004
0.00326587
0.00314943
0.00290225
0.00283425
0.00264575
0.00279609
0.00258428
0.00252317
0.00225621
0.00224124
0.00246433
0.00233316
0.00232639
0.00221795
0.00212584
0.00211744
0.00196188
0.0020251
0.00202748
0.00196502
0.00195571
0.00195521
0.00193571
0.0018391
0.00179698
0.00179662
0.00180625
0.00178845
0.00184555
0.00180013
0.00179772
0.00185358
0.00180604
0.00179948
0.00162973
0.00162723
0.00165381
0.00187032
0.00181953
0.00181026
0.00173854
0.00172221
0.00163992
0.00167977
0.00169778
0.00172262
0.00159148
0.00156594
0.00156969
0.00169722
0.00172399
0.00173106
0.00180821
0.00180467
0.00167406
0.00167134
0.00166269
0.00164621
0.0016305
0.00161214
0.000712664
0.000521732
0.000810418
0.000655177
0.000457793
0.000318686
0.000412827
0.000319293
0.000258658
0.000487055
0.000540091
0.000213295
0.000207214
0.00025299
0.0003087
0.000297208
0.000532986
0.000492331
0.000823178
0.0010679
0.00114862
0.000912026
0.00165578
0.00179922
0.00144153
0.00155588
0.00152143
0.00189388
0.00175956
0.0023507
0.00213262
0.00228823
0.0019921
0.00181269
0.00187786
0.00293667
0.00278354
0.00233471
0.00244372
0.00246685
0.0021363
0.00185442
0.00174963
0.00174776
0.00148743
0.0013284
0.00161685
0.00133254
0.000941803
0.000536337
0.00179395
0.000811983
0.000742083
0.000996605
0.000829826
0.000849878
0.000314366
0.000281388
0.000247054
0.00052452
0.000452768
0.000451348
0.000616993
0.00038527
0.000341705
0.000328429
0.000112998
0.000172968
0.000226612
0.000270841
0.000471476
0.000384624
0.000157814
0.000217147
5.56181e-05
6.23384e-05
7.55162e-05
7.43133e-05
0.000214314
0.00286086
0.00240841
0.000516001
0.000854867
0.000545535
0.000410269
0.000229833
9.14454e-05
7.89994e-05
8.18257e-05
0.000188169
0.000107049
9.06522e-05
0.000112661
7.06765e-05
6.8667e-05
6.93013e-05
7.65666e-05
8.04525e-05
0.000146121
0.000177543
6.61986e-05
0.00232061
0.0017096
4.12515e-05
4.12508e-05
4.12553e-05
4.12131e-05
4.1193e-05
4.11915e-05
4.11908e-05
4.12017e-05
4.20055e-05
4.16676e-05
4.24051e-05
4.23539e-05
4.26127e-05
0.000226487
0.000246343
0.0012902
0.0012327
0.00109783
0.000141378
0.000118863
0.000380062
0.00027739
0.000244171
8.81214e-05
7.09729e-05
6.78975e-05
6.82935e-05
1.05368e-05
1.02056e-05
0.00010067
0.000104922
9.68973e-05
7.27619e-05
7.81398e-05
6.45508e-05
6.59609e-05
6.98932e-05
5.88382e-05
0.000104782
0.000109793
0.000181078
0.000177452
0.000215482
0.000206678
0.00014865
0.000141203
0.00028844
0.000211208
0.000199271
0.000203103
0.00019446
0.000170249
0.000123735
0.0001629
0.000153827
0.000135261
0.000123504
0.000115866
0.000184266
0.000170873
0.00014982
8.2692e-05
0.000860368
0.000662532
0.000672063
0.000542605
0.000391755
0.000303415
0.000229954
0.000207035
0.000174275
0.000129447
0.000160039
0.000115864
0.000106594
9.32917e-05
6.73118e-05
5.56958e-05
4.0309e-05
4.71385e-05
3.08608e-05
2.69346e-05
3.54769e-05
2.24286e-05
2.26631e-05
3.79601e-06
3.8056e-06
3.81334e-06
4.41573e-06
6.80624e-06
5.80683e-06
5.79291e-06
3.81807e-06
4.33854e-06
3.92755e-06
4.0649e-05
4.77141e-05
3.88339e-05
2.11736e-05
1.54405e-05
2.33255e-05
2.03136e-05
1.68362e-05
8.54437e-06
0.00216782
0.00143351
0.00112621
0.000866209
0.000725913
0.000465492
0.000348151
0.000142606
9.89257e-05
0.000112269
0.000195419
0.000143859
0.000266475
0.000192784
0.000159745
2.91757e-05
1.81592e-05
1.66191e-05
8.55602e-05
0.000115168
8.02287e-05
1.31483e-05
7.54946e-06
7.04538e-06
1.3031e-05
1.76506e-05
2.09988e-05
3.33321e-05
3.75424e-05
4.47057e-05
4.53505e-05
8.42744e-06
5.66561e-06
6.03797e-06
4.40069e-06
4.52114e-06
4.53359e-06
1.05746e-05
6.42273e-06
6.93824e-06
4.6756e-06
4.51148e-06
5.03718e-06
4.83957e-06
1.07626e-05
0.000130708
0.000110013
1.0153e-05
7.50759e-06
0.000431003
0.000323834
0.000733747
0.000823909
0.000676916
0.000490649
0.000312636
0.00021377
0.000169887
0.000183517
0.000126792
5.98081e-05
3.8178e-05
3.47587e-05
2.94851e-05
2.02134e-05
3.13157e-05
2.25785e-05
7.76837e-06
6.27056e-06
6.71319e-06
7.04893e-06
6.66e-06
6.57648e-06
6.92109e-06
6.63669e-06
6.84168e-06
1.1542e-05
8.72761e-06
9.47864e-06
1.7313e-05
1.42809e-05
7.60059e-06
7.83128e-06
1.21557e-05
1.20476e-05
8.61501e-06
9.30493e-06
1.0776e-05
1.11719e-05
1.61395e-05
1.02291e-05
0.000269987
0.000232602
0.000408137
0.00140862
0.000919204
0.000766962
0.00066651
0.000333576
0.000214254
9.10074e-05
8.73463e-05
9.88589e-05
0.000118449
0.000114635
0.000122048
0.001222
0.00125864
0.00413794
0.00406158
0.00389359
0.0049247
0.0060213
0.00711985
0.00693806
0.00640724
0.00707084
0.00672051
0.00604807
0.00643206
0.00623954
0.00578844
0.00487751
0.00495995
0.0044195
0.00359904
0.00287023
0.00249929
0.00163685
0.00164464
0.00117174
0.00165368
0.000406134
0.00069138
0.00050146
0.000410157
0.000196154
0.000164579
0.000238055
9.04805e-05
0.000216721
7.57843e-05
5.44777e-05
6.38887e-05
7.09747e-05
3.52037e-05
7.14721e-05
9.79131e-05
5.3227e-05
0.000101908
0.000132879
0.000196051
0.00033463
0.000428463
0.000505725
0.000380257
0.000591801
0.00190865
0.00176832
0.00189153
0.00151987
0.0014862
0.0013823
0.00138598
0.00141747
0.00131903
0.00132435
0.00147168
0.00146261
0.00123813
0.00126952
0.00121864
0.00116323
0.00120884
0.00116025
0.00128023
0.00132842
0.00129139
0.00138247
0.00117397
0.00114172
0.00123206
0.00136324
0.00149852
0.00139145
0.00145911
0.0015562
0.00152296
0.00182998
0.00196611
0.00176379
0.00173378
0.00187831
0.00184956
0.00191196
0.00185306
0.00190995
0.00205053
0.00201787
0.00212206
0.00212909
0.00220503
0.00209664
0.00206942
0.00210886
0.0022221
0.00243243
0.00238238
0.00237039
0.00220463
0.00219412
0.00217302
0.00231994
0.00228799
0.00221737
0.00218112
0.00215864
0.00201575
0.00203112
0.00200568
0.00213097
0.00207017
0.00208784
0.00201648
0.00199326
0.00203202
0.00205685
0.00202883
0.00208012
0.00203178
0.00207726
0.00216044
0.00221301
0.00210497
0.00215001
0.00221024
0.0023373
0.00223228
0.00233227
0.0022698
0.00144474
0.00170085
0.000872585
0.0012936
0.000736941
0.000341887
0.000292353
0.000554694
0.000224946
0.000725216
0.000492061
0.000662867
0.00150541
0.0013929
0.00179636
0.000993596
0.000916119
0.00145163
0.00280895
0.00252567
0.00307366
0.00209711
0.00364661
0.00342352
0.00297328
0.00351322
0.0029344
0.00354608
0.00280892
0.00225372
0.00218097
0.00193095
0.00210108
0.00228465
0.00171991
0.00172298
0.00115371
0.000888859
0.00078466
0.00101774
0.00116247
0.000972261
0.000753677
0.000624871
0.000740598
0.00070863
0.000772221
0.00171025
0.00136118
0.000557128
0.000590337
0.000639733
0.000637778
0.000552716
0.000674638
0.00146372
0.00125136
0.00129855
0.00149692
0.00140227
0.00100959
0.00102341
0.00153179
0.0013799
0.00089398
0.00381724
0.00348012
0.00424944
0.00769914
0.00854462
0.00276113
0.00274531
0.00373065
0.00350588
0.000711625
0.000180461
0.000195859
0.00813324
0.0180241
0.00208074
6.59704e-06
6.41124e-05
7.5387e-05
6.89453e-05
0.000568594
0.000243905
0.000411127
0.000395534
0.000233056
0.000253159
2.46618e-06
3.21877e-06
2.89221e-06
0.000270357
0.000196995
0.000184218
0.00097297
0.000803769
0.000721242
0.0010439
0.000911364
0.000837276
0.00101645
0.000889819
0.000833418
0.00059406
0.000501293
0.000368344
0.000321206
0.000222923
0.000205036
0.000143621
0.000131333
4.51929e-05
3.32666e-05
3.23249e-05
4.24453e-05
3.45336e-05
3.41818e-05
2.34383e-05
2.04309e-05
2.14686e-05
2.2112e-05
2.78121e-05
2.82195e-05
5.30154e-05
6.06397e-05
3.20021e-05
2.93502e-05
6.11255e-05
5.17825e-05
0.000117547
0.000113711
9.67651e-05
6.4849e-05
5.35705e-05
4.54734e-05
4.91896e-05
4.02105e-05
3.79557e-05
1.50686e-05
1.36868e-05
1.34646e-05
1.93027e-05
1.96197e-05
1.84099e-05
1.96049e-05
2.51656e-05
1.35786e-05
1.42367e-05
2.66563e-05
1.67981e-05
1.5071e-05
1.26247e-05
1.34416e-05
1.38484e-05
1.46662e-05
1.47318e-05
1.328e-05
1.49987e-05
1.45757e-05
1.51393e-05
1.88505e-05
1.30941e-05
1.18575e-05
1.14407e-05
1.1319e-05
1.73105e-05
2.40142e-05
2.3598e-05
1.40959e-05
1.7463e-05
1.78638e-05
1.22987e-05
1.11097e-05
1.11024e-05
1.90194e-05
1.46791e-05
1.1853e-05
1.24711e-05
1.22574e-05
1.35208e-05
1.35874e-05
1.48594e-05
2.01444e-05
1.81217e-05
1.53283e-05
1.36612e-05
1.91347e-05
2.35851e-05
2.44006e-05
3.01096e-05
6.8925e-05
8.06631e-05
7.31857e-05
4.01072e-05
4.48065e-05
4.99249e-05
3.79216e-05
4.41764e-05
3.19737e-05
3.93485e-05
3.72674e-05
3.53756e-05
4.07947e-05
3.87163e-05
4.42579e-05
4.05269e-05
4.74192e-05
3.19897e-05
3.89451e-05
3.59451e-05
4.79548e-05
5.31903e-05
2.83675e-05
3.41041e-05
3.13274e-05
4.59268e-05
5.2174e-05
6.25028e-05
6.56565e-05
5.0572e-05
5.75391e-05
5.41016e-05
8.8926e-05
9.01911e-05
5.84252e-05
5.90141e-05
4.70026e-05
5.18722e-05
4.77352e-05
3.69911e-05
3.92475e-05
4.16633e-05
5.09505e-05
5.34974e-05
3.36704e-05
3.59439e-05
3.19766e-05
4.2496e-05
4.30415e-05
4.23581e-05
4.00522e-05
3.83374e-05
3.19909e-05
3.0558e-05
2.51341e-05
2.461e-05
3.07715e-05
2.98933e-05
2.73374e-05
2.32992e-05
2.16859e-05
2.5128e-05
3.8787e-05
2.45877e-05
0.00937491
0.00805393
0.00759058
0.00613246
0.00578166
0.00655224
0.0053675
0.00452246
7.51935e-05
0.000190742
0.000174109
0.0003124
0.000255998
0.000223901
0.000345035
0.000299138
0.000299098
0.000371815
0.000298341
0.000306532
0.000236149
0.000247802
0.000202298
0.0002302
0.000171195
0.000169821
0.000105735
7.25959e-05
6.94841e-05
7.10862e-05
0.000101558
0.000107787
0.000275114
0.000208074
0.000300019
0.000488572
0.000620562
0.000677995
0.000844712
0.00046385
0.000608114
0.000602241
0.000582999
0.000428983
0.00211918
0.0027147
0.00254193
0.00345023
0.00376165
0.00345622
0.00280303
0.0026517
0.0029116
0.00240491
0.00228682
0.00180426
0.00153812
0.00176973
0.00145775
0.000675917
0.000712984
0.000511201
0.000292949
0.000169276
0.00022192
2.90226e-05
9.10529e-06
8.68105e-05
7.847e-05
8.2549e-05
0.00011824
0.000234378
0.00026014
0.000378961
0.000193387
0.000592343
0.000549409
0.000433993
0.000558098
0.000347987
0.000774862
0.00106991
0.0011926
0.00128821
0.0010534
0.0013967
0.00156977
0.00143032
0.00170603
0.00138142
0.00165977
0.00203143
0.0023195
0.00214408
0.00248109
0.00210728
0.00200482
0.00250204
0.00314936
0.00295068
0.00318601
0.00335051
0.00351615
0.00267839
0.00295116
0.00351955
0.00376845
0.00372124
0.00466062
0.00418899
0.00470685
0.00419071
0.00439521
0.00512669
0.00507218
0.00584729
0.0062865
0.00511184
0.00588662
0.00609573
0.00713682
0.00577119
0.00771554
0.00659747
0.00805666
0.00788867
0.00630952
0.00618088
0.0071601
0.0062529
0.00669475
0.00597597
0.00965487
0.0081352
0.00793588
0.00726058
0.00608008
0.0061735
0.00905918
0.00731931
0.00753844
0.005305
0.00851642
0.00895688
0.00735664
0.0070355
0.00778703
0.00645305
0.00488877
0.00954895
0.00767743
0.00820721
0.00677229
0.00201878
0.00195088
0.00165293
0.0022596
0.00644163
0.0016251
0.00180002
0.00177835
0.00179609
0.00177073
0.00147298
0.00147348
0.00152629
0.00149083
0.00148228
0.00143569
0.00186488
0.00204924
0.00196424
0.00144919
0.00144011
0.00132623
0.00160513
0.00177669
0.00170919
0.00171498
0.00154948
0.00157873
0.00157301
0.00161233
0.0015621
0.0015473
0.00140904
0.00137835
0.0013944
0.00155847
0.00153857
0.00141629
0.00141748
0.00166977
0.00165986
0.00137307
0.00138026
0.00143397
0.00144839
0.00141723
0.00139826
0.00135464
0.00136495
0.00141507
0.0013782
0.00115643
0.00133895
0.00131029
0.0012645
0.000876672
0.00085853
0.00072844
0.000895427
0.000888773
0.000527806
0.000310844
0.000310344
0.000223049
0.000122243
8.94835e-05
0.000186524
0.000184772
0.000114932
8.87662e-05
8.88914e-05
8.87457e-05
0.000455712
0.00055175
0.000553397
0.000528783
0.000523568
0.000196619
0.000332516
0.000636892
0.000581903
0.00127829
0.00150902
0.00155323
0.00167764
0.00272555
0.00262537
0.00276056
0.00395961
0.00420507
0.00242546
0.00247487
0.00231181
0.00217157
0.0024268
0.00385411
0.00346283
0.00368206
0.00516179
0.00523684
0.00524721
0.00485519
0.00476053
0.00454662
0.00396927
0.00380669
0.00450356
0.00430902
0.00328657
0.00290302
0.00238425
0.0021474
0.00210221
0.00287244
0.00132559
0.00307352
0.00303042
0.00289702
0.00264359
0.00198349
0.00209169
0.00164529
0.00154608
0.000785534
0.000726985
0.00283965
0.00250253
0.00226445
0.00257625
0.00252835
0.0021133
0.00187935
0.00174494
0.00084127
0.000750849
0.000706757
0.00103958
0.00097379
0.000968074
0.000791561
0.00082844
0.000650783
0.000554015
0.000507296
0.000292819
0.000233704
0.00045441
0.000372278
0.000402629
0.000132637
0.000107648
0.000162386
0.000136182
2.80114e-05
2.51884e-05
5.54656e-05
7.75972e-05
6.16198e-05
2.50358e-05
2.87321e-05
0.000136539
0.000126557
0.000199206
0.00027092
0.000194263
9.63722e-05
0.000152843
0.000113689
5.72016e-05
5.40458e-05
8.45531e-05
0.000142745
0.00195222
0.00202497
0.0022884
6.34198e-05
6.32042e-05
6.49469e-05
6.49469e-05
6.58398e-05
6.83226e-05
6.83235e-05
6.8457e-05
6.48719e-05
6.55441e-05
4.67136e-05
4.66685e-05
6.11204e-05
4.56895e-05
4.54278e-05
4.53272e-05
