0.00620073
0.00560152
0.00479454
0.00413187
0.00349419
0.00292295
0.00248381
0.00213449
7.02869e-05
0.000141041
0.00022522
0.000155666
0.000243168
0.000209641
0.000189616
0.00016888
0.000124453
7.7209e-05
3.96486e-05
1.41503e-05
4.77424e-06
6.10402e-05
0.000164532
0.000338594
0.000517584
0.000543862
0.000888991
0.00116426
0.00127379
0.00110208
0.000930216
0.000581393
0.000515606
0.000211496
0.000151488
8.69539e-05
3.02837e-05
4.26895e-05
1.61757e-05
1.12917e-05
9.42588e-07
3.79816e-08
5.14703e-06
8.65425e-07
8.7819e-09
1.09864e-07
7.95946e-07
2.50549e-06
2.45305e-06
1.47755e-07
2.60433e-06
6.24376e-07
3.63734e-06
6.81784e-07
2.68263e-06
7.40221e-06
8.25069e-06
3.84606e-05
2.81281e-05
3.66663e-05
8.47131e-05
4.9496e-05
3.77702e-05
0.000151925
0.000265512
3.41848e-05
0.000155661
0.000326699
0.000133785
0.000241204
0.000339231
0.00082963
0.000510782
0.000755659
0.000938701
0.000878357
0.000871481
0.000595167
0.000474199
0.00124083
0.00142518
0.00057877
0.000500071
0.000766672
0.000717679
0.000655858
0.000651514
0.000620715
0.00056204
0.000708664
0.000604694
0.000583302
0.000540113
0.000533027
0.000550314
0.00042867
0.000572538
0.000520444
0.000490302
0.000424865
0.000461775
0.000379977
0.000382822
0.000452579
0.000382292
0.000287814
0.00029139
0.000251458
0.000260227
0.000265812
0.00020571
0.000248729
0.00019194
0.000165071
0.000127529
0.000128678
0.000104584
8.87146e-05
5.60774e-05
5.94275e-05
4.8236e-05
1.90019e-05
3.02634e-05
1.42245e-05
1.52555e-05
5.75578e-06
2.44171e-06
2.30533e-06
2.49004e-08
2.36632e-08
9.64299e-07
1.62055e-06
4.04574e-06
6.20807e-06
4.71846e-06
8.20852e-06
5.0381e-06
2.99868e-06
2.42205e-06
5.50767e-06
4.42552e-06
4.5868e-06
4.51527e-06
3.49256e-06
2.01103e-06
6.53468e-06
3.35017e-06
4.09817e-06
7.55323e-06
8.91316e-06
4.80026e-06
5.9828e-06
7.674e-06
6.32915e-06
1.05224e-05
1.08173e-05
3.54014e-06
1.46355e-05
6.65229e-06
7.99739e-08
1.26596e-05
0.000141097
0.000145655
0.000156299
0.000161448
0.000262309
4.44491e-06
0.000216724
0.0011538
0.0023756
0.000131212
0.00156918
1.75156e-05
0.000301489
0.000303469
8.24784e-05
6.61772e-05
0.000206643
0.000173171
7.43857e-05
9.63131e-07
4.23563e-05
0.000113173
0.000430793
0.000819964
0.00104106
0.00158332
0.00208223
0.00248704
0.00255235
0.00225757
0.0021632
0.00188286
0.00220527
0.00173646
0.00116537
0.000799365
0.000572948
0.000627144
0.000816822
0.00100711
0.000357261
4.99808e-06
3.14707e-06
6.40932e-06
1.62121e-06
2.38472e-05
2.52542e-05
2.67443e-05
6.20407e-05
6.58297e-06
1.27251e-05
1.48546e-05
6.77787e-06
1.22073e-06
1.78561e-06
1.79174e-07
6.23574e-06
9.10435e-07
2.46012e-05
3.45182e-05
3.36159e-06
1.59087e-07
1.50054e-05
9.91495e-07
2.85962e-06
0.000317052
0.000513243
0.0066459
0.00447149
0.00304308
0.00226216
0.00150456
0.00099569
0.000590035
0.000409417
0.000226069
0.000198678
8.33231e-05
0.00342029
0.00348951
0.00346999
0.00316409
0.00279279
0.00284317
0.00248129
0.00224172
0.00192635
0.00145598
0.00102992
0.0005195
0.000125885
8.09553e-07
9.72129e-05
0.000732048
0.001358
0.00106769
0.000813291
0.000628253
0.000476437
0.000462522
0.000356758
0.000242042
0.000194026
0.000129667
5.86592e-05
4.06296e-05
2.41168e-05
3.79908e-06
3.93137e-06
1.03582e-05
9.21018e-05
5.93227e-05
6.01264e-05
5.4261e-05
6.7728e-05
0.000142605
0.000172222
0.000109364
0.000125235
9.64744e-05
8.76609e-05
0.000128716
1.84848e-05
0.000112228
7.42565e-05
0.000155955
0.000179709
0.000127505
0.000147527
0.000141986
0.000179177
0.000247524
0.00022981
0.000285321
0.000258001
0.000438197
0.000362871
0.000561171
0.000579216
0.000486379
0.00116386
0.00135929
0.000749152
0.000795265
0.000534754
0.000187506
0.000172455
0.000369706
0.000296626
0.000386349
0.000382923
0.000483812
0.000232302
0.000225854
0.000533556
0.000131886
0.000218021
0.000337356
0.000319259
0.000314149
0.000254153
0.000217671
0.000107299
0.000157009
0.000118962
0.000141508
0.000137111
0.000102608
9.82714e-05
0.000128576
0.00010385
7.77451e-05
6.34255e-05
5.61871e-05
6.36264e-05
6.16659e-05
5.42063e-05
5.29394e-05
4.01046e-05
3.11964e-05
2.71284e-05
2.46432e-05
2.17412e-05
2.1006e-05
9.83396e-06
8.76704e-06
7.84357e-06
3.4302e-06
1.23649e-07
1.20201e-08
9.19228e-07
7.52419e-09
1.90919e-07
2.13931e-06
1.93222e-06
6.46738e-07
8.68192e-06
4.7384e-06
1.27884e-05
2.14724e-05
6.78535e-06
7.57931e-09
8.13907e-07
2.66456e-07
4.56306e-08
3.35276e-08
1.78933e-06
1.24445e-07
1.93711e-07
2.81351e-07
1.05701e-07
7.66568e-07
2.01167e-06
1.63966e-06
9.78469e-07
9.55354e-08
1.96809e-06
1.96257e-06
2.60139e-06
1.30976e-05
1.27339e-06
2.49082e-07
1.68705e-08
1.84801e-06
0.000126216
0.000128413
0.00013171
0.000131794
0.000132413
0.000134267
7.96e-05
8.94451e-05
0.0002113
0.00116319
0.00296205
0.000260254
0.00500819
0.000608372
0.000430823
0.000358313
0.00469649
0.0038956
0.00263077
0.00181764
0.00100691
0.000454926
0.000355351
8.83565e-05
9.87828e-05
3.46138e-05
7.59841e-07
1.01647e-05
4.27457e-05
5.27801e-07
4.34567e-07
4.63164e-06
2.3622e-06
5.82744e-06
5.54111e-05
1.0616e-05
3.24089e-05
3.60863e-06
1.12243e-05
6.17085e-05
7.95916e-05
2.58892e-05
7.80357e-05
0.000193753
0.000124833
0.00268791
0.00156961
0.00419164
0.0028332
0.00213827
0.00160167
0.000819109
0.00147684
0.00215526
0.0023676
0.0011625
0.00073571
0.000780795
0.000207618
0.000484366
0.000207059
6.29924e-05
9.3333e-05
5.53428e-05
1.23009e-05
7.33842e-08
1.19685e-06
5.53451e-07
1.08818e-05
4.7073e-06
2.83052e-06
6.39324e-07
3.16594e-06
1.0552e-05
4.29124e-06
9.04021e-06
7.20518e-06
1.56568e-06
0.00489298
0.00239829
0.00109858
0.000506089
0.000182218
7.69289e-05
6.22876e-05
4.03959e-06
0.00860159
0.0079385
0.00730548
0.00666326
0.00582455
0.0048944
0.00425134
0.0025023
0.00200124
0.00122744
0.000541548
0.000104308
2.85896e-07
0.000195087
0.000703138
0.000658072
0.000468284
0.000391599
0.000278713
0.000281805
0.000215985
0.000152791
6.8423e-05
4.20487e-05
1.65859e-05
5.61085e-06
3.80148e-10
1.52944e-05
2.81986e-05
3.7566e-05
0.000181286
0.000151756
0.000218495
0.000221492
0.000226833
0.000244361
0.000213997
0.000256481
0.000267037
0.000259226
0.000406572
0.000262201
0.000396854
0.000401734
0.000471261
0.000566189
0.000556695
0.000649108
0.000631892
0.000582983
0.000617115
0.000698495
0.000778012
0.000712483
0.000694652
0.00090452
0.00115529
0.000733791
0.000833076
0.000785956
0.000213943
8.33081e-05
0.000142739
0.000457921
0.000428022
0.000671463
0.000898154
0.00100982
0.00058032
0.000463041
0.00111537
0.000967511
0.000498834
0.000502052
0.000436741
0.000405266
0.000378526
0.000346507
0.000399011
0.000299619
0.000371242
0.000344759
0.000428711
0.000337704
0.000357247
0.000278629
0.000332442
0.000342152
0.000295939
0.000261652
0.000241895
0.000301085
0.000317357
0.000270393
0.000304742
0.000282295
0.000262908
0.000296617
0.000219168
0.000283437
0.000191932
0.000228099
0.000187971
0.00017076
0.00018097
0.000164716
0.000148782
0.000123767
8.9188e-05
9.81786e-05
8.69849e-05
6.39474e-05
4.7705e-05
3.07871e-05
1.51198e-05
8.71556e-06
1.59321e-05
4.73904e-06
2.44538e-07
5.51589e-07
3.60412e-06
1.36287e-05
2.89004e-05
3.42923e-05
4.2438e-05
5.34605e-05
6.29941e-05
7.21998e-05
9.24104e-05
9.02871e-05
0.000110145
0.00011579
0.00012182
0.000130805
0.000138197
0.000138576
0.000139327
0.000149283
0.000139774
0.000142402
0.000145554
0.000144972
0.000152526
0.000154487
0.000149682
0.000144007
0.000179996
7.1388e-05
7.1425e-05
7.1439e-05
7.14577e-05
7.14813e-05
7.14915e-05
7.15099e-05
0.00136059
2.61018e-06
0.0010649
0.00540515
0.00477614
0.00434213
0.00360822
0.00294977
0.00237336
0.00153803
0.000947829
0.00067761
0.00286875
0.00393925
0.00286474
0.00244819
0.00178019
0.00127958
0.00107835
0.000566103
0.000336815
0.000357368
0.000145654
6.7547e-05
4.36987e-05
8.34102e-06
2.24043e-06
1.62234e-05
1.2668e-05
1.53974e-05
0.00245348
0.00189908
0.00134903
0.00102803
0.000665374
0.000525725
0.000271846
0.000171283
9.11215e-05
5.42076e-05
1.39637e-05
0.00264072
0.00161081
0.00129872
0.000827529
0.000409493
0.000149378
8.79641e-05
8.40382e-05
0.000108534
1.30667e-05
5.11304e-05
1.17204e-05
1.69925e-05
7.20445e-05
1.06596e-05
9.47141e-08
1.95673e-05
1.53458e-05
0.00384222
0.00231752
0.00119712
0.00209272
0.000965839
0.000563284
0.000315125
0.000281366
0.000121151
0.0106941
0.00964664
0.00892498
0.00747974
0.00667219
0.00428452
0.00321164
0.00197993
2.27864e-05
0.00019297
8.70335e-05
8.17271e-05
5.11498e-05
3.91158e-05
3.60217e-05
1.67052e-05
3.89948e-06
2.64296e-09
1.23432e-05
3.04494e-05
5.43536e-05
0.000129161
0.000115218
9.9683e-05
0.0001561
0.000154824
0.000191453
0.00013909
0.000241946
0.00031514
0.000389562
0.000515568
0.000346638
0.000322449
0.000393689
0.000469482
0.000900863
0.00094489
0.000756334
0.00115532
0.000909745
0.000769072
0.000980572
0.000670868
0.000106205
0.000265319
1.01118e-05
5.98846e-07
6.58452e-05
0.000141108
0.000204688
0.000300064
0.000522726
0.000585496
0.000726119
0.000799902
0.000752139
0.000729347
0.000718016
0.000771271
0.000801304
0.000800187
0.000737084
0.000723448
0.000745375
0.000785289
0.000787109
0.000836752
0.00079495
0.000828687
0.000758803
0.000760826
0.000769243
0.000686369
0.000695896
0.000698645
0.00076559
0.000717133
0.000689772
0.000689851
0.000627943
0.000547177
0.000480995
0.000404487
0.000300834
0.000264682
0.00018816
0.000120747
7.47681e-05
3.73555e-05
1.02859e-05
1.1475e-06
6.08677e-07
7.24859e-06
1.43121e-05
3.23016e-05
5.35667e-05
5.78348e-05
9.31831e-05
7.90053e-05
9.77351e-05
0.000126253
9.85187e-05
0.000134243
0.000138661
0.00012173
0.000153116
0.000142481
0.000155379
0.000166543
0.000148833
0.000143516
0.000151011
0.000187205
0.000185263
0.000177791
0.000151033
0.000185696
7.97228e-05
0.000129354
9.3588e-05
0.00016939
5.88062e-05
5.88808e-05
5.88646e-05
5.87979e-05
5.84388e-05
5.84331e-05
0.000229765
0.00022934
0.00383533
0.00314392
0.0107745
0.00976481
0.00813519
0.00733353
0.00589828
0.00580635
0.0048137
0.00361596
0.00314743
0.00122144
0.000723215
0.000547053
0.000372842
0.000159394
8.29976e-05
3.15127e-06
1.32806e-06
6.44197e-09
2.71124e-06
4.22081e-05
0.000116393
4.48838e-05
5.06117e-05
0.000125738
0.000104348
0.000232731
7.97384e-05
8.34739e-05
2.40429e-06
3.06926e-06
0.000459628
0.000253625
0.00021539
0.000114129
1.063e-05
7.1098e-08
2.46479e-06
3.87788e-06
1.96671e-05
3.52949e-06
1.97664e-05
1.39907e-05
0.0036637
0.00210536
0.0012334
0.000760104
0.000479025
0.000176607
8.66622e-05
6.0283e-05
1.44105e-05
1.83854e-05
2.00666e-05
8.30682e-07
8.11016e-07
1.65538e-07
2.18309e-07
4.50514e-06
5.77547e-06
1.52356e-05
1.09895e-05
3.52995e-06
4.51776e-06
3.53611e-05
3.16484e-05
4.88589e-07
0.00830293
0.00782232
0.00677323
0.00621973
0.00532147
0.00397331
0.0031026
0.00221395
0.0012157
0.000441338
7.22187e-05
3.10326e-05
0.00025369
0.000144641
0.000131848
7.93418e-05
6.43669e-05
9.03629e-05
6.01998e-05
5.42088e-05
4.26389e-05
3.55108e-05
1.13275e-05
4.09132e-08
2.38777e-06
1.36468e-05
1.24201e-05
4.17714e-05
0.000109865
0.00014925
0.000147154
0.000131318
0.000179997
0.000156996
0.000219758
0.00019105
0.000186586
0.000127288
0.000120458
0.000211244
0.000222916
0.000434831
0.00040764
0.000552802
0.00066339
0.000564403
0.000710331
0.000739385
0.000969284
0.000720553
0.000824352
0.00102428
0.00110624
0.00119056
0.000947219
0.000918584
0.00108473
3.15444e-05
0.000173485
0.000319097
0.000401817
0.000456749
0.000606567
0.000642597
0.000639383
0.000573523
0.000569837
0.000709078
0.000684901
0.000600496
0.000621039
0.000627886
0.000570682
0.000570033
0.00047548
0.000423063
0.000514712
0.000432894
0.000345316
0.000317314
0.00033733
0.000340989
0.000348107
0.000365564
0.000371954
0.000320362
0.000335126
0.000303389
0.000273821
0.000267468
0.000215766
0.000225545
0.000228979
0.000216812
0.000204285
0.000164565
0.000160547
0.000146102
0.00012499
0.000124723
9.77087e-05
9.03579e-05
5.53869e-05
4.94929e-05
3.08445e-05
2.34873e-05
1.7833e-05
3.63097e-06
3.14618e-06
7.90046e-07
6.48608e-07
1.16613e-06
1.47053e-06
3.21728e-06
2.18108e-06
1.91541e-06
3.29205e-06
6.31314e-06
8.60768e-06
1.33742e-05
1.18039e-05
2.05263e-05
1.86126e-05
2.20215e-05
2.10129e-05
2.75409e-05
3.13222e-05
2.87327e-05
3.05923e-05
6.96522e-05
3.15874e-05
6.94304e-05
7.02372e-05
7.06095e-05
7.15797e-05
7.29008e-05
7.43536e-05
6.4709e-05
0.00066697
0.00344288
0.000409713
8.95161e-05
0.000284923
0.000224726
0.000173374
0.000137706
9.0902e-05
2.9129e-06
6.96171e-05
0.000274013
0.000165581
0.0304866
0.0247624
0.0200558
0.0155119
0.0113596
0.00843533
0.00564208
0.00377912
0.0025493
0.00162234
0.000836693
0.000777519
0.00030129
1.5668e-05
4.35443e-06
0.000386986
0.000310173
0.000248177
0.000395345
0.000282499
0.00021751
0.000365415
0.00047692
0.000154379
0.000145882
0.000195135
0.000119768
0.000143262
0.000126269
8.77998e-05
0.000247164
0.000187686
0.000202956
0.00506877
0.00434558
0.00291859
0.00272828
0.00226454
0.00185927
0.00172043
0.00132811
0.00110259
0.00102969
0.000845589
0.000810696
0.000635405
0.000654636
0.000581425
0.000676222
0.000517623
0.000527814
0.000498607
0.000384874
0.000358844
0.000112993
8.68718e-05
9.12971e-05
9.54496e-05
0.000140213
0.000131692
8.71617e-05
4.17436e-06
8.57011e-05
0.000171587
0.000325355
0.000415946
0.000380674
0.000290486
7.48367e-07
9.07936e-05
0.000401468
0.00115406
0.00152203
0.00108472
0.000702263
0.000406409
0.000424959
0.000286475
0.000188562
0.000112924
5.40368e-05
7.5149e-05
4.50821e-05
3.20079e-05
1.52754e-05
1.6778e-06
5.47994e-05
8.83038e-05
0.000149421
0.000105041
0.000217906
0.000185594
0.00027461
0.000213265
0.000145662
0.000122954
0.000150206
0.00015498
6.75368e-05
5.56408e-05
0.000124553
0.000225352
0.000374968
0.000356103
0.000521071
0.000455727
0.000488467
0.000608793
0.000480575
0.00047402
0.000499467
0.000715031
0.000452584
0.000516228
0.000822306
0.000545232
0.000705173
0.000836009
0.000406873
0.000546713
0.000754697
0.00053393
7.92082e-06
0.00015963
0.000179116
0.000159599
0.00020149
0.000186697
0.000182852
0.000116033
0.000130508
0.000139604
6.70489e-05
5.8559e-05
8.76306e-05
0.000108939
0.000103208
0.000114185
0.000135731
0.000114371
0.000129992
0.000139335
0.000135148
0.000122328
7.31272e-05
7.01516e-05
6.16783e-05
5.85381e-05
6.05916e-05
6.99309e-05
7.23333e-05
5.21244e-05
4.7284e-05
3.51121e-05
3.367e-05
2.84002e-05
3.47879e-05
2.12564e-05
1.51496e-05
3.0595e-05
1.47241e-05
1.82926e-05
1.56261e-05
1.43283e-05
5.20162e-06
4.45778e-06
3.25102e-07
5.4515e-09
2.87929e-06
7.22346e-06
2.50534e-06
1.73298e-05
8.08761e-06
9.94944e-06
2.77531e-05
1.64856e-05
1.86936e-05
4.81803e-05
5.43962e-05
2.62425e-05
4.41484e-05
3.09297e-05
1.21376e-05
1.11002e-05
1.24581e-05
1.04327e-05
1.11708e-05
7.54869e-06
1.23195e-05
5.78849e-06
9.18901e-06
9.66416e-06
3.20321e-06
5.87384e-06
6.70504e-06
7.84205e-06
8.60674e-06
2.3503e-07
2.43017e-07
0.000113679
0.00011825
0.000121364
0.000127374
0.000131914
0.000132916
8.10307e-05
8.12898e-05
0.0021313
0.00012607
0.00319578
0.00884363
0.00775927
0.00760277
0.00671637
0.00505512
0.00360141
0.003156
0.00184912
0.00114975
0.000902136
0.000416626
0.00030659
0.000130622
0.000154246
0.000104192
2.87202e-06
8.41094e-08
1.39067e-06
1.26918e-06
1.92294e-05
2.44095e-05
3.00335e-05
0.000146455
9.81231e-06
2.17476e-05
6.11723e-06
2.48987e-05
2.80583e-05
0.000132406
7.97357e-05
9.41467e-05
0.00487889
0.0030529
0.00227846
0.00125771
0.00444661
0.00310751
0.00135158
0.00155214
0.00180564
0.00182044
0.00585379
0.00484276
0.00506308
0.00332069
0.00137414
0.000707726
0.000975358
0.000682371
0.000163168
0.000176067
1.17097e-05
8.92612e-10
0.000531863
0.000736604
0.000906579
0.000743377
0.00040327
0.000445352
0.000388634
0.000181019
0.00020802
0.00135491
0.0238799
0.0157747
0.00940042
0.00500189
0.00241564
0.00125336
0.00044189
0.000227179
9.67862e-05
0.0108439
0.0100355
0.00944294
0.00865728
0.00754829
0.00673119
0.00588147
0.00478834
0.00370778
0.0028068
0.00162819
0.000748558
0.000749777
0.000223105
7.93444e-06
0.000121351
0.000541908
0.000442233
0.000287463
0.000283419
0.000241103
0.000156294
0.000127696
5.90739e-05
2.34404e-05
1.5551e-05
4.66545e-07
5.9729e-09
7.04366e-06
3.63855e-05
6.92054e-05
0.000128536
0.000146375
0.0002154
0.000177818
0.000254644
0.000267857
0.000341631
0.000302779
0.00035548
0.000246228
0.00034163
0.000280756
0.000473804
0.000488015
0.000465729
0.000444455
0.000526639
0.000540317
0.000560017
0.000596827
0.000585686
0.000550138
0.00059296
0.000808393
0.000917804
0.00114464
0.000832186
0.000992534
0.00137168
0.000836599
0.000478404
0.000260333
0.000177163
0.000575383
0.00060027
0.000817318
0.000965743
0.00101329
0.00131073
0.0010852
0.000259152
0.000293147
0.000321159
0.000361307
0.000385933
0.00032217
0.000328207
0.000424303
0.000404594
0.000422546
0.000358996
0.000494885
0.000418778
0.000541611
0.000444054
0.000510348
0.000405618
0.000493577
0.000487213
0.000488131
0.000539984
0.000450141
0.000472629
0.000450381
0.000491915
0.000462886
0.000526619
0.00050615
0.000428142
0.000508163
0.000420167
0.000374523
0.000404634
0.000388717
0.000344478
0.000321395
0.000316583
0.000339018
0.000308453
0.000276583
0.000240084
0.000239548
0.00022214
0.000193303
0.000181561
0.000171725
0.000108188
8.32529e-05
6.94459e-05
4.75981e-05
3.74108e-05
2.16977e-05
1.22084e-05
7.99186e-06
1.63653e-06
1.73824e-06
1.28921e-06
3.89447e-06
8.58242e-06
1.50257e-05
2.12128e-05
3.129e-05
3.46312e-05
4.65586e-05
5.27019e-05
6.25488e-05
6.31786e-05
6.84782e-05
7.50626e-05
7.68052e-05
8.68984e-05
8.52564e-05
9.39116e-05
8.24751e-05
9.24547e-05
9.57817e-05
9.57511e-05
9.28441e-05
9.20666e-05
0.000137963
9.14449e-05
8.71792e-05
7.01401e-05
7.0422e-05
7.04309e-05
7.02114e-05
7.02312e-05
7.02254e-05
9.8229e-05
0.00360592
0.000607543
0.000802575
0.00210638
0.00242261
0.00244709
0.00197438
0.00146911
0.00124901
0.000885295
0.000477048
0.000243119
6.75812e-05
3.80461e-05
2.00908e-06
6.76435e-05
0.00110038
0.000824547
0.000136411
0.000567158
0.000419603
0.000318356
0.000123289
1.83501e-05
1.50537e-05
2.58497e-06
5.92518e-07
3.17461e-05
3.21993e-05
4.35935e-05
0.000152573
4.39588e-05
5.69257e-05
0.000165307
0.000101626
0.000121193
0.00226891
0.0013886
0.00130111
0.000974873
0.000725391
0.000687191
0.000366271
0.000262007
0.000210209
9.54755e-05
0.00241836
0.00152971
0.00111044
0.000892135
0.00043744
0.000268202
0.000197123
9.9725e-05
2.43047e-05
1.22141e-05
9.97603e-06
2.49795e-06
2.37321e-06
2.5692e-06
3.80545e-06
1.23383e-06
4.37121e-06
9.91322e-06
6.84315e-08
8.30422e-06
5.6822e-05
1.41956e-06
3.16105e-06
5.41884e-08
1.69832e-05
0.00367238
0.00219407
0.00108924
0.00096818
0.00116213
0.000629944
0.000337021
0.000185747
0.000110206
9.21992e-05
0.00993855
0.00881826
0.00802753
0.006864
0.00540695
0.00431659
0.00299184
0.00191935
0.00147605
0.00154692
0.000606178
6.16347e-07
3.29915e-05
0.000378786
0.000277041
0.000164487
0.000148089
9.24029e-05
0.000103088
6.8422e-05
5.14499e-05
4.39678e-05
1.49643e-05
2.32036e-05
6.95314e-06
5.94034e-07
6.86092e-05
4.07252e-05
3.33879e-05
4.84019e-05
7.70453e-05
0.000109208
0.00027042
0.000268054
0.000274201
0.00025631
0.000263852
0.000277114
0.000306031
0.000177372
0.000254318
0.000304542
0.000248246
0.000300734
0.000327065
0.000390222
0.000581507
0.000445723
0.000643272
0.000692723
0.000626842
0.000616199
0.000669544
0.00091392
0.000582976
0.000527399
0.00055468
0.000447979
0.000130443
2.86822e-05
0.00050803
2.91792e-06
4.03357e-05
0.000120933
0.000185686
0.000355567
0.000356067
0.000535266
0.000666194
0.000698144
0.000815479
0.000763298
0.000791067
0.000686491
0.000758721
0.000765359
0.000764718
0.000759174
0.000779677
0.000756577
0.000742012
0.000768906
0.00073847
0.000744146
0.000774118
0.000747866
0.000676021
0.000824156
0.000633184
0.000657596
0.000599322
0.000588392
0.000555393
0.000543399
0.000467477
0.000410175
0.000376657
0.000352104
0.000320636
0.000225706
0.000194335
0.000150064
0.000104449
7.99845e-05
5.31261e-05
3.4291e-05
1.44354e-05
8.7997e-07
2.14105e-11
4.43429e-06
2.40587e-05
2.16704e-05
3.25849e-05
5.06481e-05
6.26871e-05
7.08797e-05
9.98701e-05
7.41474e-05
0.000105023
0.00012193
0.0001112
0.000140671
0.000122207
0.000146725
0.000161406
0.000126812
0.000157323
0.000148976
0.000157025
0.000168891
0.000194149
0.000157334
0.000100883
9.64484e-05
8.49144e-05
9.10814e-05
9.31879e-05
0.000101235
9.98426e-05
6.75668e-05
6.76007e-05
6.75991e-05
6.74351e-05
6.70834e-05
6.70746e-05
6.70678e-05
0.000188435
0.00126551
0.00440077
0.0102196
0.011008
0.00951936
0.00733688
0.0075962
0.00551372
0.00482635
0.00383347
0.00254466
0.00166119
0.000917486
0.000645733
0.000232155
0.000350882
0.00023077
1.12046e-05
2.31113e-06
2.08175e-05
8.48454e-05
7.57211e-05
5.72573e-05
0.000176583
0.000156106
4.57933e-05
6.67926e-05
2.80429e-05
3.56179e-05
5.47379e-05
3.23578e-05
6.67575e-05
6.93439e-05
6.80995e-05
9.1478e-05
3.20287e-05
0.000118273
1.54102e-05
0.000310058
0.000330949
0.000206803
0.000175775
7.10771e-05
1.31683e-05
5.01665e-06
2.70978e-06
4.10905e-06
4.90131e-06
4.83048e-06
1.13839e-06
1.9658e-10
0.00354164
0.00212169
0.00134168
0.000868822
0.000405145
0.000274481
0.000132028
5.34122e-05
9.1209e-05
3.96983e-05
6.60861e-05
2.9291e-05
1.97719e-06
7.66197e-07
1.0187e-06
4.78176e-06
4.67323e-06
1.32632e-06
4.22445e-06
1.33707e-06
2.76942e-06
7.20721e-09
3.18423e-07
9.68012e-07
2.35993e-06
0.00772162
0.00727588
0.0068037
0.00584359
0.00480104
0.00344466
0.00281356
0.00157114
0.000815104
0.000348335
2.63888e-05
0.00011448
0.000326349
0.000184776
0.000140064
0.000140859
0.000115874
7.27503e-05
7.49554e-05
5.94212e-05
3.28355e-05
3.47324e-05
4.22454e-05
2.41686e-05
1.57406e-05
2.41571e-06
1.04642e-06
9.16262e-06
3.19382e-05
1.42579e-05
6.84679e-05
5.73961e-05
2.36287e-05
0.000110968
2.61669e-05
5.86504e-05
7.81462e-05
0.000153052
0.000152403
0.000136241
0.000114085
8.01114e-05
9.30663e-05
5.47408e-05
0.000154979
0.000174882
0.00024457
0.000209247
0.000355391
0.000409171
0.00040018
0.000446762
0.000386634
0.000550445
0.000449532
0.000345968
0.000388526
0.000356005
1.16043e-05
3.11997e-05
0.000194182
0.000127712
0.000217546
0.000233064
0.000341793
0.000502624
0.000508967
0.000578049
0.000692578
0.000652396
0.000625364
0.000573957
0.000568271
0.000543148
0.000502016
0.000553231
0.00047288
0.000493162
0.000430943
0.000515827
0.00045102
0.000460422
0.000553828
0.000453081
0.000486496
0.000437984
0.000417642
0.000348658
0.00042815
0.000377109
0.000325024
0.000261795
0.00030052
0.000267038
0.000243958
0.000223864
0.000209588
0.000160549
0.000147674
0.000119917
0.000126854
0.000105456
6.78261e-05
5.51079e-05
4.15023e-05
2.94204e-05
1.37678e-05
9.2021e-06
3.7239e-06
1.4151e-06
4.08281e-07
2.63239e-06
1.56006e-06
9.67384e-06
1.38557e-05
1.75995e-05
2.58624e-05
3.14625e-05
3.12437e-05
4.46937e-05
4.5445e-05
4.75836e-05
5.67326e-05
6.34985e-05
6.12511e-05
7.30374e-05
5.82944e-05
6.21647e-05
5.24148e-05
3.91916e-05
7.07701e-05
5.74485e-05
6.44442e-05
6.51456e-05
8.16104e-05
8.35944e-05
8.42434e-05
8.47035e-05
8.6644e-05
8.62484e-05
7.2787e-05
0.000122048
0.000122697
0.00257284
0.00283628
0.00189284
0.0241438
0.0260733
0.0221406
0.0187871
0.0170186
0.0159447
0.0139907
0.0111643
0.00819129
0.00644987
0.00382899
0.0026918
0.00174334
0.00117288
0.000561343
0.000385378
0.000199245
0.000100899
5.65734e-05
3.78569e-05
0.00013764
5.601e-05
7.15269e-05
0.000117422
9.43168e-05
8.37077e-05
0.000163644
2.37758e-05
2.30077e-05
5.25395e-05
5.4796e-05
4.80206e-05
6.06632e-05
4.76772e-05
0.00013037
0.000138886
7.2258e-05
0.000173079
0.00149752
0.00205129
0.00175265
0.00165067
0.0013485
0.00117764
0.000720112
0.000651782
0.000891961
0.000674424
0.00066163
0.000718473
0.000678544
0.000522933
0.000633023
0.000609486
0.000506699
0.000554064
0.000513546
0.000463559
0.000404713
0.000519928
0.000435648
0.000375402
0.000367281
0.000323931
0.000439425
0.000338168
0.000316416
0.000307971
0.000373416
0.000318416
0.00030871
0.000227135
0.000169876
0.000334269
0.000484512
0.00044934
0.000351882
0.000207628
7.61298e-05
3.86939e-05
5.91988e-06
0.000169152
0.00126476
0.0013196
0.000881895
0.000617889
0.000549661
0.000414599
0.000281451
0.000163939
0.000107402
4.98651e-05
1.01479e-05
2.91536e-05
9.8465e-06
3.04372e-07
5.36544e-09
1.71949e-06
2.60939e-05
2.63141e-05
4.21392e-05
2.69926e-05
6.20158e-06
2.20835e-05
7.27769e-06
1.40419e-06
4.56256e-08
5.24703e-06
4.02348e-05
8.34005e-05
2.94202e-05
0.000147126
0.000134613
0.000253945
0.000265695
0.000185587
0.000363462
0.000484218
0.000274013
0.000438337
0.000404177
0.000401202
0.000349891
0.000467069
0.000830369
0.000472533
0.000585547
0.00077471
0.000616141
0.000338469
0.00034094
0.00101577
0.000993137
7.15202e-05
8.02007e-05
3.93606e-05
3.85445e-05
6.09018e-05
0.00010334
0.000122292
9.86812e-05
0.000141699
0.000154151
0.000145409
0.000164584
0.000219676
0.00018429
0.000203804
0.000171522
0.000190034
0.000192799
0.000196198
0.000209845
0.000263659
0.000242252
0.000199405
0.000260778
0.000204384
0.000202253
0.000180936
0.00018678
0.000190561
0.000210678
0.000170609
0.000235059
0.00015947
0.000128621
0.000110927
0.000122048
0.000108033
6.79089e-05
5.26827e-05
4.25461e-05
3.43825e-05
3.16492e-05
2.85236e-05
1.86534e-05
2.02933e-05
1.12983e-05
1.25018e-05
1.35757e-06
2.44935e-06
5.03675e-06
2.81129e-12
9.52376e-07
1.88642e-07
2.22133e-06
2.83824e-06
4.96131e-06
1.26994e-05
1.72037e-05
6.23133e-06
1.76891e-05
2.00314e-05
2.48123e-05
1.05989e-05
3.63556e-05
1.44402e-05
3.77612e-05
1.24986e-05
7.95349e-06
4.08908e-05
1.59485e-05
1.81323e-05
7.96142e-06
8.22008e-06
1.76039e-05
3.09101e-05
7.56295e-06
4.34297e-05
1.61555e-05
3.70535e-06
7.66625e-05
8.1481e-05
8.20331e-05
7.53918e-05
8.22815e-05
7.64262e-05
8.47641e-05
8.62297e-05
8.65949e-05
0.00270101
0.00272722
0.00441615
1.19998e-05
0.00788453
0.00636188
0.00526952
0.00468025
0.00474988
0.00457513
0.00372928
0.00338969
0.00232889
0.00169419
0.00101814
0.00084544
0.000367939
0.000199735
0.000137778
0.000216198
6.82098e-05
7.98539e-05
2.61419e-06
1.36331e-06
6.29928e-05
0.000104285
1.75625e-05
5.44997e-05
0.000251284
0.000138869
0.000153213
3.63049e-05
0.000163776
0.000173437
0.000346289
0.000337026
0.00230177
0.00262398
0.00153052
0.00083377
0.00249936
0.0022408
0.000920266
0.000618984
0.000343754
0.000667418
0.000288452
0.000189936
0.000256091
7.04623e-05
4.06008e-05
4.32011e-05
2.51713e-05
4.10787e-06
1.2295e-05
1.72436e-06
5.25729e-06
1.90808e-05
1.21043e-05
6.82793e-05
3.42212e-05
0.0149965
0.00960867
0.00166207
0.0066446
0.00366512
0.0022311
0.00100607
0.000425812
0.000130157
5.59599e-05
6.34341e-05
1.06675e-05
3.79412e-06
1.36237e-05
2.84567e-07
0.0111025
0.0103489
0.00976295
0.00867005
0.00753164
0.00654378
0.00578447
0.00471258
0.00312438
0.00241311
0.00159141
0.00147225
0.000802104
0.000164463
7.88725e-07
0.000200219
0.000587501
0.000322411
0.000268417
0.000212429
0.000193461
0.000146665
8.48725e-05
5.79926e-05
3.14137e-05
2.85515e-05
1.80797e-06
7.58874e-06
4.75006e-06
3.16214e-05
4.92557e-05
9.77724e-05
0.000120342
0.000149852
0.000208244
0.000229965
0.000223937
0.000261919
0.000202116
0.000294409
0.000439751
0.000376302
0.00044589
0.000385697
0.000292662
0.000293528
0.000420085
0.00043999
0.00047718
0.000697155
0.000924265
0.000749669
0.000960461
0.000785232
0.00114262
0.000856469
0.000692361
0.000430556
0.000396455
0.000338646
0.000452889
0.000662146
0.000985434
0.000879878
0.000502783
0.000699092
0.000949645
0.00111664
0.000918818
0.000982028
0.000332368
0.000362074
0.000352586
0.000386157
0.000361901
0.000374269
0.000400978
0.000387866
0.000428653
0.000459234
0.000428723
0.000414145
0.000477832
0.000354894
0.000473236
0.000475274
0.000460507
0.000503587
0.000462252
0.000530061
0.000477568
0.000369554
0.000485658
0.000517679
0.000515005
0.000430593
0.000442549
0.000403604
0.000516651
0.000414991
0.00042348
0.000387535
0.000377195
0.000407764
0.000390444
0.000407008
0.000369316
0.000349978
0.000260945
0.00026844
0.000237946
0.000175028
0.000207077
0.00015095
0.000120003
0.000101595
9.51938e-05
7.85766e-05
6.62057e-05
4.24156e-05
2.67824e-05
2.89194e-05
9.00123e-06
5.30897e-06
5.9438e-07
1.57666e-07
1.39709e-06
4.94916e-06
9.46907e-06
1.28596e-05
1.99738e-05
3.70344e-05
4.27359e-05
5.01262e-05
5.64275e-05
6.37287e-05
7.07079e-05
9.14696e-05
8.96044e-05
9.39192e-05
0.000100664
0.000102051
0.000102151
0.000103451
0.00010761
0.000114199
0.000113441
0.000112181
0.000115716
0.000115886
0.000116308
0.000160895
7.67337e-05
7.59303e-05
7.5915e-05
7.68849e-05
7.60792e-05
7.605e-05
7.39969e-05
8.81107e-05
0.0029609
0.000430466
3.49571e-05
0.00170576
0.0027281
0.00283029
0.00245934
0.00163514
0.00135314
0.000840937
0.000458525
0.000171395
0.000101882
1.51948e-05
9.9837e-07
0.00198711
0.00115928
0.000686275
0.000633234
0.000449928
0.000328571
0.000236758
9.42987e-05
2.6104e-05
1.49049e-05
1.93071e-06
9.37927e-06
5.96684e-06
8.43419e-07
1.90204e-07
2.07282e-05
1.97803e-06
5.97629e-06
7.85247e-05
1.16175e-07
0.00272545
0.00169533
0.00120614
0.00113785
0.000830868
0.000600984
0.000224295
0.000264097
5.15253e-05
1.84893e-05
0.000185997
0.000237701
9.0789e-05
0.000196807
0.000189991
0.000485005
0.000212626
0.00031203
5.75343e-05
0.000286696
0.000233009
0.000353153
0.000333563
0.000252959
0.000354543
0.000231536
0.000292048
0.000274749
0.000248892
6.57021e-05
7.58821e-05
0.000183796
0.000254902
0.000235348
0.000249193
5.70249e-05
0.000268842
0.00025678
0.000254755
1.59118e-07
3.8565e-07
2.08433e-06
0.0237715
0.00152974
0.00164619
0.00175279
0.00161832
0.00125617
0.0010225
0.000910067
0.000725899
0.000223053
0.000153321
1.33264e-06
9.98819e-05
0.000495945
0.00118702
0.000732552
0.000517227
0.000408087
0.000381087
0.000231805
0.000190009
8.68455e-05
5.34083e-05
2.15836e-05
4.85702e-07
7.84771e-06
9.75059e-06
1.42616e-05
1.18293e-05
6.0473e-05
5.57815e-05
0.000173085
0.000146405
0.00015706
0.000220495
0.000182052
0.000164315
0.000247825
0.000165728
0.000212299
0.000173178
0.000171621
0.000321007
0.000230204
0.000347007
0.000490315
0.00052335
0.00064993
0.000756294
0.000784675
0.000854956
0.00102758
0.000820401
0.000770068
0.000721757
0.000655738
0.000384384
0.000328582
0.000909617
0.000566772
0.000748844
0.000689239
0.000122228
1.51158e-05
1.65975e-07
3.4436e-05
0.000149578
0.00022684
0.000262891
0.000338246
0.000319657
0.000315397
0.000376029
0.000443468
0.00046752
0.00039662
0.000434466
0.000468204
0.000492057
0.000569325
0.000454627
0.000375049
0.000540454
0.000560107
0.000480066
0.000484033
0.000521896
0.000667106
0.00047931
0.000472749
0.000501722
0.000494894
0.000496805
0.000384827
0.000436127
0.00038735
0.000295437
0.000304877
0.000283638
0.000213475
0.000170551
0.000158072
8.53313e-05
5.64005e-05
4.01957e-05
1.19186e-05
3.31284e-06
4.44411e-08
3.89665e-07
3.23196e-06
1.79662e-05
3.9671e-05
3.01395e-05
6.27011e-05
7.16836e-05
6.72e-05
9.03757e-05
7.83857e-05
0.00010248
0.000121196
0.000110515
0.000140166
0.000126283
0.000139398
0.000152097
0.000148232
0.000131785
0.000160335
0.000134957
8.63993e-05
6.93959e-05
7.35275e-05
8.47143e-05
8.59516e-05
9.02999e-05
9.70459e-05
9.49387e-05
0.000118613
7.58218e-05
7.58597e-05
7.58813e-05
7.58563e-05
7.57114e-05
7.5412e-05
7.53542e-05
0.000227032
0.00155077
0.00226831
0.0127307
0.0090391
0.00763737
0.00934245
0.00587249
0.00573959
0.00423435
0.00325809
0.00230741
0.00167144
0.00122503
0.000440592
0.000153397
0.000138756
0.000103693
2.22151e-05
2.14835e-07
1.06719e-05
0.000138251
0.000130362
5.23203e-05
7.68237e-06
0.000107767
6.65448e-05
9.01764e-05
8.65454e-05
0.000161204
0.000300226
6.69349e-05
0.000277609
8.68215e-05
8.17646e-05
7.95144e-06
7.52332e-05
0.000391408
0.000283729
0.000245449
0.000103693
6.77478e-05
9.0682e-06
3.55025e-05
1.19191e-05
1.50367e-05
8.15505e-07
8.00767e-06
0.00150066
0.000889142
0.000572317
0.000421083
0.000186309
0.000118607
7.72926e-05
3.34161e-05
2.91806e-06
1.06456e-05
5.01304e-06
5.60297e-06
7.26758e-08
1.37398e-06
2.70702e-06
2.63412e-06
5.76544e-06
1.523e-06
2.74438e-05
2.35453e-06
1.2534e-05
8.82835e-06
7.84108e-06
2.5285e-06
2.11984e-05
0.00512389
0.00498494
0.00490355
0.00438873
0.00352014
0.00306738
0.00201759
0.00126118
0.000827955
0.000193651
5.0853e-07
0.000100442
0.000544507
0.000612954
0.000386441
0.000262451
0.000199782
0.000125875
8.59763e-05
4.16902e-05
1.77133e-05
3.70405e-05
1.823e-06
6.34939e-07
1.08704e-05
2.17101e-05
4.64279e-05
0.00010472
0.000138861
0.000151862
0.000188229
0.000123976
0.000110167
0.000221257
0.000335796
0.000287355
0.000249915
0.000210947
0.000262933
0.00022148
0.000284229
0.000178803
0.000316781
0.00052447
0.000579251
0.000439036
0.000478821
0.000490135
0.000556327
0.000501053
0.000547363
0.00044196
0.00053975
0.000551628
0.000408828
6.09601e-05
0.000859793
0.000159047
0.000146858
0.00024281
0.000289081
0.000326209
0.00033191
0.000404612
0.000361986
0.00028804
0.000348698
0.000288473
0.000265957
0.000320303
0.000331593
0.000381172
0.00032006
0.000428238
0.000336285
0.000333916
0.000307412
0.00032407
0.000334734
0.000317113
0.000356373
0.00031843
0.000295647
0.000339963
0.000287583
0.000250177
0.000238334
0.000178403
0.000205708
0.000172545
0.000152059
0.000136997
0.000157771
0.00015482
9.54915e-05
0.000100449
7.23005e-05
7.81596e-05
5.47822e-05
3.29251e-05
3.58383e-05
6.57348e-06
9.67179e-06
3.02586e-06
9.50473e-07
5.53878e-07
6.21869e-07
2.72945e-06
4.50231e-06
1.30951e-05
1.85845e-05
1.69082e-05
3.52844e-05
3.77239e-05
4.37492e-05
5.69321e-05
5.98737e-05
7.0088e-05
6.73133e-05
7.57966e-05
8.02305e-05
7.82182e-05
7.84465e-05
7.98987e-05
9.53627e-05
9.44581e-05
9.69657e-05
9.17256e-05
9.02648e-05
8.67933e-05
7.72458e-05
8.02451e-05
8.03748e-05
8.06097e-05
8.07292e-05
8.11093e-05
8.16948e-05
8.16224e-05
7.90459e-05
0.00119847
0.00153739
7.09886e-05
0.0312461
0.0202483
0.0176215
0.0144789
0.0151091
0.0160388
0.0150804
0.0141015
0.0120697
0.009757
0.00721757
0.00537673
0.00334902
0.00232911
0.00119101
0.000681204
0.000333458
0.000204032
0.000206792
4.98084e-05
2.87578e-05
4.93378e-05
3.28548e-05
0.000129103
0.000125326
0.00017411
0.000151242
0.000137971
7.64886e-05
6.23813e-05
0.00014702
7.67469e-05
4.61009e-05
8.6835e-05
0.000105979
8.99136e-05
9.45197e-05
0.000119132
0.000136147
2.70098e-05
0.000137968
0.000127296
4.58976e-05
4.63789e-05
0.00187989
0.00172079
0.00148043
0.00154083
0.00151723
0.00135757
0.0014059
0.00122271
0.00119651
0.0011066
0.000963897
0.000924407
0.000820563
0.000806637
0.000627622
0.000657506
0.000788608
0.000654696
0.000571662
0.000542281
0.000502772
0.000410733
0.000474537
0.000465612
0.000333969
0.000304116
0.000279278
0.000317337
0.000507744
0.000232353
0.000220281
5.29603e-07
8.25007e-05
0.000390677
0.000899157
0.00154155
0.00141329
0.000765455
0.000766673
0.000472673
0.000260911
0.00025382
0.000178202
9.60585e-05
6.22155e-05
1.36843e-05
2.64838e-06
7.53538e-06
1.37749e-06
2.04143e-05
6.60398e-05
4.28679e-05
6.21673e-06
7.12969e-06
4.66765e-06
3.61857e-05
2.10205e-05
3.10384e-05
8.48481e-05
3.45623e-05
0.000113878
5.10336e-05
0.000254605
0.000272727
0.000326795
0.000337758
0.000373656
0.000326088
0.000307823
0.000398715
0.00041092
0.000574547
0.000797341
0.000618412
0.000566176
0.000476764
0.000359454
0.000617001
0.000692645
0.000741998
0.000778338
0.00098628
0.000489706
0.000449876
0.000422981
0.000355272
0.000425305
0.000347458
0.00040715
0.000384274
0.000333978
0.000341652
0.000304209
0.000248624
0.000285384
0.000275479
0.000267686
0.000245201
0.000250727
0.000259672
0.000169723
0.000239638
0.000175861
0.000216329
0.000217089
0.000204384
0.000166071
0.000166723
0.000112673
9.24887e-05
0.000125028
0.000110432
0.000100546
0.000126974
0.000127976
8.62792e-05
7.58735e-05
7.57047e-05
7.95812e-05
4.40683e-05
3.33866e-05
5.21955e-05
3.75751e-05
4.01695e-05
3.05203e-05
3.69627e-05
2.97973e-05
7.66391e-06
8.24745e-06
7.79254e-06
3.25054e-06
7.71152e-08
1.95038e-06
3.48174e-07
2.11778e-07
1.13159e-06
6.9458e-11
5.7956e-08
6.12199e-08
2.82289e-07
4.72389e-07
1.23252e-06
1.64902e-06
1.87798e-06
2.41651e-06
3.20278e-06
3.62389e-06
1.29073e-05
1.47838e-05
1.35103e-05
1.60707e-05
1.59448e-05
2.36131e-05
2.9162e-05
4.29508e-05
2.8769e-05
3.68858e-06
8.24323e-06
2.47377e-05
2.92486e-05
1.64061e-05
1.71824e-05
4.4534e-05
3.14638e-05
7.41299e-05
0.000137409
0.00162716
0.00157318
0.00174341
0.00187277
0.00248193
0.00019382
0.000214244
0.000230904
0.000246419
0.000828075
0.00393139
0.000245753
0.00270907
0.00216418
0.00214014
0.00171464
0.00116102
0.00092488
0.000510523
0.000125502
4.20651e-05
2.62732e-05
4.79168e-06
1.78283e-05
1.41322e-05
1.34806e-05
2.41084e-05
7.37399e-05
9.6506e-05
0.00013262
0.000266755
0.000454461
0.000163772
0.000361277
0.000433269
0.000324151
0.000279465
0.000227092
0.000420473
0.000312542
0.000423329
0.00166651
0.000762661
0.00076777
0.0013896
0.000737375
0.000494383
0.00063614
0.000231742
0.000394084
0.000183277
6.66745e-05
4.37566e-05
1.42432e-05
1.35605e-05
4.23854e-06
4.96752e-05
1.84041e-05
2.04834e-06
4.16434e-06
4.36834e-06
9.83515e-06
1.45383e-05
7.50187e-05
5.8044e-06
1.22891e-05
1.32922e-05
2.65107e-07
3.65362e-05
2.94108e-05
1.15074e-05
7.90392e-06
1.00614e-05
0.0110599
0.00728985
0.00457325
0.00211559
0.000860309
0.000412437
0.000187278
8.6591e-05
3.68836e-05
2.05801e-05
9.67575e-06
0.00732126
0.00712124
0.00649392
0.00577204
0.00504253
0.00432412
0.00365182
0.00271264
0.0019902
0.000614174
0.000240566
0.000164877
0.00021465
0.000859966
0.000801791
0.000590708
0.000477045
0.000422818
0.000375401
0.000278883
0.000183113
0.000112776
4.15161e-05
2.84054e-05
4.95285e-05
8.19879e-07
2.56769e-06
7.1238e-06
0.000108248
0.000111634
0.000156154
0.000190134
0.000209575
0.000318543
0.000253184
0.000508567
0.00043844
0.000383452
0.00050814
0.000459943
0.000342085
0.000547585
0.000357287
0.000426405
0.000405723
0.00068995
0.000927024
0.000671188
0.000570956
0.000523545
0.00030533
0.000242076
0.000566724
0.000510826
0.000792034
0.000572361
0.000581229
0.000516776
0.000699443
0.000404211
0.000933171
0.00113552
0.000245529
0.000283518
0.00023635
0.000245298
0.000229731
0.000219263
0.0002836
0.000213698
0.000283702
0.000223384
0.000241485
0.000277925
0.000246458
0.00023945
0.000234344
0.000248385
0.000239743
0.000231263
0.00021056
0.000276767
0.00020966
0.000242041
0.000180125
0.000247928
0.000244171
0.000206926
0.000241031
0.000205469
0.000233147
0.000187027
0.000233975
0.000175633
0.000168381
0.000146259
0.000114463
0.000111271
5.95373e-05
4.43407e-05
3.74363e-05
1.90894e-05
1.49382e-05
5.4414e-06
1.44972e-06
1.12524e-06
4.85833e-06
5.92246e-06
1.83291e-05
2.85339e-05
3.48894e-05
5.78915e-05
7.27222e-05
7.37063e-05
8.18371e-05
0.000103856
0.000114575
0.00012193
0.000133096
0.000135331
0.000142169
0.000141608
0.000150937
0.000156633
0.000160971
0.000157173
0.000159774
0.000162616
0.000157095
0.000159598
0.000163956
0.000166157
0.000169614
0.000183981
9.00385e-05
9.08356e-05
9.01224e-05
9.10357e-05
9.07959e-05
9.0083e-05
8.76252e-05
0.000952956
0.00126562
0.000918325
0.00523053
0.00504596
0.0045817
0.00415572
0.00311109
0.00241313
0.00142773
0.00105242
0.0043126
0.00344115
0.00199804
0.00156116
0.00142961
0.000904587
0.000878458
0.000635483
0.000379786
0.000161976
0.000208216
0.000114416
3.4358e-05
3.51239e-06
1.81369e-06
3.33277e-06
5.51501e-07
0.00236147
0.00137868
0.00106353
0.000860983
0.000754162
2.48405e-05
2.13356e-06
5.34326e-06
3.22981e-08
6.67239e-06
1.16343e-05
4.33169e-05
2.5059e-05
8.99431e-05
0.000120751
0.000251078
0.000239112
0.00012719
0.000240716
0.000254009
0.000309701
0.000257207
0.000308607
8.45458e-05
0.00014307
0.000288697
0.000302711
0.00028825
9.36788e-05
0.00016925
0.000363
3.70371e-05
2.7967e-05
0.000663455
0.000837377
0.00110382
0.000915334
0.000913856
0.000823569
0.000615012
0.000398055
0.000220784
5.0701e-05
2.32094e-05
0.000209881
0.00128157
0.00101671
0.00060886
0.000424229
0.000293184
0.00019071
0.000133489
4.94354e-05
0.000103872
2.42165e-05
1.58899e-05
6.67081e-06
4.42868e-08
1.95805e-05
9.08978e-05
0.000275695
0.000236714
0.000309789
0.000284304
0.000330364
0.000379572
0.000413769
0.000497931
0.000308029
0.000390968
0.000380171
0.000769483
0.000632461
0.000836519
0.000694612
0.000560507
0.000716821
0.000822529
0.000923239
0.00116391
0.000917782
0.000639282
0.000431546
0.000495283
0.000552111
0.000154331
2.46224e-05
1.94114e-06
6.86535e-05
0.000157543
0.000200367
0.000240099
0.000290752
0.000306746
0.000372523
0.00041362
0.000454796
0.000519329
0.000500069
0.000543941
0.000504584
0.000462899
0.00054204
0.000387941
0.000549657
0.000526917
0.000472904
0.000463593
0.000577242
0.000535672
0.000488039
0.000502239
0.000459185
0.00049429
0.000501384
0.000463583
0.000386432
0.000360625
0.000334294
0.00028684
0.000252155
0.000237563
0.000140272
8.23326e-05
5.32334e-05
2.88403e-05
1.55157e-05
6.16884e-06
9.59978e-08
9.57148e-07
6.76489e-06
1.63611e-05
3.8348e-05
6.72076e-05
6.468e-05
0.000101633
9.48482e-05
0.000106522
0.000131065
0.00011584
0.000155436
0.000139004
0.000149732
0.000164202
0.00018135
0.000151971
0.000191533
0.000176598
0.000192622
0.000166918
0.000191366
0.000175319
0.000191441
0.000103024
0.000102002
0.000106903
0.000153142
0.000153716
0.000165088
0.00016959
7.92674e-05
7.93667e-05
7.9357e-05
7.93492e-05
7.93132e-05
7.88286e-05
0.000654141
0.00616093
0.0200912
0.0151643
0.01058
0.00928535
0.00869375
0.00672985
0.00576184
0.00385043
0.0028686
0.00195131
0.00117071
0.000545576
0.000227011
0.000327422
0.000227154
0.000186018
1.75456e-08
9.06103e-06
1.08434e-05
1.76096e-05
3.21727e-05
2.27889e-05
9.08404e-07
1.63076e-05
5.33097e-06
3.28343e-05
7.15422e-05
6.14044e-05
1.82146e-05
9.51937e-06
8.50294e-05
0.000578478
0.000398462
0.000151214
8.86131e-05
3.23615e-05
3.07823e-06
1.74029e-05
3.02447e-08
1.74566e-05
0.00172682
0.000993767
0.000712851
0.000324148
0.000206997
0.000136048
3.25522e-05
3.81992e-05
1.64287e-05
3.32456e-06
2.24073e-08
3.54471e-06
1.96062e-06
2.53195e-06
5.74806e-06
9.73738e-06
1.11819e-06
7.15408e-07
5.09195e-06
1.06603e-05
2.98971e-05
2.91757e-05
0.00548223
0.00542619
0.00516271
0.00457317
0.00413472
0.00343164
0.0025419
0.00182549
0.00125939
0.000604985
9.22308e-05
7.48151e-08
5.56143e-06
0.000477058
0.000418963
0.000287019
0.00020638
9.87797e-05
0.000103589
2.95822e-05
1.33307e-05
2.3042e-06
5.85026e-09
6.6394e-08
6.11363e-06
1.8582e-05
2.73043e-05
4.392e-05
7.01771e-05
0.00010322
9.16596e-05
0.000146528
7.15117e-05
0.000131109
0.000321096
0.00030813
0.000263933
0.000216955
0.000203644
0.000218347
0.000130561
0.000145517
6.28734e-05
0.000231099
0.0004968
0.000491198
0.000455441
0.000433846
0.000423539
0.000454796
0.000498373
0.000759088
0.000686602
0.000578014
0.000654643
0.000575857
0.000477767
0.000550629
0.000930022
0.000113097
0.000165195
0.000192858
0.000226294
0.000303524
0.000274085
0.000283759
0.000230806
0.000379004
0.000294406
0.000328775
0.000308975
0.000331046
0.000340657
0.000389235
0.000344596
0.000335045
0.000353386
0.000379594
0.000320399
0.000335915
0.000351612
0.00035065
0.000292224
0.000289808
0.000328766
0.000384445
0.00032421
0.000369038
0.00038342
0.000348468
0.000284667
0.000294779
0.000222939
0.000268931
0.000281894
0.000248179
0.000246896
0.000198098
0.000213394
0.000139563
0.000165315
0.000137133
9.14539e-05
7.74499e-05
5.88748e-05
5.3822e-05
3.36129e-05
2.24698e-05
1.68438e-05
1.2578e-05
9.11824e-06
5.33239e-06
2.54272e-07
8.89575e-09
7.05294e-07
3.39342e-06
5.6929e-06
6.5949e-06
8.65072e-06
2.07278e-05
2.29229e-05
2.37815e-05
2.19424e-05
3.33708e-05
3.58736e-05
3.83273e-05
4.27213e-05
5.98094e-05
3.7563e-05
4.82698e-05
4.06155e-05
4.17236e-05
7.69484e-05
7.71449e-05
7.75403e-05
7.7118e-05
7.74274e-05
7.79291e-05
0.00211825
0.00366966
3.84772e-06
0.0162104
0.0132791
0.00944506
0.0103113
0.0122722
0.0109836
0.0116149
0.00998801
0.00848983
0.00635111
0.00474785
0.00276039
0.0018069
0.000746383
0.000583159
0.000232591
0.000142423
4.8182e-05
4.20726e-05
2.05299e-10
7.31362e-07
3.21108e-06
5.88664e-06
0.00010412
7.82925e-05
8.9481e-05
0.000255087
0.000200274
0.00012327
0.000166921
0.000503643
0.000401361
0.000410651
0.00034732
0.000373421
0.000319912
0.000257577
0.000266276
0.000232554
0.000203443
0.000132698
0.000120006
0.000117382
0.000141409
4.68146e-05
0.000264093
0.00026631
0.000212673
0.000170294
0.000122143
3.47236e-05
7.80216e-05
0.000231317
0.000207196
0.000209326
0.000233587
0.000911324
0.000600985
0.000449133
0.000351493
0.000218744
0.000169501
8.94923e-05
0.000925779
0.000784862
0.000527318
0.000378524
0.000250685
0.000131542
8.82941e-05
6.0151e-05
3.88369e-05
0.00342567
0.00342571
0.00338246
0.00293932
0.00215293
0.00140398
0.000776857
0.000690878
1.99475e-06
0.000138565
0.000521208
0.000728885
0.000477153
0.000339596
0.000265837
0.000158836
0.000174459
7.49578e-05
3.48844e-05
2.16582e-05
1.66488e-06
1.25987e-06
1.03072e-07
2.39335e-05
2.80868e-05
2.87749e-05
2.00055e-05
1.39098e-05
2.42626e-05
4.28463e-05
2.65333e-05
2.07929e-05
5.15501e-05
0.000105051
6.47335e-05
4.01909e-05
0.000112288
1.94896e-05
5.21644e-05
1.78684e-05
9.19651e-05
9.37483e-05
0.000544619
0.00019553
0.000180955
0.000324744
0.000320066
0.000512427
0.000476665
0.000413667
0.000341499
0.000575878
0.000856061
0.000909325
0.000666087
0.000735721
0.000312751
0.000605113
0.000553806
0.000481749
0.000473872
0.00044967
0.000415373
0.000407762
0.000410721
0.000326078
0.000372933
0.000321959
0.000294569
0.000348304
0.000340103
0.000331702
0.000353896
0.000307549
0.000277603
0.000287383
0.000268898
0.000231773
0.000270358
0.000194581
0.000136344
0.000177807
0.000178748
0.000167584
0.000159438
0.000137397
0.000142025
0.000138164
7.66696e-05
8.26293e-05
7.25573e-05
8.5158e-05
5.66356e-05
5.54256e-05
4.84102e-05
4.51182e-05
1.87832e-05
3.46589e-05
8.87545e-06
1.88029e-05
1.27174e-05
1.05687e-05
4.2578e-06
4.41694e-06
2.50225e-06
2.57989e-06
1.91854e-06
8.43894e-07
1.40249e-06
3.47994e-07
1.9648e-08
1.08282e-07
4.28265e-08
1.23343e-06
1.30519e-07
2.86439e-07
3.20978e-06
9.65934e-07
1.28106e-06
3.08749e-06
1.33694e-06
6.17674e-07
1.26576e-06
1.22434e-06
2.41944e-06
1.20159e-06
9.90329e-07
1.07414e-06
1.29311e-06
4.61048e-07
4.20435e-07
2.15482e-07
3.0378e-07
4.98902e-06
0.000148279
0.000153811
0.00016245
0.000171225
0.000182913
0.000197607
0.000214269
0.000226306
0.00346265
0.00529135
1.36412e-08
0.000291197
0.00382881
0.00304294
0.00323897
0.00295557
0.00260396
0.00227417
0.00104375
0.000432148
0.000192566
5.10327e-05
3.28756e-05
4.69176e-06
2.44408e-06
8.05001e-07
8.49068e-06
5.5876e-05
7.95479e-05
0.000121353
0.000123063
0.000121273
0.000177704
0.000247202
0.00037396
0.000166209
0.000292932
0.000225476
0.00016436
6.76706e-05
4.86238e-05
0.000204791
0.00240179
0.00253778
0.00185077
0.000889104
0.002425
0.00174187
0.000976302
0.000762722
0.0003872
0.000127215
9.03672e-05
3.98383e-05
3.32116e-06
2.19272e-06
6.08858e-08
7.15878e-06
1.60425e-05
5.49589e-06
1.8417e-06
2.22286e-05
2.9309e-06
2.0225e-05
1.16226e-05
2.04442e-05
3.49224e-05
1.23729e-05
1.96011e-07
7.66217e-06
2.6212e-05
5.5399e-08
0.0147842
0.00843431
0.00488096
0.00325295
0.00146087
0.000705637
0.000285539
0.000120009
7.31457e-05
3.49096e-05
2.16669e-05
1.73623e-07
0.00940124
0.00869012
0.00807596
0.00737013
0.00639017
0.00572285
0.00475715
0.0036318
0.00219033
0.00145499
0.000524702
0.000289449
0.000217964
0.000474773
0.000355689
0.000293008
0.000202973
0.00017699
0.000128201
7.57367e-05
5.81536e-05
1.09455e-05
2.30565e-06
4.05128e-06
1.05207e-05
2.04367e-05
3.76861e-05
4.6178e-05
0.000116238
7.71709e-05
0.00012455
0.000218073
0.000202493
0.000175952
0.000193665
0.000293399
0.000194845
0.000342122
0.000229143
0.000333117
0.000191915
0.00030385
0.0001843
0.000256266
0.000262217
0.000204617
0.000393973
0.000373409
0.000428678
0.000424744
0.000587713
0.000446669
0.000321782
0.000429717
0.000377555
0.000363829
0.000549113
0.000401572
0.00036733
0.000427263
0.000457131
0.000351931
0.000355111
0.000384388
0.000409096
0.000325465
0.000319449
0.000396886
0.000392879
0.000296605
0.000415655
0.000365243
0.000325026
0.000407106
0.000484979
0.000370692
0.000411352
0.000364068
0.000352076
0.00033969
0.000332773
0.000429545
0.000378184
0.000326467
0.000379455
0.000393789
0.000436413
0.000480853
0.000393702
0.000417582
0.000373752
0.000339552
0.000428363
0.00032724
0.000261999
0.000280416
0.000392579
0.000381306
0.000359095
0.00026944
0.000298816
0.000350675
0.0003527
0.000283596
0.000388602
0.000286522
0.000354413
0.0003338
0.000481735
0.000309018
0.000285623
0.000349827
0.000382899
0.000269214
0.000290851
0.00026296
0.000229044
0.000202048
0.00018993
0.000163782
0.00014742
0.000125443
0.000111759
0.000100485
8.31326e-05
6.75101e-05
0.000350596
0.000177725
0.000147673
0.000231694
0.000191161
0.000165438
0.000136584
0.000114765
8.59583e-05
7.21306e-05
5.72659e-05
4.6212e-05
3.59237e-05
3.04604e-05
2.86318e-05
2.12685e-05
1.79487e-05
1.67134e-05
1.17743e-05
8.10573e-06
6.55649e-06
3.69631e-06
2.04049e-06
0.000680778
0.000642185
0.000610561
0.000548468
0.000522535
0.000495174
0.000499394
0.000458096
0.000421947
0.000362792
0.000321947
0.000298193
0.000271947
0.000249485
0.000219035
0.000198569
0.000170964
0.000145694
0.000110262
9.18831e-05
8.50877e-05
3.80936e-05
1.66271e-05
8.48808e-06
1.2434e-05
5.50068e-06
5.23446e-07
4.26759e-06
1.87451e-06
6.95646e-06
1.2426e-05
3.36084e-05
5.4897e-05
8.31096e-05
0.000107803
7.96291e-05
0.000110155
0.000143314
0.000184628
0.00015508
6.03393e-05
2.23944e-05
2.19462e-05
1.5406e-06
3.98629e-07
1.47953e-05
1.48932e-05
3.61274e-06
1.22844e-06
2.40808e-05
6.22355e-05
2.18165e-05
3.2955e-05
0.000113896
0.00018842
9.52596e-05
6.69741e-05
0.00011594
0.000174439
0.000245621
0.000177946
0.000150106
0.000237341
0.000527053
0.000534794
0.000729056
0.000524874
0.000713384
0.000547988
0.000672577
0.000594119
0.000976462
0.000527613
0.000629221
0.000692998
0.00103949
0.000666925
0.000885763
0.00104881
0.000873117
0.00104896
0.000671563
0.00078289
0.00046874
0.00059284
0.000575767
0.000495672
0.000600137
0.000876224
0.000959333
0.000918468
0.00113228
0.000737175
0.000983209
0.000964377
0.000906443
0.000898514
0.000869147
0.000706228
0.000829238
0.000778572
0.000917329
0.000909411
0.0008793
0.00091081
0.000903338
0.000853111
0.000668514
0.000801416
0.000797247
0.000770096
0.000756126
0.000717697
0.000694398
0.000629047
0.000585562
0.000646658
0.000570917
0.000572658
0.00055341
0.000560588
0.000481475
0.000484915
0.000466268
0.000473459
0.000467329
0.000477789
0.000447276
0.000422863
0.000426798
0.000411995
0.000369648
0.000374166
0.000367319
0.000400686
0.000416136
0.000419707
0.000402578
0.00039103
0.000384943
0.000358222
0.000321616
0.000226027
0.000225394
0.000216974
0.000373217
0.000376875
0.000360537
0.00034578
0.000336614
0.000234288
0.000335712
0.00033961
0.000321293
0.000276781
0.00027921
0.000313149
0.000288084
0.000272811
0.000285488
0.000288797
0.000275998
0.00027776
0.000267113
0.000220915
0.000219895
0.000209561
0.00021185
0.000210792
0.000196142
0.000194375
0.000180869
0.000182906
0.00018124
0.00016558
0.00014325
0.000133197
0.000120145
9.39181e-05
8.94546e-05
7.73538e-05
7.94669e-05
7.21697e-05
6.91902e-05
6.57105e-05
5.08508e-05
3.71405e-05
3.35476e-05
2.87711e-05
2.85869e-05
2.58768e-05
2.15878e-05
7.70935e-06
4.33511e-06
9.67146e-06
7.32958e-06
5.38194e-07
1.10297e-07
1.47504e-07
8.02961e-07
1.93299e-06
2.39399e-06
3.90293e-06
1.01422e-05
1.28183e-05
1.81232e-05
1.91288e-05
2.21567e-05
2.95005e-05
2.84639e-05
3.77772e-05
4.82397e-05
5.56265e-05
6.0516e-05
6.87201e-05
6.99303e-05
7.44511e-05
8.43343e-05
9.13334e-05
9.49428e-05
0.000101921
0.000106731
0.000110277
0.000115461
0.000120048
0.000129737
0.00012981
0.000131602
0.000138673
0.000142708
0.000142579
0.000162788
0.000163175
0.00017585
0.000184741
0.000183059
0.000184804
0.000192316
0.000190912
0.000200788
0.000197542
0.000198787
0.000208254
0.000205529
0.000197708
0.000208735
0.000204966
0.000204531
0.000222523
0.00021771
0.000205487
0.000222714
0.000200301
0.000196495
0.000197338
0.00021468
0.000211977
0.000208482
0.000210921
0.000205914
0.000233605
0.00023681
0.000248708
0.00022907
9.64159e-05
9.6406e-05
9.63772e-05
9.63787e-05
9.63608e-05
9.63612e-05
9.64043e-05
9.63639e-05
9.68687e-05
9.67858e-05
9.8699e-05
0.000169082
0.000169584
0.000169926
0.000827697
0.000188965
0.000206874
0.000228019
0.000193878
0.00138187
0.00119326
0.00147588
0.00130229
0.00143252
0.00126874
0.000902952
0.000775787
0.000357831
0.000288346
0.000267573
9.00009e-05
6.61309e-05
5.40802e-08
2.05179e-06
6.88662e-05
8.0072e-05
7.18781e-05
0.000111594
0.00011576
0.000107086
4.06822e-05
0.000168565
0.000175079
0.000273841
0.000276358
0.000346352
0.00034644
0.000219771
0.000214628
0.000152511
0.000107572
0.000109478
9.85577e-05
6.05933e-05
5.9745e-05
7.58445e-05
7.37635e-05
6.50987e-05
0.00011981
0.000123467
0.000117996
0.000103965
0.000181703
0.00013655
0.000122188
6.86733e-05
4.5589e-05
4.86886e-05
3.25593e-05
1.78752e-06
1.47026e-06
6.27051e-06
4.81964e-06
2.83603e-05
1.50819e-05
1.90474e-06
6.23587e-07
2.50616e-05
2.95577e-05
6.87001e-05
6.26967e-05
1.64218e-05
1.87777e-05
1.83924e-05
9.46938e-06
8.45937e-06
2.0634e-05
2.22196e-05
2.47774e-05
2.46225e-05
2.25808e-05
1.2833e-06
6.12848e-06
8.74003e-05
8.7761e-05
4.40417e-05
7.08616e-05
0.000177282
0.000219898
0.000257139
0.000332628
0.000273075
0.000339262
0.000460556
0.00064347
0.000380174
0.000368846
0.000471228
0.000452815
0.000528433
0.000468975
0.000585596
0.000959163
0.000829873
0.000461404
0.000929553
0.000586433
0.00110986
0.000591773
0.0011202
0.000944269
0.000785106
0.00138956
0.00117611
0.000839902
0.000948161
0.000802672
0.0010338
0.00114025
0.0262483
0.0182127
0.011352
0.00633569
0.00338396
0.00181348
0.000839492
0.000407771
0.000152092
7.16942e-05
3.83809e-05
1.18589e-05
7.37354e-06
2.32866e-06
5.28845e-07
2.85545e-07
4.47628e-07
1.32776e-08
9.29261e-08
1.01437e-06
9.31182e-08
1.03965e-06
1.92482e-06
8.96029e-07
5.92999e-06
0.000134472
0.000101039
3.51149e-05
2.33603e-05
1.70483e-05
1.1009e-05
2.48677e-06
3.57104e-06
7.13827e-06
0.00735337
0.00689246
0.00647355
0.00606135
0.00476742
0.00429827
0.00378541
0.00351468
0.00329654
0.00315626
0.00280858
0.00255331
0.00214575
0.00201105
0.00162509
0.00129238
0.0011077
0.00105975
0.000733348
0.000640104
0.000298001
0.000311631
9.8467e-05
7.24845e-05
1.65402e-06
7.79387e-06
5.85049e-06
8.95176e-05
0.000101145
0.000407775
0.000448032
0.000498039
0.00117949
0.00121621
0.000823734
0.00112445
0.00120945
0.00103012
0.00105156
0.000925567
0.000632649
0.000740484
0.000580438
0.000525519
0.000395917
0.000427339
0.000432638
0.000369629
0.000386384
0.00033698
0.000272583
0.000312372
0.000206339
0.000151739
0.000177155
0.000184558
0.000123739
0.000142899
8.00092e-05
6.67281e-05
4.87014e-05
5.75279e-07
6.02908e-08
2.50582e-06
3.08742e-06
8.06592e-08
4.23014e-06
1.64617e-07
7.45889e-06
3.01998e-05
1.56208e-05
5.06034e-05
5.50457e-05
4.19452e-05
6.03188e-05
3.98994e-05
3.67658e-05
0.000106604
7.93686e-05
0.000147937
5.29682e-05
8.095e-05
0.000121971
9.43009e-05
5.86446e-05
6.57113e-05
3.45559e-05
9.91219e-05
8.21001e-05
0.000183155
0.000176901
0.000126208
0.000173443
0.000181642
0.000143791
0.00031383
0.00016446
0.00020562
0.000247743
0.00025193
0.000177878
0.00013268
0.00028338
0.000455282
0.000276844
0.000290558
0.000392176
0.00047841
0.00040189
0.000569213
0.000309854
0.000498747
0.000391901
0.000505317
0.000563263
0.00031272
0.000492159
0.000660679
0.000442909
0.000563987
0.000600621
0.000489566
0.000341697
0.000528423
0.000409575
0.000155273
4.37561e-05
0.000185696
0.000317778
0.000430818
0.000523796
0.000220982
0.000321674
0.000153453
0.000243067
0.000212462
0.000290723
0.000312664
0.000479134
0.00031719
0.00042816
0.00038011
0.000521456
0.000755402
3.778e-05
0.000934301
9.58403e-05
0.000118796
0.000186662
0.000200936
0.000232603
0.000171011
0.00020729
0.000309103
0.000312286
0.000329326
0.000341009
0.000330686
0.000329573
0.000253867
0.000259393
0.00029242
0.000288844
0.000299677
0.000302413
0.000305826
0.000301583
0.000265954
0.000279661
0.000321879
0.000296838
0.000358085
0.000357797
0.000286373
0.000281481
0.000269517
0.000280822
0.000253257
0.000283569
0.000294562
0.000281611
0.000293614
0.000289169
0.000269596
0.000260053
0.00027005
0.000259683
0.000218523
0.000206903
0.00025599
0.000265243
0.000251453
0.000264795
0.000273629
0.000269995
0.000198759
0.00020195
0.000294646
0.000302573
0.000293004
0.000229686
0.000237603
0.00023383
0.000259612
0.000254564
0.000252065
0.000259242
0.000251701
0.000202681
0.000193913
0.000214931
0.000217535
0.000213723
0.000200874
0.000202168
0.000188965
0.000187735
0.000133585
0.000121629
0.000112117
0.000138906
0.000137139
0.000130976
9.68298e-05
9.31674e-05
8.32644e-05
7.52226e-05
6.27778e-05
8.64969e-05
8.46871e-05
7.68342e-05
5.58376e-05
5.28768e-05
4.48441e-05
5.23532e-05
5.03814e-05
4.06019e-05
1.87771e-05
1.45181e-05
1.3045e-05
1.09857e-05
5.46062e-06
4.23337e-06
2.2188e-06
1.10196e-06
6.21734e-07
3.81298e-07
1.61404e-06
3.47009e-06
5.06049e-06
7.94476e-06
9.91131e-06
1.20229e-05
1.2179e-05
2.38358e-05
2.71349e-05
3.04307e-05
3.01548e-05
3.7454e-05
4.00011e-05
4.48937e-05
4.99116e-05
6.1754e-05
6.51846e-05
7.25693e-05
7.15961e-05
7.35103e-05
7.58077e-05
8.16057e-05
8.24154e-05
8.33173e-05
8.93043e-05
9.66756e-05
0.000106935
0.000109607
0.000106821
0.000108488
0.000105686
0.000104717
0.000106935
0.000118571
0.00011919
0.000131384
0.000133588
0.000139207
0.000139013
0.000143861
0.000200328
0.000189514
0.000183264
0.000176171
0.000174523
0.000169992
0.000168423
0.000169172
0.00016847
0.000166692
0.000164399
0.000164606
0.000171835
0.000173329
0.000158901
0.000156268
0.000159459
0.000158893
0.000157371
0.000155011
0.000154495
0.000153909
0.000156548
0.000169005
0.000174281
0.000161717
0.000159195
0.000160841
0.000158518
0.000184943
0.00018945
9.50689e-05
9.51035e-05
9.5123e-05
9.51078e-05
9.51112e-05
9.51047e-05
9.493e-05
9.49599e-05
9.4996e-05
9.50755e-05
9.94724e-05
9.96052e-05
0.000100363
0.00371551
0.00347179
0.000803551
0.000794571
0.000643388
0.000524009
0.00176766
0.00158465
0.00168611
0.00154188
0.00140448
0.00126138
0.000836544
0.000774005
0.000678484
0.000260161
0.000205964
8.5455e-05
6.15975e-05
7.76633e-06
3.57884e-06
6.99447e-06
2.36565e-06
2.95877e-06
5.18026e-06
1.90059e-05
2.45427e-05
2.13479e-05
2.66137e-05
5.36528e-05
5.49394e-05
0.000116291
0.000118595
0.000204866
0.00020134
0.0001856
0.000180572
0.00018833
0.000185809
0.000172359
0.000140675
0.000135345
0.000244121
0.000214645
0.000120758
0.000100302
6.50322e-09
0.00182544
0.0014567
0.00102527
0.000792176
0.000624087
0.000478345
0.000711868
0.000542259
0.000481041
0.000356064
0.000311923
0.000244938
0.000174025
0.000101407
6.84755e-05
0.000109018
2.78359e-05
1.29212e-05
5.34585e-05
3.12692e-05
1.19443e-05
4.33292e-06
2.7713e-05
1.31649e-05
4.36329e-06
2.38389e-07
8.98514e-08
3.00977e-07
1.79624e-05
2.11233e-05
5.74473e-07
1.83436e-07
3.75064e-09
2.23393e-05
0.00458542
0.00380309
0.00216842
0.00166723
0.00139395
0.00101468
0.000783792
0.00114403
0.000851553
0.000710077
0.000743067
0.000537494
0.000451171
0.000313119
0.00026824
2.83712e-05
1.08625e-05
2.21886e-06
2.89894e-06
4.12668e-06
1.07051e-05
0.000102463
6.24894e-05
5.7844e-05
5.94145e-07
4.263e-06
3.40032e-06
3.19664e-05
4.38403e-05
3.46039e-05
2.57708e-05
3.29707e-05
1.29858e-07
2.80152e-06
6.59316e-05
3.82837e-05
3.90743e-06
1.60553e-07
6.36085e-07
2.81211e-05
3.76911e-05
2.69618e-05
7.76249e-05
4.39198e-05
7.83978e-06
1.42803e-05
4.947e-06
5.60203e-07
9.67027e-07
1.61979e-07
2.16382e-06
7.61461e-06
1.2523e-06
9.98144e-07
3.00549e-07
0.00041649
0.00121154
0.00088231
0.000705002
1.8065e-05
0.000311425
0.00242525
0.00174438
0.00135389
0.000878703
0.000600519
0.000490738
0.000333967
0.00018779
0.000131615
0.000172346
0.000105261
8.35587e-05
8.87316e-05
5.48446e-05
1.40191e-05
6.70112e-06
3.93181e-06
3.55129e-07
1.11564e-06
3.53466e-06
2.61741e-07
1.24282e-06
1.15131e-05
3.7162e-06
6.15728e-06
2.93145e-06
1.42879e-06
4.70073e-06
4.29541e-06
1.31464e-06
4.53799e-06
8.38482e-07
1.01597e-06
1.10257e-06
3.15993e-06
1.1203e-05
3.03092e-06
1.06639e-05
2.08797e-05
1.47606e-05
0.00186252
0.00142521
0.000971664
0.00320471
0.00285842
0.00142017
0.00179127
0.000780336
0.000727534
0.000430661
6.71442e-05
3.12141e-06
6.2857e-05
2.92386e-05
0.000173889
7.2906e-05
8.7661e-05
8.76428e-05
6.54142e-05
7.79715e-05
4.86497e-05
3.73899e-05
4.43489e-05
3.18452e-05
2.32232e-05
3.23244e-05
4.46746e-05
3.24003e-05
3.87599e-05
2.56175e-05
1.79278e-05
2.04367e-05
2.87357e-05
8.51842e-06
1.38792e-05
1.22135e-05
9.42096e-07
4.32872e-07
2.84658e-07
2.63006e-06
9.31712e-07
1.57781e-05
7.41338e-06
1.87443e-05
1.19259e-05
2.90134e-05
4.32486e-05
6.38863e-05
4.14256e-05
5.61382e-05
0.000101404
9.42342e-05
0.000100245
4.93079e-05
7.0627e-05
0.000112499
0.000240398
7.11568e-05
0.000238919
0.000222227
0.000204826
0.000278422
0.000286011
0.000386138
0.000814544
0.000652114
0.000562389
0.000400465
0.000381507
0.000323382
0.000242229
0.000186859
0.000150109
0.000101373
6.49399e-05
4.69942e-05
2.28903e-05
1.28844e-05
6.32939e-06
8.36785e-07
1.38389e-06
8.21946e-06
2.23502e-05
2.66961e-05
3.47702e-05
5.99e-05
8.90672e-05
0.000122609
0.000165147
0.000164709
0.000278147
0.000300857
0.000351424
0.000354202
0.000377406
0.00045805
0.000561694
0.000588844
0.000675764
0.000620924
0.000644107
0.000701231
0.000656578
0.000729514
0.000864145
0.000974818
0.00108371
0.00106882
0.00109341
0.00116462
0.00124154
0.00128378
0.00135405
0.00131591
0.00114013
0.00113596
0.00119999
0.00116864
0.00139432
0.00137838
0.0012805
0.00128561
0.00129729
0.00146195
0.00139699
0.00130969
0.0013221
0.00124617
0.00134863
0.00124273
0.00100276
0.00102245
0.000962641
0.00108874
0.00100175
0.000892311
0.000853644
0.000975177
0.000914766
0.000792011
0.000736816
0.000688532
0.000772453
0.000690136
0.000642729
0.000664629
0.000610231
0.000702641
0.00063163
0.000560433
0.000572957
0.000531315
0.000442955
0.000439824
0.000392154
0.000491374
0.000444858
0.000403497
0.000295556
0.000283386
0.000246461
0.00027872
0.000225383
0.000183678
0.000156049
0.000146379
0.000132973
9.7001e-05
8.09176e-05
7.12893e-05
4.90913e-05
2.706e-05
1.68669e-05
1.54548e-05
1.14096e-05
2.76773e-06
1.1148e-06
6.15031e-07
4.11017e-06
5.20092e-06
1.00002e-05
1.98463e-05
2.63037e-05
4.06093e-05
4.65341e-05
5.82519e-05
6.98836e-05
8.01166e-05
8.5007e-05
9.35459e-05
9.68053e-05
0.000109869
0.000113612
0.00012508
0.000129815
0.000138732
0.000139591
0.000165891
0.000169389
0.000161248
0.000161891
0.000175795
0.00017722
0.000193905
0.000202099
0.000210566
0.000226283
0.000226122
0.000230845
0.000173966
0.000182824
0.000183046
0.000145741
3.95304e-05
5.87062e-05
0.000612981
0.000558232
0.00144337
0.000261402
0.000179199
0.000170327
0.000505609
0.000367374
0.000239223
0.000460397
0.000707876
0.000724728
6.85456e-05
8.58355e-05
0.000431123
0.000307612
0.000270763
0.000214679
0.000145846
0.000463054
0.000356144
0.000436691
0.000339101
0.000128768
0.000101137
0.000184692
0.00018048
0.000165385
4.71401e-05
2.92161e-05
1.41493e-07
2.54748e-06
2.81186e-06
6.98357e-06
5.02577e-06
1.27025e-05
2.84961e-05
1.00905e-05
1.51887e-05
4.22623e-06
3.67171e-06
1.59742e-06
3.4871e-06
4.93861e-06
2.38173e-06
4.40502e-06
7.89773e-06
1.84775e-05
1.687e-05
3.74826e-05
3.63175e-05
1.16193e-05
1.05021e-05
0.000101991
0.000100369
9.00283e-05
5.15176e-06
1.03695e-05
2.39536e-06
6.40207e-06
5.55567e-06
2.33156e-06
1.20667e-08
2.80758e-08
3.86599e-06
8.29682e-07
8.9703e-05
4.90639e-05
0.000101454
5.61008e-05
8.56027e-06
1.23991e-05
8.18888e-06
7.40023e-07
1.00379e-06
7.83619e-07
1.75168e-05
8.3227e-06
1.28787e-05
1.30769e-05
8.83045e-05
7.6469e-05
7.06033e-05
0.000145888
0.000106893
7.90611e-05
7.22753e-05
6.4735e-05
3.56449e-05
2.53228e-05
1.09215e-05
6.62704e-06
2.08252e-07
6.63018e-06
1.49844e-05
1.55869e-05
2.85415e-05
1.96016e-05
1.25761e-05
2.51503e-05
1.06894e-08
1.52887e-06
2.86669e-05
0.000103183
0.000161417
0.00010579
0.000104191
0.000125124
3.62353e-05
5.01414e-05
7.8358e-05
9.66921e-05
8.13453e-05
5.53042e-05
6.83574e-05
6.10102e-05
6.59777e-05
4.43842e-05
5.87953e-05
5.45549e-05
9.67141e-05
9.94085e-05
0.0001113
6.3535e-05
7.70767e-05
0.00010011
0.000114852
7.6622e-05
8.76529e-05
0.000112526
0.000124462
6.06177e-05
6.89995e-05
0.000111001
0.000108888
0.000121416
0.00012628
9.5891e-05
0.000100197
8.97544e-05
9.28811e-05
5.51177e-05
5.77305e-05
4.90395e-05
7.162e-05
7.19882e-05
5.259e-05
4.08164e-05
3.97118e-05
3.64128e-05
4.11883e-05
3.80733e-05
2.09073e-05
1.85148e-05
1.52368e-05
1.04669e-05
9.12873e-06
7.78759e-06
6.86066e-06
6.495e-06
3.69366e-06
6.80051e-07
7.11141e-07
1.04627e-06
0.000278094
0.0190579
0.0170867
0.015567
0.0134201
0.0107718
0.0140091
0.00791402
0.00935501
0.00777446
0.000299909
0.000383552
0.00067626
0.00107004
0.000860311
0.000670683
0.000831613
0.000720081
0.000832218
0.000828895
0.000816176
0.000699331
0.000600348
0.000685771
0.000554627
0.000455899
0.000386764
0.000236447
0.000172158
0.000190426
3.9672e-05
2.08187e-05
1.57921e-05
2.70188e-05
1.00803e-07
0.00019592
0.000193345
0.000746381
0.00077403
0.00047119
0.00101125
0.00104597
0.00107832
0.00101965
0.000691894
0.000592973
0.000459633
0.000471839
0.000319959
0.000270121
0.00032012
0.000268887
0.000214571
0.000130209
9.61307e-05
9.13295e-05
8.51838e-05
0.000104075
3.1758e-05
3.68033e-05
2.26474e-05
2.30818e-05
1.45368e-06
2.04262e-06
4.89787e-07
2.84593e-07
1.28582e-06
6.62191e-07
1.86062e-06
7.21965e-06
3.84496e-05
4.09581e-05
2.08096e-05
1.84259e-05
5.80002e-05
3.46004e-05
2.22388e-05
3.50895e-05
3.84966e-05
2.65773e-05
3.33185e-05
6.96988e-05
9.51037e-05
0.000134453
9.70046e-05
4.32509e-05
4.60763e-05
0.000137366
7.84418e-05
0.000195982
0.00016758
0.000277823
0.000266213
0.000179211
0.000107137
0.00014736
0.000175653
0.000229569
0.000295342
0.000394903
0.000460376
0.000399103
0.000443435
0.000565264
0.000653562
0.000370828
0.000637342
0.000466575
0.000819313
0.000530337
0.000664731
0.000759372
0.00048458
0.000691098
0.000603379
0.000859019
0.000775012
0.000849792
0.000686
0.000838415
0.000687891
0.000776588
0.00106402
0.000716824
0.000867328
0.000676375
0.00110622
0.000720894
0.0010019
0.000611079
0.000679397
0.000876682
0.000717812
0.000707152
0.000463533
0.000473746
0.000461209
0.00057974
0.00064078
0.00081951
0.0010029
0.00093176
0.000498829
0.000446467
0.000538329
0.000940625
0.000520608
0.000796119
0.000356229
0.000342426
0.000805144
0.000352652
0.000343006
0.000344373
0.000399635
0.000396344
0.000343435
0.000356365
0.000353062
0.000306449
0.000152611
0.000359815
0.000182634
0.000182193
0.000147471
0.000155073
0.000398175
0.000200048
0.000360304
0.000189487
0.00036293
0.000363425
0.000336005
0.000338979
0.000286624
0.000147697
0.00035892
0.000207475
0.000206088
0.000344426
0.00020476
0.000297243
0.000295961
0.000243003
0.00018787
0.000247049
0.000239525
0.000208094
0.000213109
0.0001931
0.000198089
0.000189573
0.000127569
0.000132225
0.000200708
0.000203676
0.000194172
0.000188536
0.000197365
0.000194387
0.000219551
0.000217906
0.000215778
0.000217744
0.000220146
0.000205951
0.000232582
0.000240415
0.000227116
0.000200378
0.000188133
0.000183725
0.000177966
0.000140784
0.000135501
0.000163086
0.00015343
0.000179751
0.000180652
0.000169407
0.000129147
0.000126849
0.000122467
0.000134275
0.000135416
0.000130081
0.000124851
0.000109771
9.88746e-05
8.38452e-05
8.25002e-05
7.62105e-05
7.19612e-05
6.94305e-05
6.63904e-05
6.27719e-05
4.54669e-05
3.62599e-05
3.51789e-05
3.16529e-05
2.59106e-05
2.10206e-05
1.79135e-05
1.44248e-05
8.16783e-06
5.48659e-06
7.36646e-06
5.25513e-06
3.69864e-06
2.17677e-06
1.03726e-06
5.85896e-07
6.83531e-08
1.16433e-07
2.87828e-08
1.4118e-07
3.00249e-06
4.60035e-06
4.58061e-06
7.46839e-06
9.79189e-06
1.11686e-05
1.43601e-05
1.58573e-05
1.87916e-05
2.34502e-05
2.59073e-05
4.05849e-05
4.3743e-05
4.86009e-05
3.84074e-05
3.93224e-05
4.25972e-05
5.23587e-05
5.37453e-05
5.31805e-05
5.81355e-05
5.89103e-05
6.32273e-05
6.88762e-05
6.95904e-05
7.42279e-05
8.5114e-05
8.64636e-05
9.20096e-05
9.36597e-05
9.59994e-05
0.000110583
0.000112903
9.80171e-05
9.73066e-05
9.91183e-05
0.000104845
0.000106721
0.0001082
0.00010856
9.93888e-05
9.85337e-05
0.00010092
7.24452e-05
7.26012e-05
7.47122e-05
7.22908e-05
7.4015e-05
7.50761e-05
7.25181e-05
7.19864e-05
7.44726e-05
7.34934e-05
7.4103e-05
7.94512e-05
7.79944e-05
7.71293e-05
7.63581e-05
7.82634e-05
6.82952e-05
6.72207e-05
6.82663e-05
7.18081e-05
7.08839e-05
7.36881e-05
6.70834e-05
6.60954e-05
6.67701e-05
6.40179e-05
6.56475e-05
6.81029e-05
6.79073e-05
6.16232e-05
6.22474e-05
6.68377e-05
6.68658e-05
7.27533e-05
7.68367e-05
6.00637e-05
6.34956e-05
5.48223e-05
5.5604e-05
5.97606e-05
5.983e-05
6.04307e-05
0.000161789
0.000158929
0.000165254
0.000167383
0.000167073
0.000167167
0.000171582
0.00016114
0.000167444
0.000100287
0.00010011
9.26111e-05
9.19821e-05
9.13261e-05
0.000127725
0.00012609
4.57813e-07
1.05997e-06
0.000135215
0.0001556
0.00148992
0.00129008
0.00218078
0.00198193
0.00151126
0.00138465
0.00253328
0.00225595
0.000557359
0.000477045
0.000294121
0.000246213
0.000235796
0.000197658
0.000186937
6.26884e-05
5.05486e-05
9.17627e-05
5.8402e-05
1.76259e-05
2.17257e-05
1.8457e-05
2.20508e-05
2.37299e-05
1.79231e-05
0.000119051
0.000111941
6.52583e-05
6.19703e-05
3.50514e-09
1.75704e-06
1.35303e-06
0.000104242
9.33654e-05
7.60094e-05
6.10804e-05
1.02175e-05
1.64241e-05
1.40702e-05
2.51108e-05
2.51941e-05
1.07289e-06
1.28037e-05
1.15861e-05
2.10595e-05
0.00010545
0.000107155
0.000187605
0.000195089
0.000203332
3.71335e-07
1.41293e-06
9.73039e-07
1.05323e-05
2.25877e-05
1.79152e-05
5.77154e-06
1.23698e-05
5.01777e-06
6.3257e-07
1.09613e-07
2.89386e-06
5.14934e-06
8.996e-07
7.71513e-07
2.01945e-05
2.87972e-05
5.75823e-06
8.66923e-06
7.65003e-05
8.58288e-05
7.47834e-05
4.92662e-05
5.09785e-05
9.06446e-05
9.10948e-05
6.77592e-06
8.08868e-06
3.02291e-05
2.95151e-05
2.96949e-05
3.05875e-05
2.66705e-05
7.44324e-05
7.21003e-05
6.59387e-05
6.92608e-05
6.18383e-05
5.04438e-05
4.95836e-06
3.2087e-06
2.36885e-06
6.25041e-06
3.46088e-06
2.47354e-06
1.23445e-06
4.9048e-06
1.76485e-08
2.72953e-06
9.22861e-10
1.98934e-06
1.94157e-06
7.21671e-06
1.84961e-05
3.30996e-05
5.75523e-05
3.77707e-05
7.06752e-05
6.64128e-05
0.000107523
0.000136811
0.000155408
0.000223668
0.00021856
0.000117968
0.00018482
0.000186316
0.000275119
0.000300941
0.000425067
0.000418955
0.000356664
0.000325527
0.00178687
8.30244e-05
0.00164709
0.00123862
0.000964078
0.00088201
0.00112258
0.000867736
0.000782366
0.000488678
0.000354703
0.000314124
0.00030284
0.000199716
0.000188561
0.000151962
9.08246e-05
8.70398e-05
7.81265e-05
4.13829e-05
1.37293e-05
3.85989e-06
1.38696e-05
2.22342e-06
3.82526e-06
1.88173e-07
1.11071e-06
4.34116e-06
2.32601e-10
3.20994e-08
1.67859e-07
5.28442e-06
2.78546e-06
1.65115e-07
2.5356e-05
3.8663e-05
5.88747e-05
4.33445e-05
5.22436e-06
1.53562e-05
1.14835e-05
2.79514e-05
4.54253e-05
2.99316e-05
3.51731e-05
4.36262e-05
6.0061e-05
6.46909e-05
2.0289e-05
3.41147e-05
2.68437e-05
1.19945e-05
1.12092e-05
8.10145e-06
0.039895
0.0362911
0.0328284
0.029592
0.0263991
0.0226768
0.0196502
0.0162829
0.0134083
0.0106906
0.00834063
0.00644874
0.00519038
0.00432704
0.0039623
0.00262516
0.00259551
0.00152942
0.00131891
0.000646645
0.00052736
0.000497382
3.21138e-05
0.000134878
4.49876e-07
4.95514e-06
1.40922e-05
1.83499e-06
4.66748e-06
1.24674e-06
2.24525e-06
1.38405e-06
7.53286e-06
1.15538e-05
6.38452e-06
8.37635e-07
5.4948e-06
6.11455e-06
2.74929e-06
1.1569e-05
1.72638e-05
2.20587e-05
7.89134e-06
1.31569e-05
8.18613e-06
1.72739e-05
9.90494e-06
4.10786e-05
3.51578e-05
3.97184e-05
4.4939e-05
4.85858e-05
7.66445e-05
9.62413e-05
0.000125825
0.000126394
8.30645e-05
0.000145676
0.00025244
0.000234736
0.000212368
0.000294389
0.000291976
0.00033096
0.000275466
0.000361321
0.000395323
0.00041304
0.000382477
0.000442426
0.000363367
0.00042594
0.000348268
0.000359744
0.000399115
0.000330189
0.000448864
0.000395407
0.000463228
0.000370576
0.0021539
0.0019246
0.00165082
0.00134501
0.00107568
0.00078146
0.000672509
0.000542372
0.000398982
0.000405562
0.00030268
0.000215314
0.000129895
0.000126556
7.42552e-05
2.75145e-05
4.86172e-06
1.38937e-05
1.44304e-06
2.99022e-10
4.49169e-06
6.40395e-06
1.2742e-05
2.07637e-05
3.29279e-05
4.95077e-05
9.95334e-05
0.000118288
0.000154173
0.000148604
0.000168208
0.000218456
0.000208087
0.000228407
0.000273205
0.000311729
0.000335007
0.000402048
0.000414573
0.000439354
0.000518578
0.000552456
0.000577964
0.000672121
0.00068109
0.000771306
0.000860877
0.000891266
0.000918527
0.00101532
0.00113722
0.00126747
0.00119248
0.00132674
0.00135773
0.00126984
0.00134461
0.00126081
0.0011728
0.00120474
0.00110125
0.00110704
0.00105339
0.00101974
0.000953488
0.000957907
0.000894976
0.000953597
0.00082671
0.000778138
0.000666611
0.000592932
0.000751003
0.000732212
0.000615226
0.000579656
0.000561315
0.000542355
0.00046183
0.000562322
0.000533673
0.000356559
0.000439249
0.00033697
0.000299388
0.000234525
0.000192849
0.000203179
0.000176382
0.000148065
0.000115825
0.00010133
9.21348e-05
6.54759e-05
4.73821e-05
2.86306e-05
2.98595e-05
2.50702e-05
1.17596e-05
1.04158e-05
3.4903e-06
4.50021e-07
3.63465e-08
9.0408e-07
3.74991e-06
1.10761e-05
1.5757e-05
2.18787e-05
2.70778e-05
3.57455e-05
4.20245e-05
4.78484e-05
6.02233e-05
7.06237e-05
7.34212e-05
8.16086e-05
8.69457e-05
8.90727e-05
9.92184e-05
0.000114536
0.000111671
0.000128691
0.000130807
0.000134959
0.000145322
0.000155981
0.000157908
0.000162902
0.000162369
0.000167307
0.000175602
0.000177577
0.000178189
0.000178228
0.000187272
0.000199756
0.000203092
0.000220171
0.000221206
0.00022712
0.000207838
0.000206955
0.000211499
0.000206166
0.000118092
0.000109707
0.000939824
0.00111798
0.00212739
0.000738417
0.000319218
0.000216946
0.00188077
0.00185823
0.00170184
0.0019178
0.0019396
0.00152142
0.00152718
0.000449761
2.78805e-05
9.39897e-06
0.000446326
0.000327082
0.000523384
0.000391683
0.000353491
0.000266665
0.000110514
7.17216e-05
5.40482e-05
2.50405e-05
2.72551e-05
0.000100572
0.000127071
0.000159389
0.000140176
0.000282598
0.000293109
6.41041e-06
1.45821e-05
0.00011151
0.000132265
1.24442e-05
2.42065e-05
1.9121e-05
5.7479e-05
7.46834e-05
7.17448e-05
0.000232692
0.000240458
0.00021844
0.000229708
0.000110643
0.000125981
0.000208033
0.000213595
0.000117357
9.24137e-05
5.75489e-05
6.05116e-05
7.5991e-05
3.89407e-05
9.08052e-05
6.02775e-05
0.000126929
8.69498e-05
7.44962e-05
4.95707e-05
3.90374e-05
1.02306e-05
1.88625e-07
1.38322e-07
9.69976e-07
6.69139e-07
5.20273e-07
2.90167e-07
1.41202e-06
1.24724e-06
1.74056e-06
6.82848e-06
5.86066e-06
4.50518e-06
3.11578e-09
1.56269e-06
2.37404e-06
4.65025e-06
2.42766e-05
1.43093e-05
6.56973e-05
0.000132293
0.000142335
0.000113913
0.000133416
0.00044387
0.000455091
0.000195162
0.000387834
0.000278508
0.000496467
0.000209006
0.000297341
0.000273954
0.000291333
0.00031035
0.000421735
0.000406586
0.000559748
0.00051802
0.000439488
0.000710491
0.000713373
0.00093928
0.000845291
0.000614408
0.000753442
0.000662576
0.000632608
0.00133797
0.00119626
0.000667814
0.000897766
0.000764863
0.00111023
0.00132752
0.00106985
0.00131771
0.00134472
0.00172153
0.00146375
0.00140349
0.00166066
0.00138476
0.00115623
0.00229334
0.00190314
0.00112219
0.00232594
0.00189237
0.00087615
0.0011862
0.00103483
0.037134
0.0283821
0.0197338
0.0125505
0.00700327
0.00374799
0.00203349
0.000931681
0.000421703
0.000173254
3.20477e-05
7.4959e-06
6.03175e-06
3.71336e-05
8.98112e-06
1.07407e-06
3.52754e-06
3.2041e-07
8.52132e-06
9.33005e-06
4.56958e-06
4.05241e-06
6.8497e-07
6.17512e-06
8.07132e-07
5.68015e-09
0.000146237
0.000127807
0.000170802
9.10153e-05
5.89653e-05
4.80531e-05
1.45823e-05
1.5604e-05
1.14045e-05
5.4478e-06
8.38115e-06
1.09389e-06
1.68387e-06
2.68447e-08
5.92305e-09
1.21666e-06
8.13733e-08
4.42707e-06
7.18559e-06
1.75046e-06
0.0157363
0.0148293
0.0131629
0.0113155
0.0110767
0.0097213
0.00861136
0.00827998
0.00736024
0.00686177
0.0063495
0.00608882
0.00549446
0.00477638
0.00410467
0.00362752
0.003092
0.00269158
0.00244222
0.00193806
0.00169052
0.00154121
0.000990432
0.000833558
0.000869986
0.000345612
0.000432801
0.000257879
0.000249672
1.97957e-05
6.16151e-06
2.31541e-05
5.95064e-05
4.74626e-05
0.000261285
0.000300331
0.000355677
0.000359311
0.000213915
0.000231345
0.000269246
0.000158125
0.00013683
0.000143295
0.000126169
0.000106985
0.000107254
9.33077e-05
8.62507e-05
6.39396e-05
6.98541e-05
4.49889e-05
2.90495e-05
2.92442e-05
2.45885e-05
9.45053e-06
8.11955e-06
6.3675e-06
1.63833e-05
4.05685e-06
1.88854e-06
1.67236e-07
7.34905e-06
3.06331e-06
6.96405e-06
9.48491e-06
1.08522e-06
1.91352e-05
4.05053e-05
9.89427e-05
4.83601e-05
0.000110942
0.000130415
0.000132234
0.000131764
0.000159844
0.000127536
0.000119914
9.185e-05
0.000144781
0.000216464
0.000316276
0.0001498
0.000327097
0.000365254
0.000306796
0.000339702
0.000210792
0.000331518
0.000282985
0.000341624
0.000279655
0.000288275
0.000487304
0.00034878
0.00041587
0.000406479
0.000304614
0.000336363
0.000244498
0.000350699
0.00040178
0.000611515
0.000302068
0.000450941
0.000435236
0.000627907
0.000458263
0.00078958
0.000536124
0.000759871
0.000572042
0.000526993
0.000347468
0.000374804
0.000839391
0.000682691
0.000849274
0.00054555
0.000714469
0.000878929
0.000405063
0.000516338
0.000432726
0.000552341
0.000451785
0.000578971
0.000664999
0.000605229
0.000826519
0.000498764
0.000688729
0.000529671
0.000668631
0.000762857
0.000515002
0.000638306
0.000711737
0.000553319
0.000751257
6.81948e-05
3.64029e-05
0.000614941
7.82855e-06
5.58951e-08
2.81174e-06
1.58616e-05
3.25968e-05
9.51964e-05
0.000118029
0.000157641
0.000145791
0.000201072
0.000331142
0.000364341
0.000422989
0.000437785
0.00047036
0.000520009
0.000498955
0.000580135
0.000567798
0.000597938
0.000592695
0.000581451
0.000584371
0.00064568
0.000671648
0.000659013
0.000637848
0.000642106
0.000584046
0.00060879
0.000599209
0.000547426
0.000571344
0.000565444
0.000714844
0.000704951
0.000662371
0.000484801
0.000506682
0.000503
0.000542014
0.000545051
0.000602775
0.000558529
0.000534273
0.000508038
0.000605691
0.000621629
0.00060621
0.00049189
0.000466992
0.00045416
0.000405585
0.000400656
0.000465501
0.000459804
0.000456788
0.000460083
0.000461956
0.000466968
0.000353177
0.000342412
0.000373849
0.000368277
0.00035085
0.000335718
0.000349807
0.000339877
0.000331083
0.000230244
0.000217463
0.000245138
0.000241511
0.000226751
0.000213366
0.000209001
0.000181084
0.000174655
0.000149522
0.000130102
0.000118649
0.000116275
8.86023e-05
7.68664e-05
7.39312e-05
6.42908e-05
5.71999e-05
4.46331e-05
3.98687e-05
2.67886e-05
2.19869e-05
1.6008e-05
1.27664e-05
1.02944e-05
6.46045e-06
1.24913e-06
3.09118e-07
3.12257e-08
2.39337e-07
1.76658e-06
2.91547e-06
4.77883e-06
6.87162e-06
1.05431e-05
1.24616e-05
1.5851e-05
2.22009e-05
2.4587e-05
2.71184e-05
2.54868e-05
4.26137e-05
3.84788e-05
4.09242e-05
4.95662e-05
5.15912e-05
5.79834e-05
5.31095e-05
5.35194e-05
5.59941e-05
6.70814e-05
6.79991e-05
7.27064e-05
7.99807e-05
7.78485e-05
8.24373e-05
8.35326e-05
7.98893e-05
8.1682e-05
8.71843e-05
8.85599e-05
0.000100336
0.000100319
0.000101278
0.000102966
9.75351e-05
9.59397e-05
9.81237e-05
0.000115654
0.000106051
0.000189891
0.000173464
0.000111553
0.000174159
0.000168189
0.000163505
0.000157874
0.000158235
0.000156197
0.000156751
0.000145766
0.0001424
0.000150215
0.000150786
0.000148893
0.000143222
0.000142025
0.000141387
0.000140177
0.000137341
0.000139418
0.000125764
0.000158471
0.000163903
8.26787e-05
8.26873e-05
8.2732e-05
8.25702e-05
8.24964e-05
8.24912e-05
8.24989e-05
8.25186e-05
8.55257e-05
8.43507e-05
8.70096e-05
8.67618e-05
8.76747e-05
0.000581667
0.00062544
0.00311492
0.00296867
0.0026531
0.000179123
0.000143356
0.000593046
0.000417944
0.000358272
9.67379e-05
7.01043e-05
6.64719e-05
6.72861e-05
1.88665e-06
4.58398e-06
0.00026905
0.000275363
0.000252911
0.00019123
0.000201269
0.000165196
0.000165864
0.000172715
0.000144236
0.000252892
0.000261469
0.000423063
0.000411024
0.000495145
0.000471646
0.000340394
0.000320631
0.000644605
0.000471761
0.000441839
0.000449457
0.000426857
0.000373637
0.000271375
0.000353465
0.000330616
0.000290372
0.000265391
0.0002468
0.000392658
0.00036057
0.000315907
0.000172807
0.0018244
0.00140663
0.00142434
0.00114572
0.000824086
0.000633943
0.000476365
0.000428409
0.000359573
0.000263338
0.000325221
0.000231151
0.00021212
0.000185004
0.000129736
0.000107243
7.43829e-05
8.68243e-05
5.28029e-05
4.50378e-05
6.34809e-05
3.61234e-05
3.66244e-05
2.26379e-07
1.13563e-06
1.15322e-06
3.30279e-06
9.07726e-06
6.62832e-06
3.64767e-06
7.99951e-08
6.29518e-07
5.79467e-07
8.55892e-05
0.000101574
8.16976e-05
4.19476e-05
2.87769e-05
4.65305e-05
3.97224e-05
3.18713e-05
1.28261e-05
0.00496619
0.00330325
0.00259923
0.00200193
0.00167821
0.00107415
0.000802117
0.000331748
0.000228088
0.000255146
0.000436042
0.000317504
0.000607885
0.000437058
0.000360544
5.62935e-05
3.10422e-05
2.74324e-05
0.000190831
0.000253113
0.000172509
2.16303e-05
8.27574e-06
7.00505e-06
2.01414e-05
3.26404e-05
4.07004e-05
6.92635e-05
7.92644e-05
9.79961e-05
9.95785e-05
9.90256e-06
3.30032e-06
3.87592e-06
1.89988e-07
3.66213e-07
5.56568e-07
1.35896e-05
4.19397e-06
5.13202e-06
2.96308e-07
1.12109e-08
1.51107e-06
9.62869e-07
1.24259e-05
0.000289164
0.000241356
1.0641e-05
4.61622e-06
0.000995633
0.000744941
0.00169854
0.001915
0.00157765
0.00114287
0.000732676
0.000497784
0.000391861
0.000414625
0.000281057
0.0001301
7.79999e-05
6.86142e-05
5.54194e-05
3.29054e-05
5.46775e-05
3.42031e-05
4.02823e-06
4.14091e-07
1.12877e-06
1.44493e-06
2.95191e-07
3.8729e-07
2.84258e-07
4.32363e-07
4.95873e-07
7.09387e-06
1.57273e-06
2.70957e-06
1.78521e-05
1.09054e-05
2.77995e-07
2.87165e-07
6.08072e-06
4.97832e-06
1.38329e-06
4.42738e-07
1.77128e-06
2.38539e-06
1.06495e-05
9.19263e-07
0.000603311
0.000512101
0.000921607
0.00311302
0.00199106
0.0016491
0.00143034
0.000667307
0.000388631
5.7724e-05
3.21148e-05
8.64007e-05
1.11519e-05
0.000152459
0.000180462
0.0001164
0.000104153
4.87188e-05
6.58472e-05
5.71228e-05
6.2838e-05
4.25162e-05
3.15446e-05
3.82291e-05
4.96801e-05
3.94005e-05
2.74864e-05
3.94248e-05
1.81039e-05
3.20778e-05
3.2105e-05
7.7908e-06
1.61937e-05
1.42144e-05
7.67831e-07
1.89541e-08
3.56149e-09
5.90235e-06
4.34603e-06
1.05451e-05
1.81348e-06
5.4227e-05
2.37568e-05
3.3189e-05
3.73113e-05
6.57846e-05
7.99918e-05
5.5251e-05
9.48648e-05
3.62074e-05
6.50558e-05
9.46531e-05
0.000126421
0.000138388
8.31625e-05
0.000114121
0.000152123
0.000103118
0.000130712
0.000113652
0.000170709
0.000218915
0.000291023
0.000271606
0.000185247
0.000279725
0.000762455
0.000676627
0.000410732
0.000466305
0.000344912
0.000311689
0.000211359
0.000146098
0.000113341
7.39124e-05
2.5101e-05
6.49074e-06
1.31975e-05
2.12407e-06
4.40348e-07
1.54007e-07
4.75134e-06
9.9338e-06
3.18432e-05
5.64084e-05
6.62728e-05
0.000102491
7.67093e-05
9.04825e-05
0.00012789
0.000187178
0.000261389
0.000258228
0.000313778
0.000372659
0.000395607
0.000537264
0.000644946
0.000602306
0.000622173
0.000721498
0.000757862
0.000822473
0.000830903
0.000891891
0.00100509
0.00103225
0.00112332
0.00115922
0.00124111
0.00121885
0.00124212
0.00129339
0.00139858
0.00107945
0.00110831
0.00109456
0.00130882
0.00129354
0.00129974
0.00105265
0.00106499
0.00112682
0.00115223
0.00115701
0.00144633
0.00134984
0.00138038
0.00108984
0.00115775
0.0011
0.00119608
0.00121283
0.00110831
0.00104381
0.00105955
0.000966062
0.00100608
0.000927403
0.000826252
0.000767327
0.00084187
0.000784792
0.000723824
0.000630932
0.000679739
0.000608874
0.000630784
0.000585764
0.000624173
0.000559677
0.00061484
0.000563783
0.000497644
0.000405775
0.000345612
0.000411883
0.000306342
0.000312713
0.000281321
0.000215082
0.00020023
0.00016633
0.000178838
0.000168422
0.000133299
8.6512e-05
7.48926e-05
5.21945e-05
5.03295e-05
2.43419e-05
1.54676e-05
1.03521e-05
3.30304e-06
1.34691e-06
1.22266e-07
1.06917e-06
2.5171e-06
6.24655e-06
1.06196e-05
1.76468e-05
2.64251e-05
3.15464e-05
3.9716e-05
4.31703e-05
4.63295e-05
5.24337e-05
6.39659e-05
7.29289e-05
7.98388e-05
8.27931e-05
8.81147e-05
9.46675e-05
0.000101619
0.000107507
0.000127236
0.000130612
0.000126978
0.000133952
0.000137511
0.000143491
0.000144487
0.000151819
0.000167166
0.000169038
0.00017613
0.000185089
0.000187455
0.000188683
0.000190836
0.000199773
0.000200867
0.000200393
0.000225343
0.000227046
0.000236279
0.000253909
0.000256704
0.000193579
0.000194977
0.000206651
0.000206993
0.000188327
0.00017896
0.000176973
0.000234068
4.56211e-07
0.00365365
6.30881e-05
0.000260382
0.000285298
0.000259223
0.0014044
0.000390514
0.000688731
0.000661811
0.000639641
0.000683994
7.10321e-06
2.20953e-05
1.79625e-05
0.000432366
0.000302256
0.000284378
0.00181801
0.00148522
0.00132824
0.00195322
0.00169142
0.00154753
0.00187251
0.00162128
0.00150923
0.00106969
0.00088618
0.000636128
0.000543099
0.000356812
0.000323955
0.000209637
0.000186832
3.77157e-05
1.75914e-05
1.63444e-05
3.18184e-05
1.83853e-05
1.78717e-05
4.13399e-06
3.19081e-07
1.34365e-06
1.9771e-05
3.51884e-05
3.55891e-05
9.90797e-05
0.000116373
4.59367e-05
3.898e-05
0.00011658
9.4848e-05
0.000245995
0.000237214
0.000198969
0.000126452
0.000100739
8.20013e-05
9.05176e-05
6.99945e-05
6.48503e-05
6.42575e-06
2.59497e-06
1.42164e-06
1.97523e-05
2.04674e-05
1.75178e-05
7.31533e-06
1.81836e-05
1.27302e-06
1.04302e-06
3.68183e-05
1.42028e-05
9.8457e-06
6.99493e-07
1.38259e-06
1.8864e-06
3.4386e-06
3.4616e-06
3.93535e-06
3.70603e-06
2.89859e-06
3.67702e-06
1.13387e-05
5.61101e-06
2.72415e-06
1.41624e-06
3.43924e-08
1.20594e-05
2.36637e-05
2.22544e-05
6.15368e-06
1.33204e-05
1.38393e-05
2.38637e-06
2.73151e-07
1.86271e-07
1.16379e-05
2.61823e-06
8.29288e-08
2.04101e-06
1.29402e-06
2.83533e-07
1.154e-06
9.0351e-06
2.1151e-05
1.64129e-05
3.22761e-06
3.38994e-08
1.65386e-05
2.64994e-05
2.74529e-05
4.02511e-05
0.000129916
0.000155781
0.000139463
6.62375e-05
7.65389e-05
8.7536e-05
6.04676e-05
7.39767e-05
4.60159e-05
6.23541e-05
5.78436e-05
5.36206e-05
6.52109e-05
6.07419e-05
7.25021e-05
6.45881e-05
7.92889e-05
4.33843e-05
5.84691e-05
5.17948e-05
8.02518e-05
9.10538e-05
3.2928e-05
4.51953e-05
3.89261e-05
7.41601e-05
8.70046e-05
0.00011079
0.000116632
8.31181e-05
9.7345e-05
9.01491e-05
0.000167736
0.000169066
9.89892e-05
9.8845e-05
7.24097e-05
8.16653e-05
7.29315e-05
4.93767e-05
5.29107e-05
5.64319e-05
7.73635e-05
8.13543e-05
3.71916e-05
4.05189e-05
3.17727e-05
5.63426e-05
5.6041e-05
5.25463e-05
4.81567e-05
4.22968e-05
2.90846e-05
2.36609e-05
9.76905e-06
5.84293e-06
2.20711e-05
2.04153e-05
1.463e-05
4.56357e-06
2.63651e-06
8.50823e-06
4.354e-05
1.19334e-05
0.0202904
0.017537
0.0166426
0.0135411
0.0128367
0.0146266
0.0121064
0.0103227
0.000120618
0.00037945
0.000343703
0.000651302
0.000527167
0.000456656
0.000721016
0.000620489
0.000622473
0.000773248
0.000613071
0.000616433
0.000464088
0.00047343
0.000374152
0.000435325
0.000290163
0.000289504
0.000128209
2.87894e-05
1.69778e-05
2.83531e-05
2.33211e-05
2.88102e-05
0.000241315
0.000150288
0.00026346
0.00051579
0.000679846
0.000722341
0.0010632
0.00089909
0.000955486
0.000568053
0.000583888
0.000642985
0.000347896
0.00028388
0.000300121
0.000204434
0.000160302
0.000168642
0.000209918
0.000164067
0.000149181
0.00010899
0.0001368
9.68448e-05
6.38445e-05
9.90437e-05
9.59062e-05
3.7246e-05
4.34295e-05
3.81408e-05
1.69042e-05
1.2574e-05
2.43607e-05
1.77725e-06
3.58982e-06
1.26422e-05
7.84078e-06
6.49096e-06
4.46296e-06
2.2104e-05
1.9189e-05
4.17046e-05
8.87707e-06
4.07087e-05
5.06525e-05
2.75306e-05
3.99205e-05
1.75564e-05
5.30028e-05
0.000126819
0.000169962
0.000125479
4.28233e-05
0.000117871
0.000128479
7.2228e-05
0.000101001
0.000119451
0.000124044
0.000210657
0.000129006
0.000182126
9.18199e-05
0.000177486
0.000102326
0.000153503
0.000255521
0.000349523
0.000403879
0.000238714
0.000386612
0.000197975
0.000349722
0.000235505
0.000396924
0.000378952
0.000282181
0.000391019
0.000481953
0.000300841
0.00048654
0.000458602
0.000663007
0.000330871
0.000401328
0.00054257
0.000413171
0.000708547
0.00056142
0.000658637
0.000385299
0.000773918
0.000423288
0.000448448
0.000536825
0.000792506
0.00058493
0.000760242
0.000607242
0.000789127
0.0008222
0.00100041
0.00103423
0.000635415
0.000776042
0.000836676
0.000452235
0.000579127
0.000650018
0.000936345
0.000583982
0.000818115
0.000977283
0.000985149
0.000603985
0.000777882
0.00111008
0.000593096
0.00074735
0.000718616
0.000862516
0.000184057
0.000195012
0.000292595
0.000128428
0.000892037
0.000271013
0.000210919
0.000213021
0.000203816
0.000206887
0.00030948
0.000305121
0.000276302
0.000287588
0.000286466
0.000303442
0.000147646
0.000114476
0.000124755
0.000275495
0.000275945
0.000328365
0.000189512
0.000145724
0.000157416
0.000153136
0.000195518
0.000180599
0.000178974
0.000166925
0.000177406
0.000178302
0.000218666
0.000227722
0.000218665
0.000164244
0.000167013
0.000201164
0.000196238
0.000129428
0.000129269
0.000201947
0.000196909
0.000177529
0.000169489
0.000177077
0.000180637
0.000191933
0.000184413
0.000150594
0.000158471
0.000156601
0.000183703
0.000191423
0.000186243
0.000171766
0.000177873
0.000175431
0.000188674
0.000188144
0.000172797
0.000165691
0.000163334
0.000156752
0.000149496
0.000137688
0.000159515
0.000162083
0.000151354
0.000141262
0.000138769
0.000132863
0.00010102
9.09675e-05
9.11126e-05
8.59494e-05
8.26069e-05
9.71242e-05
8.79341e-05
7.11615e-05
7.10569e-05
5.49941e-05
4.85896e-05
4.34435e-05
3.72741e-05
2.33468e-05
2.11533e-05
1.6774e-05
9.06314e-06
6.09033e-06
1.01306e-05
6.82447e-06
6.59347e-06
4.94293e-06
2.71653e-06
9.34684e-08
1.45164e-07
8.79344e-09
1.70098e-06
3.28793e-06
5.17221e-06
6.59316e-06
9.6712e-06
1.19814e-05
1.37332e-05
1.62016e-05
2.33653e-05
2.70541e-05
2.85562e-05
3.01489e-05
3.15977e-05
3.32892e-05
3.797e-05
4.82577e-05
3.977e-05
5.78265e-05
6.27548e-05
6.85077e-05
7.16827e-05
7.23614e-05
7.73386e-05
7.84616e-05
8.05282e-05
7.5336e-05
7.54027e-05
8.0133e-05
8.15096e-05
8.60292e-05
5.50009e-05
5.71746e-05
5.73626e-05
5.7536e-05
5.99778e-05
5.0471e-05
4.99409e-05
5.14455e-05
5.86001e-05
5.89512e-05
6.0215e-05
5.97333e-05
6.15629e-05
5.96951e-05
5.91197e-05
6.00106e-05
5.65303e-05
5.54999e-05
6.22905e-05
6.17182e-05
6.39277e-05
5.68815e-05
5.6526e-05
5.98586e-05
6.01067e-05
5.31944e-05
5.31819e-05
4.74223e-05
4.67802e-05
4.72919e-05
5.21256e-05
5.24751e-05
4.50201e-05
4.71485e-05
4.51799e-05
4.49613e-05
4.63592e-05
5.0358e-05
5.03815e-05
5.14041e-05
5.1298e-05
5.49538e-05
5.44386e-05
5.5458e-05
2.60274e-05
2.72346e-05
2.74438e-05
0.000161307
0.000160541
0.000166948
0.0001669
0.000170215
0.000179409
0.000179353
0.000179901
0.000169167
0.000171028
0.000102048
0.000102024
0.000154929
9.85246e-05
9.85296e-05
9.81741e-05
