0.00501181
0.00443223
0.00373121
0.00315058
0.00260694
0.00214013
0.00178045
0.00150634
8.96401e-05
0.000156012
0.00023689
0.000167686
0.000252715
0.000220487
0.000204555
0.000186926
0.000146358
9.93817e-05
6.05764e-05
3.00372e-05
6.23812e-11
2.84912e-05
0.000103802
0.000243696
0.000397919
0.000426338
0.000733345
0.000994152
0.00110363
0.000951236
0.000799175
0.000491951
0.000434562
0.000172204
0.000122138
6.81521e-05
2.1587e-05
3.10212e-05
1.02686e-05
6.36249e-06
2.7511e-06
3.62555e-07
8.55978e-06
1.3056e-08
5.50843e-07
1.37119e-06
8.37151e-11
4.45775e-07
3.92163e-07
3.33832e-07
6.41568e-06
5.26414e-08
7.25783e-07
3.14693e-06
6.71912e-06
1.32596e-05
1.45864e-05
4.91555e-05
3.8185e-05
4.8112e-05
9.95908e-05
6.2243e-05
4.96209e-05
0.000170903
0.00028572
4.59652e-05
0.000175344
0.000348211
0.000154486
0.000265953
0.000366446
0.000854618
0.000538942
0.000785633
0.00097037
0.000913011
0.000907148
0.000630982
0.000508872
0.00127759
0.00145899
0.000612629
0.000524561
0.000848759
0.000786675
0.000735101
0.000732313
0.000701861
0.000635622
0.000800238
0.000689941
0.00066859
0.000622655
0.000616481
0.000637745
0.000504234
0.000665659
0.000608294
0.000576048
0.000503445
0.000546009
0.000454312
0.000457517
0.000536175
0.000456938
0.00034994
0.000353458
0.000307182
0.000316396
0.000322785
0.000253101
0.000301833
0.000235914
0.000204467
0.00016063
0.000160563
0.000132208
0.000113267
7.44771e-05
7.75012e-05
6.38912e-05
2.81447e-05
4.13517e-05
2.1556e-05
2.26391e-05
1.02106e-05
5.36009e-06
5.07911e-06
7.26144e-07
2.61832e-07
1.14024e-07
4.25587e-07
2.0167e-06
3.63986e-06
2.55946e-06
5.30652e-06
2.95211e-06
1.51288e-06
1.14079e-06
3.50392e-06
2.6288e-06
2.73814e-06
2.67402e-06
1.86477e-06
7.87594e-07
4.09878e-06
1.62003e-06
2.13676e-06
4.82256e-06
5.93616e-06
2.63144e-06
3.53793e-06
4.9009e-06
3.81781e-06
7.2956e-06
7.55516e-06
1.71574e-06
1.08998e-05
4.10552e-06
7.78444e-07
9.21158e-06
9.89228e-05
0.000100667
0.000104916
0.00010691
0.000144854
6.07531e-05
0.00043523
0.00167267
0.00317405
0.000326896
0.00223446
6.52203e-05
0.000258595
0.000305884
9.23219e-05
7.78855e-05
0.000225788
0.000196403
9.25917e-05
4.43346e-06
2.81086e-05
8.87642e-05
0.00036516
0.000734528
0.000901183
0.00144367
0.00185869
0.00224395
0.00220937
0.00198495
0.00189008
0.00159234
0.00171584
0.00135297
0.000915055
0.000630355
0.000452244
0.000490094
0.000648666
0.000817368
0.000290975
3.38223e-06
1.49242e-06
8.24576e-06
5.33173e-07
2.66035e-05
2.81779e-05
2.98432e-05
6.48462e-05
9.0458e-06
1.58235e-05
1.81477e-05
9.41187e-06
2.62158e-06
3.59203e-06
1.03523e-06
3.10783e-06
7.78233e-08
1.68753e-05
2.47386e-05
1.39247e-06
5.73182e-08
9.70324e-06
7.6112e-08
4.7829e-06
0.000272675
0.00044276
0.0055198
0.003673
0.00247965
0.00183992
0.00121783
0.000802931
0.000474645
0.000329879
0.000181038
0.000161099
6.74485e-05
0.00276518
0.00284032
0.00284897
0.00260303
0.00229613
0.00237206
0.00209793
0.00190515
0.00167451
0.00130438
0.000951903
0.000511062
0.000140714
5.31837e-06
6.35946e-05
0.000604583
0.00117643
0.000915923
0.00070065
0.000559215
0.000442186
0.000436053
0.000353089
0.000257703
0.000213382
0.000151796
8.06002e-05
5.8947e-05
3.81538e-05
1.86985e-07
4.53213e-07
3.59712e-06
6.63941e-05
4.21154e-05
4.56358e-05
4.37418e-05
5.66372e-05
0.000127403
0.0001572
9.83374e-05
0.000115711
9.04561e-05
8.40925e-05
0.000125638
1.96183e-05
0.000110508
7.53887e-05
0.000156719
0.000180903
0.000130949
0.00015285
0.000147386
0.000185992
0.000254435
0.000240497
0.000296496
0.000270134
0.000450684
0.000379266
0.000578323
0.00059893
0.000506701
0.00117981
0.00137303
0.000770685
0.000815471
0.000554354
0.000201811
0.000186002
0.000385604
0.00031011
0.000401326
0.00039795
0.000498635
0.000272413
0.000266646
0.00054692
0.000170701
0.00025918
0.00036343
0.000343205
0.000338533
0.000278608
0.000249815
0.000146343
0.000193192
0.000160988
0.000188199
0.000180558
0.000139304
0.000133301
0.000168978
0.000139477
0.000107363
8.89071e-05
7.95652e-05
8.75015e-05
8.27277e-05
7.21799e-05
6.99898e-05
5.44579e-05
4.3412e-05
3.8079e-05
3.47932e-05
3.09032e-05
2.98266e-05
1.57152e-05
1.3936e-05
1.24593e-05
6.62111e-06
1.32693e-06
4.3619e-07
2.46799e-06
5.21417e-07
3.06813e-08
5.97691e-07
6.45605e-07
4.77174e-08
5.19025e-06
2.63602e-06
8.61333e-06
1.61223e-05
4.27097e-06
2.27558e-07
1.67885e-06
8.3224e-07
3.73041e-07
3.40942e-07
3.08469e-06
5.92329e-07
7.43081e-07
9.186e-07
5.75631e-07
1.75122e-06
3.52272e-06
3.05173e-06
2.11693e-06
5.99876e-07
3.53795e-06
3.53258e-06
4.36689e-06
1.69577e-05
2.55443e-06
9.23191e-07
3.50003e-07
8.45628e-07
9.43324e-05
9.52199e-05
9.63997e-05
9.66559e-05
9.68492e-05
9.31378e-05
7.44565e-05
7.79219e-05
0.000205488
0.00104929
0.00264073
0.000285401
0.00443987
0.00062011
0.000452647
0.000379686
0.00420935
0.00347639
0.0023214
0.00158536
0.000871697
0.00038553
0.000301353
7.28119e-05
8.25232e-05
2.83421e-05
1.13112e-06
9.20843e-06
3.77341e-05
4.38025e-07
3.39576e-07
2.82727e-06
1.86256e-06
4.56167e-06
4.47403e-05
8.03838e-06
2.47218e-05
2.19123e-06
7.1367e-06
4.90294e-05
6.35162e-05
2.0568e-05
6.35481e-05
0.000159908
0.00010059
0.00217476
0.00125279
0.00333707
0.00223371
0.0016904
0.00126303
0.00063005
0.00114823
0.00169009
0.00186052
0.000930833
0.000585275
0.000602688
0.000162296
0.000381212
0.000157882
4.50297e-05
7.30769e-05
4.36273e-05
9.47006e-06
1.23748e-08
8.34107e-07
4.36221e-07
8.921e-06
3.97107e-06
2.31979e-06
4.32505e-07
2.03656e-06
8.17271e-06
3.34213e-06
7.13817e-06
5.42262e-06
9.85277e-07
0.00390074
0.00185453
0.000834846
0.000381684
0.000133396
5.64991e-05
4.89712e-05
2.49217e-06
0.00682134
0.00631658
0.00584923
0.00537525
0.00473125
0.00402238
0.0035491
0.00214301
0.00171844
0.00106996
0.00048375
9.60013e-05
7.93042e-08
0.000172962
0.000650473
0.000603032
0.000426513
0.00036722
0.000273529
0.000281315
0.000225772
0.000168746
8.77927e-05
5.78508e-05
2.88916e-05
1.35827e-05
1.887e-06
6.5614e-06
1.67038e-05
2.52583e-05
0.000148959
0.000123809
0.000189319
0.000194264
0.000203331
0.000220796
0.000196564
0.00023766
0.000252876
0.000247106
0.000389493
0.000252629
0.00038332
0.000392815
0.000459882
0.000557075
0.000548065
0.000639752
0.000624358
0.000578293
0.000613191
0.000695428
0.000775313
0.000711057
0.000695764
0.000907089
0.00115477
0.000736761
0.0008369
0.000791637
0.000220076
8.79231e-05
0.000148854
0.000465473
0.000435533
0.000678511
0.00090391
0.00101403
0.00058814
0.000518327
0.00111787
0.00097148
0.000557626
0.000563913
0.000495965
0.000464333
0.000437679
0.000403744
0.000464032
0.000355013
0.000436589
0.000408069
0.000503189
0.000402367
0.000425958
0.000337142
0.000399275
0.000411138
0.000359297
0.000321081
0.000298704
0.000367632
0.000386798
0.000333021
0.000372864
0.000347581
0.000325416
0.000363716
0.000274218
0.000346971
0.000241649
0.000282363
0.000235889
0.000215081
0.000225606
0.000206302
0.000187391
0.00015743
0.000116365
0.000125874
0.000112198
8.48861e-05
6.48867e-05
4.40252e-05
2.38959e-05
1.5169e-05
2.42219e-05
9.24588e-06
1.64666e-06
9.18739e-12
1.4899e-06
9.43448e-06
2.33087e-05
2.84869e-05
3.60304e-05
4.62591e-05
5.50573e-05
6.35546e-05
8.30971e-05
8.07228e-05
9.97889e-05
0.000105066
0.00011064
0.000119312
0.000126452
0.000126782
0.000127368
0.000137084
0.000127433
0.000129885
0.000132971
0.000132207
0.000139963
0.000141983
0.000136847
0.000131129
0.000167664
7.08444e-05
7.0854e-05
7.08526e-05
7.0848e-05
7.08514e-05
7.08311e-05
7.08319e-05
0.00142756
1.21706e-09
0.00104095
0.00511711
0.00452531
0.00410981
0.00342207
0.00281017
0.00226816
0.00148571
0.000932651
0.000672041
0.00257972
0.00348671
0.00251737
0.00215793
0.00156375
0.00112232
0.000948376
0.000497379
0.000294594
0.000317215
0.000129446
6.05826e-05
4.01208e-05
8.36775e-06
2.63041e-06
1.23713e-05
9.34001e-06
1.20432e-05
0.0019532
0.00152785
0.00107151
0.000821029
0.000523961
0.000418534
0.000211676
0.000131696
6.80492e-05
4.03165e-05
9.22597e-06
0.00209719
0.00128138
0.001028
0.000649266
0.000317185
0.000113929
6.68535e-05
6.45815e-05
8.7117e-05
9.92006e-06
4.12491e-05
9.58687e-06
1.4192e-05
6.05458e-05
7.97823e-06
2.00579e-07
1.5366e-05
1.12962e-05
0.00306266
0.00182722
0.000930941
0.00165029
0.000739229
0.000431602
0.000241066
0.000223862
9.55206e-05
0.00859768
0.0077875
0.00727224
0.00613492
0.00554658
0.00363919
0.00275165
0.0017264
2.65792e-05
0.000197721
8.82203e-05
8.60621e-05
5.90859e-05
5.28327e-05
4.89176e-05
3.03935e-05
1.40829e-05
3.60435e-06
2.12826e-06
1.29425e-05
2.93926e-05
9.11076e-05
8.25369e-05
7.0477e-05
0.00012145
0.000123427
0.00015715
0.000113604
0.000207884
0.000276653
0.000350549
0.000469275
0.000314353
0.000298439
0.000367205
0.000444414
0.000864488
0.000911555
0.000728231
0.0011212
0.000884134
0.000747361
0.000957803
0.000659833
0.000104008
0.000195802
6.33349e-07
1.16571e-05
0.000115243
0.000212304
0.000290799
0.00040284
0.000647331
0.000724148
0.000876522
0.000953109
0.000895478
0.000872716
0.000858159
0.000926096
0.000940941
0.00093657
0.000868421
0.000856101
0.000878746
0.000920246
0.000919423
0.000968845
0.000922123
0.000956145
0.00087684
0.000877427
0.000885459
0.000792956
0.000802778
0.000805105
0.000877107
0.000822497
0.000789285
0.000786861
0.000716913
0.000626042
0.000550675
0.000463374
0.000347518
0.000304828
0.000219437
0.000143232
9.06764e-05
4.74997e-05
1.52078e-05
2.89755e-06
3.06585e-08
4.38074e-06
1.02367e-05
2.64859e-05
4.6334e-05
5.08476e-05
8.24939e-05
6.99248e-05
8.71019e-05
0.000113985
8.87871e-05
0.000122607
0.000126976
0.000111211
0.000140686
0.000132218
0.000144292
0.000154981
0.000138058
0.000133277
0.000140668
0.000175166
0.000173459
0.000165964
0.000141204
0.000174186
7.69911e-05
0.000126264
9.06958e-05
0.000166016
5.97148e-05
5.97396e-05
5.97295e-05
5.97035e-05
5.95896e-05
5.95866e-05
0.000243287
0.000242917
0.00406488
0.00322473
0.0102967
0.00932675
0.00773317
0.00693302
0.00555792
0.00544251
0.00450689
0.00338647
0.00291665
0.00115273
0.000689503
0.000510736
0.000350497
0.000159444
8.67951e-05
5.76443e-06
3.1274e-06
4.65962e-07
2.18702e-06
2.8959e-05
9.06784e-05
3.288e-05
3.68537e-05
9.78971e-05
8.05186e-05
0.000189875
6.08271e-05
6.3865e-05
1.15366e-06
1.97474e-06
0.000367917
0.000200304
0.00017462
9.05276e-05
7.14704e-06
3.73726e-09
1.66491e-06
3.8e-06
1.74683e-05
3.74168e-06
1.81599e-05
1.00979e-05
0.00292785
0.00164954
0.000953252
0.000580854
0.000368635
0.00013153
6.23414e-05
4.53937e-05
1.04269e-05
1.39856e-05
1.57618e-05
9.73837e-07
6.38295e-07
1.22721e-07
1.0382e-07
3.46139e-06
4.37866e-06
1.18468e-05
8.48383e-06
2.25946e-06
3.00472e-06
2.65511e-05
2.4003e-05
1.183e-07
0.00669193
0.00635511
0.00553457
0.00514395
0.00445963
0.00334335
0.00266539
0.00192296
0.00106719
0.000387116
6.21181e-05
3.26434e-05
0.00025077
0.000140851
0.000131683
8.54501e-05
7.2462e-05
0.00010034
7.24673e-05
7.07701e-05
6.12488e-05
5.45214e-05
2.77594e-05
5.42062e-06
4.5649e-07
1.5601e-06
2.00518e-06
1.82947e-05
6.96983e-05
0.000101244
0.000104469
9.42817e-05
0.000138914
0.000121499
0.000175976
0.00015506
0.000152681
0.000103489
9.87812e-05
0.000184822
0.000196208
0.000401607
0.000377915
0.000513948
0.000626681
0.000532871
0.000679294
0.000707611
0.000935023
0.000696982
0.000797223
0.000989697
0.00107444
0.00116051
0.000923744
0.00089713
0.00106661
4.73094e-05
0.000202687
0.000352429
0.000440085
0.000498627
0.000656049
0.000694841
0.000692393
0.000623965
0.000621282
0.000767585
0.000742584
0.000653426
0.000676625
0.000684979
0.000624706
0.000623305
0.000524787
0.000470044
0.000568133
0.000490419
0.000404332
0.000373757
0.000398586
0.000402243
0.000409817
0.000408241
0.000415627
0.000378429
0.000394579
0.000358771
0.000324397
0.000316342
0.000256169
0.000266224
0.000268822
0.00025444
0.000240667
0.000195959
0.000190562
0.000174282
0.000150264
0.000149256
0.000118088
0.000109221
6.93598e-05
6.20609e-05
4.00912e-05
3.11488e-05
2.402e-05
6.30785e-06
5.52421e-06
2.00066e-06
1.70764e-06
4.01186e-07
6.25832e-07
1.94402e-06
1.46327e-06
1.40024e-06
2.65724e-06
5.44403e-06
7.61545e-06
1.21547e-05
1.06836e-05
1.91224e-05
1.73242e-05
2.06301e-05
1.96737e-05
2.60326e-05
2.9734e-05
2.72343e-05
2.9059e-05
6.74527e-05
3.01059e-05
6.4303e-05
6.46599e-05
6.48253e-05
6.52703e-05
6.58696e-05
6.65383e-05
6.21578e-05
0.000708706
0.00288172
0.000233549
0.000164324
0.000381524
0.000309258
0.000246713
0.000201621
0.000143917
1.51845e-06
2.7707e-05
0.000176648
9.5268e-05
0.0270038
0.0213868
0.0169878
0.0128173
0.00914569
0.00665808
0.00434876
0.00287246
0.00191614
0.00119826
0.000595108
0.000574246
0.00020784
6.89374e-06
6.9146e-06
0.000320428
0.000246657
0.000196491
0.000323764
0.00022765
0.000173057
0.000299442
0.000396394
0.00011952
0.00011261
0.000154335
9.18154e-05
0.000111207
9.69969e-05
6.55218e-05
0.000200266
0.000148184
0.000162607
0.00426505
0.00359981
0.00236639
0.00222448
0.00183805
0.00150417
0.00139327
0.0010732
0.000887497
0.000829447
0.000680403
0.000654886
0.000508178
0.000526871
0.000466812
0.000549203
0.000414637
0.000426012
0.000403342
0.000309055
0.000290223
8.63503e-05
6.48719e-05
6.86475e-05
7.13446e-05
0.000109026
0.000102338
6.65405e-05
1.79759e-06
6.60875e-05
0.000137666
0.00027518
0.000366822
0.000348122
0.000268161
4.15999e-06
6.03136e-05
0.000319056
0.0010057
0.00135757
0.000969263
0.000631572
0.000383025
0.000402112
0.000290047
0.000204802
0.000135618
7.29455e-05
9.4461e-05
6.31325e-05
4.62594e-05
4.79147e-06
1.31452e-08
3.3917e-05
6.06424e-05
0.000111389
7.92599e-05
0.00017751
0.000152061
0.000238843
0.000186026
0.000127914
0.000109781
0.000139289
0.000145656
6.48508e-05
5.47175e-05
0.00012057
0.000224047
0.000370756
0.000356372
0.000520235
0.00045769
0.000491723
0.000610519
0.000489458
0.000483991
0.000511244
0.000726108
0.000467228
0.000532784
0.000835217
0.000562204
0.000724602
0.000853613
0.000425736
0.000564508
0.000770116
0.000549833
2.41046e-05
0.000198436
0.000221174
0.000199272
0.000248985
0.000233442
0.000230757
0.000158715
0.000176476
0.000190839
0.00010469
9.37554e-05
0.00013218
0.000159601
0.000151935
0.000165057
0.000192058
0.000164572
0.000183301
0.000195754
0.000188529
0.000170053
0.000113212
0.000108665
9.93729e-05
9.44504e-05
9.34467e-05
0.000108483
0.000111037
8.43012e-05
7.82897e-05
6.0424e-05
5.78542e-05
4.95269e-05
5.71502e-05
3.79141e-05
2.90464e-05
4.72716e-05
2.55211e-05
3.01071e-05
2.60176e-05
2.40337e-05
1.08169e-05
9.71848e-06
2.16743e-06
6.42511e-07
5.04274e-07
3.24856e-06
6.85032e-07
1.1169e-05
4.6451e-06
6.2158e-06
2.05473e-05
1.18696e-05
1.38446e-05
3.95894e-05
4.5571e-05
2.08661e-05
3.69993e-05
2.56792e-05
9.5647e-06
8.67609e-06
9.90488e-06
8.11477e-06
8.78121e-06
5.58346e-06
9.83094e-06
4.07616e-06
7.03201e-06
7.45628e-06
1.95019e-06
4.15156e-06
4.86248e-06
5.85138e-06
6.52433e-06
5.94568e-09
8.31234e-07
8.48555e-05
8.74296e-05
8.90951e-05
9.16151e-05
9.35364e-05
8.88184e-05
7.10744e-05
7.11572e-05
0.00185334
8.85465e-05
0.00274468
0.00800918
0.00699557
0.0068222
0.00599091
0.00450194
0.0031575
0.00277347
0.00159447
0.000984604
0.000771746
0.000350938
0.000262894
0.000109439
0.00012834
8.73692e-05
2.72719e-06
1.61541e-09
1.55029e-06
1.04826e-06
1.60273e-05
1.92204e-05
2.37755e-05
0.000121874
6.19203e-06
1.62432e-05
4.14873e-06
1.81059e-05
2.06281e-05
0.000106667
6.49279e-05
7.42672e-05
0.00396938
0.00244808
0.00181792
0.000990908
0.00354181
0.00244013
0.00134421
0.00152382
0.00142464
0.00143936
0.00490675
0.0042098
0.00426376
0.00270431
0.00107632
0.000546208
0.000768995
0.000532761
0.000117737
0.000132635
6.23258e-06
1.26516e-07
0.000448515
0.000608462
0.000742316
0.000616506
0.000326132
0.000367372
0.000323354
0.000147135
0.000169384
0.00108891
0.0197895
0.012293
0.00686636
0.0034427
0.0015938
0.000826734
0.000270832
0.000143525
5.99386e-05
0.00867792
0.00804605
0.00761388
0.00702427
0.00610407
0.00547563
0.00484293
0.00396075
0.00311729
0.00239372
0.00139517
0.000651967
0.000647031
0.000193331
6.11751e-06
0.000119081
0.000523601
0.000424538
0.000276195
0.000275428
0.000246584
0.000169217
0.000146341
8.14949e-05
4.186e-05
3.05727e-05
5.5689e-06
2.25673e-06
7.65974e-07
1.89732e-05
4.18086e-05
9.14979e-05
0.000107934
0.000172563
0.000140569
0.000212032
0.000228059
0.000301358
0.000268214
0.000316638
0.000219399
0.000314735
0.000260798
0.000441522
0.000460475
0.00044051
0.000420311
0.000503516
0.000520165
0.000540634
0.000576749
0.000570042
0.00053508
0.000580894
0.000796492
0.000905284
0.00112704
0.000819686
0.000979844
0.00135955
0.000830975
0.000475171
0.000261352
0.000178651
0.000573338
0.000598756
0.00081526
0.000959484
0.00100775
0.00130207
0.00108091
0.000309934
0.000351564
0.000386057
0.000433685
0.000464331
0.00039273
0.00040098
0.000511459
0.000489715
0.000510597
0.000438055
0.000593875
0.000507064
0.000646397
0.000536245
0.0006106
0.000491448
0.00059038
0.000582576
0.00058293
0.000640622
0.000538658
0.000563919
0.000537655
0.000583515
0.000550361
0.000621228
0.000597633
0.000510001
0.000598959
0.00050025
0.000448158
0.000480737
0.00046228
0.000411216
0.000384108
0.000377714
0.000401238
0.000366352
0.000329838
0.000287801
0.000286049
0.000265557
0.000231862
0.000217303
0.000205058
0.000133495
0.000104155
8.74068e-05
6.15289e-05
4.90569e-05
3.00889e-05
1.81584e-05
1.25512e-05
3.76215e-06
3.83892e-06
3.08185e-07
2.02843e-06
5.79881e-06
1.13833e-05
1.69066e-05
2.60824e-05
2.90857e-05
4.01857e-05
4.5826e-05
5.50993e-05
5.54891e-05
6.03456e-05
6.65204e-05
6.80309e-05
7.77404e-05
7.59798e-05
8.43045e-05
7.31492e-05
8.2689e-05
8.57734e-05
8.58979e-05
8.30243e-05
8.22326e-05
0.000127732
8.17578e-05
7.73945e-05
6.98462e-05
7.01567e-05
7.01559e-05
6.98538e-05
6.98509e-05
6.98295e-05
9.99721e-05
0.00384231
0.000479714
0.000828471
0.00206124
0.00234349
0.00234126
0.00190822
0.00144126
0.00123087
0.000886215
0.000496979
0.00026483
8.52278e-05
5.25296e-05
3.60061e-10
4.18698e-05
0.000928186
0.000696303
0.000128781
0.000477413
0.000354075
0.000271155
0.000103425
1.41974e-05
1.23088e-05
2.17667e-06
3.19485e-07
2.69758e-05
2.63243e-05
3.52508e-05
0.00012979
3.47859e-05
4.51528e-05
0.00013966
8.3478e-05
0.000101786
0.00179131
0.00107468
0.00102835
0.000770093
0.000574838
0.000556065
0.000290924
0.000208944
0.000169311
7.50208e-05
0.00191216
0.0011913
0.000849531
0.000691218
0.000326768
0.000200167
0.000148757
7.63545e-05
1.81363e-05
9.20201e-06
7.67897e-06
1.90085e-06
2.40583e-06
1.76558e-06
2.8311e-06
9.69409e-07
4.0436e-06
8.60611e-06
1.18854e-08
4.98894e-06
4.44508e-05
8.9542e-07
2.13095e-06
2.31324e-07
1.22686e-05
0.00290288
0.00169404
0.000835472
0.000731942
0.000895388
0.000481367
0.000257005
0.00014191
8.41926e-05
7.30313e-05
0.00787531
0.00702503
0.00645589
0.00556132
0.00440602
0.00356564
0.00248415
0.00158963
0.00121653
0.00128348
0.000492668
3.47668e-06
4.41055e-05
0.000398807
0.000290811
0.000178052
0.000166556
0.000115989
0.000127852
9.49048e-05
7.73241e-05
6.91758e-05
3.31356e-05
4.13283e-05
2.08222e-05
1.45303e-06
3.90944e-05
1.98621e-05
1.58892e-05
2.75463e-05
5.12362e-05
8.18277e-05
0.00022531
0.000225411
0.000233263
0.000218774
0.000229318
0.00024403
0.000274373
0.000156784
0.000231423
0.000279647
0.000226803
0.000278868
0.000305428
0.000368657
0.000552746
0.000423097
0.000615463
0.000665305
0.000602297
0.000594917
0.000648009
0.000894625
0.000568134
0.000513785
0.000540806
0.000436135
8.13276e-05
7.20063e-06
0.000494719
1.98253e-05
8.37806e-05
0.000190614
0.000270041
0.000464555
0.000466739
0.000663079
0.000801651
0.000831308
0.000955164
0.000897224
0.000924395
0.000806556
0.000885475
0.000890775
0.000889871
0.000882756
0.000902124
0.000877272
0.000859317
0.00088757
0.000850743
0.000856939
0.000888573
0.000859268
0.000779542
0.000940884
0.000727605
0.000755642
0.000691477
0.000678531
0.0006409
0.000626076
0.00054051
0.000474953
0.000435899
0.000406491
0.000370392
0.000264633
0.000228179
0.000177846
0.000126552
9.77481e-05
6.66532e-05
4.45533e-05
2.09166e-05
2.66127e-06
3.93438e-07
2.23224e-06
1.75713e-05
1.67113e-05
2.63956e-05
4.2555e-05
5.3669e-05
6.07387e-05
8.71607e-05
6.47718e-05
9.29638e-05
0.000109701
0.000100887
0.000127938
0.00011143
0.000135268
0.000148926
0.000116481
0.000145395
0.000137235
0.000145923
0.000158173
0.000182406
0.000147177
9.56437e-05
9.27803e-05
8.13582e-05
8.70957e-05
8.88796e-05
9.67098e-05
9.52716e-05
6.78571e-05
6.78594e-05
6.78563e-05
6.77878e-05
6.76722e-05
6.76646e-05
6.76574e-05
0.000197339
0.00133236
0.00403985
0.00953665
0.010265
0.00882172
0.00678887
0.0069444
0.00504689
0.00438838
0.00345156
0.00227192
0.00147577
0.000807332
0.000569095
0.00020593
0.000302149
0.000199719
1.11141e-05
1.71594e-06
1.66581e-05
7.04469e-05
6.18873e-05
4.86005e-05
0.000149708
0.000129031
3.60174e-05
5.30468e-05
2.07915e-05
2.67724e-05
4.13835e-05
2.31228e-05
5.2233e-05
5.38387e-05
5.25744e-05
7.08065e-05
2.25109e-05
9.35051e-05
1.1474e-05
0.000235667
0.000258892
0.000161933
0.000139786
5.53529e-05
9.02105e-06
3.27185e-06
1.78583e-06
3.93821e-06
4.2805e-06
3.85925e-06
7.22513e-07
7.29127e-09
0.00274521
0.00162042
0.00101984
0.000661989
0.000299044
0.000205449
9.7746e-05
3.79336e-05
7.30366e-05
2.88957e-05
5.06363e-05
2.24827e-05
1.09056e-06
4.46841e-07
7.37106e-07
4.12054e-06
4.06242e-06
8.6481e-07
2.99295e-06
7.19633e-07
3.25734e-06
1.10379e-07
9.25292e-08
4.11007e-07
1.18446e-06
0.00604222
0.00571858
0.0054409
0.00471846
0.00391166
0.00280793
0.00232886
0.00130666
0.000671256
0.000278816
1.53705e-05
0.000132782
0.000346291
0.000196577
0.000154548
0.000158409
0.000137525
0.000100893
0.000105597
9.08239e-05
6.2297e-05
6.46367e-05
7.16396e-05
4.86651e-05
3.79931e-05
9.17051e-07
1.8312e-06
5.51387e-07
1.11875e-05
2.76118e-06
3.91777e-05
3.22461e-05
1.0523e-05
7.79361e-05
1.34162e-05
3.82208e-05
5.45461e-05
0.000121254
0.000121952
0.000108326
9.04431e-05
6.31117e-05
7.65822e-05
4.34607e-05
0.00013626
0.000155906
0.0002253
0.000193966
0.000333139
0.000385621
0.000380172
0.000426293
0.000368145
0.000530484
0.000433477
0.000333044
0.000375064
0.000345451
2.27999e-05
4.89007e-05
0.000235622
0.000165254
0.000266578
0.000285763
0.000404696
0.000575295
0.00058351
0.000659871
0.0007855
0.00074059
0.000713038
0.000656733
0.000652
0.000623798
0.000579985
0.000634524
0.00054705
0.000568965
0.000498814
0.000592842
0.000519758
0.000530151
0.000632538
0.000522479
0.000559446
0.00050422
0.000482291
0.000405408
0.000493566
0.000437557
0.000381312
0.000310238
0.000351702
0.000312801
0.00028646
0.000262789
0.000246352
0.000191142
0.000175802
0.000143917
0.000150832
0.000126086
8.31511e-05
6.81572e-05
5.2171e-05
3.80108e-05
1.91893e-05
1.35096e-05
6.47607e-06
3.01876e-06
1.21193e-08
1.27765e-06
6.47618e-07
7.17234e-06
1.09535e-05
1.42508e-05
2.21321e-05
2.74049e-05
2.70612e-05
4.01821e-05
4.08495e-05
4.30387e-05
5.18311e-05
5.83755e-05
5.63082e-05
6.7726e-05
5.44868e-05
5.82837e-05
4.96289e-05
3.72339e-05
6.83571e-05
5.53389e-05
6.22863e-05
6.30415e-05
7.64226e-05
7.75513e-05
7.78973e-05
7.81563e-05
7.92884e-05
7.91494e-05
7.11655e-05
0.00012394
0.000124339
0.00277518
0.00228059
0.00146115
0.0215322
0.0239191
0.0201415
0.0169587
0.0151473
0.0138832
0.0118026
0.00913567
0.00649009
0.00506864
0.00285232
0.00198986
0.00126229
0.000841564
0.000378427
0.000258795
0.000130401
6.31821e-05
3.42161e-05
4.061e-05
0.000125166
4.92141e-05
6.24882e-05
0.000100849
7.98919e-05
7.01361e-05
0.000139264
1.81781e-05
1.72253e-05
4.12335e-05
4.28506e-05
3.75543e-05
4.7444e-05
3.62589e-05
0.000105922
0.000112709
5.61798e-05
0.000141281
0.00116436
0.00162492
0.00138199
0.00130352
0.00105715
0.000919851
0.000542911
0.000490917
0.000696551
0.000517114
0.000509139
0.000561095
0.000530457
0.000403836
0.00049755
0.000479608
0.000397243
0.000438406
0.000405889
0.000364769
0.000314549
0.000414715
0.000338528
0.000289163
0.000283577
0.000248507
0.000346249
0.000261224
0.000244975
0.000239161
0.000294707
0.000249338
0.000242342
0.000176834
0.000129025
0.000267426
0.000403133
0.000383468
0.000310191
0.000193555
7.84392e-05
3.98059e-05
2.99864e-06
0.000139235
0.00115537
0.00121773
0.000817847
0.000595861
0.000533861
0.000419902
0.000303909
0.000195586
0.000136429
7.6351e-05
2.37204e-05
4.63192e-05
2.16051e-05
4.69939e-06
2.72969e-06
1.7168e-08
1.21804e-05
1.38733e-05
2.69451e-05
1.63621e-05
2.81089e-06
1.52627e-05
4.25557e-06
5.81418e-07
2.49963e-07
3.9371e-06
3.49032e-05
7.37734e-05
2.61912e-05
0.000141322
0.000132149
0.000247779
0.000263238
0.000185712
0.000362045
0.000478737
0.000274453
0.000439592
0.000409651
0.000405455
0.000359043
0.000476869
0.000835084
0.000482829
0.000596766
0.000787528
0.00062848
0.000352426
0.00035379
0.00102371
0.00100139
0.000114266
0.000125675
7.81809e-05
7.6068e-05
0.000107372
0.000161031
0.00018537
0.000156764
0.000207851
0.000223081
0.000209943
0.000233952
0.000302439
0.000256135
0.000280026
0.000239284
0.000261353
0.000255385
0.000267846
0.000281029
0.000336579
0.000310224
0.00025887
0.000330787
0.000263816
0.000260569
0.000235124
0.000240451
0.000244061
0.000267886
0.0002195
0.000294492
0.000205589
0.000165341
0.00014396
0.000156825
0.000142474
0.000100269
7.93843e-05
6.47506e-05
5.35933e-05
4.90205e-05
4.44126e-05
3.10746e-05
3.15457e-05
1.91365e-05
1.99789e-05
4.75388e-06
6.28374e-06
9.2955e-06
8.55409e-07
2.98233e-06
6.31959e-08
4.49748e-07
1.12004e-06
2.65786e-06
8.11663e-06
1.198e-05
3.75669e-06
1.27683e-05
1.48573e-05
1.88661e-05
7.42359e-06
2.8339e-05
1.08859e-05
2.98023e-05
9.17571e-06
5.23719e-06
3.29304e-05
1.21964e-05
1.41814e-05
5.29434e-06
5.50699e-06
1.37757e-05
2.43775e-05
5.0222e-06
3.66342e-05
1.25238e-05
1.97519e-06
7.31122e-05
7.48614e-05
7.50575e-05
7.26436e-05
7.5147e-05
7.29944e-05
7.60188e-05
7.65556e-05
8.26514e-05
0.00279786
0.00281641
0.00402789
5.52818e-06
0.00680781
0.00557893
0.00461978
0.0040874
0.00411257
0.00392142
0.00315804
0.00284708
0.0019062
0.00138276
0.000799352
0.000676401
0.000277912
0.000144484
9.89842e-05
0.00016216
4.91317e-05
5.60093e-05
7.6643e-07
2.37245e-06
5.96623e-05
9.62781e-05
1.69406e-05
5.23828e-05
0.000221621
0.000121691
0.000134454
3.13983e-05
0.000146056
0.000152651
0.000293069
0.000287665
0.00173671
0.00199456
0.00114506
0.000616212
0.00188094
0.00171667
0.000678454
0.000454086
0.000247892
0.000522706
0.0002213
0.000145696
0.000196367
5.38259e-05
3.11403e-05
3.12142e-05
1.81654e-05
3.20501e-06
1.02895e-05
1.43113e-06
3.97177e-06
1.70601e-05
9.96242e-06
5.39681e-05
2.55133e-05
0.0118362
0.00719694
0.00138047
0.00488234
0.0025956
0.00154078
0.000683163
0.000285117
8.11589e-05
3.52519e-05
4.67588e-05
7.28472e-06
2.57976e-06
1.15591e-05
3.13389e-07
0.00857225
0.00803533
0.00761813
0.00678241
0.00592441
0.0052001
0.00456425
0.00374255
0.00247691
0.0019276
0.00126785
0.00117356
0.000633226
0.000112283
5.93056e-06
0.000230784
0.000625704
0.000346902
0.000295366
0.000238658
0.000225542
0.000180867
0.00012153
9.19472e-05
5.87963e-05
5.33908e-05
1.32943e-05
1.38366e-07
1.60256e-09
1.12076e-05
2.39321e-05
6.17043e-05
8.14871e-05
0.000111826
0.000166146
0.000187698
0.00018887
0.00022677
0.000173091
0.000259207
0.000396345
0.000339788
0.000408156
0.000355031
0.000269572
0.000273423
0.000395751
0.000414603
0.000453614
0.000667387
0.000889125
0.000723571
0.00093144
0.000762869
0.00111934
0.000837325
0.00067712
0.000421419
0.000385548
0.000330502
0.000440816
0.000647435
0.000963437
0.000859134
0.000492352
0.00068689
0.000932075
0.00109547
0.00090563
0.000967569
0.000394921
0.000429548
0.000421022
0.000459764
0.000433325
0.000447926
0.000478857
0.000464075
0.000510907
0.000545413
0.000511946
0.000494835
0.000567029
0.000428074
0.000560836
0.00056249
0.000545356
0.000591761
0.000545968
0.000620932
0.000561319
0.0004405
0.000570363
0.000605535
0.000601114
0.000506404
0.000518662
0.000475247
0.000600704
0.000487775
0.000497011
0.000455567
0.000443216
0.000475784
0.000455582
0.000472824
0.000431274
0.000408964
0.000309256
0.000315477
0.000280254
0.000209193
0.000243269
0.000180866
0.000145047
0.000123013
0.000115084
9.58078e-05
8.12372e-05
5.38018e-05
3.52857e-05
3.73089e-05
1.33643e-05
8.48882e-06
1.76734e-06
1.74875e-08
4.78416e-07
3.10125e-06
6.86608e-06
9.84314e-06
1.62045e-05
3.20546e-05
3.75375e-05
4.43959e-05
5.0276e-05
5.71034e-05
6.36804e-05
8.38352e-05
8.18595e-05
8.59187e-05
9.23693e-05
9.34717e-05
9.35335e-05
9.47343e-05
9.86641e-05
0.000105242
0.000104507
0.00010326
0.000106705
0.000106797
0.000107209
0.000152025
7.67333e-05
7.58431e-05
7.58129e-05
7.68649e-05
7.59697e-05
7.5909e-05
7.35363e-05
8.89649e-05
0.00317657
0.000277351
8.19459e-05
0.00180863
0.00276755
0.00283215
0.00247023
0.00168679
0.00140599
0.000906781
0.00052288
0.000218638
0.000140944
3.44737e-05
8.81573e-06
0.00177416
0.00103632
0.000612332
0.000569007
0.000406621
0.000299513
0.000215285
8.79112e-05
2.59377e-05
1.57689e-05
2.90165e-06
6.54637e-06
7.6787e-06
1.52101e-07
8.88531e-07
2.44501e-05
4.04315e-06
2.89903e-06
6.16772e-05
4.6006e-09
0.00219429
0.00133794
0.00094755
0.000904032
0.000660756
0.00047779
0.000169276
0.00020817
4.196e-05
1.35213e-05
0.000141421
0.000185622
7.36481e-05
0.000151216
0.000144195
0.00039618
0.000164062
0.000248527
4.45436e-05
0.000227276
0.000179091
0.000280716
0.000263957
0.000194062
0.000281063
0.000177805
0.000226304
0.000212111
0.000191238
5.04727e-05
5.74591e-05
0.000138143
0.000199899
0.000181254
0.00019256
4.25262e-05
0.000213337
0.000200331
0.000198859
5.22841e-10
1.07808e-06
9.2526e-07
0.0196587
0.00129095
0.00139515
0.00150162
0.00140312
0.00110682
0.00091701
0.00081089
0.000650097
0.000210737
0.000145744
2.14259e-06
8.5937e-05
0.000453089
0.00111703
0.000684151
0.000489997
0.00040376
0.000381595
0.000251728
0.000214952
0.000116433
8.0754e-05
4.11869e-05
7.79302e-06
6.58057e-07
1.46424e-06
4.1252e-06
3.2824e-06
3.9414e-05
3.71544e-05
0.000135362
0.000116472
0.000128609
0.000188144
0.00015466
0.000142934
0.000224116
0.000149232
0.000193204
0.000159442
0.000160535
0.000302436
0.000219038
0.000331124
0.000471504
0.000504726
0.000631489
0.000737761
0.000768704
0.000842005
0.00101087
0.000811346
0.000763126
0.000720388
0.000656145
0.00039054
0.000334032
0.000747868
0.000563399
0.000742036
0.000685187
7.00258e-05
1.1192e-06
7.02213e-06
7.94163e-05
0.000232007
0.000327754
0.000371656
0.000462725
0.000435692
0.000430173
0.000502269
0.000581692
0.000606629
0.000519248
0.000563648
0.000595114
0.000620718
0.00070922
0.000575121
0.000479616
0.000670263
0.0006911
0.000597679
0.000598761
0.000641144
0.000811151
0.000587452
0.000577021
0.000610883
0.000600844
0.000601663
0.00047234
0.000529326
0.000470989
0.000365658
0.000374469
0.000355152
0.000270687
0.000214009
0.000197238
0.000113575
7.79092e-05
5.66485e-05
2.03559e-05
7.61351e-06
4.28512e-07
2.14848e-08
1.06009e-06
1.20669e-05
3.03816e-05
2.29255e-05
5.10959e-05
5.96721e-05
5.60297e-05
7.61883e-05
6.64839e-05
8.85167e-05
0.000106055
9.77763e-05
0.000125028
0.000112719
0.000125569
0.000136972
0.000132986
0.000118587
0.000145361
0.000121756
7.8368e-05
6.38034e-05
6.76711e-05
7.84034e-05
7.93122e-05
8.33267e-05
8.98184e-05
8.7545e-05
0.000110887
7.45582e-05
7.45585e-05
7.45615e-05
7.45443e-05
7.44861e-05
7.44115e-05
7.43448e-05
0.000233261
0.00160023
0.00202659
0.0113669
0.0080038
0.00691035
0.0084482
0.00532966
0.00515601
0.00377104
0.00287948
0.00201727
0.00142863
0.00104402
0.000374423
0.000128594
0.000116346
8.23993e-05
1.89838e-05
1.5407e-07
8.93555e-06
0.000121552
0.00011606
4.40998e-05
7.13769e-06
9.23479e-05
5.38191e-05
7.22895e-05
6.88669e-05
0.000131441
0.000253657
5.24663e-05
0.000234121
6.81686e-05
6.3765e-05
5.80702e-06
6.32093e-05
0.000304079
0.000224738
0.00019583
8.04862e-05
5.43837e-05
6.19897e-06
2.86487e-05
1.16703e-05
1.34849e-05
6.03306e-07
6.74712e-06
0.00117437
0.000685083
0.000440828
0.000327526
0.000141402
9.02055e-05
5.98288e-05
2.56152e-05
1.64993e-06
8.19396e-06
3.99093e-06
4.46763e-06
2.24413e-07
7.57953e-07
1.75855e-06
1.60876e-06
3.91301e-06
8.85934e-07
2.15385e-05
1.09373e-06
8.78045e-06
6.10395e-06
5.2333e-06
1.46081e-06
1.50672e-05
0.00403007
0.00394484
0.00392065
0.00357309
0.00288008
0.00255239
0.00168519
0.00105703
0.000705529
0.00015846
1.84424e-06
0.000107438
0.000549544
0.000616588
0.000388783
0.000270329
0.000217094
0.000154162
0.000118109
7.36267e-05
4.39697e-05
6.62234e-05
1.47673e-05
3.02293e-06
5.47063e-07
5.00149e-06
1.9201e-05
6.06214e-05
8.81339e-05
0.000104687
0.000138133
8.90548e-05
7.92019e-05
0.000181688
0.000288512
0.000246025
0.00021619
0.000181136
0.00023178
0.000196319
0.000262199
0.00016439
0.000295052
0.000497189
0.00055384
0.000421666
0.000461485
0.000472588
0.000541903
0.000489484
0.000538638
0.000435743
0.000534317
0.000545556
0.0004062
9.0055e-05
0.000852675
0.000205087
0.000194018
0.000302701
0.000355609
0.000394125
0.000402176
0.000483691
0.000437687
0.000354071
0.00042303
0.000353635
0.000327804
0.000389551
0.000403
0.000458391
0.000388438
0.000510695
0.000403984
0.000401076
0.000371998
0.000390552
0.000401792
0.000380826
0.000424603
0.00038107
0.000354854
0.000405921
0.000348093
0.000305494
0.000290941
0.000221807
0.000252238
0.000213275
0.000188648
0.000170548
0.00019344
0.000189435
0.000120407
0.00012581
9.28056e-05
9.89879e-05
7.11307e-05
4.46485e-05
4.75004e-05
1.13607e-05
1.50444e-05
6.08391e-06
2.74158e-06
2.02407e-06
3.66334e-08
1.19672e-06
2.4713e-06
9.66263e-06
1.47806e-05
1.33252e-05
3.05984e-05
3.29649e-05
3.90024e-05
5.15758e-05
5.43312e-05
6.45745e-05
6.18444e-05
6.97087e-05
7.39953e-05
7.22318e-05
7.23091e-05
7.36958e-05
8.91705e-05
8.81836e-05
9.08003e-05
8.56907e-05
8.43955e-05
8.0978e-05
7.1661e-05
7.81608e-05
7.822e-05
7.83181e-05
7.83691e-05
7.86096e-05
7.89305e-05
7.89005e-05
7.57697e-05
0.00126754
0.0012197
0.000131772
0.028705
0.0186891
0.0161741
0.0132347
0.0136677
0.0142558
0.0131627
0.0120147
0.00989762
0.00782726
0.00555386
0.00405239
0.00240943
0.00164814
0.000785931
0.000437755
0.00019835
0.000118259
0.000130302
2.36716e-05
1.35368e-05
5.0855e-05
3.31203e-05
0.000117799
0.000111691
0.000154798
0.000132775
0.000119433
6.44808e-05
5.14768e-05
0.000123968
6.33285e-05
3.64282e-05
7.05344e-05
8.65332e-05
7.29006e-05
7.66966e-05
9.754e-05
0.00011006
1.90948e-05
0.000110786
0.000102322
3.37213e-05
3.39503e-05
0.00147568
0.00134663
0.00115262
0.00120901
0.00119532
0.00106677
0.00111101
0.000961613
0.000945006
0.000875007
0.00075858
0.000728943
0.000644695
0.000636784
0.000487699
0.000516349
0.000629916
0.000518618
0.00045083
0.000428126
0.000396771
0.000320752
0.000376929
0.000371466
0.000261219
0.000237577
0.000217755
0.000253709
0.000431407
0.0001986
0.000199232
1.62578e-06
6.37162e-05
0.000336776
0.00080636
0.00142348
0.00130543
0.000713063
0.000719126
0.000466502
0.000283752
0.000277156
0.000206488
0.000124077
8.87184e-05
2.96872e-05
1.24385e-05
1.8568e-05
3.18405e-07
7.79766e-06
4.40998e-05
2.80979e-05
2.1325e-06
3.83131e-06
2.79179e-06
2.90969e-05
1.59874e-05
2.54262e-05
7.60588e-05
3.12849e-05
0.0001052
4.86173e-05
0.000249146
0.000267943
0.000321647
0.000334349
0.000372138
0.000328198
0.000311287
0.000404681
0.000417175
0.000583614
0.000803899
0.000629293
0.000576301
0.000490149
0.000374356
0.000631566
0.000707097
0.000754098
0.000791125
0.000995556
0.000530674
0.000488398
0.000459778
0.000388624
0.000462196
0.00038013
0.000442788
0.00041868
0.00036575
0.000374744
0.000335177
0.000275668
0.000315315
0.000304289
0.000295953
0.000272583
0.000277634
0.000287163
0.000191555
0.00026631
0.000198103
0.000241306
0.000242041
0.000229422
0.000187668
0.000189571
0.000131012
0.000105733
0.000141047
0.000125707
0.000114752
0.000143639
0.000145837
0.000100633
8.92414e-05
8.88768e-05
9.30372e-05
5.37877e-05
4.36643e-05
6.26946e-05
4.64167e-05
4.96347e-05
3.9059e-05
4.68136e-05
3.90466e-05
1.24005e-05
1.32393e-05
1.23665e-05
6.18315e-06
8.23198e-07
4.12706e-06
1.42994e-06
1.10527e-06
2.74784e-06
3.05076e-07
6.25552e-07
8.23593e-08
7.25247e-11
3.07076e-08
3.77573e-07
6.41216e-07
7.98709e-07
1.17531e-06
1.76001e-06
2.0934e-06
1.00833e-05
1.18242e-05
1.07491e-05
1.3142e-05
1.31402e-05
2.05085e-05
2.61088e-05
3.98311e-05
2.64399e-05
2.97531e-06
9.20351e-06
2.62465e-05
3.08368e-05
1.7757e-05
1.85455e-05
4.65669e-05
3.30527e-05
7.64452e-05
0.000140311
0.00236906
0.0023006
0.00251386
0.00267688
0.00344683
0.000116422
0.000122872
0.000127983
0.000132758
0.000706724
0.0036826
0.000242337
0.00214127
0.00173196
0.00170373
0.00135774
0.000894166
0.000684473
0.000361549
7.05565e-05
1.73232e-05
9.81482e-06
1.5396e-07
2.82258e-05
2.1845e-05
2.21389e-05
2.82311e-05
7.86195e-05
9.74087e-05
0.000128259
0.000246316
0.0004137
0.000152885
0.000321117
0.000377362
0.000284066
0.000246029
0.000198869
0.000371991
0.000268012
0.00036014
0.00121231
0.000534816
0.000547189
0.00100747
0.000506141
0.000336089
0.00045921
0.00016062
0.000287391
0.000131184
4.79497e-05
3.17113e-05
9.31169e-06
9.40456e-06
2.57981e-06
3.52718e-05
1.30217e-05
1.16858e-06
2.71495e-06
3.41962e-06
7.47625e-06
1.13916e-05
6.29947e-05
5.37536e-06
9.83123e-06
9.11508e-06
1.09611e-07
3.0196e-05
2.34838e-05
8.04446e-06
5.65411e-06
7.09926e-06
0.00853124
0.00536608
0.00329743
0.00147156
0.000575451
0.000278715
0.000126404
5.92676e-05
2.51083e-05
1.48433e-05
7.21779e-06
0.00553076
0.00542761
0.00495665
0.00441158
0.00386614
0.00333013
0.00284177
0.00211004
0.00155269
0.000464304
0.000169561
0.000190058
0.000240687
0.00088845
0.000820999
0.000609417
0.000503726
0.000457481
0.000411885
0.000324274
0.0002308
0.000157439
7.43455e-05
5.6461e-05
7.87473e-05
9.09558e-06
2.0098e-07
5.47574e-07
7.26708e-05
7.66425e-05
0.000120041
0.000152013
0.000170949
0.000276514
0.0002169
0.000454972
0.000396535
0.000345454
0.000468407
0.000426407
0.000318529
0.000519571
0.00033998
0.000404508
0.000388027
0.000673709
0.000905365
0.000658927
0.000562257
0.000517281
0.000302396
0.000239783
0.000557627
0.00050267
0.000779831
0.000565536
0.000575506
0.000513137
0.000695576
0.000402804
0.000926285
0.00112501
0.000297207
0.000341512
0.000289312
0.00030025
0.000283778
0.000272246
0.000347074
0.000267106
0.000348026
0.000278542
0.000300062
0.000342257
0.000305658
0.000297294
0.000291834
0.000307513
0.000298071
0.000288279
0.000264879
0.00034107
0.000263796
0.000301657
0.00022968
0.00030825
0.000303766
0.000260409
0.000300329
0.000258985
0.000290454
0.00023649
0.000290191
0.000222677
0.000213069
0.000186421
0.000148739
0.000144196
8.12508e-05
6.22402e-05
5.26272e-05
2.92322e-05
2.34239e-05
1.03644e-05
4.03945e-06
1.18756e-07
2.44236e-06
3.39026e-06
1.40315e-05
2.3537e-05
2.96904e-05
5.16343e-05
6.606e-05
6.68762e-05
7.43829e-05
9.56469e-05
0.000105952
0.000112939
0.000123698
0.000125644
0.000132223
0.000131324
0.000140387
0.000146006
0.00015023
0.000146254
0.000148776
0.000151721
0.000146139
0.000148647
0.000152971
0.00015518
0.000158899
0.000173371
8.79033e-05
8.87458e-05
8.79723e-05
8.89515e-05
8.86685e-05
8.78893e-05
8.51065e-05
0.000999733
0.00136403
0.00100578
0.00511805
0.00491536
0.00441947
0.00402869
0.00307104
0.00240437
0.00146279
0.00109755
0.00394417
0.00315531
0.00183736
0.00143865
0.00132331
0.000841182
0.000816905
0.000596356
0.000360589
0.000158371
0.000202024
0.000113866
3.73535e-05
5.29976e-06
3.53742e-06
1.1819e-06
1.39964e-06
0.00190116
0.00110013
0.000850204
0.000691437
0.000614826
2.26373e-05
2.78908e-06
5.58482e-06
1.80161e-07
4.45258e-06
8.10948e-06
3.42485e-05
1.74081e-05
6.97329e-05
9.53322e-05
0.000200066
0.000189188
9.4474e-05
0.000189953
0.000200027
0.00024646
0.000202305
0.000244832
6.69327e-05
0.000114994
0.000224246
0.000235713
0.000224104
7.02321e-05
0.000129849
0.000284553
2.62173e-05
1.81497e-05
0.000525248
0.00067149
0.000906328
0.000752352
0.000759375
0.000695804
0.000526698
0.000352631
0.0002025
5.03581e-05
1.82955e-05
0.000185271
0.00120513
0.000953753
0.00057936
0.000425897
0.00030959
0.000217463
0.000162386
7.55492e-05
0.000131086
4.45799e-05
3.24968e-05
2.07058e-07
3.6401e-06
6.99624e-06
5.90039e-05
0.000215899
0.000186047
0.000252373
0.000236636
0.000284714
0.000334981
0.000368803
0.00045234
0.000282468
0.000369913
0.000362149
0.000737657
0.00061097
0.000814115
0.000680822
0.000553337
0.000706873
0.00081275
0.000913973
0.00115343
0.000915949
0.000644037
0.000439135
0.000503915
0.000455787
9.67161e-05
4.81571e-06
1.82697e-05
0.000125281
0.000240817
0.000293184
0.000340517
0.00040133
0.000418155
0.000495445
0.000541076
0.000586789
0.00066028
0.000631772
0.000681032
0.000631986
0.000580211
0.000670557
0.000487994
0.000675706
0.000645045
0.000582924
0.000571095
0.000700113
0.000646867
0.000594195
0.000609487
0.000558004
0.000598477
0.000606429
0.000557945
0.000464861
0.000435937
0.000400042
0.000344852
0.000304097
0.00028496
0.000173204
0.000104384
6.8896e-05
3.92944e-05
2.28021e-05
1.0688e-05
1.35516e-07
1.10482e-07
3.85705e-06
1.16578e-05
3.04621e-05
5.66241e-05
5.52429e-05
8.86248e-05
8.29628e-05
9.35729e-05
0.000116573
0.00010353
0.00014066
0.000125949
0.000136656
0.000150616
0.000166659
0.000139115
0.000177197
0.000163406
0.000178762
0.000154676
0.0001774
0.000162677
0.000178145
9.64656e-05
9.58364e-05
0.000100466
0.000146254
0.000146734
0.000157866
0.000162737
7.68458e-05
7.68798e-05
7.68699e-05
7.68601e-05
7.68364e-05
7.67004e-05
0.000672993
0.00588262
0.0185509
0.0141155
0.00988261
0.00862395
0.0080157
0.00616886
0.00521558
0.00346939
0.00256974
0.00174075
0.00103785
0.000478603
0.00019652
0.000290354
0.000203388
0.000157835
5.92412e-08
7.41881e-06
8.6188e-06
1.3879e-05
2.5989e-05
1.72322e-05
1.4074e-06
1.18882e-05
3.03974e-06
2.61377e-05
5.72574e-05
4.83517e-05
1.26812e-05
7.86662e-06
7.25919e-05
0.00046919
0.000323289
0.00011773
6.85848e-05
2.3973e-05
1.66138e-06
1.38199e-05
9.58898e-10
1.63408e-05
0.00139526
0.000799529
0.000572695
0.000253055
0.000161607
0.000107797
2.45108e-05
3.04925e-05
1.31602e-05
2.63623e-06
1.363e-09
3.12054e-06
1.78228e-06
1.82372e-06
4.20136e-06
7.37586e-06
5.24996e-07
2.93743e-07
3.68448e-06
7.52559e-06
2.31449e-05
2.23895e-05
0.00441197
0.00439869
0.00421549
0.0037623
0.00343813
0.00288303
0.00215085
0.00156472
0.00110594
0.000532703
7.99809e-05
3.75914e-09
6.3182e-06
0.000462128
0.000405063
0.000278643
0.000207549
0.000121418
0.000127512
5.54176e-05
3.38943e-05
1.45633e-05
5.82014e-06
6.13849e-06
2.98265e-08
4.51552e-06
9.52651e-06
2.07634e-05
4.07837e-05
6.784e-05
6.23686e-05
0.000108201
4.77581e-05
9.83111e-05
0.000264867
0.00025778
0.000222232
0.000184601
0.000174092
0.000193149
0.00011419
0.000130367
5.53266e-05
0.000214563
0.000472069
0.000472181
0.000438451
0.000419153
0.000412829
0.000444405
0.000489525
0.000748112
0.000677309
0.000571822
0.000648764
0.000572802
0.000477602
0.000550019
0.000921892
0.000147548
0.00020874
0.000242207
0.000280525
0.000369146
0.000334419
0.000346765
0.000286627
0.000456841
0.000362523
0.000401063
0.000378626
0.000403933
0.000415596
0.000469848
0.000418627
0.000406034
0.000426998
0.000456634
0.000388934
0.000406648
0.000424678
0.000421631
0.000354832
0.00035231
0.000395976
0.000458192
0.000390329
0.000440311
0.000455731
0.000415134
0.00034349
0.000352313
0.000272114
0.000322541
0.000336081
0.000297961
0.000294548
0.000239333
0.000255351
0.00017241
0.000200513
0.00016793
0.000114921
9.80229e-05
7.5769e-05
6.90962e-05
4.51458e-05
3.11168e-05
2.40045e-05
1.83974e-05
1.38393e-05
8.65725e-06
1.22107e-06
4.51722e-07
9.67813e-08
1.83418e-06
3.64964e-06
4.50573e-06
6.37903e-06
1.74382e-05
1.94928e-05
2.03015e-05
1.86617e-05
2.94329e-05
3.18108e-05
3.42391e-05
3.85346e-05
5.51324e-05
3.3627e-05
4.38984e-05
3.65023e-05
8.82153e-05
7.3093e-05
7.31761e-05
7.33351e-05
7.31535e-05
7.32809e-05
7.35014e-05
0.00224428
0.00312899
2.39615e-05
0.0147716
0.012158
0.00861119
0.00932476
0.0109312
0.00967054
0.00994873
0.00839826
0.00692366
0.0049377
0.00361519
0.0019793
0.00126145
0.000467365
0.000376987
0.000133121
7.97889e-05
2.17561e-05
2.15779e-05
1.60863e-06
2.03426e-08
5.88272e-06
8.19797e-06
0.000101862
7.5009e-05
7.70287e-05
0.000212414
0.000165271
9.882e-05
0.00013639
0.000396644
0.000310441
0.000322198
0.000271699
0.000296728
0.000252664
0.000201528
0.000210598
0.000181758
0.000158118
9.99736e-05
8.95252e-05
8.83622e-05
0.000108391
3.16241e-05
0.00021304
0.000214737
0.000168253
0.000132358
9.28113e-05
2.20826e-05
5.63076e-05
0.000183155
0.00016146
0.000162557
0.000185436
0.000736394
0.000480967
0.000360578
0.000284687
0.000175444
0.000137484
7.05505e-05
0.000731066
0.000632558
0.000421074
0.000303232
0.000200658
0.000103884
7.00658e-05
4.82344e-05
3.14988e-05
0.00271046
0.00273219
0.00273216
0.00239307
0.00180771
0.00119351
0.000670094
0.000592607
9.99986e-07
0.000136953
0.000508545
0.00071181
0.000464614
0.000339351
0.000278399
0.000185031
0.000199483
0.000104364
5.80367e-05
4.2128e-05
1.14601e-05
8.71203e-07
4.30729e-06
7.93898e-06
1.19768e-05
1.30401e-05
8.88488e-06
5.20324e-06
1.23091e-05
2.7215e-05
1.63441e-05
1.26613e-05
3.65782e-05
8.47984e-05
5.03346e-05
3.10823e-05
9.63842e-05
1.53433e-05
4.43914e-05
1.44845e-05
8.27075e-05
8.81186e-05
0.000529583
0.000188694
0.000175652
0.000315256
0.000316109
0.000504754
0.000471129
0.00041343
0.000343087
0.000576635
0.000852843
0.000904819
0.000668061
0.000738837
0.000317942
0.000608561
0.000587364
0.000512119
0.000503669
0.00048009
0.000444854
0.000437899
0.000441515
0.00035375
0.000403858
0.000350763
0.000322793
0.000380049
0.000371883
0.000363747
0.000387228
0.000338829
0.000307235
0.000317969
0.000297982
0.000257967
0.000299065
0.000218187
0.000155297
0.000199396
0.00019998
0.000187793
0.000178776
0.000154978
0.000159567
0.000155326
8.87112e-05
9.48381e-05
8.35777e-05
9.67699e-05
6.56622e-05
6.40607e-05
5.61841e-05
5.24644e-05
2.32503e-05
4.05598e-05
1.17469e-05
2.28681e-05
1.59679e-05
1.34364e-05
6.03911e-06
6.19216e-06
3.82445e-06
3.88368e-06
3.02039e-06
1.60467e-06
2.33668e-06
8.53301e-07
2.17945e-07
4.2686e-07
2.78037e-07
6.37958e-07
2.55912e-09
5.17089e-08
2.22196e-06
4.6351e-07
6.91257e-07
2.13287e-06
7.35487e-07
2.35774e-07
6.82322e-07
6.51225e-07
1.58224e-06
6.34351e-07
4.82705e-07
5.4115e-07
7.01026e-07
1.41337e-07
1.18955e-07
2.58176e-08
7.39407e-07
6.50216e-06
9.79188e-05
9.97665e-05
0.00010236
0.000105148
0.000108818
0.000113453
0.000118558
0.000122228
0.00329556
0.00468587
4.20813e-06
0.000330266
0.00344022
0.00272345
0.00288303
0.00263111
0.00231169
0.00200805
0.000905965
0.000370635
0.000157951
4.08135e-05
2.55376e-05
2.74483e-06
1.83744e-06
1.1211e-06
7.77834e-06
4.80994e-05
6.7092e-05
0.000103298
0.000103516
0.000105855
0.000147464
0.000216112
0.000319189
0.0001366
0.000245032
0.000186668
0.000136522
5.06054e-05
3.78795e-05
0.000164311
0.00189531
0.00200877
0.00145582
0.000694011
0.00188721
0.0013467
0.000752983
0.000585112
0.000286325
8.74059e-05
6.28928e-05
2.65961e-05
1.39983e-06
7.09768e-07
3.374e-09
5.31225e-06
1.27367e-05
4.37863e-06
1.69566e-06
1.82046e-05
2.27466e-06
1.75841e-05
1.0514e-05
1.61963e-05
2.65205e-05
9.64157e-06
8.09299e-08
5.37371e-06
2.12683e-05
4.40482e-09
0.0118223
0.00641522
0.00357174
0.00233188
0.00101419
0.000485086
0.000193609
8.02731e-05
5.14002e-05
2.49922e-05
1.63561e-05
2.98316e-08
0.00734954
0.00680224
0.00634594
0.00581621
0.00505827
0.00457539
0.00383438
0.00293493
0.00180453
0.00118335
0.00042346
0.000225099
0.000238723
0.000498323
0.00037383
0.000317732
0.00023394
0.000211597
0.000165782
0.000111087
9.19626e-05
3.03192e-05
1.39314e-05
4.7433e-08
1.08946e-06
5.77237e-06
1.78586e-05
2.53266e-05
8.28544e-05
5.26687e-05
9.45936e-05
0.000175653
0.000165476
0.000144849
0.000162134
0.00025954
0.000168077
0.000309392
0.000207193
0.00030914
0.000175803
0.000281178
0.000171359
0.000239762
0.000248738
0.000194502
0.000375244
0.000353435
0.000407644
0.000401814
0.000563274
0.000426347
0.000304896
0.000408524
0.00035731
0.000344339
0.000523823
0.000380004
0.000349441
0.00040756
0.000433599
0.000333043
0.000336622
0.000363017
0.000388287
0.00030632
0.000301825
0.000377011
0.00037455
0.000280059
0.000394584
0.00034636
0.000306921
0.000386137
0.000462663
0.000350403
0.000390273
0.000345122
0.000334288
0.00031999
0.0003144
0.000408333
0.000359392
0.000307252
0.000359883
0.000375413
0.000415813
0.000454426
0.000371806
0.000396538
0.000351752
0.000320745
0.000405796
0.000307987
0.000246187
0.00026224
0.000373219
0.000361164
0.000338159
0.000254242
0.000280402
0.000329914
0.000333117
0.000266203
0.000369054
0.000268403
0.000334794
0.000315308
0.00045822
0.000292153
0.000270065
0.000330777
0.000361224
0.000251322
0.000299174
0.000269593
0.000235209
0.000207217
0.000192963
0.000166434
0.000147
0.00012547
0.000111268
9.99648e-05
8.31508e-05
6.86688e-05
0.000297719
0.000154962
0.000128501
0.000193083
0.000158349
0.000134421
0.000110832
9.27582e-05
6.8465e-05
5.75835e-05
4.54203e-05
3.58681e-05
2.76246e-05
2.30087e-05
2.21023e-05
1.62697e-05
1.34558e-05
1.18568e-05
8.5102e-06
5.71281e-06
4.35512e-06
2.27768e-06
1.1489e-06
0.000493678
0.000467509
0.000445756
0.000407583
0.000389353
0.000370546
0.000368953
0.000341129
0.000315708
0.000275648
0.000248858
0.000231503
0.000210295
0.000193933
0.000172497
0.000157759
0.00013537
0.000114119
8.70995e-05
7.23815e-05
6.87051e-05
2.91007e-05
1.29093e-05
6.26341e-06
9.71652e-06
4.04457e-06
8.89899e-07
4.94228e-06
2.25969e-06
7.33995e-06
1.21516e-05
3.22295e-05
5.27376e-05
8.00969e-05
0.000104047
7.628e-05
0.000106173
0.000139021
0.000180237
0.000150811
5.80406e-05
2.12744e-05
2.1336e-05
1.48112e-06
4.51502e-07
1.4757e-05
1.45693e-05
3.38249e-06
1.39494e-06
2.44121e-05
6.1843e-05
2.21049e-05
3.33059e-05
0.000112211
0.000184817
9.42721e-05
6.69325e-05
0.000114835
0.000172657
0.00024203
0.000177325
0.000149993
0.000235969
0.000519065
0.000530314
0.000721022
0.000519332
0.000704199
0.000546433
0.000668568
0.000591491
0.000967615
0.000527521
0.000627731
0.000691396
0.00103127
0.000666863
0.000885886
0.00104656
0.000872584
0.00104628
0.000674203
0.000784104
0.000471782
0.000594778
0.000577681
0.000499179
0.000602625
0.000875044
0.00105323
0.00100821
0.00123675
0.000736216
0.00107467
0.00105431
0.000991947
0.000982103
0.00095093
0.000779051
0.000907438
0.000852601
0.00100091
0.000990888
0.000958934
0.000991342
0.000981816
0.000928779
0.000735296
0.000875699
0.000870063
0.000841485
0.000826772
0.000785071
0.000759633
0.000691189
0.000644475
0.00070883
0.000628538
0.000629921
0.000610052
0.000617733
0.000532986
0.000536383
0.000517192
0.000525559
0.000518722
0.000530253
0.000497389
0.000472211
0.000476186
0.000460953
0.000415618
0.000420337
0.000413627
0.000450299
0.000466912
0.000470347
0.000452434
0.000440064
0.000433146
0.000404849
0.000364964
0.000260799
0.000259943
0.000250578
0.000420874
0.000424376
0.000406309
0.000390177
0.000379969
0.00026985
0.000379422
0.000384043
0.000363831
0.000315732
0.000318154
0.000356521
0.000328358
0.000311441
0.000325961
0.000329156
0.000315634
0.000318156
0.000306149
0.000255537
0.000253713
0.000242402
0.000244936
0.000243114
0.000226739
0.000224176
0.000209369
0.000211647
0.000209159
0.000191998
0.000167506
0.000155785
0.000140822
0.000111765
0.000106121
9.24295e-05
9.42311e-05
8.56099e-05
8.22396e-05
7.78998e-05
6.12696e-05
4.58671e-05
4.13763e-05
3.57697e-05
3.51148e-05
3.17499e-05
2.67905e-05
1.0753e-05
6.46888e-06
1.2643e-05
9.78018e-06
1.26959e-06
4.74873e-07
2.64973e-09
3.41799e-07
1.22871e-06
1.65416e-06
3.01144e-06
8.69713e-06
1.13292e-05
1.64203e-05
1.75171e-05
2.04888e-05
2.75498e-05
2.65045e-05
3.54139e-05
4.55839e-05
5.27724e-05
5.74934e-05
6.53309e-05
6.62182e-05
7.04137e-05
7.98349e-05
8.64161e-05
8.97218e-05
9.62336e-05
0.000100731
0.00010399
0.000108695
0.000113006
0.000122332
0.000122269
0.000123886
0.000130665
0.000133829
0.00013353
0.000153032
0.000153383
0.000165489
0.000173874
0.000172205
0.00017389
0.000180929
0.00017959
0.000188951
0.000185767
0.000187043
0.000196243
0.000193644
0.000185665
0.000196351
0.000192675
0.000192283
0.000209516
0.000204664
0.000192955
0.000209474
0.000187453
0.000183709
0.000184609
0.000201666
0.000199189
0.000195715
0.000197629
0.000192653
0.000220774
0.000224581
0.000236473
0.000215692
9.32696e-05
9.32543e-05
9.32351e-05
9.32228e-05
9.32061e-05
9.31945e-05
9.31955e-05
9.31718e-05
9.33231e-05
9.32857e-05
9.39512e-05
0.000168913
0.000167995
0.000168356
0.000987039
7.36978e-05
8.90413e-05
0.000107226
8.92057e-05
0.00152238
0.00132379
0.00157877
0.00140024
0.00151056
0.00134454
0.000988347
0.000855979
0.000432115
0.000354717
0.000328592
0.000132639
0.000102301
4.10577e-06
5.94665e-07
3.50972e-05
4.41898e-05
3.95946e-05
7.04042e-05
7.51323e-05
6.97778e-05
2.12756e-05
0.000122529
0.000129816
0.000214691
0.000219215
0.000281699
0.000284501
0.000175019
0.000172595
0.000120823
8.39017e-05
8.70481e-05
7.8169e-05
4.59494e-05
4.62558e-05
5.97123e-05
5.8695e-05
5.15757e-05
0.000100164
0.000102926
9.89372e-05
8.68702e-05
0.000157172
0.000115097
0.00010276
5.6676e-05
3.60245e-05
3.89508e-05
2.50262e-05
6.46707e-07
4.89537e-07
3.74256e-06
2.76072e-06
2.24627e-05
1.10468e-05
3.14863e-06
1.28668e-07
2.75151e-05
3.18449e-05
7.00186e-05
6.38109e-05
1.80119e-05
2.02186e-05
1.96793e-05
1.05042e-05
9.30362e-06
2.10487e-05
2.24736e-05
2.46849e-05
2.43796e-05
2.23216e-05
1.4621e-06
6.08593e-06
8.19851e-05
8.19368e-05
4.06548e-05
6.43725e-05
0.000160068
0.000197198
0.000229885
0.000294572
0.000239008
0.00029501
0.00040287
0.000556723
0.000331166
0.000313549
0.000399054
0.000384003
0.000446428
0.000392363
0.000488256
0.000793868
0.000685765
0.000376624
0.000756649
0.000481975
0.00090737
0.000477333
0.000901767
0.00075876
0.000639093
0.00112432
0.000950375
0.000680658
0.000765148
0.00063905
0.000822202
0.000907496
0.0217304
0.014165
0.00823461
0.00433162
0.00222034
0.00117113
0.000526177
0.000251871
8.77656e-05
4.16489e-05
2.29504e-05
6.49038e-06
4.06176e-06
1.21437e-06
2.10085e-07
1.5377e-07
3.21261e-07
1.35813e-08
6.43669e-08
9.93185e-07
1.3005e-07
8.59491e-07
1.55003e-06
7.16646e-07
5.17472e-06
0.000105266
7.82706e-05
2.60088e-05
1.71655e-05
1.27222e-05
8.02092e-06
1.59105e-06
2.4688e-06
5.73291e-06
0.00580912
0.0054588
0.00514952
0.00483979
0.00375601
0.00338802
0.0029776
0.00277283
0.00262305
0.00253927
0.00228705
0.00207708
0.0017402
0.0016321
0.00133523
0.00108318
0.000922753
0.000882024
0.00062118
0.000535415
0.000254091
0.000268872
8.803e-05
6.22882e-05
1.41291e-06
7.23208e-06
5.53281e-06
7.97418e-05
9.21665e-05
0.000374162
0.000413481
0.000457602
0.00110336
0.00114055
0.000765752
0.00105345
0.00113682
0.000964574
0.000986987
0.000859179
0.000586917
0.000694144
0.00055339
0.000498336
0.000386567
0.000419939
0.000420537
0.000366327
0.000384438
0.000343089
0.00028828
0.000323308
0.000228745
0.000177135
0.000199977
0.00020598
0.000146471
0.000165814
0.000101301
8.74419e-05
6.7993e-05
7.00127e-07
3.14038e-06
1.21981e-08
1.02197e-05
2.75891e-06
3.10546e-07
9.76613e-07
1.94602e-06
1.63267e-05
7.2358e-06
3.272e-05
3.77496e-05
2.76024e-05
4.47556e-05
2.67582e-05
2.43401e-05
8.59089e-05
6.41085e-05
0.000125901
4.10527e-05
6.57306e-05
0.000103391
8.0451e-05
5.01839e-05
5.53322e-05
2.81978e-05
8.86773e-05
7.31506e-05
0.000167244
0.000160818
0.000114429
0.000159931
0.000166979
0.000133267
0.000296086
0.00015604
0.00019635
0.000235071
0.000240187
0.000171056
0.000129214
0.000276192
0.000442669
0.000270567
0.000283804
0.000380853
0.000466212
0.000396458
0.000559119
0.00030744
0.000491903
0.000389569
0.000499226
0.000556904
0.000313818
0.000491111
0.000655503
0.000443057
0.000560711
0.000597233
0.000490462
0.000346093
0.000528203
0.000409484
0.000158036
4.73945e-05
0.000189107
0.000321433
0.000432019
0.000525061
0.000225571
0.000324881
0.000159673
0.000248907
0.000219742
0.000297462
0.000319542
0.000482079
0.0003254
0.000435278
0.00038916
0.000529622
0.000759227
5.92535e-05
0.000938369
0.000128971
0.000156395
0.000233939
0.000251269
0.000287956
0.000221695
0.000263177
0.000375968
0.000380173
0.000400428
0.000414074
0.000403432
0.000402352
0.000316588
0.000323351
0.000362119
0.000358088
0.000371951
0.000375041
0.000379137
0.000374075
0.000333875
0.000349776
0.000398721
0.000369425
0.000440813
0.000439829
0.000358045
0.000352016
0.000338849
0.000351695
0.000320091
0.000355421
0.000367667
0.000353021
0.000367504
0.000361761
0.000338462
0.000327349
0.000338467
0.000326769
0.000279208
0.0002652
0.000323217
0.000333396
0.000317611
0.000333732
0.000343315
0.0003393
0.000256366
0.00025978
0.000367801
0.000376074
0.000365108
0.000292163
0.00030079
0.000296594
0.000326677
0.000320027
0.000317322
0.00032489
0.000316271
0.000258843
0.0002477
0.000272375
0.000274624
0.000270137
0.000255329
0.000255934
0.000240427
0.0002385
0.000174353
0.000159313
0.000147188
0.00017812
0.000175332
0.000167972
0.000127715
0.00012265
0.000110653
0.000100799
8.52796e-05
0.000113239
0.000110574
0.00010122
7.62015e-05
7.21391e-05
6.22829e-05
7.09802e-05
6.82215e-05
5.6377e-05
2.91961e-05
2.33743e-05
2.13528e-05
1.83675e-05
1.06545e-05
8.70531e-06
5.61681e-06
3.58681e-06
2.60532e-06
2.18343e-08
2.98688e-07
1.37269e-06
2.52835e-06
4.75421e-06
6.39049e-06
8.22494e-06
8.35901e-06
1.85628e-05
2.16518e-05
2.4743e-05
2.44406e-05
3.11005e-05
3.34971e-05
3.79848e-05
4.26268e-05
5.38847e-05
5.71943e-05
6.41948e-05
6.31395e-05
6.49342e-05
6.69744e-05
7.24685e-05
7.31887e-05
7.40305e-05
7.9708e-05
8.67821e-05
9.684e-05
9.95359e-05
9.66372e-05
9.82978e-05
9.52775e-05
9.43215e-05
9.63769e-05
0.000107565
0.000108248
0.000120257
0.000122597
0.000127925
0.000127861
0.000132694
0.000185214
0.000174353
0.0001682
0.000161303
0.000159814
0.000155542
0.000154106
0.000154924
0.000154502
0.000152822
0.000150729
0.000151001
0.000158453
0.000160221
0.000145618
0.000143018
0.000146067
0.000145668
0.000144274
0.000141875
0.000141695
0.000141234
0.000143869
0.000156538
0.000162099
0.000149183
0.00014666
0.000148236
0.000146282
0.000173575
0.00017845
9.04859e-05
9.04989e-05
9.04969e-05
9.04837e-05
9.05072e-05
9.04613e-05
9.03868e-05
9.03904e-05
9.03971e-05
9.04733e-05
9.23424e-05
9.23428e-05
9.26761e-05
0.00391638
0.00366186
0.000590946
0.000589644
0.000747261
0.000616272
0.00181568
0.00163167
0.00169661
0.00155442
0.00142663
0.0012849
0.000885882
0.000818733
0.000720285
0.000303115
0.000243863
0.000113805
8.52759e-05
1.86532e-05
1.13085e-05
1.60912e-05
8.15686e-06
1.16756e-07
9.33016e-07
9.23263e-06
1.36908e-05
1.17203e-05
1.62392e-05
3.80378e-05
4.01933e-05
9.24268e-05
9.60261e-05
0.000173722
0.000172999
0.00015884
0.00015649
0.000163365
0.000163668
0.000153469
0.000124556
0.000121861
0.000223234
0.000198547
0.000110818
8.76018e-05
5.99819e-07
0.0016565
0.00132376
0.000928508
0.000719448
0.00056517
0.000435145
0.000649361
0.000496718
0.000440058
0.000327599
0.000286614
0.000221887
0.00015887
9.21156e-05
6.30177e-05
9.99538e-05
2.6086e-05
1.26629e-05
5.10387e-05
3.07275e-05
1.19011e-05
4.72943e-06
2.70879e-05
1.35704e-05
4.91037e-06
5.19323e-07
2.74197e-07
1.39813e-07
1.49658e-05
1.75611e-05
8.55621e-07
3.41986e-08
2.38544e-08
1.89566e-05
0.00379049
0.0031269
0.00177615
0.00136038
0.00113433
0.000825386
0.000637148
0.00093712
0.000695558
0.000578722
0.000592122
0.000426617
0.000358045
0.000247448
0.000212347
2.06021e-05
8.24164e-06
1.56937e-06
2.16482e-06
3.96308e-06
9.55638e-06
8.24787e-05
5.01626e-05
4.67261e-05
2.53905e-07
2.83857e-06
2.24294e-06
2.67774e-05
3.64311e-05
2.86313e-05
2.14785e-05
2.71719e-05
1.33441e-07
2.38379e-06
5.38925e-05
3.14635e-05
3.14516e-06
1.25889e-07
5.43095e-07
2.32945e-05
3.10595e-05
2.19874e-05
6.19528e-05
3.64856e-05
5.71107e-06
1.07068e-05
4.00316e-06
4.50622e-07
8.09058e-07
1.28028e-07
1.70324e-06
6.19369e-06
1.02079e-06
8.0918e-07
2.32918e-07
0.000336731
0.000975907
0.000707615
0.000563787
1.39539e-05
0.000258846
0.0019628
0.00140154
0.00108289
0.000691878
0.000469988
0.000385851
0.000261715
0.000143195
0.000100851
0.000137295
8.35228e-05
6.63179e-05
7.17827e-05
4.45798e-05
1.04336e-05
5.01471e-06
2.81291e-06
2.01845e-07
8.15983e-07
2.88339e-06
2.22925e-07
1.10118e-06
1.03536e-05
3.5446e-06
5.77733e-06
3.00116e-06
1.06131e-06
3.61542e-06
3.24668e-06
8.09188e-07
3.20725e-06
4.34922e-07
1.21424e-06
1.42769e-06
3.4533e-06
1.11879e-05
3.42548e-06
1.0044e-05
1.93919e-05
1.34957e-05
0.00149783
0.00114083
0.000765829
0.00278499
0.00247933
0.00123806
0.00155699
0.000674402
0.000629605
0.000365793
5.00416e-05
6.78639e-07
4.68841e-05
3.78531e-05
0.000188434
8.28609e-05
9.85354e-05
9.7664e-05
7.48886e-05
8.82802e-05
6.05939e-05
4.96566e-05
5.75605e-05
4.39971e-05
3.57848e-05
4.68705e-05
5.95381e-05
4.76196e-05
5.51336e-05
4.07385e-05
3.29405e-05
3.61504e-05
4.52804e-05
2.17752e-05
2.87218e-05
2.59792e-05
8.51503e-07
1.25909e-06
6.0637e-06
9.96441e-08
6.77332e-07
3.29357e-06
4.57131e-07
5.60462e-06
2.86177e-06
1.21039e-05
2.14309e-05
3.84931e-05
2.25502e-05
3.41535e-05
6.92676e-05
6.50912e-05
7.29839e-05
3.27106e-05
5.09078e-05
8.74282e-05
0.000201564
5.40385e-05
0.000202023
0.000191446
0.000176732
0.000245206
0.000246975
0.000343929
0.000707641
0.000554581
0.000469104
0.000322966
0.000303097
0.00025094
0.000179663
0.00013168
0.000101097
6.18451e-05
3.42436e-05
2.16324e-05
6.67123e-06
1.87703e-06
9.5644e-08
1.65921e-06
1.14032e-06
2.51786e-05
4.67814e-05
5.32084e-05
6.42362e-05
9.67891e-05
0.000132571
0.000172288
0.000220872
0.000220548
0.00034616
0.000370732
0.00042637
0.000430477
0.000454784
0.000541873
0.000652891
0.000681058
0.000773523
0.000715462
0.000738719
0.000799121
0.00075285
0.000827911
0.000969266
0.00108306
0.00119478
0.00118056
0.00120453
0.00127861
0.0013577
0.00140095
0.00147244
0.00143149
0.00124551
0.00124049
0.0013068
0.00127259
0.00151079
0.00149248
0.00138941
0.00139256
0.00140345
0.00157652
0.00150548
0.00141325
0.00142495
0.00134539
0.00145117
0.0013377
0.00108589
0.00110622
0.00104404
0.00117649
0.00108479
0.000969963
0.000928948
0.00105633
0.000991435
0.000862555
0.000803626
0.000752765
0.000840606
0.000753619
0.000704859
0.000727384
0.000670544
0.000768717
0.000692635
0.000617951
0.000630121
0.000586261
0.000491689
0.000487805
0.000436735
0.000541538
0.00049183
0.000446608
0.00033063
0.000316221
0.000276254
0.000310756
0.000252682
0.000207698
0.000176868
0.000165587
0.000150314
0.000111109
9.30107e-05
8.19289e-05
5.75867e-05
3.31182e-05
2.12946e-05
1.95731e-05
1.47524e-05
4.38765e-06
2.12747e-06
1.57792e-07
2.79608e-06
3.76718e-06
8.06518e-06
1.71562e-05
2.33372e-05
3.7055e-05
4.28753e-05
5.41783e-05
6.56202e-05
7.56449e-05
8.05239e-05
8.88686e-05
9.21575e-05
0.000105019
0.000108832
0.000120154
0.000124974
0.000133804
0.000134777
0.00016107
0.000164781
0.000156674
0.000157416
0.000171298
0.000172859
0.00018961
0.000197919
0.000206608
0.000222507
0.000222694
0.000227621
0.000172187
0.000180862
0.000181145
0.000143988
3.87832e-05
5.83572e-05
0.000617207
0.000562122
0.00170183
0.000447091
0.000330403
0.000307407
0.000677074
0.00020351
0.000120777
0.000291298
0.000494989
0.000513678
2.20324e-05
3.35161e-05
0.00052207
0.00038515
0.000338862
0.000272645
0.000194344
0.000520284
0.000407801
0.000483436
0.000381628
0.000160407
0.000128482
0.000214567
0.000206915
0.00018889
6.29462e-05
4.20653e-05
7.54535e-07
1.07689e-07
2.39416e-07
2.10763e-06
1.27636e-06
6.10012e-06
1.74424e-05
1.56675e-05
2.10332e-05
7.92005e-06
6.92905e-06
3.89328e-06
6.20401e-06
7.79224e-06
4.60042e-06
6.89441e-06
4.56917e-06
1.26338e-05
1.1571e-05
2.8933e-05
2.81356e-05
7.97422e-06
7.16267e-06
8.67295e-05
8.53992e-05
7.65573e-05
3.36067e-06
7.42463e-06
1.38851e-06
4.4313e-06
3.87442e-06
1.4414e-06
1.20773e-07
6.97825e-09
2.82357e-06
4.87052e-07
7.91934e-05
4.33568e-05
9.01139e-05
4.99924e-05
7.42797e-06
1.07547e-05
7.02017e-06
5.14822e-07
1.02382e-06
8.02802e-07
1.57694e-05
7.54232e-06
1.15149e-05
1.17049e-05
7.90884e-05
6.87046e-05
6.36129e-05
0.000128912
9.5117e-05
7.05352e-05
6.44422e-05
5.67388e-05
3.15459e-05
2.24446e-05
9.86809e-06
6.07944e-06
2.37805e-07
5.84521e-06
1.30413e-05
1.35131e-05
2.47428e-05
1.68198e-05
1.06356e-05
2.14752e-05
4.23246e-08
1.0849e-06
2.49935e-05
9.16411e-05
0.000143146
9.29134e-05
9.14194e-05
0.000109967
3.05145e-05
4.26596e-05
6.80609e-05
8.44037e-05
7.07778e-05
4.75666e-05
5.9206e-05
5.28368e-05
5.72513e-05
3.80233e-05
5.09711e-05
4.72963e-05
8.55832e-05
8.81436e-05
9.9191e-05
5.58377e-05
6.83854e-05
8.94679e-05
0.000103344
6.85589e-05
7.91174e-05
0.000101942
0.000113589
5.49736e-05
6.33225e-05
0.000102164
0.000101017
0.000112678
0.000118158
8.97867e-05
9.48466e-05
8.48448e-05
8.88708e-05
5.23731e-05
5.57267e-05
4.72988e-05
6.87771e-05
7.01894e-05
5.14234e-05
4.08895e-05
3.96273e-05
3.72765e-05
4.19492e-05
3.98127e-05
2.22879e-05
2.05124e-05
1.69925e-05
1.17271e-05
1.06118e-05
9.10667e-06
7.91446e-06
7.38008e-06
4.37865e-06
4.29949e-07
6.10529e-07
9.17081e-07
0.00027517
0.0166746
0.0147449
0.0132694
0.0112894
0.00895064
0.011595
0.0063672
0.00750003
0.00615293
0.000274967
0.000347646
0.000594573
0.000934388
0.000748241
0.000580525
0.000721522
0.000623401
0.000727843
0.000726039
0.00072552
0.00062005
0.000541935
0.000624266
0.000519225
0.000425598
0.00036207
0.000231503
0.000168528
0.000183712
4.37004e-05
2.3309e-05
1.0222e-05
1.96769e-05
9.01788e-08
0.000166433
0.000165722
0.000680275
0.000708048
0.000420646
0.000935831
0.000971271
0.00100263
0.00094981
0.000647023
0.000555451
0.00043902
0.000449433
0.000321618
0.000279927
0.000320449
0.000278531
0.000230236
0.000155171
0.000123223
0.000117608
0.000112014
0.00012768
5.14219e-05
5.59452e-05
4.09312e-05
4.02787e-05
8.86567e-06
1.01051e-05
5.85504e-06
4.71076e-06
2.77552e-07
5.8823e-06
1.80328e-07
9.04607e-07
1.87647e-05
2.13542e-05
9.87032e-06
7.11932e-06
3.60385e-05
1.94731e-05
1.16889e-05
2.16102e-05
2.51862e-05
1.68792e-05
2.30839e-05
5.23648e-05
7.50934e-05
0.000109686
7.95039e-05
3.32553e-05
3.68031e-05
0.00011726
6.70236e-05
0.000170824
0.000147857
0.000255262
0.000247193
0.000160446
9.54561e-05
0.000133922
0.000161936
0.000213852
0.000277147
0.000369666
0.000433711
0.000375471
0.000418926
0.000532789
0.000619517
0.000355685
0.000613507
0.000448794
0.000791384
0.000514658
0.000642309
0.000735972
0.000473268
0.000672905
0.000594009
0.000843093
0.00076473
0.00083273
0.000679435
0.000828247
0.000682833
0.000771273
0.00105045
0.000714518
0.000860021
0.000677248
0.00110028
0.000726169
0.00099719
0.000616229
0.000684641
0.000879726
0.000724782
0.000717047
0.000475971
0.000486125
0.000473756
0.000591178
0.00065253
0.000828907
0.00100953
0.000942032
0.000513091
0.000460061
0.000550981
0.000949871
0.000534371
0.000807131
0.000369589
0.000355339
0.000814551
0.00042421
0.000413694
0.000414477
0.000475696
0.000471127
0.00041223
0.000425976
0.000422581
0.000369213
0.000212999
0.000429691
0.000251896
0.000251332
0.000207676
0.00021645
0.000470402
0.000271854
0.000427798
0.000258377
0.000430044
0.000429598
0.00039998
0.000402382
0.000344102
0.00020555
0.000424357
0.000278521
0.000276726
0.000408488
0.000274291
0.000356245
0.000353939
0.000307016
0.000252303
0.000317283
0.000307336
0.000275829
0.000279078
0.000256247
0.000262573
0.000251287
0.000176058
0.000181214
0.000263003
0.00026709
0.000255679
0.000249093
0.000258717
0.000255129
0.000282744
0.000282421
0.000279821
0.000280485
0.000283863
0.000266997
0.00029608
0.000304168
0.000288574
0.000257377
0.000242074
0.000237166
0.000231699
0.000185764
0.000179721
0.00021134
0.000200331
0.000230289
0.000231759
0.000218491
0.000169817
0.000167268
0.00016188
0.000174312
0.000174888
0.000168488
0.000163092
0.000144211
0.000131492
0.000113344
0.000111058
0.000103311
9.7055e-05
9.41048e-05
8.96594e-05
8.47403e-05
6.37751e-05
5.24631e-05
5.05571e-05
4.61714e-05
3.88304e-05
3.21932e-05
2.82147e-05
2.35466e-05
1.48316e-05
1.09928e-05
1.3397e-05
1.04026e-05
7.84975e-06
5.54699e-06
3.52079e-06
2.59832e-06
1.14774e-06
1.24087e-06
8.40877e-07
1.24606e-07
1.08124e-06
2.20397e-06
2.20886e-06
4.45816e-06
6.38709e-06
7.63083e-06
1.03906e-05
1.17991e-05
1.44161e-05
1.86742e-05
2.10179e-05
3.47639e-05
3.79097e-05
4.25537e-05
3.29012e-05
3.37977e-05
3.68162e-05
4.60723e-05
4.74577e-05
4.6837e-05
5.15675e-05
5.23526e-05
5.64301e-05
6.18494e-05
6.25964e-05
6.70237e-05
7.76411e-05
7.904e-05
8.44273e-05
8.60522e-05
8.84323e-05
0.000102876
0.000105299
9.05925e-05
8.99408e-05
9.16439e-05
9.72903e-05
9.92258e-05
0.000100615
0.000101058
9.24067e-05
9.1648e-05
9.39634e-05
6.77402e-05
6.79874e-05
7.00896e-05
6.78141e-05
6.95896e-05
7.07067e-05
6.82987e-05
6.78477e-05
7.03184e-05
6.93998e-05
7.00585e-05
7.53413e-05
7.39705e-05
7.3163e-05
7.24578e-05
7.43614e-05
6.4613e-05
6.35957e-05
6.4643e-05
6.81436e-05
6.72724e-05
7.00527e-05
6.35994e-05
6.26589e-05
6.33436e-05
6.06684e-05
6.22906e-05
6.47258e-05
6.45622e-05
5.84256e-05
5.90624e-05
6.35915e-05
6.36453e-05
6.94614e-05
7.35155e-05
5.70613e-05
6.04552e-05
5.19752e-05
5.27664e-05
5.68674e-05
5.69697e-05
5.75808e-05
0.000125178
0.000123528
0.000127057
0.000128328
0.000128154
0.000128288
0.000130636
0.000125007
0.000128519
9.12344e-05
9.10663e-05
8.05029e-05
8.11057e-05
7.99085e-05
0.000120997
0.00012017
1.25504e-05
3.0664e-06
4.33302e-05
5.94771e-05
0.00166291
0.00144726
0.00230236
0.00209668
0.00160003
0.0014673
0.00263942
0.00235856
0.000648295
0.000557602
0.000363358
0.000306073
0.000291936
0.000245855
0.000232002
9.29926e-05
7.55643e-05
0.000133312
9.06569e-05
5.78753e-06
9.12042e-06
7.41049e-06
1.08396e-05
1.31259e-05
9.25081e-06
9.41115e-05
9.09026e-05
4.28901e-05
4.22172e-05
2.71101e-06
7.81628e-08
1.36804e-07
9.09337e-05
8.36065e-05
6.96562e-05
5.7625e-05
2.3017e-06
6.13887e-06
2.75703e-05
4.11373e-05
4.02471e-05
5.75127e-06
2.3296e-05
4.97442e-06
1.21482e-05
8.38977e-05
8.73563e-05
0.000160421
0.000170112
0.000180703
2.75944e-06
2.81362e-08
3.33104e-10
4.96543e-06
1.42059e-05
1.09059e-05
2.45872e-06
7.44483e-06
8.07267e-06
4.89324e-08
8.02972e-07
1.41257e-06
6.86655e-06
1.59575e-06
1.39177e-06
1.6441e-05
2.48295e-05
4.66236e-06
7.67261e-06
7.08446e-05
8.11053e-05
7.05463e-05
4.66292e-05
4.95541e-05
8.78898e-05
9.01574e-05
7.07221e-06
8.89911e-06
3.06747e-05
3.10496e-05
3.11178e-05
3.31593e-05
2.89628e-05
7.53192e-05
7.4826e-05
7.05724e-05
7.39326e-05
6.82662e-05
5.60358e-05
7.26359e-06
5.67248e-06
4.44749e-06
9.38155e-06
6.44206e-06
4.95925e-06
1.49015e-07
1.85971e-06
5.9216e-07
3.88244e-07
9.40691e-07
1.18489e-07
1.30609e-07
2.73768e-06
9.97747e-06
2.18361e-05
4.08534e-05
2.47133e-05
5.06256e-05
4.72638e-05
8.09054e-05
0.000107808
0.000123187
0.000182293
0.000178416
8.90533e-05
0.00014633
0.000147803
0.000226105
0.000250669
0.000363333
0.000358632
0.000302623
0.000270766
0.00179082
6.06254e-05
0.00165318
0.00125094
0.000981112
0.000895574
0.00112129
0.000873344
0.000786407
0.000500251
0.000368042
0.000325778
0.000311951
0.000210191
0.000197572
0.000160344
9.91262e-05
9.43874e-05
8.43476e-05
4.70357e-05
1.76705e-05
6.34779e-06
1.73867e-05
4.05072e-06
5.89449e-06
8.58753e-07
2.60496e-07
6.20846e-06
2.41952e-07
3.89963e-07
1.25829e-09
3.21444e-06
1.45712e-06
1.3457e-10
2.0064e-05
3.1733e-05
4.97611e-05
3.62029e-05
3.5463e-06
1.20849e-05
8.87001e-06
2.32513e-05
3.89702e-05
2.52736e-05
3.00316e-05
3.78219e-05
5.28838e-05
5.74556e-05
1.72898e-05
2.99975e-05
2.34689e-05
1.01235e-05
9.51676e-06
6.64031e-06
0.0362736
0.0325196
0.0288417
0.0254534
0.0221418
0.0185079
0.0155746
0.012526
0.00997103
0.00771672
0.00578774
0.00437472
0.00513704
0.00429658
0.0039259
0.00265673
0.00261134
0.00158517
0.00136651
0.000697078
0.000570117
0.00053728
4.56328e-05
0.000159955
1.67383e-07
1.44464e-06
7.67979e-06
3.33426e-07
6.54042e-06
2.18427e-06
3.76678e-06
1.9646e-06
6.49149e-06
8.75303e-06
4.27666e-06
6.03924e-07
2.55643e-06
2.09534e-06
6.71219e-07
3.54573e-06
5.61961e-06
7.68209e-06
1.62025e-06
3.63433e-06
1.67343e-06
5.5712e-06
2.46528e-06
1.85723e-05
1.51471e-05
1.85353e-05
2.08431e-05
2.48536e-05
4.29597e-05
5.90612e-05
8.22791e-05
8.21373e-05
5.10621e-05
0.000104873
0.000187877
0.000177102
0.000159405
0.000235124
0.000233222
0.000269669
0.000226511
0.00029971
0.000331946
0.000348034
0.000321735
0.000378748
0.000310008
0.000375002
0.000298265
0.000314008
0.000352683
0.000295404
0.000403691
0.000355774
0.000421409
0.000335434
0.00177996
0.00156817
0.00132274
0.00105449
0.0008216
0.00057358
0.000480259
0.000372435
0.000257986
0.000259782
0.000180908
0.000116168
5.78668e-05
5.49905e-05
2.37974e-05
2.59899e-06
1.74422e-06
1.08818e-08
5.37812e-06
1.19338e-05
3.04105e-05
3.5043e-05
4.76516e-05
6.16895e-05
8.08521e-05
0.000104328
0.000170135
0.000192892
0.000236352
0.000229633
0.000251943
0.000310209
0.000297902
0.000319856
0.00037022
0.000413412
0.000437637
0.000510967
0.000524238
0.000549235
0.00063438
0.000669847
0.000695049
0.000794837
0.000804338
0.000897497
0.000989501
0.00102079
0.00104697
0.00114772
0.00127356
0.00140743
0.00132191
0.0014659
0.00149583
0.00140177
0.00148156
0.00138907
0.00129505
0.00132635
0.0012161
0.00122458
0.00116494
0.00112798
0.00105528
0.00105994
0.00099093
0.00105599
0.000917553
0.000864202
0.000745503
0.000665381
0.000836048
0.000814646
0.000689667
0.000650457
0.000631708
0.000610203
0.000522124
0.000631109
0.000599069
0.000407431
0.000494293
0.000382505
0.000341688
0.00027025
0.000223362
0.000233606
0.000203299
0.000172018
0.000135729
0.000119597
0.000108626
7.88481e-05
5.80988e-05
3.63832e-05
3.76353e-05
3.18275e-05
1.62869e-05
1.45991e-05
5.87363e-06
1.44927e-06
9.52947e-08
2.21924e-07
2.20818e-06
8.39313e-06
1.26916e-05
1.83422e-05
2.32949e-05
3.16024e-05
3.76539e-05
4.33497e-05
5.51977e-05
6.54597e-05
6.82724e-05
7.64278e-05
8.1736e-05
8.39558e-05
9.39417e-05
0.000108992
0.000106309
0.000123206
0.000125484
0.000129642
0.000140005
0.000150885
0.000152993
0.000158033
0.00015755
0.00016264
0.00017097
0.000173109
0.000173675
0.000173841
0.000182931
0.000195509
0.000199027
0.000216354
0.000217577
0.000223601
0.000204264
0.000203494
0.000208071
0.000202754
0.000114881
0.000106372
0.000944866
0.00112231
0.00235252
0.000460439
0.00047276
0.000342256
0.00146067
0.00144987
0.00132402
0.00154532
0.00156865
0.00118646
0.00119827
0.000293861
7.01939e-05
3.69103e-05
0.00053811
0.000405671
0.000602876
0.000461232
0.000416185
0.000321133
0.000149905
0.000103568
8.10076e-05
4.42231e-05
1.07223e-05
6.4016e-05
8.62991e-05
0.000114143
9.99351e-05
0.000221528
0.00023301
1.45601e-06
6.36878e-06
8.30084e-05
0.000101942
5.80422e-06
1.46392e-05
1.11476e-05
4.22641e-05
5.77196e-05
5.56939e-05
0.000197612
0.000206528
0.000187026
0.000199108
9.23337e-05
0.000107405
0.000182066
0.000188906
0.000101132
7.8524e-05
4.74914e-05
5.06081e-05
6.51228e-05
3.15597e-05
7.87494e-05
5.07628e-05
0.000112016
7.49285e-05
6.39325e-05
4.18038e-05
3.24649e-05
7.25031e-06
6.47028e-07
5.14137e-07
1.75397e-06
1.30878e-06
1.36212e-07
4.49226e-08
2.18571e-06
1.9389e-06
2.47375e-06
7.91058e-06
6.81535e-06
5.32383e-06
3.72e-08
2.11384e-06
2.96749e-06
5.33177e-06
2.4812e-05
1.49064e-05
6.42398e-05
0.000127479
0.000136533
0.00010871
0.000126509
0.000415582
0.000424749
0.000182629
0.00035817
0.000258427
0.000455152
0.000192142
0.000271316
0.000249745
0.000264631
0.000281058
0.000379576
0.000364867
0.000499329
0.000461887
0.000389684
0.000625551
0.000628537
0.000823474
0.00074039
0.000532725
0.00065141
0.000572064
0.000546768
0.00115034
0.00102777
0.000572997
0.000767999
0.000652643
0.000952368
0.00113633
0.00090334
0.0011108
0.00113971
0.00145456
0.00123344
0.00118347
0.0013969
0.00115279
0.000957077
0.00190278
0.00157383
0.000921219
0.00191808
0.00155437
0.000707677
0.000963022
0.000845915
0.0324142
0.0236671
0.015508
0.00921228
0.0048269
0.00246997
0.00131932
0.000583222
0.000255843
0.000100881
1.30288e-05
2.00367e-06
2.28971e-06
2.7388e-05
6.11674e-06
1.6692e-06
3.83434e-06
4.30913e-07
8.10906e-06
8.51003e-06
4.17529e-06
3.59044e-06
6.42257e-07
5.53052e-06
7.5819e-07
1.89307e-09
0.000119169
0.000105895
0.000140921
7.47192e-05
4.90338e-05
3.98804e-05
1.16422e-05
1.26232e-05
9.388e-06
4.53744e-06
7.00328e-06
8.31078e-07
1.80533e-06
1.89482e-09
2.19941e-08
9.18734e-07
4.33735e-08
4.01109e-06
6.31954e-06
1.51802e-06
0.0132024
0.0124588
0.0110168
0.0094131
0.00928306
0.00811422
0.00716698
0.0069531
0.00616387
0.0057479
0.0053768
0.00516384
0.00470977
0.00408248
0.00355199
0.00313427
0.00271209
0.00235083
0.00212743
0.00171919
0.00149325
0.00135767
0.000896501
0.000750166
0.000780074
0.000321184
0.000398592
0.000238632
0.000231552
2.03126e-05
6.39164e-06
2.25488e-05
5.40292e-05
4.25105e-05
0.000243157
0.000281742
0.000334437
0.00033747
0.000200349
0.000217926
0.000258125
0.000160413
0.000135213
0.000147
0.000135545
0.000120618
0.000118521
0.00010954
0.000102625
8.23899e-05
8.92482e-05
6.5123e-05
4.88499e-05
4.89765e-05
4.30856e-05
2.41607e-05
2.22872e-05
1.90906e-05
3.08506e-05
1.40231e-05
9.44336e-06
5.73732e-06
1.96752e-05
1.17497e-05
2.60265e-07
1.34032e-06
5.40502e-07
5.96438e-06
2.09453e-05
6.46208e-05
2.68992e-05
7.49596e-05
9.38044e-05
9.66749e-05
9.63676e-05
0.000121431
9.30556e-05
9.11735e-05
6.95925e-05
0.000112463
0.000172919
0.000265851
0.000119752
0.000279187
0.000315344
0.00026609
0.000292536
0.000180006
0.00029046
0.000247136
0.000303161
0.000248339
0.000259852
0.000448666
0.000321065
0.000386314
0.000375828
0.000284621
0.000312615
0.00022757
0.000331203
0.000382412
0.000583718
0.000286426
0.000427933
0.000417141
0.000601704
0.000443156
0.000761889
0.000522175
0.000735631
0.000557736
0.000507896
0.000337234
0.000364212
0.000817959
0.000664157
0.000823636
0.000530785
0.00069669
0.000854188
0.000393553
0.000499495
0.000421985
0.000536178
0.000441213
0.000562786
0.000648028
0.000594569
0.000810001
0.000491624
0.000676399
0.000522931
0.000656904
0.000750593
0.000511346
0.000630763
0.000703871
0.000551438
0.00074521
4.51999e-05
1.90443e-05
0.000613901
1.08326e-06
2.59294e-06
1.29634e-05
3.56893e-05
6.0167e-05
0.00013941
0.00016819
0.00021613
0.000204657
0.000269283
0.000415449
0.000453471
0.000519337
0.000537592
0.000573874
0.00062894
0.000607895
0.000695036
0.000680334
0.000712827
0.000706741
0.0006941
0.00069576
0.000764932
0.000792073
0.000777471
0.000753448
0.000756426
0.000691523
0.000717604
0.00070669
0.000648735
0.000674071
0.00066738
0.000832921
0.00081981
0.000770523
0.00057286
0.000596229
0.000592293
0.000635485
0.000637502
0.000702048
0.000651392
0.000624793
0.000594343
0.000702101
0.000718123
0.000700963
0.000573826
0.00054514
0.000531366
0.000476797
0.000470527
0.000542179
0.00053493
0.000532123
0.000534711
0.000537167
0.000541633
0.000415179
0.000402216
0.000437255
0.00043005
0.000411011
0.000393213
0.000409043
0.000396929
0.000386078
0.000274152
0.000258668
0.000289128
0.000284089
0.000267463
0.000251897
0.000246069
0.000214848
0.000207509
0.000178649
0.000156608
0.000142968
0.000140106
0.00010826
9.43618e-05
9.0829e-05
7.93949e-05
7.10108e-05
5.63576e-05
5.05027e-05
3.52769e-05
2.95382e-05
2.21904e-05
1.82251e-05
1.50332e-05
1.02052e-05
3.0172e-06
1.30916e-06
5.56783e-07
2.92137e-09
6.28575e-07
1.41756e-06
2.80997e-06
4.52488e-06
7.61896e-06
9.32964e-06
1.23028e-05
1.80582e-05
2.02892e-05
2.25407e-05
2.10408e-05
3.70741e-05
3.31998e-05
3.55337e-05
4.37012e-05
4.56859e-05
5.17623e-05
4.70531e-05
4.74521e-05
4.97285e-05
6.02934e-05
6.12576e-05
6.57782e-05
7.28744e-05
7.08889e-05
7.52683e-05
7.64154e-05
7.2797e-05
7.46074e-05
7.99097e-05
8.1364e-05
9.28089e-05
9.29194e-05
9.36906e-05
9.5467e-05
9.00501e-05
8.85566e-05
9.06596e-05
0.000106918
9.84324e-05
0.000176749
0.000160238
0.000103192
0.000161535
0.000155846
0.000151387
0.000146151
0.000146876
0.000145166
0.000146071
0.000135162
0.00013195
0.000139823
0.00014065
0.000138796
0.000133316
0.000132236
0.000131698
0.000130598
0.000128124
0.00013028
0.000117029
0.000150074
0.000155802
7.88684e-05
7.88657e-05
7.88678e-05
7.88024e-05
7.87708e-05
7.87693e-05
7.87668e-05
7.87896e-05
8.00486e-05
7.95041e-05
8.06732e-05
8.06057e-05
8.10192e-05
0.000440959
0.000480308
0.0024745
0.0023651
0.00210348
0.000277404
0.000229045
0.000690155
0.000512789
0.0004449
0.000157722
0.000121554
0.00011431
0.000112345
2.03778e-06
3.06076e-07
0.000174908
0.000183775
0.000169085
0.00012317
0.000133967
0.000108021
0.000111046
0.000119026
9.78891e-05
0.000188825
0.000199169
0.000340496
0.000334105
0.000409984
0.000393421
0.000279171
0.000265056
0.000557704
0.000405332
0.000382506
0.000390617
0.000374332
0.000326523
0.000234222
0.000313133
0.000295824
0.000258998
0.00023569
0.000220974
0.000358398
0.000332544
0.000290528
0.00015584
0.00169536
0.00130323
0.00132046
0.00106459
0.000766895
0.000592628
0.00044776
0.000402025
0.000337128
0.000248901
0.000308364
0.000221377
0.000202744
0.000176312
0.000125216
0.000102363
7.21365e-05
8.49534e-05
5.29734e-05
4.51794e-05
6.16612e-05
3.6113e-05
3.63922e-05
4.85403e-07
5.57988e-07
5.96127e-07
2.48915e-06
7.23699e-06
5.19537e-06
4.05118e-06
2.40006e-07
9.76295e-07
2.24095e-07
7.44576e-05
8.82589e-05
7.06482e-05
3.5375e-05
2.41664e-05
4.02182e-05
3.42932e-05
2.73746e-05
1.03312e-05
0.00417735
0.00275233
0.00215657
0.00165359
0.00138217
0.000881347
0.000655797
0.00026189
0.000179011
0.000204726
0.000364257
0.000265248
0.000498663
0.000357469
0.000294149
4.60346e-05
2.53151e-05
2.24082e-05
0.000152776
0.000209197
0.000142439
1.60595e-05
5.85004e-06
4.95713e-06
1.57756e-05
2.55383e-05
3.20023e-05
5.70791e-05
6.5205e-05
7.74579e-05
7.84777e-05
7.58131e-06
2.46166e-06
3.02909e-06
1.26253e-07
2.73196e-07
4.83523e-07
1.12775e-05
3.50008e-06
4.35292e-06
2.65051e-07
1.28942e-08
1.20299e-06
7.48534e-07
1.10712e-05
0.000239909
0.000199902
9.41788e-06
4.30947e-06
0.000812128
0.000606089
0.00138815
0.00155695
0.00127304
0.000916167
0.000576268
0.000388804
0.000305853
0.000331699
0.000224176
9.84373e-05
5.83037e-05
5.19638e-05
4.21816e-05
2.50043e-05
4.48646e-05
2.83397e-05
2.55587e-06
1.59119e-07
6.85097e-07
1.02119e-06
2.14518e-07
3.37604e-07
2.75488e-07
3.67052e-07
3.43099e-07
7.09173e-06
1.85359e-06
2.94173e-06
1.674e-05
1.06424e-05
1.73331e-07
1.39144e-07
6.22849e-06
5.37053e-06
8.78717e-07
6.79499e-07
2.26275e-06
2.79355e-06
1.07802e-05
1.1118e-06
0.000490506
0.000417676
0.000747558
0.00272205
0.00176346
0.00146305
0.00126219
0.000590929
0.000337813
4.62415e-05
2.38806e-05
7.10434e-05
1.48719e-05
0.000159165
0.000187865
0.000123978
0.000110981
5.72749e-05
7.59566e-05
6.57986e-05
7.4518e-05
5.39576e-05
4.37282e-05
5.15138e-05
6.37089e-05
5.60121e-05
4.39336e-05
5.64211e-05
3.35246e-05
4.90381e-05
4.88842e-05
1.96337e-05
3.04805e-05
2.75255e-05
7.35278e-06
3.6965e-06
3.06258e-06
3.42332e-07
7.21593e-08
2.20987e-06
1.52612e-07
2.93558e-05
9.61669e-06
1.62146e-05
1.96219e-05
4.1828e-05
5.15427e-05
3.31975e-05
6.63712e-05
2.15284e-05
4.54663e-05
6.93279e-05
0.000100161
0.000110005
6.35925e-05
9.15872e-05
0.000123399
8.16068e-05
0.000106869
9.41552e-05
0.000144037
0.000189434
0.000254508
0.000240076
0.000162115
0.000249719
0.000665576
0.000580517
0.000336822
0.000382137
0.000272615
0.00024063
0.000153832
9.83211e-05
7.14568e-05
4.0742e-05
7.89159e-06
1.37666e-07
1.85402e-06
6.29705e-07
2.60826e-06
7.07125e-06
1.96757e-05
2.9052e-05
6.16067e-05
9.37971e-05
0.000106688
0.000151043
0.000120571
0.000136902
0.000181297
0.000249017
0.000331274
0.000327613
0.000387927
0.000452591
0.000476828
0.000630269
0.000743914
0.000698747
0.000720001
0.000825131
0.0008616
0.000929572
0.000937845
0.00100164
0.00111894
0.00114585
0.00124069
0.00127871
0.00136318
0.00133907
0.0013612
0.00141418
0.00152152
0.00118223
0.00121316
0.00119931
0.00142741
0.00140887
0.00141292
0.00115052
0.00116234
0.00123024
0.00125534
0.00126065
0.00156467
0.00146021
0.00148987
0.00118399
0.00125498
0.00119398
0.00129387
0.00130913
0.00119953
0.00113133
0.00114786
0.00104982
0.00109105
0.00100838
0.000901165
0.000838123
0.000916441
0.000856611
0.000791735
0.000693862
0.000745323
0.000669991
0.000692778
0.000645716
0.00068707
0.000617612
0.000675356
0.000620044
0.000549202
0.000451263
0.000386539
0.000455309
0.000342346
0.000348451
0.000313693
0.000242248
0.000225318
0.000188408
0.000201026
0.00018895
0.000151036
0.000100116
8.67601e-05
6.16765e-05
5.94046e-05
3.02053e-05
1.99763e-05
1.38141e-05
5.19925e-06
2.53632e-06
3.86387e-09
4.06321e-07
1.46326e-06
4.53827e-06
8.38647e-06
1.48455e-05
2.3133e-05
2.80129e-05
3.58819e-05
3.91927e-05
4.22739e-05
4.80912e-05
5.92013e-05
6.8029e-05
7.47751e-05
7.77592e-05
8.29436e-05
8.94838e-05
9.63171e-05
0.000102241
0.000121858
0.000125416
0.000121825
0.000128711
0.000132376
0.000138319
0.000139432
0.000146741
0.00016214
0.000164202
0.000171348
0.000180357
0.000182905
0.000184187
0.000186477
0.000195511
0.000196752
0.000196304
0.000221419
0.000223327
0.000232699
0.00025055
0.000253662
0.000191801
0.000193254
0.000204862
0.000205279
0.000186688
0.000177336
0.000175373
0.000246755
4.56355e-07
0.00398295
2.42541e-06
0.000100789
0.000122304
0.000111831
0.00109605
0.000497124
0.000836406
0.000804719
0.000435906
0.000475014
2.43922e-06
3.90729e-07
1.69217e-07
0.00055684
0.000404883
0.000376288
0.00192122
0.00158174
0.00141401
0.00200635
0.00174272
0.00159267
0.00189056
0.00164221
0.00152607
0.00109744
0.000914841
0.000666406
0.000571514
0.000385021
0.000348913
0.000232518
0.000207296
5.06911e-05
2.72004e-05
2.50172e-05
4.18287e-05
2.6329e-05
2.51527e-05
8.06976e-06
2.00399e-06
3.70934e-06
1.22581e-05
2.45151e-05
2.51025e-05
7.93786e-05
9.43714e-05
3.46368e-05
2.91812e-05
9.62414e-05
7.79906e-05
0.000212968
0.000205416
0.000171707
0.00010767
8.54668e-05
6.91886e-05
7.6868e-05
5.91713e-05
5.48824e-05
4.32964e-06
1.50448e-06
7.06591e-07
1.60591e-05
1.67372e-05
1.42737e-05
8.26823e-06
1.86904e-05
7.27739e-07
1.35218e-06
3.19482e-05
1.21694e-05
8.33137e-06
4.18544e-07
1.52838e-06
2.01663e-06
3.46926e-06
3.4707e-06
3.25563e-06
3.68973e-06
2.90319e-06
3.63524e-06
1.05832e-05
5.15893e-06
2.54222e-06
1.32099e-06
2.73702e-08
1.0534e-05
2.1292e-05
2.0097e-05
5.16095e-06
1.13085e-05
1.182e-05
1.94862e-06
2.85432e-07
1.97846e-07
1.07871e-05
2.57812e-06
7.08924e-08
1.79999e-06
1.12918e-06
3.47699e-07
8.52208e-07
8.27396e-06
1.90722e-05
1.47503e-05
3.20207e-06
7.65216e-08
1.44043e-05
2.31196e-05
2.37445e-05
3.50287e-05
0.00011687
0.000140121
0.000125309
5.91286e-05
6.82664e-05
7.79979e-05
5.35046e-05
6.5568e-05
4.03178e-05
5.50273e-05
5.10422e-05
4.72946e-05
5.77671e-05
5.38063e-05
6.45241e-05
5.74229e-05
7.09065e-05
3.81976e-05
5.20612e-05
4.60434e-05
7.22302e-05
8.23702e-05
2.90802e-05
4.05031e-05
3.47994e-05
6.72619e-05
7.95046e-05
0.000101657
0.000107571
7.63346e-05
9.01678e-05
8.34163e-05
0.000156289
0.000158435
9.25226e-05
9.31219e-05
6.80578e-05
7.76212e-05
6.92278e-05
4.66441e-05
5.06485e-05
5.48602e-05
7.51664e-05
7.99948e-05
3.68469e-05
4.08777e-05
3.21457e-05
5.62048e-05
5.67454e-05
5.43475e-05
4.9674e-05
4.48309e-05
3.09031e-05
2.61877e-05
1.17099e-05
7.87563e-06
2.53389e-05
2.34424e-05
1.71483e-05
5.94617e-06
3.3095e-06
1.06119e-05
4.80767e-05
1.29395e-05
0.018028
0.015433
0.0144958
0.0116655
0.0109541
0.0123723
0.0100861
0.00846103
0.000119402
0.000349201
0.000316265
0.000588826
0.000475414
0.000411283
0.000649864
0.000558213
0.000560743
0.000702811
0.000555098
0.000567722
0.000424645
0.000445462
0.000351264
0.000411348
0.000283595
0.000282466
0.000134014
3.73903e-05
2.35074e-05
3.51607e-05
1.38006e-05
1.82604e-05
0.000201314
0.000120608
0.000222442
0.000453324
0.00060752
0.000649748
0.000978412
0.000826212
0.000878861
0.00052092
0.000537405
0.000591668
0.000332395
0.000276491
0.000293559
0.000209849
0.000171828
0.000180946
0.000219878
0.000179937
0.000165797
0.000129684
0.000155442
0.000117928
8.59834e-05
0.000120287
0.000116819
5.64755e-05
6.31269e-05
5.65054e-05
3.24276e-05
2.60649e-05
3.96922e-05
9.38044e-06
1.13459e-05
2.44629e-06
9.79315e-07
6.87898e-07
3.71254e-07
9.10565e-06
8.02138e-06
2.30991e-05
2.48459e-06
2.56623e-05
3.23958e-05
1.55673e-05
2.54401e-05
8.78233e-06
3.75835e-05
9.98658e-05
0.000137899
0.00010226
3.25515e-05
9.7753e-05
0.000108735
5.99053e-05
8.66597e-05
0.000100863
0.000107344
0.00018754
0.000116302
0.000163856
8.38863e-05
0.000160558
9.24219e-05
0.00014169
0.000239825
0.000327031
0.000380179
0.000226729
0.000367475
0.000186833
0.000330918
0.000226482
0.000381373
0.000364794
0.000276281
0.000379826
0.000469876
0.000294612
0.000474559
0.000451052
0.000649221
0.000330042
0.000400385
0.000535507
0.000412265
0.000701807
0.000561498
0.000653899
0.000390137
0.000770766
0.000429131
0.00045431
0.00053956
0.000791257
0.000589686
0.000761274
0.000611984
0.000790406
0.000830685
0.00100522
0.001039
0.000643467
0.000781254
0.000841946
0.000463664
0.000589015
0.00066025
0.000940937
0.000595942
0.000830483
0.000987198
0.000994954
0.000616256
0.000788581
0.00111598
0.000607289
0.00076037
0.000729696
0.000871503
0.000242454
0.000255392
0.000352711
0.000182142
0.000898997
0.000328801
0.000261341
0.000263651
0.000253941
0.000257331
0.000374288
0.000368632
0.000336472
0.000348811
0.000347932
0.000367581
0.000208033
0.000166409
0.000178924
0.000336046
0.000335887
0.000397773
0.000258688
0.000204837
0.000218666
0.000213408
0.000260283
0.000246638
0.00024463
0.000228045
0.000240155
0.000241289
0.000291255
0.0003011
0.000289131
0.000223494
0.000226118
0.000266682
0.000262431
0.000180249
0.000179465
0.000268261
0.000261231
0.000236474
0.000227936
0.000235415
0.000238894
0.000252589
0.000244854
0.00020361
0.000212434
0.000210225
0.00024097
0.000249332
0.000243211
0.000226933
0.000233367
0.000230424
0.000245671
0.000246279
0.000227894
0.000217537
0.000215762
0.000207742
0.000197143
0.000183836
0.000208242
0.000210379
0.000197556
0.000185861
0.00018122
0.000174985
0.000135515
0.000123882
0.000122659
0.000116937
0.000112688
0.000129666
0.000118037
9.81892e-05
9.74271e-05
7.67891e-05
6.84046e-05
6.20125e-05
5.43508e-05
3.66313e-05
3.33882e-05
2.75035e-05
1.67171e-05
1.22291e-05
1.77094e-05
1.31885e-05
1.2533e-05
1.01511e-05
6.68442e-06
1.43431e-06
1.4781e-06
4.93247e-07
3.0706e-07
1.21469e-06
2.5643e-06
3.7083e-06
6.19899e-06
8.23356e-06
9.80282e-06
1.20609e-05
1.85421e-05
2.20405e-05
2.34232e-05
2.50005e-05
2.63678e-05
2.80021e-05
3.23513e-05
4.21068e-05
3.41082e-05
5.1333e-05
5.61696e-05
6.17543e-05
6.49095e-05
6.55497e-05
7.0442e-05
7.15128e-05
7.35678e-05
6.84412e-05
6.85169e-05
7.3918e-05
7.53383e-05
7.97386e-05
5.06888e-05
5.28633e-05
5.30664e-05
5.32831e-05
5.56635e-05
4.64732e-05
4.59914e-05
4.74455e-05
5.44004e-05
5.4784e-05
5.60569e-05
5.56064e-05
5.74303e-05
5.56544e-05
5.51317e-05
5.60175e-05
5.26421e-05
5.16684e-05
5.83125e-05
5.77891e-05
5.99704e-05
5.31165e-05
5.2796e-05
5.60734e-05
5.63453e-05
4.96292e-05
4.96413e-05
4.40579e-05
4.3453e-05
4.39677e-05
4.86891e-05
4.90526e-05
4.18215e-05
4.39093e-05
4.20174e-05
4.18285e-05
4.32074e-05
4.71222e-05
4.71733e-05
4.81923e-05
4.81047e-05
5.17002e-05
5.12232e-05
5.22531e-05
2.37136e-05
2.48911e-05
2.51171e-05
0.000114286
0.000113941
0.000116699
0.000116707
0.000118115
0.000122037
0.000122047
0.000122251
0.000116215
0.000117368
8.75821e-05
8.74881e-05
0.000110341
8.59327e-05
8.53723e-05
8.52119e-05
