0.00174209
0.00124876
0.00074961
0.000531144
0.000406174
0.00028244
0.000216186
0.000127927
0.00482919
0.00427976
0.00423259
0.00347787
0.003498
0.0029025
0.00231497
0.00191591
0.00141678
0.00100302
0.00065077
0.000404025
8.61707e-05
1.64457e-09
5.83898e-05
0.000246648
0.000470366
0.000507832
0.000956766
0.00131628
0.00145726
0.001331
0.00114347
0.000778366
0.000713277
0.000352262
0.000283634
0.000193341
9.98962e-05
0.000115004
6.7676e-05
5.29135e-05
7.08176e-06
1.26523e-05
1.42419e-06
1.83023e-05
9.90818e-06
6.6931e-06
1.43323e-05
1.93715e-05
1.75854e-05
6.68075e-06
1.87889e-07
6.63061e-06
1.29911e-05
1.12595e-06
4.71625e-11
1.16345e-06
2.20945e-06
2.023e-05
1.52258e-05
2.34662e-05
6.09943e-05
3.42236e-05
2.67946e-05
0.00012623
0.000223305
2.72176e-05
0.000134011
0.000283384
0.000128258
0.000229302
0.00032412
0.000773214
0.000481922
0.000721663
0.000906452
0.000862437
0.00086162
0.000608115
0.000498299
0.00122929
0.00140088
0.000608463
0.000523591
0.0020118
0.00188451
0.00167511
0.00162051
0.00151562
0.00138003
0.00160657
0.00137787
0.00130719
0.00120278
0.00116482
0.00116833
0.000937599
0.00115997
0.00105616
0.000987972
0.000866749
0.000911245
0.000768542
0.000764097
0.000864235
0.000745789
0.000587972
0.000589411
0.000522197
0.000533912
0.000537435
0.000439865
0.000506247
0.000414721
0.000369212
0.000304591
0.0003098
0.000267132
0.000238544
0.000176473
0.000186487
0.000164504
9.8558e-05
0.000129323
8.83727e-05
9.2509e-05
6.26535e-05
4.91329e-05
4.91735e-05
2.95941e-05
2.64252e-05
1.73884e-05
1.4975e-05
9.08443e-06
5.87887e-06
7.97752e-06
3.81649e-06
7.34096e-06
1.05462e-05
1.09875e-05
5.06761e-06
5.9865e-06
5.27781e-06
4.23403e-06
4.05086e-06
4.14498e-06
7.36846e-08
6.10894e-07
9.96049e-08
4.34533e-07
1.08567e-06
1.14141e-07
6.54519e-07
1.37873e-06
1.02914e-06
3.85676e-06
4.10064e-06
4.78007e-07
6.93734e-06
1.86025e-06
5.6595e-06
3.15399e-06
4.67577e-05
4.97628e-05
5.66313e-05
6.00941e-05
0.000133174
4.29362e-05
0.000364979
0.0014618
0.00280299
0.000218756
0.000556116
0.000411385
0.00130713
0.000860095
0.000325055
0.000295273
0.000743869
0.00078918
0.000714226
0.000470325
0.000247445
0.000146112
7.38271e-06
2.48325e-05
8.11537e-05
0.00028573
0.000546727
0.000801584
0.000857077
0.000705742
0.00067016
0.000527513
0.00306413
0.00218381
0.00125219
0.000734206
0.000457629
0.000560189
0.000786247
0.000984727
0.000190109
0.000248673
0.000215024
7.00164e-05
0.000136463
1.43712e-05
8.81662e-06
5.08589e-06
1.59161e-06
1.95756e-05
8.42228e-06
5.01958e-06
1.10028e-05
2.07802e-05
1.8725e-05
2.53738e-05
6.54286e-05
3.76557e-05
0.000107438
0.000124356
3.53526e-05
2.05355e-05
6.52944e-05
2.81901e-05
2.57538e-06
0.000531743
0.000804708
0.0121085
0.00786991
0.00503906
0.00343723
0.00207785
0.00123415
0.000623706
0.000381311
0.000168664
0.000142646
3.28228e-05
0.00771364
0.00744125
0.0070101
0.00623789
0.00542775
0.00518244
0.00428257
0.00375992
0.00297116
0.00200504
0.00124852
0.000469786
4.47563e-05
4.88682e-05
0.000400686
0.00165582
0.00270089
0.00234091
0.0019829
0.00165336
0.00136539
0.00129491
0.00106522
0.000780366
0.000644152
0.000484761
0.00030939
0.000247106
0.000186576
3.09199e-05
2.68888e-05
1.39568e-05
1.21123e-05
2.64824e-06
3.91825e-06
3.56413e-06
8.62647e-06
5.12644e-05
7.33426e-05
3.22009e-05
4.42431e-05
2.84532e-05
2.53835e-05
5.38034e-05
1.69457e-08
4.40357e-05
2.29073e-05
8.03024e-05
9.99827e-05
6.33835e-05
8.24985e-05
7.86129e-05
0.000111458
0.000169117
0.000164538
0.000213947
0.000193969
0.000355905
0.000302937
0.000486608
0.000514789
0.00043438
0.0010644
0.00126159
0.000683462
0.000729612
0.000489381
0.000172219
0.000159426
0.000340938
0.000275297
0.000357807
0.000354516
0.000449514
0.000269483
0.000263961
0.00049861
0.0001275
0.000264359
0.000539164
0.000523965
0.000515611
0.000419573
0.000322233
0.000105558
0.000206112
0.000120447
0.000144878
0.000151166
0.000116543
0.000115133
0.000149851
0.000123962
9.7452e-05
8.44097e-05
7.70956e-05
8.97644e-05
9.68113e-05
9.37748e-05
9.4508e-05
7.72316e-05
6.51456e-05
6.03206e-05
5.7215e-05
5.39035e-05
5.32369e-05
3.38572e-05
3.38053e-05
3.33823e-05
2.20874e-05
6.86441e-06
4.81439e-06
1.65114e-05
8.72909e-06
5.93707e-06
8.48916e-07
2.05135e-06
4.47314e-06
5.10538e-07
4.29214e-07
1.78426e-06
6.20081e-06
4.11189e-08
1.25353e-05
1.7423e-05
1.30877e-05
1.03448e-05
9.66667e-06
1.78258e-05
9.31742e-06
9.49504e-06
9.59179e-06
7.57365e-06
1.02277e-05
1.36674e-05
1.15098e-05
9.23718e-06
4.68088e-06
1.10253e-05
1.09394e-05
1.30635e-05
3.27945e-05
9.97003e-06
6.28308e-06
4.09196e-06
2.49012e-07
3.64898e-05
3.77804e-05
3.99112e-05
3.97047e-05
4.0146e-05
4.83182e-05
1.23673e-05
1.79869e-05
5.96848e-05
0.0022578
0.00445328
0.000109437
0.00703201
0.000338856
0.000166447
0.0001237
0.00575824
0.0047318
0.00326081
0.00227141
0.00120505
0.000527323
0.000387361
7.02993e-05
8.0379e-05
1.71749e-05
1.07319e-05
4.51204e-05
0.000109543
2.00214e-06
9.77796e-06
3.98522e-05
1.52255e-05
2.52078e-05
0.000136061
3.65187e-05
9.14043e-05
2.04645e-05
5.01301e-05
0.000135944
0.000166585
5.30198e-05
0.000145076
0.000340908
0.00023102
0.00534072
0.00311733
0.00815425
0.00532165
0.00369702
0.00258874
0.00125502
0.0023652
0.00340935
0.00359997
0.00135511
0.000762072
0.000955745
0.000124685
0.000515479
0.000178675
3.28685e-05
5.82493e-05
2.58419e-05
1.9221e-07
8.09184e-06
1.52218e-06
2.12592e-06
5.58758e-06
8.57611e-07
4.75127e-07
7.73437e-06
1.96505e-05
3.00302e-05
1.1426e-05
2.00166e-05
1.7206e-05
5.36897e-06
0.00952997
0.00437715
0.0016756
0.000602319
0.00015923
4.54241e-05
3.29755e-05
1.02498e-07
0.0173263
0.0154604
0.0136505
0.0119456
0.0100388
0.00797234
0.00647315
0.00330602
0.00255183
0.00137189
0.000444007
2.0763e-05
8.42344e-05
0.0006476
0.00153373
0.00158916
0.0013461
0.00118778
0.000976174
0.000915413
0.000753084
0.000577267
0.000362425
0.000266461
0.000179806
0.000123996
6.75258e-05
1.13132e-05
2.18966e-06
9.71124e-08
6.14993e-05
4.41816e-05
9.30233e-05
9.74182e-05
0.000105716
0.000120172
0.000102579
0.00013634
0.000151999
0.000148681
0.000272766
0.000156056
0.000270239
0.000283679
0.000343939
0.000438808
0.000431165
0.000518605
0.000506513
0.000466924
0.000502292
0.000583965
0.000663043
0.000603546
0.000595422
0.000806939
0.00104438
0.0006426
0.000744119
0.000707799
0.000177231
6.58403e-05
0.00012463
0.000411465
0.000385074
0.000612675
0.000826617
0.00092948
0.00053546
0.00049694
0.00103505
0.000898264
0.000541958
0.000543969
0.000475158
0.00044115
0.000411492
0.000380991
0.000433071
0.00033151
0.000404658
0.000378276
0.000462768
0.000369598
0.000387071
0.000309711
0.000363781
0.00037287
0.00032564
0.000289377
0.000270101
0.000328846
0.000344615
0.000297727
0.0003317
0.000308093
0.000287729
0.000322421
0.00024403
0.000311733
0.000216614
0.000255223
0.000212751
0.000195743
0.000208859
0.00019203
0.000175157
0.000149986
0.00011257
0.000124409
0.000112773
8.60394e-05
6.82134e-05
4.7819e-05
2.83521e-05
1.95321e-05
3.08818e-05
1.42705e-05
4.60531e-06
7.54603e-07
4.29895e-08
4.21976e-06
1.39198e-05
1.76645e-05
2.46211e-05
3.49158e-05
4.50062e-05
5.55927e-05
7.60097e-05
7.71454e-05
9.96329e-05
0.000108952
0.000119146
0.000131586
0.000142539
0.000145856
0.00014967
0.00016232
0.000156185
0.000160792
0.000165372
0.000167052
0.000174139
0.000177036
0.000175383
0.000170809
0.000202737
8.97111e-06
9.00348e-06
9.02048e-06
9.04324e-06
9.06563e-06
9.09044e-06
9.10929e-06
0.000873255
0.000299076
0.00447889
0.00899096
0.0072923
0.00680165
0.00590411
0.00478291
0.0039717
0.00280976
0.00182034
0.0013651
0.0055688
0.00731849
0.00557132
0.00451809
0.00332742
0.00238878
0.0019118
0.00103953
0.000637741
0.000585623
0.000249324
0.000115199
6.61062e-05
1.03407e-05
1.48841e-06
3.13677e-05
2.67175e-05
2.6384e-05
0.0052341
0.00367498
0.00258901
0.00181348
0.00114636
0.000813355
0.000399597
0.000235103
0.000115915
5.7487e-05
9.80197e-06
0.00485888
0.00266547
0.00203838
0.00119984
0.000513785
0.00013273
6.22882e-05
6.33785e-05
8.52756e-05
4.82755e-07
3.21542e-05
6.15938e-07
7.47052e-05
0.000179788
4.81698e-05
3.70692e-06
5.73481e-05
5.09615e-05
0.00756364
0.00424276
0.00198062
0.00333779
0.00139146
0.00067672
0.000312528
0.000241662
7.30868e-05
0.0212565
0.0186074
0.0164821
0.0133522
0.0112797
0.00659009
0.00469531
0.00259304
0.000112643
0.000447623
0.000357551
0.000358238
0.000306478
0.000249329
0.000251368
0.000178539
0.000114602
5.95044e-05
1.12857e-05
3.30432e-07
2.62048e-06
4.15368e-05
3.60188e-05
2.77597e-05
6.84831e-05
7.15165e-05
0.000101151
6.59099e-05
0.000149525
0.000214252
0.000287073
0.00040239
0.000255787
0.000247915
0.000315179
0.000396228
0.000814094
0.000866256
0.000685007
0.00108188
0.00085088
0.000717566
0.000934166
0.00066008
0.000121234
0.000387966
2.76311e-05
1.55026e-06
5.08776e-05
0.000129414
0.000203524
0.000312766
0.000560972
0.000631627
0.000792168
0.00088963
0.000848469
0.000812553
0.000804645
0.000833414
0.000923939
0.000928887
0.000848435
0.000821186
0.00084852
0.000898202
0.000905109
0.000973364
0.000923457
0.000966676
0.000892863
0.000897748
0.000907986
0.000817869
0.000829577
0.000831033
0.000902555
0.000849311
0.000820927
0.000818929
0.000749777
0.000659229
0.000585113
0.000502735
0.000384501
0.000344697
0.000254872
0.000175145
0.000118126
6.88987e-05
2.81332e-05
9.19558e-06
9.43479e-07
1.57156e-06
6.60814e-06
2.16336e-05
4.40497e-05
4.96543e-05
9.9136e-05
8.53482e-05
0.000112533
0.000150395
0.000118207
0.000161205
0.000169932
0.00015011
0.000189773
0.000170444
0.000189489
0.000202707
0.000183902
0.000175106
0.000182468
0.000226425
0.000225678
0.00022065
0.000184096
0.000225962
7.47945e-05
0.000120156
8.75152e-05
0.00015806
6.96319e-06
7.00987e-06
7.00419e-06
6.96803e-06
6.7219e-06
6.71999e-06
8.18624e-05
8.13215e-05
0.00376348
0.0113808
0.0205729
0.0153967
0.0110287
0.00987575
0.00766937
0.00774215
0.00647046
0.00498524
0.0044414
0.00179635
0.00101234
0.000811219
0.000503744
0.000153049
5.84962e-05
1.06651e-06
2.77794e-06
6.5792e-06
1.72368e-06
0.000121082
0.000227783
9.65635e-05
0.000111451
0.000235381
0.000193191
0.00036651
0.0001399
0.00014525
4.19863e-06
2.61915e-06
0.00102591
0.000557344
0.00039545
0.000208
2.30415e-05
7.92888e-07
2.97944e-06
7.67257e-06
3.50012e-05
2.11547e-07
1.52669e-05
4.91734e-05
0.00711388
0.00398748
0.00217686
0.00122831
0.000655983
0.000193762
8.15225e-05
4.02149e-05
1.65494e-06
5.53458e-06
8.22961e-06
1.1609e-05
1.36288e-06
7.19769e-06
8.06107e-06
2.0036e-05
2.14799e-05
4.09924e-05
2.79517e-05
1.46305e-05
1.6123e-05
8.60514e-05
6.96306e-05
4.64047e-06
0.0158033
0.014311
0.0120117
0.010506
0.00851725
0.00616783
0.00440922
0.00293815
0.00143876
0.000417668
2.10733e-05
0.000144512
0.000582533
0.000467213
0.00046107
0.000380477
0.000348818
0.000379433
0.000322773
0.000288217
0.000244082
0.000214954
0.000140865
5.47077e-05
2.69709e-05
7.9287e-06
5.89116e-06
9.79559e-07
3.24172e-05
5.81687e-05
6.11378e-05
5.288e-05
9.18823e-05
7.69415e-05
0.000126034
0.000107621
0.000105967
6.40108e-05
6.08449e-05
0.000139423
0.000150572
0.000350996
0.00032937
0.000462218
0.000577558
0.000485558
0.000635266
0.000663912
0.000894754
0.000661284
0.000760616
0.000951519
0.00104082
0.00113093
0.000895818
0.000871738
0.00105207
5.48414e-05
0.000272289
0.000502664
0.000613933
0.000690043
0.000870202
0.000921606
0.00091742
0.0008374
0.000834498
0.00102044
0.000992288
0.000889073
0.000912932
0.000920223
0.000848199
0.000853255
0.00072392
0.000652206
0.000773769
0.000627868
0.000481098
0.000446366
0.000462572
0.000469774
0.000480718
0.000585949
0.000592975
0.000451007
0.000470542
0.000433052
0.000400471
0.000394706
0.000336288
0.000350266
0.000357589
0.000343271
0.000324313
0.000271394
0.000267634
0.00024672
0.000217431
0.000218194
0.000182136
0.000172465
0.00011965
0.000111491
8.16666e-05
6.91432e-05
5.99136e-05
2.79145e-05
2.66713e-05
1.82124e-05
1.75657e-05
4.69007e-06
4.11911e-06
1.88599e-06
4.59942e-06
5.7871e-06
3.66055e-06
1.17244e-06
3.16472e-07
9.44405e-08
1.215e-08
1.92895e-06
1.43897e-06
2.84661e-06
2.64419e-06
5.89679e-06
8.29035e-06
7.16245e-06
8.54604e-06
3.73553e-05
9.94959e-06
1.17053e-05
1.20698e-05
1.2239e-05
1.26709e-05
1.32653e-05
1.39174e-05
9.64343e-06
0.000279456
0.00540807
0.000924775
3.81435e-06
0.000102367
6.85107e-05
4.27133e-05
2.738e-05
9.83494e-06
7.0987e-05
0.000225458
0.000540263
0.000366809
0.0453884
0.0392043
0.0327543
0.0265583
0.0203268
0.0152879
0.0103201
0.00665759
0.00423826
0.00254313
0.00122951
0.000997931
0.000337148
3.66226e-08
5.38534e-05
0.0010336
0.000864974
0.000659455
0.000832683
0.000596818
0.000455029
0.000652032
0.000774777
0.000294862
0.00027316
0.000335532
0.000214876
0.00024788
0.00022087
0.000160658
0.00037709
0.000302335
0.000308232
0.00789336
0.00705564
0.00495106
0.00447982
0.00368874
0.00298455
0.00271189
0.00203182
0.00166261
0.00153155
0.00122138
0.00114713
0.000897737
0.000913391
0.000805717
0.000929315
0.000720286
0.000720789
0.000672398
0.000508941
0.000455878
0.000125762
9.96732e-05
0.000109135
0.000125705
0.000183838
0.000174168
0.000110059
3.52351e-06
0.000111123
0.000238068
0.000416696
0.000470638
0.000368081
0.000260569
5.67876e-05
0.000419396
0.00110266
0.00232162
0.00287891
0.00224129
0.00168362
0.0011751
0.00116897
0.000846335
0.000620366
0.000447344
0.000269217
0.000318552
0.00023924
0.0001899
7.64169e-06
3.00332e-05
2.287e-06
1.42435e-05
4.79712e-05
2.50393e-05
9.95472e-05
7.81698e-05
0.000150142
0.000104557
5.82741e-05
4.51421e-05
6.71578e-05
7.23657e-05
1.74922e-05
1.25351e-05
5.50362e-05
0.000139738
0.000269037
0.000258068
0.000409814
0.000352958
0.000385942
0.000497791
0.000389461
0.00038615
0.000414596
0.000618373
0.000379776
0.00044545
0.000728081
0.000475403
0.000635714
0.000759799
0.000361451
0.000493005
0.000689979
0.000484715
6.57939e-09
0.000175858
0.000198318
0.000179759
0.000220588
0.00020332
0.000196097
0.000109949
0.000124878
0.000125403
5.03242e-05
4.3538e-05
6.71005e-05
8.5252e-05
8.22674e-05
9.44072e-05
0.000113879
9.7952e-05
0.000114611
0.000121419
0.000123718
0.000119673
6.06312e-05
5.93011e-05
4.72433e-05
4.58661e-05
5.62891e-05
5.69846e-05
6.01214e-05
4.26696e-05
3.69427e-05
2.90428e-05
2.865e-05
2.60058e-05
3.42441e-05
2.27e-05
1.66556e-05
4.11357e-05
2.4378e-05
2.92425e-05
2.73754e-05
2.62217e-05
1.43267e-05
1.26986e-05
4.66433e-06
2.20323e-06
6.67553e-07
2.66686e-06
3.02175e-09
1.01411e-05
1.53526e-06
2.3356e-06
1.82638e-05
6.21835e-06
7.76481e-06
3.61598e-05
4.2249e-05
1.38816e-05
3.04739e-05
1.66857e-05
2.51742e-06
2.15119e-06
2.89915e-06
2.08559e-06
2.54196e-06
1.03699e-06
3.48824e-06
5.49518e-07
2.08886e-06
2.48039e-06
6.96855e-08
8.99095e-07
1.40254e-06
2.11048e-06
2.73463e-06
6.24087e-07
3.01898e-06
3.30262e-05
3.48063e-05
3.61506e-05
3.94952e-05
4.20296e-05
4.98776e-05
1.61896e-05
1.63462e-05
0.00331963
7.91861e-05
0.00741618
0.0122517
0.0107439
0.0104036
0.00923231
0.00684141
0.00519769
0.00434109
0.0027026
0.00165978
0.00125367
0.000569553
0.000364309
0.000147496
0.000185676
0.00011011
9.915e-07
6.69752e-07
8.04998e-06
1.21975e-05
5.65955e-05
7.54846e-05
8.38616e-05
0.000288034
4.7502e-05
6.32382e-05
2.40849e-05
7.32852e-05
7.74377e-05
0.000261503
0.000146757
0.00019058
0.00915185
0.00577319
0.00416374
0.00222709
0.00791202
0.00541778
0.00124173
0.0015196
0.00290322
0.00280467
0.0106443
0.00761229
0.00884403
0.00654296
0.0030977
0.00166091
0.00206513
0.00145097
0.000416358
0.000386959
4.55959e-05
9.26913e-07
0.00092943
0.00132238
0.00160658
0.00118771
0.000659273
0.000654819
0.000526238
0.000234769
0.000271533
0.00226296
0.0374432
0.0272627
0.017645
0.00964608
0.00430599
0.00182646
0.000514903
0.000196183
6.0691e-05
0.0214271
0.0192816
0.0174907
0.0154525
0.0134269
0.011573
0.00957225
0.0075341
0.00539074
0.00376985
0.00199497
0.000723655
0.000765466
0.000130123
1.43859e-05
0.000392154
0.00115545
0.00106808
0.000873737
0.000852353
0.000742653
0.000607514
0.000525962
0.000305521
0.000193412
0.000154313
6.86098e-05
5.05272e-05
1.82544e-05
1.15007e-08
5.36065e-06
3.43143e-05
4.61177e-05
9.71996e-05
7.13164e-05
0.000130859
0.000144968
0.000210649
0.000181317
0.000225017
0.00013959
0.0002261
0.000179865
0.000344162
0.000364158
0.000346377
0.000327915
0.000408791
0.000427353
0.000448255
0.000483303
0.000481427
0.000448333
0.000497637
0.000711866
0.000819885
0.00103528
0.000735427
0.00089563
0.00127832
0.000762034
0.000416539
0.000227385
0.00015397
0.000521577
0.000550139
0.00076528
0.000897352
0.00094879
0.0012377
0.00102792
0.000255936
0.000290792
0.000320062
0.000361871
0.000385518
0.000328634
0.000337243
0.000434681
0.000418171
0.000438985
0.000379757
0.000515191
0.000442696
0.00056784
0.000469956
0.000540891
0.000436936
0.00053063
0.000526605
0.000530117
0.000585619
0.000495196
0.000519098
0.000499891
0.000546001
0.000516995
0.00058516
0.000564933
0.000482608
0.000568926
0.000475593
0.000429377
0.000464079
0.000447743
0.000402997
0.000379191
0.000374322
0.000401313
0.000368152
0.000333407
0.000294018
0.000294424
0.000275882
0.00024583
0.000235038
0.000226028
0.000149432
0.000120508
0.000105041
7.81811e-05
6.56614e-05
4.4103e-05
3.02732e-05
2.3904e-05
1.10594e-05
1.14393e-05
7.10793e-07
1.75922e-09
1.13335e-06
4.46881e-06
8.8104e-06
1.70259e-05
2.08119e-05
3.2204e-05
3.96619e-05
5.06751e-05
5.38614e-05
6.14619e-05
7.02387e-05
7.4526e-05
8.64063e-05
8.75488e-05
9.80978e-05
8.87428e-05
0.000100277
0.000105722
0.000106151
0.000104557
0.0001047
0.000148794
0.000107066
0.000103546
9.02208e-06
9.1256e-06
9.1369e-06
9.09114e-06
9.11291e-06
9.12343e-06
1.73819e-05
0.00272111
0.0001457
0.0023704
0.00380093
0.00374053
0.00347671
0.00280182
0.002175
0.00180979
0.00132875
0.000749281
0.000426462
0.000148628
8.38416e-05
9.20079e-08
5.99849e-05
0.00271298
0.0019825
0.000301631
0.00130386
0.000930741
0.000659377
0.000287161
7.14936e-05
4.78491e-05
1.14915e-05
4.71646e-07
3.75909e-05
4.53791e-05
6.68064e-05
0.000213018
7.00531e-05
9.27458e-05
0.000232421
0.000149564
0.000163922
0.00501745
0.00312876
0.00257105
0.00181377
0.00124837
0.00104514
0.000530667
0.000343204
0.000248588
9.73025e-05
0.00431766
0.0026272
0.00186474
0.0013325
0.000616726
0.000325586
0.000209905
7.20345e-05
3.55e-06
1.23749e-07
1.44571e-07
1.74654e-06
1.89789e-05
6.3734e-08
7.12113e-07
1.25567e-07
1.46768e-05
2.58031e-05
4.16781e-06
4.56621e-05
0.000131787
5.85877e-06
1.05718e-05
1.38219e-06
4.58516e-05
0.00736553
0.00429149
0.00187013
0.00161489
0.0017781
0.000818847
0.000355981
0.000156695
7.81607e-05
5.90026e-05
0.0199818
0.0171596
0.0149797
0.0123496
0.00939477
0.00705742
0.00466234
0.00287611
0.00217639
0.00225007
0.000791843
1.36107e-05
8.95269e-05
0.000666984
0.000580214
0.000476179
0.000450601
0.000357312
0.00035979
0.000288654
0.000229734
0.000207947
0.000118804
0.000127721
8.4979e-05
2.55758e-05
1.24825e-05
2.40317e-06
1.15636e-06
6.40239e-06
2.19182e-05
4.65028e-05
0.000175261
0.000175818
0.0001838
0.000170817
0.000182113
0.00019723
0.00022799
0.000120335
0.000192416
0.000239231
0.000190003
0.000242457
0.000270153
0.000335291
0.000515002
0.00039041
0.000581179
0.000633172
0.000572941
0.00057135
0.000626281
0.000886726
0.000560751
0.000508734
0.00053721
0.0004353
0.000229195
7.70712e-05
0.000504872
5.9159e-07
1.97812e-05
9.31097e-05
0.000166465
0.000350717
0.000364896
0.000565957
0.000716549
0.000770523
0.0009183
0.00085707
0.000896021
0.000784627
0.000866188
0.000876881
0.000873111
0.000866701
0.000896477
0.000865069
0.000852288
0.000883013
0.000857689
0.000860994
0.00089466
0.000863757
0.000785269
0.000947974
0.000749239
0.000771196
0.000706653
0.00069654
0.000660802
0.000647006
0.000564192
0.000501084
0.0004631
0.000437282
0.000401611
0.000292821
0.000256591
0.00020489
0.000147722
0.000119622
8.60331e-05
6.11104e-05
3.18062e-05
7.20032e-06
2.98325e-06
3.855e-07
1.88779e-05
1.40464e-05
2.58552e-05
4.78153e-05
6.44529e-05
8.02587e-05
0.000121027
8.91031e-05
0.000130782
0.000150706
0.000135608
0.000176778
0.000152065
0.000179499
0.000201396
0.000159446
0.000195542
0.000188703
0.000192292
0.000203338
0.000234458
0.000193036
0.000109949
9.42654e-05
8.24941e-05
8.86437e-05
9.10425e-05
9.82728e-05
9.67649e-05
8.46957e-06
8.49668e-06
8.4996e-06
8.40678e-06
8.15489e-06
8.15361e-06
8.15466e-06
5.31345e-05
0.000866973
0.0172316
0.0183376
0.0155002
0.0134885
0.00994452
0.0101845
0.00738643
0.0065541
0.00542864
0.00370456
0.00238626
0.00132303
0.00086174
0.000274134
0.000459137
0.00026853
5.71981e-07
1.79107e-05
6.17445e-05
0.000171953
0.000150658
9.25836e-05
0.000275213
0.000253506
7.72789e-05
0.000110962
5.16681e-05
6.47131e-05
0.000102687
6.67754e-05
0.000110927
0.000117393
0.000115733
0.000158667
6.38117e-05
0.000193594
1.89498e-05
0.000827068
0.000738149
0.000425919
0.00031879
0.00012128
2.38571e-05
7.30066e-06
2.67633e-06
1.02516e-05
1.34878e-05
1.53909e-05
7.35832e-06
1.16513e-06
0.00745858
0.00424254
0.00242222
0.00137153
0.000575577
0.000328801
0.000123621
3.61913e-05
6.36382e-05
2.91889e-05
6.34735e-05
1.83072e-05
3.10127e-08
6.58118e-07
2.32648e-07
8.10113e-07
1.6359e-05
1.01132e-05
1.74696e-05
9.45152e-06
7.55741e-08
2.61113e-06
4.60408e-06
8.19477e-06
1.44125e-05
0.0157595
0.0144442
0.0125417
0.0103101
0.00810978
0.005658
0.00431878
0.00221173
0.00105353
0.000388518
7.34102e-06
0.000229478
0.000592218
0.000473337
0.000436553
0.000436799
0.000396751
0.00031097
0.000296794
0.00025281
0.000185092
0.000187721
0.000188249
0.00013424
0.000111542
1.72772e-05
2.08455e-05
4.28979e-06
8.27025e-07
9.41418e-07
1.74686e-05
1.25872e-05
8.28532e-07
4.91502e-05
2.06647e-06
1.75594e-05
3.03348e-05
8.8733e-05
8.96638e-05
7.75729e-05
6.21927e-05
3.97998e-05
5.25585e-05
2.56725e-05
0.00010908
0.000128577
0.000198269
0.000171365
0.000305707
0.000358293
0.000357043
0.000404229
0.000347555
0.000513106
0.000419995
0.000322672
0.000365971
0.00034322
2.21473e-05
5.35002e-05
0.000247503
0.000174314
0.00028257
0.000305194
0.000436869
0.000622313
0.000632555
0.000714883
0.000847168
0.000810141
0.000775771
0.000720841
0.00071188
0.000688158
0.000637884
0.000705779
0.000610772
0.000637634
0.00057168
0.000670567
0.00060152
0.000613147
0.000724028
0.000602918
0.0006417
0.000590778
0.000564605
0.000483986
0.000576762
0.000514225
0.000444781
0.000368256
0.000418865
0.000382175
0.000353876
0.000331477
0.000313313
0.000250591
0.000235256
0.000199644
0.000210316
0.00018307
0.000131085
0.000113254
9.31248e-05
7.35144e-05
4.65691e-05
3.70494e-05
2.36467e-05
1.76339e-05
4.47758e-06
1.09577e-06
2.46247e-06
3.37067e-07
1.68802e-06
3.8669e-06
8.56423e-06
1.29711e-05
1.40082e-05
2.41259e-05
2.60121e-05
2.83457e-05
3.72796e-05
4.45018e-05
4.3308e-05
5.52678e-05
3.87905e-05
4.28123e-05
3.19956e-05
2.03165e-05
4.6559e-05
3.55666e-05
4.1892e-05
4.28993e-05
1.4336e-05
1.51282e-05
1.53951e-05
1.5583e-05
1.63571e-05
1.61867e-05
1.08932e-05
2.56837e-05
2.60159e-05
0.00149713
0.00421227
0.0027609
0.0435012
0.0352014
0.0295043
0.024593
0.0223683
0.0215283
0.0198309
0.0163525
0.0122632
0.00924688
0.0056004
0.00364247
0.00219165
0.00133362
0.000563938
0.000345881
0.000133203
4.69543e-05
1.7919e-05
0.000162248
0.000371703
0.000186402
0.000188838
0.000254317
0.000196106
0.000165086
0.00027082
5.37795e-05
5.26265e-05
0.000101009
0.000102166
8.55822e-05
0.000106733
8.76518e-05
0.000203385
0.000211773
0.000116017
0.00025439
0.0028926
0.00368641
0.00308691
0.00282073
0.0022738
0.00195218
0.00124256
0.0011071
0.00140477
0.00107755
0.00104076
0.00108932
0.00101517
0.000779329
0.00092331
0.000881469
0.000718764
0.000778157
0.000716861
0.000647895
0.000579645
0.000717607
0.000642677
0.000558456
0.000543761
0.000482118
0.000636033
0.000503054
0.000464363
0.000448436
0.000536496
0.0004598
0.000442499
0.000317361
0.000245942
0.000465862
0.000621276
0.000515656
0.000335513
0.000127368
9.14656e-06
1.09555e-06
0.000103315
0.000532057
0.00234578
0.00247838
0.0018773
0.00140863
0.00130307
0.00103783
0.000764397
0.000515678
0.000368668
0.000236378
0.000107657
0.000160756
0.000100387
4.93608e-05
4.09766e-05
2.13631e-05
1.76109e-07
3.97795e-08
2.0543e-06
1.48483e-08
6.55468e-06
2.76076e-09
4.35992e-06
1.20593e-05
2.29956e-05
4.12176e-06
5.0883e-06
2.68437e-05
2.10183e-06
7.75469e-05
7.13948e-05
0.000167799
0.00018284
0.000117169
0.000273121
0.000380325
0.000195261
0.000347263
0.000323253
0.000318538
0.000282453
0.000392749
0.000729862
0.000399958
0.000509357
0.000695001
0.000542513
0.000292047
0.000299097
0.000927566
0.000906101
3.12526e-05
3.82769e-05
5.78488e-06
6.6295e-06
1.77454e-05
4.81817e-05
6.22501e-05
4.44245e-05
8.27926e-05
9.41928e-05
9.36453e-05
0.00010941
0.000152324
0.000132268
0.000149244
0.000126735
0.000144469
0.000171653
0.00015408
0.000174983
0.000247142
0.00023134
0.000193801
0.000253305
0.00020207
0.000202108
0.000182029
0.000191898
0.000197666
0.000216357
0.000180414
0.000244692
0.000170857
0.000150316
0.000132298
0.000143984
0.000121624
6.18853e-05
5.08495e-05
4.47196e-05
3.757e-05
3.7072e-05
3.48456e-05
2.45756e-05
3.1473e-05
2.15389e-05
2.56877e-05
4.46626e-06
7.67449e-06
1.57376e-05
1.05018e-06
7.1604e-06
1.69964e-06
1.46627e-07
1.68617e-09
2.46418e-07
6.00239e-06
9.35753e-06
6.40873e-07
9.04412e-06
1.09977e-05
1.59494e-05
3.0206e-06
3.03379e-05
5.50779e-06
3.2088e-05
4.75119e-06
2.27728e-06
3.51636e-05
7.71384e-06
9.38582e-06
2.64216e-06
2.85042e-06
9.16395e-06
2.52902e-05
2.62265e-06
3.48028e-05
8.79042e-06
7.5388e-07
1.1813e-05
1.43448e-05
1.46391e-05
1.11383e-05
1.47701e-05
1.17176e-05
1.61111e-05
1.68862e-05
1.49099e-05
0.00165817
0.00169091
0.00561691
2.38381e-07
0.012958
0.00931393
0.00745815
0.00658112
0.00691017
0.00686318
0.00582351
0.00535406
0.00400472
0.00286441
0.00191025
0.00143764
0.000705241
0.000404323
0.000267416
0.000386322
0.000111673
0.00014774
6.13421e-06
2.36176e-06
9.95823e-05
0.000157457
2.99335e-05
7.02348e-05
0.000378858
0.000211641
0.000223934
5.59962e-05
0.000214988
0.000233283
0.000532817
0.000491689
0.00535363
0.00570679
0.00330819
0.00173681
0.0050841
0.00410281
0.00165765
0.00103461
0.000523665
0.000905097
0.000334084
0.000192482
0.000302325
4.42525e-05
1.69237e-05
3.20997e-05
1.31117e-05
4.53909e-05
5.94555e-05
1.07957e-06
9.94444e-07
4.98683e-05
3.96245e-05
0.000167284
9.70807e-05
0.027458
0.0190792
0.00349895
0.0135552
0.00732043
0.00410875
0.00151332
0.000488664
0.000103145
2.97059e-05
3.68089e-05
6.06311e-07
2.87215e-09
4.52591e-06
2.58355e-06
0.0224315
0.0200864
0.0185069
0.0160456
0.0134725
0.0111699
0.00997049
0.0077853
0.00492965
0.00358218
0.00221116
0.00202592
0.000972511
0.000144845
2.03073e-05
0.000409661
0.00101693
0.000749634
0.000683699
0.000607244
0.00055657
0.000476165
0.00033057
0.00025518
0.000174959
0.00015805
6.59856e-05
1.09585e-05
1.41142e-05
2.18098e-08
3.57362e-06
2.68657e-05
4.17918e-05
6.60765e-05
0.000112927
0.000132165
0.000133414
0.000168236
0.000120318
0.000198809
0.000328535
0.000275308
0.00034114
0.000292202
0.000214284
0.000220839
0.000336991
0.000355004
0.000395561
0.000603154
0.000821452
0.000663239
0.000869421
0.000708017
0.00106689
0.000789274
0.000636089
0.000395622
0.000354077
0.000308908
0.000408757
0.000612331
0.000917667
0.000814775
0.000470007
0.000663559
0.000898167
0.00105657
0.000886678
0.000946575
0.000291756
0.000325592
0.000320344
0.000356974
0.000339936
0.000356629
0.000385492
0.000378738
0.00041986
0.000453047
0.000424615
0.000416122
0.000479284
0.000362583
0.000483725
0.000489402
0.000478029
0.000528022
0.000486055
0.00055726
0.000508129
0.000398579
0.000518051
0.000552052
0.000553655
0.000469469
0.000485543
0.000445397
0.000562865
0.000457195
0.000466604
0.000433384
0.000423699
0.000458399
0.000442001
0.00046109
0.000418952
0.000399071
0.000304103
0.000316051
0.000284824
0.000216071
0.000254181
0.000189171
0.000155812
0.000137333
0.000130597
0.000111495
9.74862e-05
6.79803e-05
4.79989e-05
5.19099e-05
2.35292e-05
1.75981e-05
7.0419e-06
2.0121e-06
4.22637e-07
1.99298e-07
2.01225e-06
4.0193e-06
9.11568e-06
2.30896e-05
2.86467e-05
3.69742e-05
4.46307e-05
5.37136e-05
6.27094e-05
8.48294e-05
8.63535e-05
9.33945e-05
0.000102769
0.000107458
0.000109492
0.000112651
0.0001189
0.000126245
0.000126935
0.000126859
0.000131382
0.000132857
0.000134009
0.000175068
1.07354e-05
1.05019e-05
1.05071e-05
1.08066e-05
1.05746e-05
1.05819e-05
9.97494e-06
1.40954e-05
0.00203729
0.000133342
0.000552728
0.00348584
0.00428284
0.00400295
0.00343461
0.00247884
0.00200251
0.00122983
0.000676301
0.000295214
0.000163088
3.02674e-05
4.44424e-06
0.00402259
0.00245134
0.00152321
0.00127144
0.000871605
0.000601846
0.000430638
0.000172076
4.78907e-05
2.2749e-05
1.5588e-06
1.42489e-05
3.05761e-06
5.62193e-06
1.45804e-06
7.46312e-06
1.50508e-06
2.78857e-05
0.000148274
6.29885e-07
0.00545657
0.00346641
0.00235972
0.00203597
0.00138492
0.000932671
0.000342185
0.000354486
0.000201886
0.00011161
0.000565244
0.000615771
0.000214912
0.000492843
0.000471978
0.000912241
0.000458586
0.000595995
0.000102908
0.000536302
0.000466763
0.000637994
0.000597798
0.00048411
0.000617976
0.000424926
0.000530196
0.000497244
0.000448992
8.80542e-05
0.000115181
0.000348024
0.000432569
0.000420304
0.000441717
8.30538e-05
0.000439045
0.000442754
0.000436662
9.01217e-08
8.42949e-07
1.86121e-06
0.0404194
0.00254696
0.00266108
0.00270226
0.00236744
0.00170728
0.00128192
0.00115652
0.000887605
0.00018364
0.000112688
1.1046e-05
0.000273419
0.000935588
0.0019347
0.00140458
0.00111455
0.000917574
0.000860816
0.000602212
0.00049895
0.00029387
0.000214178
0.00012524
4.47336e-05
5.90543e-06
3.88825e-06
1.13361e-06
1.76426e-06
1.31892e-05
1.15362e-05
9.0669e-05
7.25211e-05
8.22293e-05
0.000134776
0.000104228
9.28697e-05
0.000164902
9.77953e-05
0.000136817
0.000106828
0.000108051
0.000237288
0.000160668
0.000264529
0.000398534
0.000430757
0.000554002
0.000658232
0.000688802
0.000761393
0.000928458
0.000732308
0.000685796
0.000646744
0.000585562
0.00033575
0.000282047
0.00128612
0.00051497
0.000688061
0.000635702
0.000312645
0.000100871
4.25626e-05
5.50812e-07
6.13868e-05
0.000122725
0.000158475
0.000226688
0.000228535
0.000231625
0.000290855
0.00035656
0.000390125
0.000337445
0.000375951
0.000431568
0.000461805
0.000539623
0.000431113
0.000361999
0.000530063
0.000553224
0.000476128
0.000490223
0.000531
0.000661363
0.00049756
0.000499777
0.000526612
0.000525716
0.000529143
0.0004154
0.000465433
0.000420034
0.000320361
0.000329319
0.0002867
0.000222825
0.000196386
0.000186545
0.000100648
6.89147e-05
5.38564e-05
2.02292e-05
8.91668e-06
7.9281e-07
5.13581e-07
3.8757e-07
1.17916e-05
3.63315e-05
2.49388e-05
6.58966e-05
7.91796e-05
7.5817e-05
0.000111487
9.46466e-05
0.000127557
0.000153537
0.000136214
0.000177647
0.000159793
0.000174761
0.000195059
0.000193602
0.000168958
0.000205012
0.000173586
9.99346e-05
6.96717e-05
7.34586e-05
8.40999e-05
8.60939e-05
9.06906e-05
9.72352e-05
9.59717e-05
0.000118549
1.0059e-05
1.00911e-05
1.01098e-05
1.01019e-05
1.00195e-05
9.7949e-06
9.78074e-06
6.73232e-05
0.00106993
0.00880188
0.0244218
0.017438
0.0118966
0.012825
0.00758099
0.00747627
0.00560361
0.00426291
0.00300052
0.00225186
0.0015485
0.000454907
0.000117825
0.000106733
9.66135e-05
2.27305e-06
2.1731e-05
5.67699e-05
0.000275074
0.000225125
0.000109854
1.29136e-05
0.000183048
0.000131689
0.000175537
0.000164715
0.000279254
0.000453122
0.000110278
0.000400707
0.000138267
0.000131191
6.40585e-06
8.88167e-05
0.0010094
0.000637012
0.000498509
0.000209929
0.000110347
1.66369e-05
4.95278e-05
2.02017e-05
2.99747e-05
5.00459e-06
1.85385e-05
0.00318317
0.00179944
0.00103992
0.000671188
0.000261833
0.000143534
7.4959e-05
2.16434e-05
4.69982e-09
3.3441e-06
2.53853e-07
3.20042e-05
6.88747e-06
1.62843e-05
1.76319e-05
1.67427e-05
2.38702e-05
8.84963e-06
6.19931e-05
1.53405e-05
3.58076e-05
2.44138e-05
2.28485e-05
8.89226e-06
5.4506e-05
0.010682
0.0100237
0.00943172
0.00788625
0.00614198
0.0050323
0.00317921
0.00188609
0.00111611
0.000216336
1.01944e-05
0.00019971
0.000853209
0.00094979
0.000737779
0.000600931
0.000515272
0.000389269
0.000310779
0.000188845
0.000122555
0.000162449
5.36163e-05
2.25276e-05
3.34756e-06
1.82756e-08
5.22106e-06
3.67217e-05
6.07157e-05
7.39134e-05
0.000103945
5.78423e-05
4.90256e-05
0.000140792
0.000242555
0.000201048
0.000171887
0.000139096
0.000186567
0.000153389
0.000216411
0.000126324
0.000248786
0.000445586
0.000502291
0.000375145
0.000414906
0.000426165
0.000497696
0.000448638
0.000501668
0.000403433
0.0005041
0.000514988
0.000383684
4.16453e-05
0.00082414
0.000134373
0.000125547
0.000223617
0.000274346
0.000327763
0.000335551
0.000417005
0.000373406
0.000302788
0.00037032
0.00031568
0.000296511
0.000358626
0.000371901
0.000430349
0.000369914
0.000488775
0.000401413
0.000401598
0.000370814
0.000392019
0.000408082
0.000393169
0.00044008
0.000400763
0.0003773
0.000424743
0.000361035
0.000319003
0.00030863
0.000239721
0.000273496
0.000236747
0.000214722
0.000197754
0.000224979
0.000222526
0.000150735
0.000156888
0.000120489
0.000129446
9.93232e-05
6.94655e-05
7.55578e-05
2.59508e-05
3.35061e-05
1.86628e-05
1.26473e-05
1.05361e-05
3.01676e-06
6.93261e-07
7.05023e-08
1.87539e-06
4.29447e-06
3.59017e-06
1.49269e-05
1.72088e-05
2.16236e-05
3.34415e-05
3.73369e-05
4.6268e-05
4.5161e-05
5.53932e-05
6.09089e-05
5.94944e-05
6.13534e-05
6.37975e-05
7.80032e-05
7.87777e-05
8.15587e-05
7.73495e-05
7.60754e-05
7.34535e-05
6.47614e-05
1.22962e-05
1.23595e-05
1.2473e-05
1.2532e-05
1.26898e-05
1.29423e-05
1.29131e-05
1.22514e-05
0.000572879
0.00237118
6.53697e-05
0.0415958
0.025313
0.0216345
0.0173757
0.0181087
0.0194943
0.0184875
0.0175761
0.0155031
0.0123945
0.00918781
0.00656488
0.00388555
0.00249327
0.00113073
0.000532878
0.000203104
0.000100671
0.000112912
7.13759e-06
9.97046e-07
0.00022716
0.000153379
0.000333038
0.000295173
0.000336788
0.000276028
0.000240306
0.000137692
0.00011245
0.000232506
0.000120424
7.75129e-05
0.00013636
0.000160858
0.000133245
0.000137264
0.0001689
0.00020154
4.51887e-05
0.000207636
0.000185001
7.4226e-05
7.70435e-05
0.00359951
0.00323104
0.00273963
0.00274444
0.00262541
0.00231335
0.00233756
0.00201404
0.00192638
0.00174765
0.00151085
0.00142831
0.00125911
0.00121591
0.000957785
0.000980325
0.00114918
0.000953364
0.000828498
0.00077997
0.000718501
0.000589173
0.000666042
0.000645845
0.000467854
0.000423848
0.000390126
0.000422291
0.000594355
0.000223677
0.00016135
4.33578e-05
0.000352814
0.000959651
0.00180369
0.002764
0.00257146
0.00169571
0.00165761
0.00115817
0.000736835
0.000705021
0.000536687
0.000347628
0.000267475
0.000126318
7.8143e-05
9.55216e-05
2.77736e-05
1.87608e-06
8.45337e-06
1.75301e-06
9.28436e-06
6.29741e-06
7.87096e-06
1.78781e-06
3.72702e-08
9.46615e-07
2.51072e-05
2.6412e-06
4.48581e-05
1.01445e-05
0.000160432
0.000176935
0.000224221
0.000236059
0.000270703
0.000233092
0.000219237
0.000305201
0.000317188
0.000474113
0.000681261
0.000519687
0.000469594
0.000395175
0.000295422
0.000529641
0.000601038
0.000655084
0.000685898
0.000883312
0.000586431
0.000545783
0.000518767
0.000443147
0.000525246
0.000437915
0.000508406
0.00048331
0.000425868
0.000433145
0.000390327
0.000327106
0.000369414
0.000359416
0.000350651
0.000323178
0.000331378
0.000341895
0.000233596
0.000317238
0.000240773
0.000289158
0.000289786
0.000273586
0.000227703
0.000227306
0.000161107
0.00011794
0.000165981
0.000152767
0.000136714
0.000173197
0.000178824
0.000127123
0.000113825
0.000113018
0.000117471
7.18131e-05
5.70236e-05
8.18859e-05
6.2868e-05
6.70048e-05
5.41127e-05
6.26095e-05
5.21465e-05
1.94784e-05
2.01827e-05
1.99021e-05
1.19411e-05
3.55502e-06
9.3211e-06
4.8876e-06
4.28086e-06
7.23726e-06
2.40031e-06
3.14274e-06
1.52798e-06
8.29561e-07
4.92197e-07
2.95507e-08
2.93694e-08
1.47172e-07
4.02844e-07
9.43468e-07
1.4724e-06
1.06658e-05
1.28763e-05
1.26304e-05
1.55756e-05
1.6444e-05
2.54118e-05
3.25479e-05
4.7766e-05
3.36714e-05
5.67043e-06
5.62246e-06
1.97911e-05
2.38467e-05
1.22335e-05
1.29212e-05
3.68145e-05
2.5881e-05
6.39013e-05
0.000121217
0.00198872
0.00193027
0.00212277
0.00226672
0.00292289
8.17694e-05
9.62878e-05
0.000108519
0.000119984
0.000444912
0.00572183
0.000164155
0.00528797
0.0039292
0.0038817
0.00311322
0.00229548
0.00203846
0.00122994
0.000462924
0.000226001
0.000148822
7.60814e-05
4.3585e-08
2.41832e-07
9.92486e-08
1.35944e-05
5.37051e-05
8.69622e-05
0.000137674
0.000321279
0.000563785
0.000171532
0.000468148
0.00059711
0.000419344
0.000344117
0.000275385
0.000512624
0.000411433
0.000584969
0.00463828
0.00226237
0.00207696
0.00345501
0.00196743
0.00125195
0.0013537
0.000459174
0.000731773
0.00030064
7.48365e-05
4.02795e-05
8.40958e-06
7.25362e-06
6.56383e-07
7.58937e-05
1.86256e-05
1.61985e-07
2.07003e-06
2.53514e-05
4.05915e-05
4.61531e-05
0.000148365
9.63304e-06
2.80423e-05
4.22079e-05
1.91644e-06
6.45971e-05
5.50106e-05
2.86991e-05
1.72778e-05
2.29926e-05
0.0229139
0.0162233
0.00977073
0.00418035
0.00143948
0.000521215
0.00017771
5.85426e-05
1.71895e-05
6.86308e-06
1.80705e-06
0.0165106
0.0153731
0.0136862
0.0118828
0.0100963
0.00839079
0.00674595
0.00485692
0.00340345
0.000921511
0.000326225
0.000304067
0.000376994
0.00132241
0.0013567
0.00114484
0.0010061
0.000911378
0.000846456
0.000668543
0.000486995
0.000346825
0.000187011
0.000150574
0.000188794
4.75453e-05
1.5646e-05
6.84076e-06
3.54545e-05
3.83045e-05
7.24462e-05
9.94359e-05
0.000115782
0.000210594
0.000156021
0.000379741
0.000322445
0.000274202
0.000390757
0.000350832
0.000250643
0.000441608
0.000274287
0.000333697
0.000320581
0.000600401
0.000824965
0.000591267
0.000502325
0.000463799
0.000263787
0.000206335
0.000500048
0.000448413
0.000715738
0.000514484
0.000527872
0.000473372
0.000654281
0.000375494
0.000877128
0.00106764
0.000209017
0.000246916
0.000208621
0.000221706
0.000209862
0.00020469
0.000266854
0.000205044
0.000274907
0.000221595
0.00024106
0.000279169
0.000252639
0.000249492
0.000245707
0.000263904
0.000255696
0.000249061
0.000227908
0.000298238
0.000229867
0.000263696
0.000200647
0.000273144
0.000270543
0.000233021
0.000268354
0.000231996
0.000263022
0.000215871
0.00026696
0.000204433
0.000199023
0.00017641
0.00014118
0.000138505
8.25681e-05
6.46344e-05
5.87972e-05
3.56029e-05
3.06338e-05
1.64098e-05
8.96477e-06
4.70034e-07
1.70888e-07
3.04534e-07
6.18555e-06
1.28074e-05
1.71743e-05
3.61327e-05
4.96116e-05
5.1881e-05
6.16744e-05
8.48314e-05
9.81729e-05
0.000108738
0.000123362
0.000129343
0.000139407
0.00014275
0.000154953
0.000163045
0.000169921
0.000168963
0.000173173
0.000176702
0.000172889
0.000175982
0.000181155
0.000184097
0.000186918
0.000201387
1.32821e-05
1.35438e-05
1.33301e-05
1.36212e-05
1.35647e-05
1.33536e-05
1.25948e-05
0.000460724
0.00317924
0.00223133
0.00762048
0.00676025
0.00570217
0.00518866
0.00402278
0.00312606
0.00185481
0.00128982
0.00709479
0.00545829
0.00325952
0.00245548
0.00207972
0.0012918
0.00118035
0.000796087
0.000445079
0.000166037
0.000205691
9.59119e-05
1.55525e-05
2.97203e-07
2.52178e-06
2.9337e-05
2.38229e-06
0.00469898
0.00266681
0.00192615
0.00144793
0.0011411
1.9401e-06
1.24336e-05
2.48011e-06
1.66322e-05
5.32372e-05
6.5592e-05
0.000129049
0.000102813
0.000233191
0.000278445
0.00053062
0.000498379
0.00030761
0.000479944
0.000498166
0.000579323
0.000484197
0.000562014
0.000129978
0.000224847
0.000549897
0.000567046
0.000534097
0.000165542
0.000305267
0.000662438
6.13632e-05
5.79487e-05
0.00123571
0.00150557
0.00185521
0.0015111
0.00144918
0.00122482
0.000852885
0.00046563
0.000203473
1.61242e-05
0.000108158
0.000474884
0.00210383
0.00178329
0.00125594
0.000932889
0.000719033
0.000502845
0.000385388
0.00020473
0.000311699
0.000134777
0.000106992
8.61788e-06
3.33827e-05
2.70301e-07
2.6467e-05
0.000164949
0.000134625
0.000196345
0.000177642
0.00021986
0.000265283
0.000296776
0.000375236
0.000209865
0.000288814
0.000281239
0.000643079
0.000517701
0.000714721
0.000584198
0.000462183
0.000610136
0.000713364
0.000812604
0.00104826
0.000816623
0.000556713
0.000365476
0.000428814
0.000774204
0.00039489
0.000128137
1.62891e-05
1.40672e-05
7.50654e-05
0.000118512
0.000163711
0.000218082
0.000246043
0.000317329
0.000369697
0.000421038
0.000492519
0.000491166
0.000540998
0.000510994
0.000479046
0.000564676
0.000416974
0.000584992
0.000572921
0.000515482
0.000508997
0.000631682
0.000602408
0.000544995
0.000562082
0.000522141
0.000556855
0.000562892
0.000536127
0.000463971
0.000426388
0.000410477
0.000356458
0.000316439
0.000303799
0.000192018
0.000124605
8.94274e-05
5.65946e-05
3.6223e-05
2.02747e-05
2.93037e-06
9.62999e-07
7.02204e-07
6.32067e-06
2.74308e-05
5.98136e-05
5.75877e-05
0.000106353
0.000101825
0.000120778
0.000153977
0.000134915
0.000186191
0.000166559
0.000178731
0.000196781
0.000220944
0.000185729
0.000231605
0.000213951
0.000233788
0.000201399
0.000233889
0.000211172
0.000231202
0.000109301
0.000105009
0.000109567
0.000153816
0.00015568
0.000168205
0.000170816
1.13451e-05
1.14123e-05
1.14134e-05
1.14158e-05
1.14023e-05
1.10487e-05
0.000334118
0.0156207
0.03394
0.0221121
0.0142464
0.012545
0.0116233
0.00932448
0.00830446
0.00554182
0.00405378
0.00267056
0.00155084
0.000692317
0.000265235
0.000346935
0.000208199
0.000210621
1.25304e-05
4.54999e-05
4.72745e-05
6.14685e-05
8.60674e-05
7.0207e-05
1.10374e-06
5.19637e-05
2.89432e-05
7.13452e-05
0.000145971
0.000125982
4.88548e-05
1.23775e-05
0.000123832
0.00119543
0.000764071
0.000301843
0.000162667
5.60779e-05
5.30143e-06
1.97473e-05
8.71248e-08
3.2518e-05
0.00325121
0.00171238
0.00112256
0.000474583
0.000265683
0.000143557
1.88615e-05
2.25811e-05
4.41536e-06
3.16777e-07
3.94829e-06
1.15165e-09
1.22599e-05
1.77717e-05
2.63878e-05
3.294e-05
1.1025e-05
8.0206e-06
1.66854e-05
3.37718e-05
6.77911e-05
6.42833e-05
0.0107499
0.0102223
0.00937722
0.00800449
0.00692727
0.00549441
0.00390089
0.0026212
0.00161099
0.000691311
5.73093e-05
1.49806e-05
4.47349e-05
0.000898933
0.000835632
0.000684776
0.000576933
0.000374402
0.000371877
0.000175755
0.000118234
6.68599e-05
4.05469e-05
4.10457e-05
1.02078e-05
8.79093e-07
2.63159e-08
3.29064e-06
1.47318e-05
3.43933e-05
2.91459e-05
6.65224e-05
1.83573e-05
5.73763e-05
0.000210076
0.000201313
0.000166163
0.000130166
0.000120502
0.000136735
6.84484e-05
8.23916e-05
2.40684e-05
0.000157416
0.000399456
0.000400527
0.000368933
0.000351572
0.000347967
0.000379145
0.000424564
0.000676781
0.000608909
0.000508994
0.0005855
0.000515398
0.000428335
0.000499107
0.000856272
9.29107e-05
0.000145365
0.000176411
0.000211846
0.000293526
0.000278009
0.000291037
0.000243036
0.000395369
0.000308964
0.000351819
0.000335588
0.000362549
0.000374224
0.000431997
0.000389401
0.000387609
0.000409567
0.000440419
0.00037947
0.000398109
0.000416265
0.000422897
0.000360378
0.000358063
0.000404835
0.00047031
0.000402402
0.000455702
0.000474675
0.000439231
0.000364842
0.000384594
0.000295872
0.000354252
0.000372024
0.000331817
0.000335637
0.000276279
0.000297517
0.000203036
0.000237444
0.000203115
0.000145953
0.000128772
0.000104902
9.97486e-05
7.01646e-05
5.47622e-05
4.58224e-05
3.9235e-05
3.32034e-05
2.64113e-05
9.95084e-06
7.39748e-06
3.15806e-06
5.27869e-07
9.95554e-09
2.81119e-09
1.79028e-07
4.75986e-06
6.21614e-06
7.00739e-06
6.06962e-06
1.38173e-05
1.61293e-05
1.82768e-05
2.20106e-05
3.6513e-05
1.92285e-05
2.83425e-05
2.2762e-05
1.47191e-05
1.22232e-05
1.23216e-05
1.25174e-05
1.23191e-05
1.24723e-05
1.27123e-05
0.00110985
0.00616599
5.50214e-05
0.0208424
0.0162308
0.01127
0.0122648
0.0148035
0.0131833
0.0143542
0.0123085
0.0105648
0.00802186
0.0057659
0.0032087
0.00193874
0.000680932
0.000480231
0.000138588
6.83399e-05
8.39805e-06
7.56256e-06
1.56613e-05
6.33418e-06
2.62418e-05
2.82807e-05
0.000188255
0.000134973
0.000181796
0.000476095
0.000354562
0.000220165
0.000270133
0.000937278
0.000744148
0.000705282
0.000574004
0.000578844
0.00048546
0.000383883
0.000382213
0.000337442
0.000292451
0.000192571
0.000178166
0.000170449
0.000204933
7.49786e-05
0.000372041
0.000373498
0.000304474
0.000247841
0.000178897
6.11699e-05
0.000126205
0.000348534
0.000321891
0.000328463
0.000345006
0.00200135
0.00130158
0.000910272
0.000652634
0.000393061
0.000275725
0.000144976
0.001701
0.00126512
0.000806693
0.000527724
0.000316377
0.000145447
8.43188e-05
4.78975e-05
2.41654e-05
0.00687406
0.00650606
0.00603786
0.00499346
0.00315331
0.00185957
0.000873478
0.000780707
1.46307e-05
0.000382546
0.00102955
0.00133885
0.00105576
0.000867881
0.000730566
0.000518571
0.000537769
0.000306614
0.000190604
0.000151661
7.02653e-05
2.9008e-05
4.54646e-05
9.18957e-07
7.98729e-08
1.55556e-08
7.86628e-07
2.77996e-06
7.49578e-08
2.65642e-06
9.75434e-08
4.29214e-08
6.56872e-06
3.62291e-05
1.383e-05
4.37157e-06
4.49129e-05
1.86875e-07
1.14701e-05
1.72151e-07
3.68083e-05
4.27835e-05
0.000435414
0.000125703
0.000116077
0.000238498
0.000245202
0.000419133
0.000389839
0.000344066
0.000283041
0.000503415
0.000764705
0.000814159
0.000596359
0.000669939
0.000282838
0.000551598
0.000758483
0.000675565
0.000670374
0.000636822
0.000594447
0.000583396
0.000587146
0.000477835
0.000535771
0.000470306
0.000432994
0.000500591
0.000489148
0.000476492
0.000504807
0.000444163
0.000405465
0.000416961
0.000394266
0.000347516
0.000396696
0.000298134
0.000220761
0.000276855
0.000278552
0.000263678
0.000252892
0.000223005
0.000229555
0.000223952
0.000138748
0.000147652
0.000133549
0.000152168
0.000110727
0.000109174
9.87151e-05
9.36377e-05
5.07438e-05
7.75607e-05
3.21629e-05
5.09949e-05
3.9766e-05
3.55282e-05
2.17884e-05
2.21093e-05
1.70191e-05
1.70832e-05
1.49346e-05
1.11816e-05
1.29876e-05
8.50978e-06
5.72263e-06
6.55352e-06
5.67283e-06
8.54346e-07
2.75764e-06
1.99936e-06
1.15595e-09
6.65726e-07
3.53633e-07
1.68949e-08
1.99896e-07
5.72261e-07
1.17964e-07
7.79488e-08
7.09263e-08
2.09279e-08
3.26751e-08
2.50849e-09
1.20287e-08
6.15876e-08
3.16565e-08
9.72896e-08
1.5075e-06
7.9816e-06
5.42812e-05
5.78466e-05
6.38224e-05
6.97628e-05
7.78051e-05
8.79888e-05
9.98604e-05
0.00010854
0.00249038
0.00743978
2.23833e-05
0.000156022
0.00488391
0.00379037
0.0040747
0.00376704
0.00327401
0.00286608
0.00137437
0.000554264
0.000261907
5.76952e-05
3.64243e-05
4.55555e-06
1.59714e-07
3.55528e-06
2.29123e-05
0.000110827
0.000153305
0.000212159
0.000214278
0.000181552
0.000301546
0.000347761
0.000560334
0.000263413
0.000444975
0.000341065
0.000235541
0.000119308
7.16305e-05
0.000328771
0.00498593
0.00496514
0.00351041
0.00160186
0.00447134
0.00306299
0.00156338
0.00116416
0.000564048
0.00015987
9.77417e-05
3.11343e-05
5.66857e-08
1.34386e-11
4.22827e-06
8.19557e-07
7.37835e-06
4.20923e-07
1.42178e-05
1.80977e-05
3.26853e-07
1.3623e-05
4.7463e-06
6.03439e-05
9.66181e-05
3.36356e-05
2.88575e-06
2.50074e-05
5.20783e-05
3.00312e-06
0.0262111
0.0158939
0.00911206
0.00562003
0.00216059
0.000838321
0.000246124
7.44262e-05
3.81302e-05
1.24812e-05
6.37483e-06
3.23373e-06
0.018258
0.016429
0.0147898
0.0130765
0.0109833
0.00938125
0.00741753
0.00541346
0.00280897
0.00178996
0.000458899
0.000209847
0.000542329
0.000956823
0.000919703
0.000808269
0.000652048
0.000580005
0.000466694
0.000323058
0.000276597
0.000125398
8.01195e-05
2.22144e-05
1.04473e-05
2.79984e-06
1.26122e-07
1.51101e-06
3.29268e-05
1.33726e-05
4.04268e-05
0.000104908
9.54462e-05
7.80872e-05
9.1945e-05
0.000174227
9.64808e-05
0.00021839
0.00012956
0.000218964
0.000104992
0.000194778
0.000103367
0.000160865
0.000171112
0.000126616
0.000283749
0.000263275
0.000313302
0.000307383
0.000459203
0.000331921
0.000221771
0.000315498
0.000268664
0.000257361
0.000423377
0.000289905
0.000263802
0.000317185
0.000340072
0.000248903
0.000252753
0.000276005
0.000300078
0.000225336
0.000222387
0.000291
0.000289964
0.000204021
0.000307755
0.000264242
0.000228498
0.000300803
0.000372534
0.000268292
0.000305418
0.000264689
0.000255656
0.000241476
0.000237354
0.000323834
0.000279555
0.00023101
0.00028008
0.00029575
0.0003327
0.000366824
0.000290934
0.000314897
0.000272581
0.000245633
0.00032361
0.000233961
0.000179528
0.000192912
0.000295835
0.000284229
0.000262429
0.000188577
0.000210661
0.000255597
0.000259495
0.000198866
0.000293864
0.00020087
0.000262026
0.000244715
0.00037732
0.000224637
0.000205364
0.000259779
0.000287111
0.000186893
0.000121273
0.000106841
8.6032e-05
7.16849e-05
6.99576e-05
5.5254e-05
5.17255e-05
3.87295e-05
3.29753e-05
2.80872e-05
1.89492e-05
1.09887e-05
0.000398148
0.000145936
0.000112522
0.000245501
0.000191796
0.000164516
0.000125993
9.93274e-05
6.61063e-05
5.03541e-05
3.51956e-05
2.59766e-05
1.67697e-05
1.322e-05
1.19997e-05
6.54103e-06
5.01041e-06
5.55001e-06
2.04715e-06
5.3254e-07
2.90098e-07
6.84943e-08
7.4441e-07
0.00186308
0.00172198
0.001605
0.00138946
0.00130008
0.0012169
0.00121221
0.00107436
0.000960929
0.000788547
0.000672426
0.000610872
0.000549408
0.000493983
0.000417099
0.000367771
0.000310313
0.000261284
0.00018628
0.000151161
0.000133274
5.42933e-05
1.73973e-05
6.89914e-06
1.14731e-05
3.32935e-06
4.20115e-06
1.39865e-05
8.69231e-06
2.06817e-05
3.40755e-05
7.44554e-05
0.000110284
0.000155134
0.000193316
0.000151033
0.0001971
0.000245865
0.000303409
0.000261388
0.000127839
6.93214e-05
7.49438e-05
2.6768e-05
9.30614e-06
3.30494e-08
3.705e-09
3.07204e-05
5.02471e-06
2.51487e-06
2.02632e-05
1.86955e-06
6.35043e-06
5.33593e-05
0.000107986
4.19057e-05
2.52327e-05
5.72845e-05
0.000101985
0.000157751
0.00010873
8.79445e-05
0.000157325
0.000403955
0.000419021
0.00059487
0.00040783
0.00057829
0.000440282
0.000551375
0.00048117
0.00083269
0.000427083
0.000518473
0.000578959
0.000896271
0.000559649
0.000769769
0.000920449
0.000756101
0.000920034
0.000578265
0.000680158
0.0004006
0.000513077
0.000498339
0.00042204
0.000516759
0.000770884
0.000963686
0.000923612
0.00112021
0.000647174
0.000980844
0.000958182
0.000900171
0.000893297
0.000860931
0.00069585
0.000821369
0.000773465
0.000899798
0.000893979
0.000861558
0.000891391
0.00088633
0.00083467
0.000648315
0.000775817
0.000773963
0.000745385
0.000729942
0.000695417
0.000674754
0.000608516
0.000568654
0.000628597
0.000555409
0.000558781
0.00053824
0.000544994
0.000471202
0.000476044
0.000456142
0.000461135
0.00045674
0.000465913
0.000437893
0.000411619
0.000416807
0.000400905
0.000360302
0.000365865
0.000357681
0.000387659
0.000402787
0.000407799
0.000389889
0.000378888
0.000374567
0.000347536
0.00031391
0.000223219
0.000223523
0.000216172
0.000364477
0.000369577
0.000355425
0.00034202
0.000334389
0.000232403
0.000332344
0.000334906
0.000318664
0.000275249
0.000278618
0.000306655
0.000285712
0.00027217
0.000282034
0.000286628
0.000273056
0.000272716
0.000263675
0.000219316
0.000219972
0.000209344
0.000210822
0.000211354
0.000197666
0.000197343
0.00018361
0.000184767
0.000184708
0.000168852
0.000146207
0.000137722
0.000125998
9.92631e-05
9.62764e-05
8.41342e-05
8.7389e-05
8.11088e-05
7.76288e-05
7.51607e-05
5.94902e-05
4.44601e-05
4.16381e-05
3.6689e-05
3.77507e-05
3.55348e-05
3.07277e-05
1.34977e-05
9.41471e-06
1.72957e-05
1.45999e-05
3.42312e-06
2.37593e-06
7.43729e-07
1.49674e-07
8.89658e-10
1.51754e-08
2.42261e-07
3.05493e-06
4.32115e-06
7.56747e-06
7.80644e-06
9.60196e-06
1.48901e-05
1.40489e-05
2.14013e-05
2.98162e-05
3.59584e-05
4.01817e-05
4.79101e-05
4.98431e-05
5.46974e-05
6.48617e-05
7.27132e-05
7.74124e-05
8.59261e-05
9.22206e-05
9.74493e-05
0.000105061
0.000111612
0.000123497
0.000125617
0.000129494
0.000138896
0.000147989
0.000150283
0.000174431
0.000177073
0.000193852
0.000206945
0.000207395
0.000211203
0.000222378
0.000222357
0.000235757
0.000233814
0.000236074
0.000247562
0.000245582
0.000239944
0.000252566
0.000249354
0.000249372
0.000270592
0.000267102
0.000253799
0.000273735
0.000251627
0.000247702
0.000248064
0.000265608
0.000262617
0.000259703
0.000264693
0.000259883
0.000283573
0.000285199
0.000297673
0.000285961
1.53045e-05
1.53147e-05
1.53001e-05
1.53243e-05
1.53239e-05
1.53438e-05
1.54037e-05
1.53821e-05
1.57975e-05
1.57496e-05
1.69816e-05
4.16516e-05
4.23503e-05
4.24989e-05
0.00038368
3.07578e-11
4.68101e-06
1.7953e-05
1.27244e-05
0.00255466
0.00219718
0.00243955
0.00214385
0.00227054
0.0020032
0.00151666
0.0012979
0.00069073
0.000558179
0.000513468
0.000241093
0.000182353
1.88761e-05
6.44606e-06
2.5918e-05
3.84828e-05
3.41352e-05
7.23416e-05
8.11622e-05
7.52636e-05
2.08042e-05
0.000146125
0.000156433
0.000263023
0.000269348
0.000348885
0.000351701
0.000210714
0.000207073
0.000140704
9.37135e-05
9.56829e-05
8.53848e-05
4.81219e-05
4.71744e-05
6.52054e-05
6.33413e-05
5.51827e-05
0.000113659
0.000119753
0.0001139
9.92202e-05
0.000186925
0.000138245
0.000122539
6.30937e-05
3.97379e-05
4.3465e-05
2.7086e-05
1.47752e-07
8.711e-08
3.02171e-06
2.09229e-06
2.50133e-05
1.1383e-05
6.44491e-06
7.02564e-11
4.20302e-05
4.81533e-05
0.000108914
9.83469e-05
2.77597e-05
3.11314e-05
2.98794e-05
1.8025e-05
1.75176e-05
3.89206e-05
4.01238e-05
4.46749e-05
4.37632e-05
3.95334e-05
5.1059e-06
1.57564e-05
0.000140433
0.000140086
7.95944e-05
0.000126848
0.000294351
0.000363393
0.000417721
0.000547856
0.000466176
0.000581574
0.000749736
0.0010781
0.000599345
0.000635317
0.00081508
0.000761526
0.000892104
0.000803726
0.00101217
0.0017196
0.00145228
0.000791969
0.00168481
0.000961134
0.0019377
0.00100083
0.00201129
0.0016421
0.00124538
0.00237407
0.00193899
0.00128178
0.0014802
0.00126705
0.001686
0.00185154
0.04305
0.0341741
0.0246966
0.0152292
0.00821165
0.00397671
0.0015877
0.000633176
0.000186455
6.46214e-05
2.7039e-05
3.89126e-06
3.47731e-06
2.11207e-07
3.54925e-08
1.45609e-07
1.40532e-10
9.11454e-07
1.27558e-06
3.00109e-07
1.81102e-07
2.81774e-06
4.44338e-06
1.78766e-06
8.41702e-06
0.000300235
0.000199641
6.14365e-05
3.76858e-05
2.42045e-05
1.57395e-05
2.87937e-06
5.19038e-06
8.26895e-06
0.0161859
0.0147917
0.0135108
0.0123443
0.00992542
0.00880975
0.00768372
0.00697756
0.00634987
0.00586062
0.0050141
0.00452386
0.0037865
0.00351056
0.00271706
0.00202326
0.00174203
0.00166167
0.00106761
0.000953586
0.000387305
0.0003947
8.82102e-05
6.90953e-05
1.93008e-05
3.44838e-05
4.6694e-08
0.000204746
0.000211015
0.000709913
0.000754857
0.000841286
0.00182112
0.00185022
0.00128857
0.00179409
0.00186883
0.00166803
0.00167834
0.00152253
0.00119304
0.00130477
0.00110046
0.0010344
0.000854435
0.000875883
0.000888161
0.000794783
0.000800545
0.000717079
0.000601128
0.000653816
0.000480091
0.000376965
0.000412405
0.000417791
0.000308515
0.000341596
0.000223804
0.000197502
0.000160953
1.63282e-05
2.6044e-05
8.97583e-06
4.50056e-05
2.47586e-05
5.94119e-06
1.75382e-05
2.41343e-06
2.00053e-06
2.14501e-08
1.04214e-05
1.3198e-05
7.00636e-06
1.71319e-05
6.42866e-06
5.18468e-06
4.78888e-05
3.02685e-05
8.02972e-05
1.43064e-05
3.1614e-05
6.12335e-05
4.22189e-05
1.97441e-05
2.35877e-05
6.58207e-06
4.8301e-05
3.64073e-05
0.000114658
0.000109282
6.94756e-05
0.000108149
0.000114608
8.51927e-05
0.000231365
0.000104533
0.000139959
0.000175164
0.000179781
0.000118073
8.26071e-05
0.000212931
0.000369143
0.000208132
0.000220477
0.000311213
0.000392267
0.0003262
0.000481408
0.000243781
0.000417437
0.000321138
0.000424986
0.000480528
0.000252135
0.000419071
0.000576791
0.000374164
0.000486041
0.000521496
0.000420534
0.000286345
0.000456961
0.000343899
0.000114171
2.51834e-05
0.000143069
0.000265092
0.00036816
0.00045764
0.00017843
0.000269294
0.000122647
0.000202537
0.000178818
0.000249541
0.000270744
0.000420984
0.000279242
0.000381534
0.000341479
0.00047421
0.000692579
1.69729e-05
0.000869033
6.3802e-05
8.55603e-05
0.000146987
0.0001627
0.000193012
0.000135945
0.000172334
0.000269163
0.000276227
0.000294397
0.000309178
0.000300786
0.00030381
0.000234148
0.000242286
0.0002749
0.000274832
0.000283789
0.000289689
0.000295263
0.000294397
0.000259164
0.000274838
0.000317466
0.000296213
0.000355103
0.000358286
0.000287573
0.000285451
0.00027273
0.000286218
0.000258597
0.00028977
0.000303324
0.000290036
0.000301085
0.000299191
0.000281989
0.000273075
0.000285466
0.000274355
0.000231398
0.000221327
0.000270246
0.000281879
0.000267209
0.000279278
0.000290572
0.000286282
0.000212229
0.000216917
0.000312589
0.000323235
0.000312825
0.000245539
0.000255643
0.000251108
0.000277439
0.000274462
0.000271086
0.000280659
0.000272199
0.000221854
0.000214617
0.00023536
0.000239818
0.000235292
0.000220615
0.000223948
0.000209634
0.000208986
0.000152626
0.000141499
0.000132831
0.000162801
0.000162375
0.000155344
0.000117263
0.000114665
0.000103534
9.45546e-05
8.1655e-05
0.000108753
0.000107959
9.87719e-05
7.39961e-05
7.16703e-05
6.21432e-05
7.17772e-05
7.04198e-05
5.84653e-05
3.10538e-05
2.61064e-05
2.40439e-05
2.18362e-05
1.37058e-05
1.21106e-05
8.15514e-06
6.07701e-06
4.89415e-06
6.79248e-07
4.38513e-08
1.35299e-07
5.08321e-07
1.6972e-06
2.6609e-06
3.74104e-06
3.89524e-06
1.21356e-05
1.45412e-05
1.70994e-05
1.72256e-05
2.37666e-05
2.61375e-05
3.1046e-05
3.62099e-05
4.75337e-05
5.12776e-05
5.93093e-05
5.96278e-05
6.23922e-05
6.60543e-05
7.29049e-05
7.48263e-05
7.66733e-05
8.39264e-05
9.25632e-05
0.000103669
0.000107206
0.000106327
0.000108816
0.000108191
0.000107976
0.000111379
0.000124774
0.000125951
0.000139078
0.000141604
0.00014938
0.000149558
0.000155142
0.000230837
0.000222136
0.000217141
0.000210694
0.000209443
0.000204785
0.000203362
0.000204357
0.000202825
0.000201143
0.000198234
0.000198307
0.000204288
0.000204857
0.000192442
0.000189272
0.000192666
0.000191095
0.000188915
0.000186804
0.000184289
0.000183014
0.000185475
0.000196355
0.000200575
0.000190965
0.000188232
0.000189897
0.000185547
0.000206685
0.000210458
1.43216e-05
1.43503e-05
1.4373e-05
1.43734e-05
1.43741e-05
1.43933e-05
1.42943e-05
1.43234e-05
1.43556e-05
1.43945e-05
1.66312e-05
1.67159e-05
1.70742e-05
0.00229539
0.00210858
0.00100324
0.00100189
0.000903756
0.000716862
0.00216833
0.00191795
0.00196869
0.00178191
0.00162335
0.00143941
0.000972079
0.000883604
0.000759966
0.000286147
0.000218977
8.53166e-05
5.74768e-05
4.46541e-06
1.0811e-06
3.5303e-06
3.72999e-07
8.55037e-06
1.25033e-05
3.34038e-05
4.08605e-05
3.56184e-05
4.22395e-05
7.78838e-05
7.79164e-05
0.000156633
0.000156803
0.00026326
0.000253777
0.000233546
0.000222726
0.000232325
0.000223726
0.000202709
0.000164232
0.000153031
0.000282589
0.000240686
0.000130162
0.000116217
1.09616e-06
0.00348654
0.00273959
0.00198935
0.00150517
0.00119146
0.000885478
0.00118013
0.000869764
0.000756595
0.000536863
0.000461644
0.000384103
0.00025777
0.000152858
9.44491e-05
0.000147191
3.24763e-05
1.08097e-05
5.33922e-05
2.44715e-05
7.70491e-06
8.08892e-07
2.15773e-05
5.86239e-06
3.60588e-07
2.2035e-06
2.45263e-06
3.75321e-06
4.11534e-05
4.75038e-05
3.4219e-07
4.51041e-06
2.57568e-06
4.46223e-05
0.00936855
0.00767933
0.00426007
0.00319028
0.00259085
0.00179129
0.00131896
0.00191003
0.00135797
0.00109393
0.00124832
0.000854271
0.000686787
0.000442378
0.000362622
1.31533e-05
3.74985e-08
4.16457e-06
2.10569e-06
3.50569e-05
5.45686e-05
0.000141041
7.54535e-05
6.72057e-05
2.59302e-05
4.32199e-05
3.45786e-05
9.43406e-05
0.000118051
9.20216e-05
6.55483e-05
8.0724e-05
7.98177e-07
7.78055e-06
0.000126063
6.66281e-05
4.67557e-06
1.84642e-08
1.19701e-07
6.6026e-05
8.4805e-05
6.12553e-05
0.000181115
8.72811e-05
2.52514e-05
4.07142e-05
1.11055e-05
1.19503e-06
1.69652e-06
4.97934e-07
5.56696e-06
1.57642e-05
2.2262e-06
1.69608e-06
4.68599e-07
0.000886206
0.0025457
0.00178353
0.00136479
9.42175e-05
0.000472559
0.00464072
0.00321576
0.00238145
0.00149823
0.000955059
0.00072302
0.000447756
0.000234084
0.000142644
0.000185649
9.53483e-05
7.12581e-05
7.62265e-05
3.64992e-05
4.02682e-06
2.4717e-07
2.00249e-08
2.51996e-06
6.10974e-07
1.52495e-07
1.89691e-06
2.16024e-07
5.22608e-06
1.30846e-07
1.30596e-06
6.5924e-12
1.01511e-05
1.95148e-05
1.73144e-05
9.50349e-06
1.88873e-05
7.31098e-06
3.43749e-09
1.23543e-07
3.98175e-07
5.67096e-06
9.45149e-08
7.87728e-06
1.77195e-05
1.24704e-05
0.00375926
0.00272028
0.00180408
0.00565247
0.0050414
0.00247057
0.00311874
0.00137264
0.00126785
0.000781606
0.000156075
2.38997e-05
0.000146291
1.33282e-05
0.000188702
0.000120579
0.000138311
0.000132333
0.000114611
0.000129904
0.000108678
9.6293e-05
0.000105505
8.85355e-05
7.7067e-05
9.00697e-05
0.000105336
8.89354e-05
9.59374e-05
7.81065e-05
6.52158e-05
6.78326e-05
7.87601e-05
4.06685e-05
5.06735e-05
4.48446e-05
3.73403e-06
4.55287e-06
1.27391e-05
1.33065e-06
2.91918e-06
1.6596e-06
1.09349e-09
3.39372e-06
1.14412e-06
9.236e-06
1.83724e-05
3.46455e-05
1.86967e-05
2.99207e-05
6.57876e-05
6.08698e-05
6.78564e-05
2.77116e-05
4.54188e-05
8.16987e-05
0.000197626
4.8386e-05
0.000197784
0.000185894
0.000170923
0.000240288
0.000243465
0.000341324
0.000764805
0.000583036
0.000478739
0.00030764
0.000277577
0.00021225
0.000140952
9.53322e-05
6.2028e-05
3.04106e-05
1.09026e-05
3.025e-06
1.7232e-07
2.97873e-06
9.56413e-06
2.24409e-05
2.14883e-05
7.44592e-05
0.000112995
0.000124342
0.000144026
0.000188911
0.000237016
0.000288955
0.000354017
0.000357131
0.000510623
0.000545555
0.00060638
0.000606433
0.00064121
0.00073429
0.000851549
0.00088846
0.000983552
0.000924508
0.00095558
0.00101524
0.000958649
0.00104421
0.00118577
0.00131116
0.00143285
0.00140842
0.00143862
0.00150851
0.00158805
0.00163013
0.00170024
0.00165014
0.00143707
0.00143027
0.00150634
0.00146819
0.00172604
0.00170436
0.00158253
0.00158991
0.0016019
0.00178458
0.00171079
0.00160441
0.00161677
0.00152236
0.00164011
0.00152077
0.00123887
0.00126059
0.00118626
0.00132948
0.00122705
0.00109715
0.00105178
0.00119211
0.00112481
0.000979571
0.000916864
0.000859322
0.000958579
0.000862067
0.000801124
0.000828034
0.000761164
0.000866087
0.000785843
0.000699285
0.000715924
0.000664466
0.000561007
0.000556395
0.00049864
0.000614131
0.000559006
0.000512676
0.000385935
0.000373617
0.000328509
0.000364343
0.000302309
0.000250569
0.00021877
0.000208138
0.000192921
0.000147373
0.000127703
0.000116229
8.57022e-05
5.38655e-05
3.89273e-05
3.63137e-05
2.98626e-05
1.33644e-05
9.12401e-06
1.00262e-06
1.079e-07
4.25599e-07
2.69938e-06
9.69594e-06
1.52647e-05
2.83258e-05
3.47837e-05
4.74771e-05
5.99999e-05
7.19594e-05
7.85707e-05
8.91984e-05
9.40311e-05
0.000108781
0.000113843
0.000126992
0.000132775
0.000143256
0.000145043
0.000171333
0.000175439
0.000169201
0.000170227
0.000184424
0.000186103
0.000202644
0.00021112
0.000219137
0.000234497
0.000233482
0.000237928
0.000174558
0.000184523
0.000184588
0.000149392
2.28778e-05
4.14299e-05
0.00078804
0.00069856
0.00164891
0.000409984
0.000270078
0.000250368
0.000815579
0.00040582
0.000231787
0.000519397
0.000884119
0.000920272
4.89195e-05
7.52243e-05
0.000662266
0.000453746
0.000391946
0.000307883
0.000195848
0.000586768
0.00042627
0.000517585
0.000380866
0.000136164
0.000101282
0.000185136
0.000182936
0.000164983
3.7188e-05
1.81317e-05
4.65521e-06
1.40302e-05
1.31169e-05
2.30258e-05
1.78476e-05
3.04717e-05
6.00702e-05
3.25256e-06
7.50883e-06
1.90483e-07
1.30049e-07
1.39335e-07
2.5468e-07
9.22948e-07
1.1245e-09
5.77134e-07
2.06059e-05
4.09964e-05
3.69009e-05
6.6409e-05
6.38202e-05
2.385e-05
2.19896e-05
0.000148958
0.000145952
0.000129273
9.61317e-06
1.93654e-05
4.82802e-06
1.22654e-05
1.01336e-05
4.52107e-06
4.35196e-08
3.89599e-07
6.18e-06
1.33461e-06
0.000122202
6.18855e-05
0.000134865
6.82475e-05
7.94658e-06
1.33418e-05
8.51412e-06
5.70934e-07
2.74029e-06
2.15392e-06
3.23502e-05
1.57428e-05
2.34876e-05
2.2808e-05
0.00013533
0.000112719
0.000100112
0.000221352
0.000152835
0.000108355
9.69617e-05
9.18697e-05
4.53525e-05
3.03325e-05
1.00881e-05
4.82593e-06
2.52099e-07
1.53146e-05
3.15334e-05
3.23737e-05
5.54008e-05
3.97227e-05
2.71811e-05
4.97493e-05
6.07368e-07
6.37134e-06
5.0778e-05
0.00016304
0.000253813
0.000170596
0.000166764
0.000197922
6.56465e-05
8.81206e-05
0.000126761
0.00015378
0.000129219
9.01561e-05
0.000109503
9.62372e-05
0.000104213
7.22078e-05
9.31102e-05
8.55536e-05
0.000141584
0.00014507
0.000160631
9.45375e-05
0.000112318
0.000141025
0.000159407
0.000107794
0.000120862
0.000151915
0.00016516
8.1548e-05
9.03429e-05
0.000143165
0.000137575
0.000152448
0.000155133
0.000116531
0.000118366
0.000105644
0.000105857
6.27234e-05
6.30783e-05
5.32669e-05
7.95688e-05
7.66631e-05
5.47374e-05
3.91194e-05
3.84356e-05
3.24318e-05
3.75457e-05
3.1732e-05
1.56513e-05
1.19e-05
9.41037e-06
6.14156e-06
4.51199e-06
3.70714e-06
3.46978e-06
3.5392e-06
1.5394e-06
2.39075e-06
1.44816e-06
1.88577e-06
0.00032315
0.0297456
0.027479
0.0255332
0.0224896
0.018332
0.0234825
0.0139673
0.0163316
0.013594
0.000798385
0.000923774
0.00147516
0.0021195
0.00171996
0.0013622
0.0015828
0.00136697
0.00147008
0.00143484
0.00131903
0.00113237
0.000905794
0.000991834
0.000722255
0.000595789
0.000497019
0.000253859
0.000183108
0.000214109
2.18683e-05
9.84721e-06
6.11729e-05
8.03961e-05
1.0759e-05
0.000385172
0.000366603
0.00118924
0.00121114
0.000784006
0.00156385
0.0015906
0.00160962
0.00153722
0.00116072
0.00103379
0.000855807
0.00086412
0.000641022
0.000555992
0.000633011
0.000544255
0.000460121
0.00031209
0.000250223
0.000234029
0.000222419
0.000243529
0.000109584
0.000117161
8.91099e-05
8.79984e-05
2.89156e-05
3.13589e-05
2.25247e-05
2.02792e-05
7.02012e-06
2.28129e-05
5.86403e-06
8.74179e-07
8.18429e-06
9.62643e-06
1.51234e-06
7.62051e-07
2.0011e-05
7.03041e-06
2.13e-06
7.69644e-06
9.69896e-06
4.21424e-06
7.59679e-06
2.97286e-05
4.84098e-05
7.92639e-05
5.07395e-05
1.37763e-05
1.59251e-05
8.3472e-05
3.86859e-05
0.00013299
0.000109837
0.000208031
0.000198845
0.000120591
6.18806e-05
9.5238e-05
0.000119978
0.000167516
0.000226895
0.00031736
0.000379041
0.00032206
0.00036386
0.000477791
0.000562642
0.000299452
0.00055084
0.000389258
0.000726599
0.000451704
0.000578423
0.000670217
0.000410641
0.000606478
0.000526805
0.000772112
0.000693545
0.000762702
0.000609742
0.000756213
0.000613218
0.000699837
0.000976513
0.000644503
0.000787798
0.000608839
0.00102473
0.000658025
0.000923491
0.000551834
0.000618849
0.000809467
0.000659609
0.000654396
0.000425259
0.000435699
0.000425008
0.000536992
0.000597402
0.000767827
0.000944157
0.000880515
0.000470015
0.000421199
0.000508709
0.000890319
0.000492408
0.000754449
0.000338138
0.000325534
0.000765225
0.000334859
0.000326078
0.000331481
0.000389344
0.000390266
0.000338038
0.000354576
0.000351371
0.000309269
0.000102421
0.000363935
0.000122513
0.000123248
9.9321e-05
0.000107607
0.00041715
0.000143656
0.000380857
0.000137754
0.000387164
0.000391206
0.000359604
0.000365993
0.000310324
0.000109713
0.000389102
0.000159517
0.000159018
0.000373811
0.000160423
0.000322803
0.000324368
0.000229589
0.000150954
0.000218102
0.000214382
0.000170878
0.0001826
0.000162158
0.000165757
0.000161149
0.000106933
0.000112565
0.000175757
0.000176963
0.000168624
0.000163164
0.000173517
0.00017089
0.000199795
0.00019375
0.000191896
0.000198067
0.000198632
0.000185702
0.00021643
0.00022655
0.000213958
0.000188161
0.000178971
0.000173889
0.00016464
0.000134296
0.000128137
0.000157089
0.000146395
0.000174127
0.000173519
0.000162628
0.00012664
0.000123361
0.000119092
0.000134467
0.000137313
0.000131915
0.00012404
0.000111713
9.97431e-05
8.48305e-05
8.48973e-05
7.86639e-05
7.72593e-05
7.39229e-05
7.27211e-05
7.02727e-05
5.17734e-05
4.15465e-05
4.1723e-05
3.7576e-05
3.14383e-05
2.70498e-05
2.32112e-05
1.93347e-05
1.25699e-05
9.0996e-06
1.2202e-05
9.29763e-06
7.89099e-06
5.22473e-06
3.36631e-06
2.47106e-06
1.26105e-06
1.74833e-06
1.44945e-06
4.20716e-07
5.58345e-07
1.23387e-06
1.2244e-06
2.78024e-06
4.24118e-06
4.99923e-06
7.32208e-06
8.25223e-06
1.05879e-05
1.4286e-05
1.617e-05
2.87653e-05
3.13791e-05
3.60344e-05
2.7283e-05
2.82544e-05
3.17453e-05
4.11185e-05
4.26453e-05
4.28769e-05
4.80358e-05
4.91154e-05
5.40077e-05
6.0101e-05
6.11886e-05
6.65344e-05
7.76763e-05
7.94748e-05
8.58323e-05
8.82465e-05
9.09786e-05
0.000105697
0.000108413
9.49244e-05
9.45937e-05
9.72418e-05
0.00010333
0.000105367
0.000107715
0.000108205
9.79488e-05
9.7093e-05
9.99142e-05
6.53662e-05
6.54176e-05
6.75203e-05
6.50985e-05
6.66686e-05
6.76493e-05
6.51392e-05
6.46308e-05
6.70523e-05
6.61559e-05
6.67695e-05
7.19368e-05
7.06056e-05
6.98326e-05
6.91797e-05
7.10358e-05
6.15658e-05
6.06334e-05
6.16247e-05
6.50346e-05
6.42816e-05
6.69661e-05
6.07315e-05
5.99437e-05
6.05668e-05
5.79835e-05
5.97237e-05
6.21731e-05
6.22204e-05
5.63796e-05
5.72363e-05
6.13998e-05
6.17135e-05
6.77284e-05
7.20012e-05
5.5859e-05
5.95358e-05
5.11827e-05
5.22831e-05
5.64797e-05
5.69117e-05
5.74616e-05
4.58674e-05
4.46584e-05
4.73967e-05
4.8325e-05
4.82064e-05
4.82546e-05
5.01984e-05
4.56739e-05
4.84139e-05
2.02703e-05
2.02153e-05
1.8969e-05
1.81508e-05
1.84508e-05
2.90797e-05
2.82962e-05
0.000197882
0.000245441
0.000310982
0.000334535
0.001499
0.00128259
0.00226124
0.00203613
0.00152086
0.00138644
0.00270766
0.00237834
0.000506293
0.000429748
0.000247113
0.000205446
0.000196581
0.000164598
0.000155164
3.93664e-05
3.21954e-05
5.59428e-05
3.05263e-05
4.31894e-05
4.57726e-05
3.96524e-05
4.0505e-05
3.87486e-05
3.01796e-05
0.000156329
0.000139064
0.000107988
9.72677e-05
5.48487e-06
1.26394e-05
1.07805e-05
0.00011758
9.82086e-05
7.35914e-05
5.3079e-05
3.2573e-05
4.21139e-05
5.10466e-06
1.43941e-05
1.49385e-05
3.11081e-07
6.04341e-06
2.89064e-05
4.28053e-05
0.00015861
0.000155515
0.000257958
0.000259557
0.000261623
1.28603e-07
5.59821e-06
4.35636e-06
2.05515e-05
3.83791e-05
3.08324e-05
1.19376e-05
2.1742e-05
3.1713e-06
2.38324e-06
8.28309e-08
6.06174e-06
3.87959e-06
3.51225e-07
2.78099e-07
2.90725e-05
3.87566e-05
7.99531e-06
1.07542e-05
9.43222e-05
0.000101969
8.84252e-05
5.6867e-05
5.57211e-05
0.000101529
9.73788e-05
5.27571e-06
5.58435e-06
2.90323e-05
2.5836e-05
2.62585e-05
2.46949e-05
2.12303e-05
7.52384e-05
6.82773e-05
5.72748e-05
6.06667e-05
4.89833e-05
3.86596e-05
6.71721e-07
3.68198e-09
2.02831e-08
8.24414e-07
2.68271e-09
8.2892e-08
1.09644e-05
2.29633e-05
7.17108e-06
2.12055e-05
6.53751e-06
1.93405e-05
1.83162e-05
3.20228e-05
5.8442e-05
8.17569e-05
0.000127089
9.292e-05
0.00015221
0.000143724
0.00021307
0.000251883
0.000282147
0.000386636
0.000375516
0.000226239
0.000329074
0.000329363
0.000459052
0.000491116
0.000663561
0.000650721
0.000559957
0.000519822
0.00219398
0.000154398
0.00192751
0.00143607
0.00107223
0.000967842
0.00123214
0.000908596
0.000808253
0.000467759
0.000313027
0.000272693
0.000267012
0.000154085
0.000145405
0.00011012
5.1628e-05
5.0313e-05
4.62815e-05
1.57649e-05
9.81096e-07
1.11754e-06
1.31822e-06
2.08629e-06
5.79221e-07
5.05255e-06
1.59508e-05
1.8393e-07
7.87831e-06
6.10686e-06
9.05346e-06
2.66554e-05
1.85896e-05
7.61256e-06
6.4448e-05
8.71225e-05
0.000119151
9.11297e-05
2.11511e-05
4.11166e-05
3.25694e-05
5.84965e-05
8.5533e-05
5.97204e-05
6.57243e-05
7.81123e-05
0.000100807
0.000106498
3.97355e-05
5.99784e-05
4.8133e-05
2.46071e-05
2.29429e-05
1.66179e-05
0.0530362
0.0491813
0.0459884
0.0428846
0.0399113
0.0358639
0.0326284
0.0283641
0.0247083
0.0205955
0.017096
0.0135143
0.00635984
0.00521955
0.00478326
0.00293025
0.00293605
0.00153903
0.00132094
0.0005415
0.000432448
0.000406034
1.32681e-06
6.18642e-05
3.85953e-05
5.8719e-05
8.06534e-05
5.75381e-05
2.23422e-05
3.16644e-05
2.60409e-05
2.97807e-05
1.59731e-05
1.08209e-05
1.61124e-05
2.9949e-05
1.54388e-05
1.26973e-05
1.89219e-05
4.63687e-06
1.14843e-06
6.29951e-08
4.84455e-06
1.48253e-06
3.70526e-06
1.46172e-07
1.81154e-06
5.31783e-06
3.29004e-06
5.43127e-06
7.63652e-06
1.01665e-05
2.6712e-05
4.09278e-05
6.34544e-05
6.39269e-05
3.25325e-05
8.11083e-05
0.000171202
0.000156169
0.00013694
0.000210227
0.000208102
0.000243736
0.000194587
0.000272059
0.000303696
0.000320163
0.000291976
0.000348117
0.00027524
0.000334605
0.000261891
0.000273552
0.000310512
0.000248944
0.00035823
0.000309085
0.000373007
0.000287255
0.00270155
0.00237202
0.00200417
0.00160155
0.0012538
0.000890088
0.000743441
0.000585227
0.000413619
0.000409138
0.000289007
0.000200136
0.000109057
9.7113e-05
4.71115e-05
1.17341e-05
1.14647e-08
1.49946e-06
2.22005e-06
8.73932e-06
2.65948e-05
3.2987e-05
4.92954e-05
6.51687e-05
8.6199e-05
0.000115937
0.000184717
0.000215165
0.000261716
0.000257054
0.000287804
0.000349483
0.000338986
0.000369883
0.000422832
0.000465005
0.000498623
0.000574114
0.000587741
0.000622635
0.000709136
0.000747475
0.000781914
0.000881988
0.000887514
0.000990658
0.00109223
0.00112253
0.00115714
0.00125528
0.00138275
0.00151934
0.0014303
0.00157484
0.00161146
0.0015048
0.0015817
0.00148941
0.00138409
0.00142292
0.00130032
0.00129481
0.00123709
0.00119821
0.00112585
0.00112748
0.00105885
0.00111388
0.000976979
0.000923961
0.000793174
0.000710687
0.000884104
0.000864591
0.000729235
0.000690221
0.000664795
0.000644774
0.000555279
0.000663893
0.000633278
0.000431596
0.000530533
0.000415679
0.000370285
0.000295717
0.0002491
0.000262406
0.000232348
0.000197914
0.000160359
0.000141655
0.00013165
9.78062e-05
7.51092e-05
5.06288e-05
5.18543e-05
4.55618e-05
2.56087e-05
2.30915e-05
1.14286e-05
4.28876e-06
1.33584e-06
9.06325e-08
5.86941e-07
5.33651e-06
9.24182e-06
1.50539e-05
2.02817e-05
2.88955e-05
3.58887e-05
4.24409e-05
5.63176e-05
6.75751e-05
7.17713e-05
8.07962e-05
8.73447e-05
9.03467e-05
0.000101696
0.000118583
0.000116612
0.000134397
0.000137057
0.000142238
0.000153229
0.000163424
0.00016559
0.000171252
0.00017151
0.000176215
0.000184823
0.000186656
0.000188336
0.000188278
0.00019729
0.000209464
0.000212413
0.000228295
0.000229117
0.000235094
0.000217636
0.000216443
0.000220988
0.000216174
0.000132956
0.000124427
0.00132563
0.00152279
0.00330799
0.000553903
0.000754241
0.000526318
0.00212836
0.00212106
0.00191991
0.00243716
0.00247575
0.00170747
0.00173421
0.000345881
0.000136055
6.96743e-05
0.000761503
0.000554552
0.000816207
0.000601152
0.000535831
0.000395771
0.000176414
0.000111659
8.36616e-05
3.82973e-05
2.90874e-05
0.000117404
0.000153669
0.000197474
0.000172352
0.000352227
0.000367358
7.43642e-06
1.84085e-05
0.0001408
0.00016769
1.59322e-05
3.15057e-05
2.50052e-05
7.3708e-05
9.55291e-05
9.13959e-05
0.00029248
0.000300669
0.000271682
0.000283965
0.000135394
0.000153344
0.000254126
0.000258644
0.000140526
0.000110275
6.79546e-05
7.13779e-05
8.97364e-05
4.54811e-05
0.000108034
7.12327e-05
0.000152215
0.000103514
8.81472e-05
5.77977e-05
4.51287e-05
1.06945e-05
5.58726e-07
4.00562e-07
1.81274e-06
1.2673e-06
3.96136e-07
2.09856e-07
2.40713e-06
2.06643e-06
2.6627e-06
9.29461e-06
7.81156e-06
5.90502e-06
1.14959e-09
2.4279e-06
3.42871e-06
6.5297e-06
3.41198e-05
1.97579e-05
9.2767e-05
0.000173739
0.000186172
0.000157654
0.000184401
0.0005927
0.000604812
0.000257919
0.000535662
0.000365467
0.000684455
0.000276932
0.000405952
0.000367659
0.000392311
0.000418026
0.000583656
0.000560273
0.000792202
0.000718469
0.000610884
0.00103376
0.00101492
0.0013656
0.0012032
0.00087998
0.00109566
0.000942543
0.000877732
0.0020025
0.00174501
0.000903012
0.00126051
0.00104896
0.00153584
0.00186037
0.0015241
0.00191043
0.00187698
0.00246739
0.00203826
0.00190464
0.00229661
0.00190984
0.00155857
0.00336653
0.00269341
0.0014532
0.00334572
0.0026118
0.00106362
0.00153031
0.00124668
0.0511521
0.0387616
0.0267627
0.016485
0.00831817
0.00376942
0.0016602
0.000559873
0.000177269
3.99117e-05
2.06417e-07
5.08072e-06
1.50772e-06
1.34601e-05
2.47592e-08
1.45856e-05
1.93071e-05
5.8055e-06
2.45399e-05
2.42649e-05
1.26938e-05
1.66069e-06
3.57754e-07
1.67607e-06
8.07518e-07
4.24916e-06
0.000340104
0.000245357
0.000305237
0.000147811
8.56726e-05
7.05704e-05
2.22282e-05
2.64723e-05
1.9673e-05
1.00342e-05
1.71544e-05
4.21041e-06
3.65808e-08
3.36321e-06
2.27809e-06
9.29508e-06
3.93329e-06
1.41025e-05
2.03151e-05
7.91632e-06
0.0274064
0.0253806
0.0225382
0.0194856
0.0184651
0.0162017
0.0142963
0.0132969
0.0117769
0.0108705
0.00968999
0.009196
0.00799513
0.00692223
0.00568835
0.00499612
0.00403718
0.00351305
0.00318484
0.00235257
0.00205008
0.00186906
0.0010485
0.000877876
0.000939946
0.000272377
0.000380026
0.000193546
0.000187249
4.0002e-08
4.42673e-06
7.26584e-07
0.000187536
0.000161057
0.000535862
0.000583714
0.000730328
0.000721575
0.000533243
0.000551954
0.000601155
0.000435735
0.000400763
0.000402107
0.00036357
0.000320947
0.00032313
0.000284883
0.000270497
0.000223461
0.000224562
0.000173581
0.00013493
0.000131243
0.000114375
7.22068e-05
6.72302e-05
5.95196e-05
8.40515e-05
4.77526e-05
3.72605e-05
2.65628e-05
5.85077e-05
4.14855e-05
2.73052e-06
1.12502e-06
1.06831e-05
1.56662e-07
6.94559e-06
4.21624e-05
1.08039e-05
5.09155e-05
6.59639e-05
6.7618e-05
6.72826e-05
8.94623e-05
6.41222e-05
5.94243e-05
3.9725e-05
7.85676e-05
0.000136605
0.000223865
8.3243e-05
0.000234211
0.000268667
0.000217365
0.000245865
0.000134767
0.000239844
0.000197283
0.000249814
0.000195709
0.000204517
0.000385417
0.000260108
0.000321683
0.00031262
0.000223345
0.000250781
0.000170866
0.000266422
0.000314152
0.000508711
0.000224299
0.000358804
0.000346891
0.000525882
0.000370838
0.000681472
0.000445913
0.000654791
0.000480316
0.000434273
0.000271592
0.000297088
0.00073489
0.000584993
0.00074246
0.000456162
0.000616794
0.00077244
0.000325897
0.000427661
0.000353191
0.00046311
0.000371954
0.000489203
0.000571731
0.000519434
0.000729347
0.000421291
0.000599513
0.000451968
0.000581284
0.000672523
0.000442553
0.000557133
0.000628315
0.000482971
0.000669656
0.000118766
7.22659e-05
0.000545276
2.47653e-05
5.09603e-06
1.85737e-08
5.29915e-06
1.78571e-05
7.19047e-05
9.48727e-05
0.000133014
0.000122986
0.000179284
0.000309293
0.000346558
0.000406462
0.000422138
0.000460063
0.000511664
0.000492073
0.00057964
0.000571314
0.000607618
0.000603955
0.00059343
0.000602127
0.000664043
0.000696369
0.000684503
0.000663494
0.000672983
0.000612604
0.000642902
0.000633185
0.000579152
0.000608151
0.000601843
0.000758837
0.000753311
0.000713652
0.000526341
0.000552517
0.000547702
0.000589195
0.000595854
0.00065427
0.000611294
0.000583626
0.000559044
0.000662901
0.000683134
0.0006656
0.000545045
0.000521105
0.000505264
0.000454454
0.000451183
0.000521271
0.00051729
0.000511549
0.000517553
0.000517447
0.000525259
0.000402801
0.000393023
0.000425286
0.000421313
0.000400243
0.000385602
0.000398669
0.000390021
0.000382541
0.000270147
0.000258082
0.0002881
0.000285846
0.00026882
0.000254811
0.000251782
0.000219858
0.000211885
0.000185062
0.000162786
0.000151196
0.000148029
0.00011737
0.00010474
0.000101075
9.05107e-05
8.23202e-05
6.7193e-05
6.1993e-05
4.47318e-05
3.81407e-05
3.03522e-05
2.54873e-05
2.21642e-05
1.59768e-05
6.32199e-06
3.85848e-06
2.46819e-06
7.94142e-07
2.80542e-09
2.00426e-07
9.95368e-07
2.1606e-06
4.76425e-06
6.29554e-06
9.32878e-06
1.49864e-05
1.74489e-05
2.05886e-05
1.96776e-05
3.6187e-05
3.30804e-05
3.60808e-05
4.54103e-05
4.81286e-05
5.55594e-05
5.19019e-05
5.30217e-05
5.66106e-05
6.88983e-05
7.04156e-05
7.61849e-05
8.42438e-05
8.26834e-05
8.85276e-05
9.00562e-05
8.74921e-05
8.94828e-05
9.58754e-05
9.73093e-05
0.000110172
0.000110346
0.000112917
0.000114571
0.000110174
0.000108486
0.000111119
0.000134151
0.000119952
0.000228129
0.000214699
0.000132703
0.000214383
0.000209081
0.000205004
0.000198828
0.000198082
0.000195293
0.000194518
0.000184548
0.000180296
0.000186945
0.000186384
0.000184719
0.000178394
0.000176347
0.000174976
0.000173064
0.000168156
0.000169468
0.000154515
0.00018239
0.000187178
1.34189e-05
1.34328e-05
1.34739e-05
1.33726e-05
1.33276e-05
1.33294e-05
1.33433e-05
1.33556e-05
1.50011e-05
1.4426e-05
1.5733e-05
1.56084e-05
1.60417e-05
0.00154683
0.00161819
0.00433768
0.00412092
0.00364994
0.000208156
0.000158141
0.0006753
0.000468804
0.000391354
9.44594e-05
6.28146e-05
5.92012e-05
5.87784e-05
9.01211e-06
1.53475e-05
0.00039448
0.000401184
0.000364995
0.000274839
0.000288135
0.000236815
0.000236783
0.000244578
0.000203776
0.000345211
0.000353789
0.000561216
0.0005405
0.000645516
0.000609275
0.00043664
0.000407069
0.000820079
0.000591311
0.000546705
0.000554592
0.000519288
0.000451557
0.000323338
0.000419448
0.000385214
0.000336063
0.000306947
0.000280767
0.000458423
0.000411866
0.000358243
0.000187949
0.00367589
0.00289485
0.00275221
0.00216558
0.00156328
0.00117053
0.000855583
0.000751106
0.000620136
0.000435578
0.000488773
0.000328891
0.00029543
0.000255091
0.000165627
0.000142718
8.95437e-05
9.41258e-05
4.83397e-05
4.01463e-05
6.68165e-05
3.07551e-05
3.15379e-05
1.13932e-06
9.62419e-06
8.85755e-06
1.04725e-05
2.34162e-05
1.77752e-05
1.33798e-06
1.06289e-06
2.43451e-07
6.39307e-06
0.000156294
0.000183798
0.000147511
8.09135e-05
5.4456e-05
7.90277e-05
6.62637e-05
5.29038e-05
2.54602e-05
0.0100022
0.00672585
0.00519099
0.00390892
0.00318465
0.00194742
0.00139792
0.000569395
0.000367441
0.000386631
0.000620646
0.000420277
0.000971558
0.000658492
0.000523339
3.65863e-05
1.26663e-05
1.12214e-05
0.000282639
0.000349293
0.000216829
1.49134e-05
2.13193e-06
1.75512e-06
1.46252e-05
0.000142601
0.000155999
0.00020038
0.000214505
0.000279917
0.000275381
1.98233e-05
5.5554e-06
5.69752e-06
1.80932e-08
1.16887e-07
2.65085e-06
2.18524e-05
5.0747e-06
6.03407e-06
1.95915e-10
3.19987e-07
6.06582e-06
4.28413e-06
1.52634e-05
0.000561849
0.000451066
7.99718e-06
1.33074e-06
0.00201518
0.00144059
0.00323605
0.0035854
0.00286841
0.00197812
0.00123227
0.000778481
0.000574784
0.000561171
0.000342811
0.000147196
7.42137e-05
6.24882e-05
4.72179e-05
2.06919e-05
3.90825e-05
1.76495e-05
1.4917e-07
1.77486e-06
3.51039e-07
1.36317e-07
1.68833e-06
7.59654e-06
1.34618e-06
5.6309e-06
6.67367e-06
1.62024e-06
3.10738e-07
8.66489e-09
1.28719e-05
4.75308e-06
4.30299e-06
5.09553e-06
1.5864e-06
5.09598e-07
9.94612e-06
9.22121e-07
1.84484e-07
1.6678e-09
4.6439e-06
1.18006e-07
0.0012067
0.00094431
0.00170096
0.0055564
0.00345462
0.00284306
0.0024912
0.00116777
0.000718131
0.00013686
9.03646e-05
0.000189021
1.73339e-06
0.000175932
0.000207486
0.000170103
0.000154452
0.000104627
0.000128415
0.000114175
0.000127291
0.000100972
8.63336e-05
9.59533e-05
0.000111156
9.64861e-05
7.56386e-05
9.20805e-05
5.82738e-05
8.04417e-05
7.88184e-05
3.49318e-05
5.04667e-05
4.55594e-05
1.45437e-05
8.67073e-06
7.69254e-06
2.8431e-08
2.51348e-07
6.01609e-07
1.45665e-06
2.57579e-05
6.38461e-06
1.2137e-05
1.50413e-05
3.58848e-05
4.65622e-05
2.79159e-05
5.95718e-05
1.55542e-05
3.72919e-05
6.08698e-05
8.92128e-05
9.93758e-05
5.34329e-05
8.0035e-05
0.000112296
7.07058e-05
9.49584e-05
8.1695e-05
0.000131145
0.000175493
0.000241328
0.000225034
0.00014716
0.000233912
0.000811104
0.000693346
0.000396983
0.000426584
0.000291541
0.000249271
0.00014901
9.08688e-05
5.81941e-05
2.86082e-05
2.8187e-06
1.33627e-06
1.39028e-07
7.46997e-06
1.35774e-05
2.52058e-05
4.67798e-05
6.48452e-05
0.000109451
0.000153738
0.000171235
0.000224864
0.000191703
0.000217769
0.0002701
0.000350473
0.000448387
0.000450572
0.000523015
0.00058994
0.000622341
0.000773346
0.000898656
0.000857089
0.000879055
0.00098521
0.00103398
0.00110156
0.0011126
0.00117518
0.00129578
0.00132897
0.00142027
0.00145171
0.00153524
0.00151404
0.00154209
0.00158977
0.00169811
0.00132377
0.00135324
0.00133133
0.00157079
0.00155466
0.00156383
0.00127749
0.00129288
0.00135238
0.00138325
0.00138336
0.00171088
0.00160267
0.00163832
0.00130163
0.00137724
0.00130792
0.00141728
0.0014392
0.00131508
0.00123939
0.00125421
0.00114391
0.00118977
0.00109734
0.000982331
0.000916613
0.00100137
0.000933535
0.000864345
0.000755844
0.000811517
0.000730498
0.000756122
0.000701576
0.000741688
0.000670087
0.000733161
0.00067714
0.000601519
0.000494211
0.000423712
0.000503296
0.000380745
0.000387874
0.000353262
0.000275385
0.000259074
0.000218532
0.000234348
0.000223471
0.00018051
0.000123025
0.000109737
8.05968e-05
7.78595e-05
4.36223e-05
3.06872e-05
2.32439e-05
1.13078e-05
7.18134e-06
1.0812e-06
6.75313e-08
1.31775e-07
1.99943e-06
5.35286e-06
1.14032e-05
1.96563e-05
2.54e-05
3.40913e-05
3.89008e-05
4.32223e-05
5.09099e-05
6.41053e-05
7.42873e-05
8.30045e-05
8.72499e-05
9.42794e-05
0.000101756
0.00011018
0.000116844
0.000137159
0.000141193
0.000139135
0.00014722
0.000151046
0.000157894
0.000159165
0.000167051
0.000182168
0.000184085
0.00019156
0.000200825
0.000203067
0.00020488
0.000206863
0.000215483
0.000216449
0.000216589
0.000239907
0.000241332
0.000250267
0.0002668
0.000268522
0.000200204
0.00020133
0.000213062
0.00021319
0.000195712
0.000186963
0.00018466
0.000333569
3.55948e-06
0.00482138
4.78632e-05
0.000292098
0.000334357
0.000299716
0.00262851
3.34781e-05
0.000192671
0.000181839
0.000975761
0.0010435
4.37243e-06
1.29442e-06
7.05346e-07
0.000818806
0.000561962
0.000513486
0.00259407
0.0020722
0.0018298
0.00254759
0.00216707
0.00195906
0.00230677
0.00195613
0.00179917
0.00127612
0.00102396
0.000719268
0.000592879
0.000365375
0.000327176
0.000194391
0.000168658
1.9937e-05
4.25629e-06
3.97315e-06
1.53195e-05
5.22385e-06
5.32407e-06
1.47455e-10
3.31827e-06
9.01748e-07
5.2771e-05
8.03223e-05
7.99844e-05
0.000174417
0.000202175
8.95157e-05
7.63017e-05
0.000193073
0.000154887
0.000366494
0.00035084
0.000291721
0.000184149
0.000143756
0.000116184
0.000128124
9.66733e-05
8.85637e-05
1.02732e-05
4.0609e-06
2.37337e-06
2.65664e-05
2.7845e-05
2.37097e-05
7.93798e-06
2.32816e-05
2.52957e-06
1.33631e-06
5.15133e-05
1.76694e-05
1.21265e-05
1.07419e-06
2.44083e-06
3.03e-06
5.46724e-06
5.2616e-06
5.86555e-06
5.2057e-06
3.87415e-06
4.72238e-06
1.66326e-05
6.62552e-06
2.76953e-06
1.3496e-06
2.103e-07
2.22101e-05
3.65966e-05
3.28307e-05
1.18409e-05
2.43523e-05
2.4076e-05
4.1708e-06
5.16856e-07
3.88707e-07
1.29815e-05
1.47574e-06
9.0539e-10
4.90976e-06
3.44613e-06
4.06373e-08
5.12467e-06
1.5181e-05
3.55636e-05
2.78451e-05
2.19839e-06
4.12295e-07
3.21324e-05
4.98229e-05
5.29758e-05
7.46914e-05
0.000204472
0.000243211
0.000215583
0.000101609
0.000117802
0.000135527
9.42811e-05
0.000115623
7.34737e-05
9.82773e-05
9.02401e-05
8.30595e-05
0.000100761
9.29126e-05
0.000110419
9.72534e-05
0.000118629
6.73901e-05
8.90649e-05
7.85916e-05
0.000116448
0.000131236
5.05536e-05
6.76288e-05
5.82535e-05
0.000105171
0.000121984
0.000152515
0.000159049
0.000113586
0.000131066
0.00012077
0.000220885
0.000219824
0.000128093
0.000125886
9.18583e-05
0.000101512
9.0357e-05
6.10706e-05
6.38937e-05
6.60943e-05
9.1021e-05
9.31925e-05
4.10118e-05
4.29663e-05
3.32118e-05
6.17828e-05
5.92527e-05
5.25855e-05
4.83296e-05
3.93822e-05
2.65242e-05
1.90879e-05
5.79365e-06
2.02573e-06
1.61028e-05
1.48723e-05
9.83778e-06
1.88719e-06
1.24721e-06
4.55756e-06
4.30057e-05
1.07627e-05
0.0315242
0.0276499
0.0265576
0.0219548
0.0209258
0.0238371
0.0200642
0.0173994
0.000346507
0.000853758
0.00075802
0.00127712
0.00104136
0.000897386
0.0012905
0.00110864
0.00108581
0.0012593
0.00100853
0.000943294
0.000726407
0.000667715
0.000531267
0.000595904
0.0003565
0.000355003
0.000124551
9.61594e-06
3.45963e-06
1.27575e-05
8.09407e-05
8.96592e-05
0.00045113
0.000303075
0.000474854
0.000850048
0.00107573
0.00112019
0.00158119
0.00139028
0.00143936
0.000982159
0.000993353
0.00105516
0.000672899
0.000577122
0.000591353
0.00044577
0.000371247
0.000377048
0.000430361
0.000351872
0.000329485
0.000256488
0.000298226
0.000227855
0.00016951
0.000228368
0.000219148
0.000113186
0.000123863
0.000112101
6.89796e-05
5.81238e-05
8.25051e-05
2.64954e-05
3.23238e-05
4.28815e-08
3.533e-07
7.27679e-07
1.66472e-06
2.21653e-06
1.34143e-06
1.14359e-05
1.05664e-07
1.11008e-05
1.68938e-05
4.5386e-06
1.076e-05
1.04081e-06
1.87206e-05
7.27838e-05
0.000108212
7.19405e-05
1.30118e-05
6.62471e-05
7.48736e-05
3.24909e-05
5.3889e-05
6.793e-05
7.19587e-05
0.000144388
7.68798e-05
0.000120531
4.85772e-05
0.000117
5.63843e-05
9.79614e-05
0.000186184
0.00027026
0.000320367
0.000172385
0.000305425
0.000136826
0.000271636
0.000170932
0.000316412
0.000300229
0.000214659
0.000312739
0.000397745
0.000231884
0.000402441
0.000378089
0.000570044
0.000263095
0.000328648
0.000458483
0.000340145
0.000617857
0.000481253
0.000571357
0.000319641
0.000683824
0.000356681
0.000380702
0.000461682
0.000704319
0.000509858
0.000675354
0.000531761
0.000704076
0.000743071
0.000912794
0.000945986
0.00056369
0.000696374
0.00075546
0.000395777
0.000514056
0.000582787
0.000853521
0.000523201
0.000749069
0.000900574
0.000908502
0.000544656
0.00070971
0.00102746
0.000539391
0.000685421
0.000660797
0.000798016
0.000117176
0.00012829
0.000258057
6.67329e-05
0.000829728
0.000242017
0.000185792
0.00018992
0.000180618
0.000185544
0.000282403
0.000281958
0.000254626
0.000267999
0.000266933
0.000282907
8.80922e-05
6.55929e-05
7.46176e-05
0.000261352
0.00026462
0.000308459
0.000125884
9.33518e-05
0.000104234
0.000101521
0.00014692
0.000125007
0.000124291
0.000119508
0.000129952
0.000131002
0.000161511
0.000171739
0.000167201
0.00012228
0.000126634
0.000157074
0.000149136
9.60156e-05
9.74792e-05
0.000157226
0.000155472
0.000142639
0.00013311
0.000143795
0.000148962
0.000158453
0.000148848
0.000120899
0.000129474
0.000127781
0.000155935
0.000164915
0.000160189
0.000144795
0.000152242
0.000150001
0.000162928
0.00015916
0.000145609
0.000143732
0.000138664
0.00013284
0.000130833
0.000117697
0.000141144
0.000145471
0.000135556
0.000125144
0.000126806
0.000118859
9.26366e-05
8.15614e-05
8.48597e-05
7.82462e-05
7.52304e-05
8.96371e-05
8.22707e-05
6.50632e-05
6.62466e-05
5.3464e-05
4.8326e-05
4.30916e-05
3.67414e-05
2.29755e-05
2.15873e-05
1.73589e-05
1.01227e-05
7.397e-06
1.21849e-05
8.19519e-06
8.69201e-06
6.66506e-06
4.06473e-06
4.50671e-07
8.55056e-07
2.628e-07
4.71104e-07
1.29463e-06
2.36482e-06
3.15646e-06
5.38494e-06
6.92971e-06
8.19667e-06
9.9651e-06
1.58981e-05
1.88645e-05
2.03823e-05
2.16567e-05
2.30882e-05
2.46381e-05
2.92522e-05
3.90295e-05
3.13568e-05
4.85646e-05
5.3473e-05
5.94933e-05
6.29219e-05
6.4298e-05
6.95979e-05
7.14675e-05
7.4017e-05
6.98583e-05
7.04426e-05
7.2705e-05
7.43485e-05
7.94084e-05
4.64646e-05
4.86711e-05
4.90585e-05
4.94056e-05
5.19531e-05
4.31092e-05
4.27804e-05
4.43765e-05
5.13676e-05
5.18989e-05
5.33124e-05
5.30226e-05
5.49903e-05
5.34348e-05
5.31091e-05
5.40703e-05
5.0836e-05
5.00651e-05
5.6747e-05
5.64436e-05
5.86542e-05
5.19848e-05
5.18896e-05
5.53262e-05
5.58318e-05
4.9311e-05
4.96062e-05
4.40074e-05
4.36658e-05
4.4149e-05
4.88733e-05
4.95084e-05
4.2366e-05
4.47841e-05
4.30619e-05
4.31963e-05
4.45381e-05
4.85069e-05
4.88902e-05
4.98774e-05
4.94215e-05
5.34105e-05
5.31232e-05
5.45738e-05
2.56033e-05
2.71186e-05
2.76803e-05
4.82332e-05
4.78986e-05
5.08875e-05
5.08687e-05
5.24366e-05
5.67722e-05
5.67493e-05
5.70382e-05
5.26318e-05
5.33634e-05
2.2024e-05
2.20474e-05
4.59401e-05
2.05294e-05
2.07533e-05
2.06033e-05
