0.00463247
0.00406273
0.00340006
0.00284849
0.00233656
0.0019046
0.00157137
0.00132284
0.000114546
0.00018293
0.000267826
0.000192388
0.000281502
0.000245633
0.000227542
0.000208345
0.000165118
0.000114664
7.28332e-05
3.88762e-05
5.80826e-07
2.08791e-05
8.90753e-05
0.000221114
0.000370191
0.000399643
0.000698779
0.000957526
0.00106764
0.000920252
0.000772768
0.000474931
0.000419351
0.000165598
0.000117463
6.53994e-05
2.05044e-05
2.94274e-05
9.57343e-06
5.78871e-06
3.02915e-06
5.05742e-07
9.01041e-06
3.28724e-13
7.45082e-07
1.67405e-06
1.56333e-08
2.75314e-07
2.26501e-07
5.41252e-07
7.18985e-06
1.63904e-07
4.43971e-07
3.73416e-06
7.58302e-06
1.44034e-05
1.58517e-05
5.09516e-05
4.00028e-05
5.01893e-05
0.000102029
6.45134e-05
5.18362e-05
0.000173984
0.000288513
4.82702e-05
0.000178647
0.000351145
0.00015833
0.000270259
0.000370997
0.000857189
0.000543153
0.00078972
0.000974557
0.000918169
0.000912633
0.000637307
0.000515357
0.00128279
0.00146314
0.000618714
0.000528465
0.000881733
0.000815217
0.000765018
0.000762122
0.000730991
0.000661867
0.000832131
0.000718846
0.000696971
0.000649652
0.000643365
0.000665494
0.000527782
0.000694476
0.000635183
0.00060198
0.000526954
0.000570999
0.000476158
0.000479351
0.000560517
0.000478523
0.000367777
0.000371237
0.000323108
0.000332434
0.000338992
0.000266576
0.000316909
0.000248404
0.000215656
0.00017004
0.000169674
0.000140117
0.000120315
7.97979e-05
8.276e-05
6.84721e-05
3.08917e-05
4.46655e-05
2.37977e-05
2.4897e-05
1.16343e-05
6.34567e-06
6.01943e-06
1.07994e-06
4.78054e-07
2.73106e-08
2.36574e-07
1.59494e-06
3.07795e-06
2.09986e-06
4.65617e-06
2.4953e-06
1.20415e-06
8.83622e-07
3.06172e-06
2.24525e-06
2.34735e-06
2.29575e-06
1.55334e-06
5.89467e-07
3.65528e-06
1.33964e-06
1.81826e-06
4.35783e-06
5.4293e-06
2.28866e-06
3.15047e-06
4.45085e-06
3.42163e-06
6.77859e-06
7.03107e-06
1.45779e-06
1.02921e-05
3.71143e-06
1.01026e-06
8.59782e-06
8.99966e-05
9.13848e-05
9.48024e-05
9.63958e-05
0.00012659
7.75794e-05
0.000481569
0.00177245
0.00332297
0.000395539
0.00244711
8.36261e-05
0.000249091
0.000308858
9.61947e-05
8.20859e-05
0.000232007
0.000202921
9.68223e-05
5.26129e-06
2.64983e-05
8.63756e-05
0.000359004
0.000730161
0.000887298
0.00143814
0.00184007
0.00222604
0.00216734
0.00195519
0.00185834
0.00155216
0.00156337
0.00123275
0.000831395
0.000570533
0.000407733
0.000445355
0.000599806
0.000766578
0.000268544
4.56138e-06
2.07731e-06
7.13898e-06
7.81173e-07
2.51718e-05
2.69525e-05
2.88097e-05
6.34714e-05
8.73531e-06
1.55192e-05
1.79268e-05
9.34106e-06
2.61941e-06
3.6606e-06
1.09231e-06
2.94887e-06
5.20899e-08
1.63156e-05
2.39464e-05
1.24805e-06
9.68603e-08
9.21262e-06
3.40191e-08
5.08035e-06
0.000267056
0.000433913
0.00537904
0.00356626
0.00239949
0.00177666
0.0011723
0.000770572
0.000453897
0.000314893
0.000171862
0.000153366
6.36559e-05
0.00268875
0.00276249
0.00277272
0.00253311
0.00223323
0.00231204
0.00204816
0.00186102
0.00164137
0.00128455
0.000942012
0.000510734
0.000143146
6.35839e-06
5.92646e-05
0.000587231
0.00115275
0.000897787
0.000689405
0.000555703
0.000444461
0.000439837
0.000360534
0.000267924
0.000223718
0.000161743
8.9263e-05
6.6285e-05
4.39492e-05
3.47024e-09
5.09658e-08
2.09972e-06
5.90738e-05
3.68898e-05
4.07657e-05
3.96231e-05
5.21097e-05
0.000120939
0.000150422
9.30927e-05
0.000110527
8.63301e-05
8.05683e-05
0.000121667
1.84784e-05
0.000107027
7.30268e-05
0.00015327
0.000177325
0.000128391
0.000150497
0.000145119
0.00018369
0.00025161
0.000238696
0.000294422
0.000268503
0.000448072
0.000378054
0.00057632
0.00059753
0.000505931
0.00117574
0.00136831
0.000769186
0.00081367
0.000553542
0.00020196
0.000186159
0.000385084
0.000309636
0.000400641
0.000397294
0.00049754
0.000278887
0.000273411
0.000545515
0.000177458
0.000266352
0.000368055
0.000347508
0.000342964
0.000283073
0.000255712
0.000153737
0.000199976
0.000169046
0.00019717
0.000188933
0.000146452
0.000140134
0.000176815
0.000146433
0.000113187
9.39329e-05
8.41816e-05
9.21806e-05
8.68347e-05
7.56789e-05
7.33009e-05
5.72585e-05
4.58049e-05
4.02246e-05
3.6781e-05
3.26974e-05
3.15509e-05
1.68958e-05
1.49699e-05
1.33804e-05
7.28638e-06
1.66684e-06
6.30091e-07
2.81156e-06
6.91387e-07
7.84725e-08
4.29366e-07
4.95384e-07
1.41968e-08
4.68811e-06
2.34375e-06
7.99456e-06
1.53071e-05
3.91423e-06
2.85747e-07
1.8222e-06
9.32212e-07
4.40352e-07
4.05313e-07
3.27736e-06
6.76915e-07
8.38037e-07
1.0245e-06
6.59842e-07
1.89824e-06
3.73384e-06
3.24806e-06
2.28032e-06
6.86068e-07
3.75065e-06
3.74607e-06
4.60769e-06
1.74567e-05
2.74018e-06
1.03467e-06
4.18821e-07
7.50519e-07
8.70136e-05
8.77297e-05
8.86551e-05
8.89011e-05
8.90472e-05
8.53694e-05
7.08415e-05
7.35394e-05
0.000198531
0.00106158
0.00263101
0.000282234
0.00433134
0.000614433
0.000451249
0.000378719
0.00412253
0.00339878
0.00225867
0.00153494
0.000838718
0.00036599
0.000285636
6.66827e-05
7.64149e-05
2.53572e-05
1.68406e-06
1.01966e-05
3.91205e-05
2.62721e-07
4.88654e-07
2.94098e-06
2.08803e-06
4.79603e-06
4.44264e-05
8.104e-06
2.43007e-05
2.16373e-06
6.82441e-06
4.79751e-05
6.19943e-05
2.01871e-05
6.21398e-05
0.000156134
9.77172e-05
0.00210417
0.00120724
0.0032147
0.00214441
0.00162146
0.00120915
0.000598172
0.00109488
0.00161544
0.00177826
0.000890356
0.00055765
0.000570685
0.000152592
0.000362041
0.000147967
4.1023e-05
6.86754e-05
4.09095e-05
8.62508e-06
3.34366e-10
6.91957e-07
3.65405e-07
8.44785e-06
3.75018e-06
2.16683e-06
4.3518e-07
1.93033e-06
7.92922e-06
3.24788e-06
6.91464e-06
5.18904e-06
9.04985e-07
0.00376282
0.00177168
0.000791019
0.00035928
0.000123787
5.21524e-05
4.60497e-05
2.07783e-06
0.00657309
0.00608666
0.00563871
0.00518595
0.00456736
0.00388814
0.00343864
0.00208145
0.00166856
0.00103957
0.000470022
9.22636e-05
1.38367e-07
0.000173182
0.000650259
0.000603145
0.000427865
0.000371645
0.000280597
0.000289443
0.000235114
0.000178321
9.64405e-05
6.4888e-05
3.42888e-05
1.73387e-05
3.46682e-06
4.3773e-06
1.3306e-05
2.12876e-05
0.000138663
0.000114695
0.000179092
0.000184355
0.000194046
0.000211329
0.000188553
0.000228988
0.000245027
0.000239739
0.000380102
0.000245774
0.000374732
0.000385169
0.000451351
0.000548582
0.000539734
0.000630891
0.000615978
0.000570758
0.000605703
0.00068784
0.00076755
0.000703834
0.000689222
0.000900235
0.00114654
0.000730599
0.000830648
0.000786037
0.000217571
8.65129e-05
0.00014712
0.000461866
0.000432108
0.000673879
0.000898205
0.00100764
0.000584203
0.000526599
0.00111107
0.000965517
0.000566842
0.000573878
0.000505726
0.00047427
0.00044781
0.000413689
0.000475468
0.000364866
0.000448309
0.000419507
0.000516715
0.000414177
0.000438569
0.000347935
0.000411639
0.000423937
0.000371095
0.000332192
0.000309356
0.000380113
0.000399835
0.000344808
0.000385678
0.000359884
0.000337203
0.000376335
0.000284601
0.000358874
0.000251004
0.000292503
0.00024485
0.000223347
0.000233882
0.000213998
0.000194523
0.000163637
0.000121382
0.000130935
0.000116791
8.87095e-05
6.80223e-05
4.64541e-05
2.55312e-05
1.63868e-05
2.57181e-05
1.01042e-05
1.98151e-06
1.41771e-08
1.24809e-06
8.8728e-06
2.25461e-05
2.77159e-05
3.51942e-05
4.53314e-05
5.40493e-05
6.24709e-05
8.19443e-05
7.9573e-05
9.85457e-05
0.000103803
0.000109338
0.000117985
0.00012511
0.000125455
0.000126033
0.000135721
0.000126071
0.000128499
0.000131577
0.000130794
0.000138576
0.000140614
0.000135445
0.000129723
0.000166301
6.79629e-05
6.79701e-05
6.79677e-05
6.79613e-05
6.79631e-05
6.7941e-05
6.79404e-05
0.00141757
2.43286e-08
0.00104853
0.00510712
0.00451436
0.00409923
0.00341484
0.00280602
0.00226582
0.00148683
0.000936006
0.000675013
0.00254639
0.00343012
0.00247167
0.00211857
0.00153289
0.00109871
0.000928239
0.000485562
0.000286633
0.00030972
0.000125727
5.85769e-05
3.88319e-05
8.01528e-06
2.50349e-06
1.22757e-05
9.21153e-06
1.19328e-05
0.00188136
0.00147302
0.001029
0.000788352
0.000500695
0.000400404
0.000200847
0.00012427
6.34924e-05
3.74186e-05
8.1406e-06
0.00201688
0.00123029
0.000984662
0.000619375
0.000300606
0.000106815
6.23768e-05
6.05055e-05
8.27548e-05
9.0264e-06
3.90906e-05
8.93796e-06
1.42334e-05
5.97482e-05
7.77693e-06
2.02114e-07
1.49615e-05
1.08363e-05
0.00295433
0.00175465
0.000888771
0.00158052
0.000700697
0.000407902
0.000226945
0.000212673
9.00047e-05
0.00830838
0.0075256
0.00703585
0.00593806
0.00537935
0.00353811
0.00267742
0.00168317
2.84904e-05
0.000202226
9.14693e-05
9.02792e-05
6.37029e-05
5.88411e-05
5.45931e-05
3.59677e-05
1.85477e-05
6.06656e-06
7.37024e-07
9.17649e-06
2.35295e-05
8.11635e-05
7.36791e-05
6.24925e-05
0.0001115
0.000114027
0.000146748
0.000105442
0.000196958
0.000264263
0.000337515
0.000454108
0.000302916
0.000288797
0.000356634
0.000433738
0.00084984
0.000897431
0.000715811
0.00110642
0.000871826
0.000736351
0.000945986
0.00065168
0.000101219
0.000186163
1.63696e-07
1.49474e-05
0.000125345
0.000226586
0.000308059
0.000423336
0.000671762
0.000751534
0.000906131
0.000983265
0.000923702
0.000900987
0.000885814
0.000956688
0.000968478
0.00096347
0.000894332
0.000882291
0.000905083
0.000946893
0.000945535
0.000994911
0.000947194
0.000981274
0.000900093
0.00090041
0.000908377
0.00081397
0.000823874
0.000826107
0.000899067
0.000843217
0.000808776
0.000805771
0.000734175
0.000641243
0.000563989
0.000474518
0.000356256
0.000312223
0.000225137
0.000147271
9.34821e-05
4.92644e-05
1.60708e-05
3.23159e-06
7.51069e-09
4.03161e-06
9.73443e-06
2.57644e-05
4.54711e-05
5.00748e-05
8.1228e-05
6.89313e-05
8.59137e-05
0.000112579
8.78003e-05
0.00012134
0.000125744
0.00011016
0.000139349
0.000131213
0.000143206
0.000153811
0.000137034
0.000132315
0.00013969
0.000173929
0.000172281
0.000164809
0.000140333
0.000173062
7.70846e-05
0.000126326
9.08173e-05
0.000166034
5.75146e-05
5.75335e-05
5.75248e-05
5.75043e-05
5.74198e-05
5.74176e-05
0.000239531
0.000239178
0.00407096
0.0032711
0.0102943
0.00930607
0.00769943
0.00689392
0.00552134
0.00540013
0.00446889
0.00335536
0.00288187
0.00113851
0.000680347
0.000501047
0.000343515
0.000157045
8.5665e-05
5.75407e-06
3.155e-06
4.84451e-07
2.37953e-06
2.78374e-05
8.82791e-05
3.17264e-05
3.53735e-05
9.46661e-05
7.76108e-05
0.000184609
5.82884e-05
6.11656e-05
9.80891e-07
1.8113e-06
0.00035573
0.000192827
0.000168752
8.69019e-05
6.52385e-06
2.06162e-08
1.50076e-06
3.89093e-06
1.73578e-05
3.76728e-06
1.79303e-05
9.6265e-06
0.00282584
0.00158267
0.000909855
0.000551686
0.000349757
0.000123108
5.75747e-05
4.22968e-05
9.43717e-06
1.29428e-05
1.47689e-05
1.10242e-06
5.58863e-07
1.38508e-07
1.04003e-07
3.39081e-06
4.24625e-06
1.14526e-05
8.1724e-06
2.08877e-06
2.79598e-06
2.53217e-05
2.29023e-05
7.6098e-08
0.00646206
0.00614228
0.00535079
0.00498205
0.00432718
0.00324323
0.00259375
0.00187328
0.00103959
0.000375238
5.90773e-05
3.41826e-05
0.000254366
0.000143646
0.000135546
9.01061e-05
7.73166e-05
0.000106209
7.83289e-05
7.76929e-05
6.85426e-05
6.1815e-05
3.41215e-05
8.65618e-06
1.70476e-06
3.32881e-07
6.61408e-07
1.34243e-05
6.01139e-05
8.95944e-05
9.36026e-05
8.45631e-05
0.000127696
0.000111534
0.000163768
0.000144521
0.000142555
9.59122e-05
9.16755e-05
0.000175748
0.000186976
0.000389606
0.000366764
0.000500271
0.000612962
0.000520614
0.000666575
0.000694657
0.000920872
0.000685831
0.000785013
0.000975398
0.00106054
0.0011468
0.000912045
0.000885968
0.0010558
4.9688e-05
0.000207012
0.000357504
0.00044619
0.000505577
0.000664489
0.00070401
0.000701894
0.000633171
0.000630838
0.000778678
0.000753647
0.000663668
0.000687492
0.000696236
0.000635424
0.000633968
0.000534671
0.000479495
0.000578979
0.000502024
0.000416219
0.000385166
0.000410998
0.000414689
0.000422387
0.00041709
0.000424705
0.00039035
0.000406804
0.000370176
0.000334821
0.000326414
0.000264498
0.000274595
0.000277012
0.000262165
0.000248124
0.000202385
0.000196691
0.000180023
0.000155402
0.000154225
0.000122209
0.000113022
7.21787e-05
6.4583e-05
4.19489e-05
3.26831e-05
2.52532e-05
6.86903e-06
6.01734e-06
2.26956e-06
1.94105e-06
3.11516e-07
5.2084e-07
1.76912e-06
1.36964e-06
1.33905e-06
2.58471e-06
5.34685e-06
7.50918e-06
1.20286e-05
1.05757e-05
1.8996e-05
1.72208e-05
2.05239e-05
1.95804e-05
2.59331e-05
2.96362e-05
2.71536e-05
2.89828e-05
6.73305e-05
3.00588e-05
6.12014e-05
6.1493e-05
6.16284e-05
6.19954e-05
6.24884e-05
6.30406e-05
5.94386e-05
0.000702209
0.00283138
0.000212537
0.000178367
0.000399163
0.000324747
0.000260215
0.000213456
0.000153813
2.84267e-06
2.30616e-05
0.000164413
8.67993e-05
0.0264828
0.0208677
0.0165043
0.0123841
0.00878284
0.00636131
0.0041279
0.00271378
0.00180252
0.00112006
0.000548922
0.000534936
0.000188792
4.93952e-06
8.30802e-06
0.00031539
0.000240362
0.000191036
0.000315811
0.000221091
0.000167431
0.000290952
0.000385826
0.000114422
0.000107649
0.000148265
8.74841e-05
0.000106242
9.23912e-05
6.19322e-05
0.00019314
0.000141974
0.00015626
0.00414263
0.00348845
0.00228257
0.00214874
0.00177308
0.00144954
0.00134245
0.0010333
0.000853331
0.000797363
0.000653641
0.000629543
0.000487044
0.000505655
0.000447572
0.000528042
0.000397026
0.000408634
0.000387004
0.000295846
0.000278294
8.13336e-05
6.0678e-05
6.4356e-05
6.6793e-05
0.000103271
9.68948e-05
6.26425e-05
1.35781e-06
6.24006e-05
0.000131351
0.000265783
0.000357077
0.00034068
0.000262419
4.52604e-06
5.76581e-05
0.000310705
0.000991232
0.00134276
0.000961869
0.000629916
0.000387737
0.000407132
0.000298778
0.000214761
0.00014573
8.08764e-05
0.000102915
7.0616e-05
5.2382e-05
2.73971e-06
3.47588e-07
2.83767e-05
5.31181e-05
0.000100967
7.15747e-05
0.000165642
0.000141766
0.000227148
0.000176474
0.00012086
0.000103857
0.000133424
0.000140041
6.17399e-05
5.21753e-05
0.000116374
0.000219384
0.000364468
0.000351145
0.00051393
0.000452309
0.000486477
0.000604438
0.000485528
0.00048036
0.00050793
0.000721784
0.000464869
0.00053061
0.000831035
0.000560053
0.000722453
0.00085069
0.000424933
0.000562923
0.000767343
0.00054811
2.75137e-05
0.000204929
0.000228296
0.000206089
0.000257226
0.000241656
0.000239273
0.000166553
0.000184946
0.000200379
0.000111995
0.000100658
0.000140822
0.000169392
0.00016139
0.000174906
0.000202935
0.000174325
0.000193626
0.000206698
0.000198876
0.0001793
0.000121218
0.000116349
0.000106971
0.00010168
9.99607e-05
0.000116145
0.000118701
9.07495e-05
8.45322e-05
6.55529e-05
6.27374e-05
5.37918e-05
6.15808e-05
4.12693e-05
3.18838e-05
5.04715e-05
2.76413e-05
3.23884e-05
2.80194e-05
2.58988e-05
1.19446e-05
1.07821e-05
2.62365e-06
8.90733e-07
3.01185e-07
2.75413e-06
5.02901e-07
1.03159e-05
4.20213e-06
5.72749e-06
1.95359e-05
1.12544e-05
1.31991e-05
3.83819e-05
4.43441e-05
2.0172e-05
3.60497e-05
2.50214e-05
9.30184e-06
8.4363e-06
9.65274e-06
7.89453e-06
8.55523e-06
5.40473e-06
9.60193e-06
3.92634e-06
6.84032e-06
7.26237e-06
1.85048e-06
4.00786e-06
4.71038e-06
5.68804e-06
6.35633e-06
1.84531e-09
8.9524e-07
7.84133e-05
8.06167e-05
8.20339e-05
8.40855e-05
8.56534e-05
8.10519e-05
6.7219e-05
6.72819e-05
0.00184269
8.68262e-05
0.00266744
0.00788721
0.00688121
0.0067033
0.00587788
0.00441309
0.00308183
0.00270723
0.00154655
0.000951259
0.000744565
0.00033544
0.000251792
0.000103225
0.000121399
8.24716e-05
2.30156e-06
1.75263e-08
1.89674e-06
1.2355e-06
1.63405e-05
1.91977e-05
2.36032e-05
0.000120018
5.92761e-06
1.58489e-05
4.04385e-06
1.74498e-05
1.98636e-05
0.000103711
6.33243e-05
7.18044e-05
0.00383997
0.0023591
0.00174822
0.000948769
0.00340407
0.0023352
0.00134637
0.00152275
0.00136216
0.00137623
0.00477875
0.0041188
0.00415308
0.00262224
0.00103695
0.000525183
0.000741572
0.000512609
0.000111557
0.000126773
5.52471e-06
1.71577e-07
0.000437002
0.000590107
0.000718269
0.00059752
0.000313847
0.000354956
0.000312748
0.000141161
0.000162667
0.00104798
0.0191606
0.0117496
0.00646877
0.00319628
0.00146157
0.000755916
0.000241584
0.000128619
5.31274e-05
0.00836943
0.00775782
0.00734483
0.00677979
0.00588567
0.00528248
0.00467929
0.0038269
0.00301775
0.00232097
0.00135045
0.000630277
0.000624571
0.000184842
5.14667e-06
0.000122347
0.000528584
0.000429769
0.000281298
0.000281285
0.000255092
0.000178012
0.000155968
9.06814e-05
4.92336e-05
3.67669e-05
8.43398e-06
4.09513e-06
1.0148e-07
1.46586e-05
3.48935e-05
8.15403e-05
9.73831e-05
0.000160172
0.000129643
0.000199192
0.000215565
0.000288102
0.000256334
0.000303548
0.00020947
0.000304007
0.000251885
0.000428933
0.00044875
0.000429379
0.000409526
0.000492522
0.00050973
0.000530284
0.000566111
0.000560402
0.000525737
0.000572035
0.000786919
0.000895267
0.00111534
0.00080997
0.000969654
0.00134864
0.000822892
0.000468998
0.000257508
0.000175618
0.00056715
0.000592642
0.000808316
0.00095112
0.000999473
0.00129242
0.00107282
0.000318269
0.00036147
0.000397323
0.000446464
0.000478368
0.00040552
0.0004143
0.000527497
0.000505475
0.000526975
0.00045284
0.00061242
0.000523662
0.000666112
0.000553642
0.000629529
0.0005077
0.000608708
0.000600648
0.000600908
0.000659709
0.000555467
0.000581265
0.000554246
0.000600927
0.000566998
0.00063922
0.000615031
0.000525584
0.000616235
0.000515503
0.000462194
0.000495214
0.000476267
0.000423891
0.00039599
0.000389259
0.000412942
0.000377225
0.000339817
0.000296716
0.000294693
0.000273597
0.000238974
0.000223857
0.000211137
0.000138118
0.000107952
9.06415e-05
6.40278e-05
5.11281e-05
3.15837e-05
1.92208e-05
1.33621e-05
4.16872e-06
4.22902e-06
2.19633e-07
1.80801e-06
5.44997e-06
1.09223e-05
1.6367e-05
2.54343e-05
2.84114e-05
3.94165e-05
4.50107e-05
5.42272e-05
5.46067e-05
5.94178e-05
6.55518e-05
6.70466e-05
7.67161e-05
7.49568e-05
8.32451e-05
7.21432e-05
8.16219e-05
8.46811e-05
8.48358e-05
8.19741e-05
8.11827e-05
0.000126618
8.07718e-05
7.63784e-05
6.70824e-05
6.73922e-05
6.73908e-05
6.70848e-05
6.70801e-05
6.70582e-05
9.68454e-05
0.00384298
0.000464654
0.000842647
0.00207133
0.00234762
0.00233938
0.00191012
0.00144653
0.00123602
0.000892129
0.000503507
0.000270092
8.87772e-05
5.53845e-05
6.16485e-08
3.85532e-05
0.000904963
0.000678377
0.000127576
0.000464246
0.000344092
0.000263704
9.98745e-05
1.32549e-05
1.16235e-05
1.99843e-06
3.26492e-07
2.6768e-05
2.5871e-05
3.44535e-05
0.000127505
3.37276e-05
4.37255e-05
0.000136696
8.11907e-05
9.93666e-05
0.0017274
0.00103097
0.000989601
0.000740061
0.000552048
0.000535898
0.000278623
0.000199956
0.000162188
7.11515e-05
0.00183725
0.00113903
0.000807897
0.00065825
0.000307593
0.000187852
0.000139733
7.15929e-05
1.66028e-05
8.36056e-06
7.02195e-06
1.67082e-06
2.58443e-06
1.55068e-06
2.58123e-06
8.74357e-07
4.1285e-06
8.57775e-06
9.74696e-09
4.58712e-06
4.2904e-05
8.30613e-07
1.99634e-06
2.74725e-07
1.16269e-05
0.00279661
0.00162078
0.000795864
0.000694006
0.000852069
0.000455683
0.000242273
0.00013334
7.88685e-05
6.90166e-05
0.00758389
0.00676693
0.00622655
0.00536783
0.00425374
0.00344877
0.00240238
0.00153428
0.00117205
0.00123883
0.000471694
4.6559e-06
4.7745e-05
0.000407907
0.000298423
0.000185319
0.000175092
0.000125198
0.000137523
0.000104594
8.66677e-05
7.8244e-05
3.99744e-05
4.81318e-05
2.63563e-05
3.16994e-06
3.22529e-05
1.52277e-05
1.19624e-05
2.24737e-05
4.4515e-05
7.40949e-05
0.000212437
0.000212998
0.000221099
0.000207391
0.000218416
0.000233292
0.000263687
0.000149315
0.000222843
0.000270326
0.000218584
0.00027021
0.000296669
0.000359579
0.000541323
0.000413557
0.000604048
0.000653822
0.000591675
0.000585066
0.000637946
0.000884419
0.000559938
0.000506102
0.000532994
0.000429233
7.45461e-05
4.97717e-06
0.000487395
2.43565e-05
9.32332e-05
0.000204983
0.000287275
0.00048635
0.00048906
0.00068855
0.000828481
0.000857699
0.000982867
0.000923776
0.000950838
0.000830366
0.000910646
0.000915686
0.000914729
0.000907299
0.000926447
0.000901235
0.000882604
0.000911134
0.000873035
0.000879337
0.000911307
0.000881381
0.000800079
0.000964081
0.00074633
0.000775111
0.000709781
0.00069644
0.00065786
0.000642417
0.000554889
0.000487626
0.000447402
0.000416977
0.000379925
0.000272052
0.000234554
0.000183031
0.000130644
0.000100994
6.91061e-05
4.64005e-05
2.20967e-05
3.0362e-06
5.24718e-07
1.96609e-06
1.66907e-05
1.60851e-05
2.56206e-05
4.15363e-05
5.25577e-05
5.95029e-05
8.55693e-05
6.37184e-05
9.15323e-05
0.00010827
9.97839e-05
0.000126495
0.000110284
0.000134033
0.000147572
0.000115452
0.000144118
0.000136012
0.000144772
0.000157102
0.000181195
0.000146237
9.53707e-05
9.27143e-05
8.13061e-05
8.6974e-05
8.8705e-05
9.64992e-05
9.50537e-05
6.52601e-05
6.52593e-05
6.52566e-05
6.52006e-05
6.51128e-05
6.5106e-05
6.50995e-05
0.00019339
0.00132437
0.00400661
0.00948328
0.0101846
0.00874065
0.00672145
0.00685685
0.00498361
0.00432607
0.00339356
0.00222678
0.00144229
0.000784972
0.000552432
0.000198444
0.000291011
0.00019202
1.03256e-05
1.9449e-06
1.69108e-05
6.99887e-05
6.11186e-05
4.82741e-05
0.000147412
0.000126195
3.49129e-05
5.13846e-05
1.98483e-05
2.55894e-05
3.95537e-05
2.18093e-05
5.01992e-05
5.16181e-05
5.03078e-05
6.77829e-05
2.10401e-05
8.9881e-05
1.08029e-05
0.000226154
0.000249428
0.000155798
0.000134715
5.29752e-05
8.33019e-06
2.96368e-06
1.61226e-06
4.00403e-06
4.2622e-06
3.76858e-06
6.77252e-07
9.37124e-09
0.00263521
0.00154748
0.000970659
0.000628845
0.000280963
0.000193196
9.12349e-05
3.47863e-05
6.93978e-05
2.66899e-05
4.76843e-05
2.10414e-05
8.76136e-07
3.54111e-07
6.44969e-07
3.93374e-06
4.08539e-06
8.30502e-07
2.86354e-06
6.50032e-07
3.34726e-06
1.36351e-07
7.10828e-08
3.47048e-07
1.03702e-06
0.00580516
0.00549719
0.00524038
0.00454965
0.00377542
0.00270733
0.00225087
0.00126174
0.000645378
0.000265484
1.31662e-05
0.000138859
0.000354234
0.000202696
0.000161406
0.000166188
0.000146157
0.00011081
0.000116251
0.000101566
7.23993e-05
7.48474e-05
8.17107e-05
5.72906e-05
4.60088e-05
2.66857e-06
4.00756e-06
1.34676e-08
7.3873e-06
1.14858e-06
3.24541e-05
2.64157e-05
7.61345e-06
6.94515e-05
1.03261e-05
3.28566e-05
4.81888e-05
0.000112206
0.00011314
0.000100176
8.33493e-05
5.77106e-05
7.10405e-05
3.95278e-05
0.000129521
0.000148926
0.000217691
0.000187444
0.000324258
0.000376208
0.000371556
0.000417381
0.000359951
0.000521299
0.000425567
0.000326323
0.000368043
0.000339273
2.47001e-05
5.19147e-05
0.000242516
0.000171871
0.000275323
0.00029539
0.000416283
0.000588716
0.000597476
0.000675391
0.00080331
0.000757622
0.000730078
0.000672919
0.000668464
0.00063974
0.000595463
0.000650746
0.000561894
0.000584195
0.000512497
0.00060842
0.000533699
0.000544328
0.000648589
0.000536636
0.000574355
0.000517782
0.000495542
0.000417053
0.000506992
0.00044997
0.000392857
0.000320166
0.000362168
0.00032215
0.000295126
0.000270711
0.000253814
0.00019734
0.000181479
0.000148748
0.000155632
0.000130203
8.6207e-05
7.0747e-05
5.42801e-05
3.97049e-05
2.0267e-05
1.43661e-05
7.03872e-06
3.35704e-06
4.15821e-10
1.10022e-06
5.3799e-07
6.81316e-06
1.05414e-05
1.37831e-05
2.16218e-05
2.68637e-05
2.65171e-05
3.96108e-05
4.02845e-05
4.24985e-05
5.12565e-05
5.77866e-05
5.5761e-05
6.7141e-05
5.41379e-05
5.79351e-05
4.9452e-05
3.71787e-05
6.82816e-05
5.5307e-05
6.22624e-05
6.30347e-05
7.28751e-05
7.38534e-05
7.4148e-05
7.43722e-05
7.53602e-05
7.5261e-05
6.82562e-05
0.000120357
0.00012071
0.00277605
0.00221975
0.0014136
0.0212055
0.0236171
0.0198494
0.0166817
0.014856
0.0135555
0.0114491
0.00880299
0.00620694
0.00483551
0.00268431
0.00186685
0.00117624
0.000781028
0.000344107
0.000234635
0.000116776
5.55113e-05
2.95794e-05
4.28946e-05
0.000125921
4.93332e-05
6.22126e-05
9.95395e-05
7.84954e-05
6.86296e-05
0.000136375
1.73843e-05
1.63821e-05
3.9604e-05
4.10899e-05
3.5974e-05
4.54398e-05
3.44816e-05
0.000102305
0.00010877
5.36052e-05
0.000136462
0.00111615
0.00156324
0.00132731
0.00125168
0.00101277
0.000880025
0.000514637
0.000465054
0.000665621
0.000491706
0.000484439
0.0005357
0.00050643
0.000384154
0.000475442
0.000458336
0.000379069
0.000419332
0.000388028
0.000348254
0.000299333
0.000397307
0.000322191
0.000274515
0.00026934
0.000235578
0.000330581
0.000248024
0.000232677
0.00022729
0.000281254
0.000237376
0.000230803
0.000167994
0.000121689
0.00025556
0.000388552
0.000370854
0.000301163
0.000189088
7.72961e-05
3.88161e-05
2.96137e-06
0.00013728
0.00114748
0.00121251
0.000817642
0.000602325
0.000540857
0.000429942
0.000316071
0.000208227
0.000147554
8.59588e-05
2.91293e-05
5.29875e-05
2.6399e-05
7.15072e-06
4.62079e-06
3.56814e-07
8.96866e-06
1.07161e-05
2.26947e-05
1.33007e-05
1.80682e-06
1.28379e-05
3.1302e-06
2.61943e-07
5.2304e-07
3.10244e-06
3.20856e-05
6.93463e-05
2.40217e-05
0.000136789
0.000128424
0.000242267
0.000258418
0.000182062
0.00035687
0.000472116
0.000270238
0.000434651
0.000405829
0.00040139
0.000356398
0.000473804
0.000829562
0.000479896
0.000593604
0.000784117
0.000625518
0.000351212
0.000352522
0.00101878
0.00099661
0.000122036
0.000134008
8.58902e-05
8.35768e-05
0.000116486
0.000172049
0.000197406
0.000168059
0.00022049
0.000236261
0.000222315
0.000247249
0.00031823
0.000269905
0.000294634
0.000252348
0.000275086
0.00026732
0.000281676
0.000294718
0.000350446
0.000323178
0.000270254
0.000344137
0.000275206
0.000271744
0.00024553
0.000250728
0.00025429
0.000278807
0.000228852
0.000305792
0.000214411
0.000172336
0.000150253
0.000163421
0.000149046
0.000106633
8.46411e-05
6.9111e-05
5.73714e-05
5.2413e-05
4.75048e-05
3.35209e-05
3.37037e-05
2.06608e-05
2.13987e-05
5.5242e-06
7.09015e-06
1.01116e-05
1.15888e-06
3.41257e-06
1.29658e-07
2.90644e-07
9.24061e-07
2.36844e-06
7.49485e-06
1.12604e-05
3.44732e-06
1.2101e-05
1.41574e-05
1.80577e-05
7.0264e-06
2.72328e-05
1.04443e-05
2.87187e-05
8.77422e-06
4.91956e-06
3.18562e-05
1.1744e-05
1.37046e-05
4.99053e-06
5.19693e-06
1.3319e-05
2.35288e-05
4.73879e-06
3.57531e-05
1.21042e-05
1.79898e-06
6.9827e-05
7.11966e-05
7.13492e-05
6.94578e-05
7.14187e-05
6.97279e-05
7.20962e-05
7.25175e-05
7.90323e-05
0.00277854
0.00279585
0.00400323
4.99347e-06
0.00665561
0.00546737
0.00452627
0.00400135
0.004019
0.00382415
0.00307155
0.00276386
0.0018393
0.00133231
0.00076254
0.000647469
0.000261568
0.000134091
9.14781e-05
0.000152101
4.51653e-05
5.13266e-05
4.39636e-07
2.8517e-06
6.06093e-05
9.6832e-05
1.7398e-05
5.31276e-05
0.000219471
0.000120415
0.000132918
3.10417e-05
0.000144627
0.000150635
0.000286575
0.000281627
0.00165781
0.00190518
0.00108882
0.000583467
0.00178965
0.00163781
0.000640283
0.000427321
0.000231727
0.000498999
0.000209486
0.000137598
0.000185863
5.0413e-05
2.90524e-05
2.88019e-05
1.66716e-05
3.27513e-06
1.03339e-05
1.29909e-06
3.65077e-06
1.71214e-05
9.84859e-06
5.233e-05
2.44473e-05
0.0113776
0.00683852
0.00134808
0.00461983
0.00243129
0.0014313
0.000629487
0.000260478
7.21366e-05
3.12415e-05
4.34289e-05
6.48993e-06
2.26795e-06
1.1071e-05
2.89217e-07
0.0082094
0.00769687
0.00730313
0.00650139
0.00568111
0.00499324
0.0043758
0.00358962
0.00237089
0.00184617
0.0012116
0.00112156
0.000602339
0.000102045
8.04339e-06
0.000240913
0.000640865
0.00035811
0.000307223
0.000249771
0.000238104
0.000193445
0.000134135
0.000103585
6.84195e-05
6.22354e-05
1.84106e-05
7.95062e-08
4.37103e-07
7.40534e-06
1.84802e-05
5.30894e-05
7.18842e-05
0.000101717
0.000154505
0.000175766
0.000178244
0.000215763
0.000163777
0.000247929
0.000382551
0.000327694
0.000395425
0.000344025
0.000260662
0.00026512
0.000385867
0.000404417
0.000443646
0.000655278
0.000875223
0.000712098
0.000918768
0.000752136
0.00110755
0.000827158
0.000668344
0.000415072
0.000378932
0.000324867
0.000433735
0.000639019
0.000952497
0.000848755
0.000485587
0.000679089
0.000922352
0.00108457
0.000897199
0.000958722
0.00040513
0.000440843
0.000432736
0.00047257
0.000445934
0.000461082
0.000492902
0.000477935
0.000525969
0.000561279
0.000527357
0.000509843
0.000583676
0.000441803
0.000577292
0.000578911
0.000561366
0.000608419
0.000561817
0.000638154
0.000577211
0.000453999
0.000586488
0.000622271
0.000617524
0.000520865
0.000533192
0.000488941
0.000616776
0.000501703
0.000511091
0.000468597
0.000455846
0.000488771
0.000468009
0.000485359
0.000443067
0.000420168
0.00031842
0.000324346
0.000288201
0.000215591
0.000249984
0.00018641
0.000149663
0.000126929
0.000118688
9.8912e-05
8.39256e-05
5.58355e-05
3.68001e-05
3.87741e-05
1.41438e-05
9.05602e-06
2.00324e-06
4.4884e-08
3.84509e-07
2.87355e-06
6.53797e-06
9.46692e-06
1.57353e-05
3.14351e-05
3.69167e-05
4.37262e-05
4.95716e-05
5.63555e-05
6.28984e-05
8.29918e-05
8.10347e-05
8.50768e-05
9.15024e-05
9.25815e-05
9.2649e-05
9.38445e-05
9.77489e-05
0.000104332
0.000103614
0.000102376
0.000105813
0.000105899
0.000106313
0.000151144
7.38186e-05
7.29348e-05
7.29039e-05
7.39473e-05
7.30583e-05
7.29955e-05
7.06249e-05
8.5914e-05
0.00317881
0.000258787
9.33859e-05
0.00184378
0.00279564
0.00285196
0.00248865
0.00170731
0.00142428
0.00092389
0.000537253
0.000228239
0.000148729
3.85058e-05
1.08357e-05
0.0017485
0.0010204
0.000601809
0.000559633
0.000399827
0.000294601
0.00021134
8.62547e-05
2.54581e-05
1.55684e-05
2.92073e-06
6.41552e-06
7.80699e-06
1.1658e-07
9.93764e-07
2.49793e-05
4.37337e-06
2.59441e-06
5.98592e-05
1.96207e-09
0.00212137
0.00128684
0.000909333
0.00086884
0.000634296
0.000457966
0.000159709
0.000198473
4.16179e-05
1.32655e-05
0.000136465
0.000179647
7.19425e-05
0.000145571
0.000138305
0.000385052
0.000157507
0.00023998
4.26811e-05
0.000219037
0.000171364
0.000270467
0.000253943
0.000185336
0.000270329
0.000169684
0.000216425
0.000202612
0.000182407
4.79044e-05
5.44168e-05
0.000131037
0.000191478
0.000172882
0.000183793
4.00527e-05
0.000204812
0.000191571
0.000190153
1.81001e-08
1.32317e-06
7.20823e-07
0.0190845
0.00125665
0.00135821
0.00146421
0.00137015
0.0010827
0.000899286
0.000794053
0.000636706
0.000207274
0.000143192
2.07878e-06
8.53672e-05
0.000450596
0.0011137
0.000683278
0.000492321
0.000410364
0.000388999
0.000261839
0.000225741
0.000126999
9.03301e-05
4.83094e-05
1.1449e-05
6.06583e-08
4.37804e-07
2.3046e-06
1.74916e-06
3.39017e-05
3.20957e-05
0.000125056
0.000107806
0.000120032
0.000178159
0.000145957
0.000135485
0.000215444
0.000142657
0.000185708
0.000153319
0.000154939
0.000294263
0.00021295
0.000323344
0.000462425
0.000495552
0.000621874
0.000727788
0.000759185
0.000832928
0.00100059
0.000803215
0.000755608
0.00071424
0.000650618
0.000387421
0.000331056
0.000722796
0.000557823
0.000735126
0.000679105
6.26055e-05
3.21241e-07
1.01882e-05
8.94292e-05
0.000248841
0.000348136
0.000393622
0.000487767
0.000459077
0.00045337
0.00052772
0.000609488
0.000634552
0.000543914
0.000589612
0.000620536
0.000646471
0.00073717
0.000599239
0.000500603
0.00069622
0.000717262
0.000621185
0.000621679
0.000664951
0.000839863
0.000608989
0.000597796
0.000632644
0.000621967
0.000622544
0.000489768
0.000547755
0.000487493
0.000379492
0.000388061
0.000369099
0.000281827
0.000222393
0.000204722
0.000119017
8.20369e-05
5.97823e-05
2.20233e-05
8.50669e-06
6.35232e-07
7.31026e-08
8.2338e-07
1.12431e-05
2.90564e-05
2.19491e-05
4.94708e-05
5.8033e-05
5.45545e-05
7.42801e-05
6.4935e-05
8.6683e-05
0.000104066
9.61764e-05
0.000123096
0.000111035
0.000123859
0.000135087
0.000131087
0.000116994
0.000143508
0.000120182
7.75219e-05
6.32854e-05
6.71154e-05
7.7781e-05
7.86431e-05
8.26063e-05
8.90599e-05
8.67649e-05
0.000110055
7.14572e-05
7.14538e-05
7.14552e-05
7.14398e-05
7.13934e-05
7.13454e-05
7.12793e-05
0.000227998
0.00158572
0.0019898
0.0112098
0.00787089
0.00681249
0.00832151
0.00525051
0.00506806
0.00369718
0.00281604
0.00196554
0.00138321
0.00100864
0.000358763
0.000121386
0.000109986
7.68168e-05
1.74338e-05
2.52214e-07
9.34537e-06
0.000121662
0.000116091
4.37987e-05
7.33861e-06
9.11954e-05
5.25271e-05
7.02394e-05
6.6711e-05
0.000127713
0.000247915
5.03936e-05
0.000228415
6.53743e-05
6.10296e-05
5.40634e-06
6.13877e-05
0.000293246
0.000217216
0.000189255
7.72058e-05
5.24262e-05
5.72346e-06
2.75822e-05
1.18374e-05
1.34219e-05
5.87666e-07
6.62877e-06
0.00113008
0.000655835
0.000421063
0.000312888
0.000133847
8.52041e-05
5.65839e-05
2.40149e-05
1.3591e-06
7.62511e-06
3.70819e-06
4.45403e-06
2.3538e-07
7.11989e-07
1.67446e-06
1.50364e-06
3.70094e-06
8.14716e-07
2.08073e-05
9.36263e-07
8.27078e-06
5.72496e-06
4.86449e-06
1.30926e-06
1.41972e-05
0.00387739
0.00379738
0.0037796
0.00345278
0.00278344
0.00247355
0.00163219
0.00102298
0.000684389
0.000151459
2.38969e-06
0.000110557
0.000555692
0.000623085
0.00039468
0.000276912
0.000225538
0.000164573
0.000129085
8.43518e-05
5.31876e-05
7.61484e-05
2.0388e-05
5.84079e-06
3.69412e-09
2.51912e-06
1.39439e-05
5.0984e-05
7.66524e-05
9.33569e-05
0.000125692
8.00437e-05
7.1055e-05
0.000170486
0.000274901
0.000233876
0.00020573
0.000171752
0.000221687
0.000187689
0.000253679
0.000158194
0.000286402
0.000486378
0.000543196
0.000413281
0.000452946
0.000463973
0.000533706
0.000482137
0.000531765
0.000429873
0.000528272
0.000539346
0.000401388
9.4756e-05
0.000845385
0.000212615
0.00020203
0.000312965
0.00036721
0.000406108
0.000414775
0.000498018
0.000451581
0.000366348
0.000436951
0.000365957
0.000339599
0.000402821
0.000416762
0.000473329
0.000401742
0.000526773
0.000417244
0.000414279
0.000384748
0.000403711
0.000415097
0.000393503
0.000438202
0.000393588
0.000366714
0.00041915
0.000360262
0.000316647
0.000301555
0.000230587
0.000261618
0.00022149
0.000196023
0.000177301
0.000200588
0.000196359
0.00012541
0.000130879
9.69123e-05
0.000103133
7.4391e-05
4.69993e-05
4.98145e-05
1.2367e-05
1.61358e-05
6.73884e-06
3.15271e-06
2.37419e-06
7.90062e-09
9.99319e-07
2.19214e-06
9.15159e-06
1.42151e-05
1.28061e-05
2.99162e-05
3.22903e-05
3.83488e-05
5.08492e-05
5.35976e-05
6.38679e-05
6.11639e-05
6.89505e-05
7.32309e-05
7.1519e-05
7.15845e-05
7.29704e-05
8.84583e-05
8.74728e-05
9.01169e-05
8.50359e-05
8.37715e-05
8.03661e-05
7.1083e-05
7.49295e-05
7.49781e-05
7.50556e-05
7.50965e-05
7.53125e-05
7.55896e-05
7.55668e-05
7.24349e-05
0.00125886
0.00118968
0.000143846
0.0283557
0.0184634
0.0159567
0.0130412
0.0134375
0.0139657
0.0128458
0.0116659
0.00953168
0.00749957
0.00526967
0.00382444
0.00224613
0.00152847
0.000713928
0.000393694
0.000173738
0.00010248
0.000115954
1.89288e-05
1.07104e-05
5.2914e-05
3.43041e-05
0.000118016
0.000111079
0.000153368
0.000130983
0.000117298
6.2893e-05
4.99245e-05
0.000120769
6.12922e-05
3.48704e-05
6.8008e-05
8.35206e-05
7.01902e-05
7.38406e-05
9.41167e-05
0.000105921
1.76991e-05
0.000106473
9.82998e-05
3.16222e-05
3.18266e-05
0.00141702
0.00129146
0.00110351
0.00115904
0.00114649
0.00102212
0.00106556
0.000920833
0.000905538
0.000838386
0.000725722
0.000697502
0.000616123
0.000609122
0.000464481
0.000492983
0.00060393
0.000495995
0.000430531
0.000408853
0.000378758
0.000305231
0.000360234
0.00035532
0.00024843
0.000225786
0.000206619
0.00024192
0.00041709
0.000190973
0.000193569
1.58051e-06
6.26994e-05
0.000333039
0.000799426
0.00141638
0.00129983
0.000714594
0.000721694
0.000474919
0.00029589
0.000289265
0.000218624
0.000134845
9.85542e-05
3.59099e-05
1.6786e-05
2.31547e-05
1.1986e-06
5.15825e-06
3.81434e-05
2.3841e-05
1.16515e-06
2.70377e-06
1.97297e-06
2.60828e-05
1.38138e-05
2.28006e-05
7.17116e-05
2.89353e-05
0.000100458
4.60521e-05
0.000243706
0.000262523
0.000315813
0.000328822
0.000366819
0.000323942
0.000307453
0.000400908
0.000413423
0.000579796
0.000798761
0.000625766
0.000572819
0.000487856
0.000373092
0.000629024
0.000704276
0.000750918
0.00078785
0.000991023
0.000536455
0.000493901
0.000465093
0.000393516
0.00046765
0.000385016
0.000448152
0.000423903
0.000370618
0.000379887
0.000340028
0.000279916
0.000320065
0.000308864
0.00030046
0.000276994
0.000281943
0.000291581
0.000195102
0.000270644
0.000201729
0.000245373
0.000246105
0.000233571
0.000191216
0.000193409
0.000134112
0.000107483
0.000143361
0.000128017
0.000116823
0.000146189
0.000148743
0.000102985
9.14371e-05
9.10204e-05
9.52155e-05
5.5377e-05
4.5523e-05
6.43878e-05
4.78608e-05
5.12166e-05
4.05305e-05
4.85337e-05
4.06995e-05
1.32949e-05
1.41825e-05
1.32147e-05
6.74434e-06
1.01436e-06
4.54243e-06
1.66328e-06
1.3038e-06
3.05551e-06
4.04327e-07
7.58913e-07
1.32313e-07
4.28769e-09
1.08618e-08
3.00363e-07
5.4681e-07
6.98311e-07
1.05687e-06
1.62117e-06
1.95017e-06
9.8357e-06
1.15749e-05
1.05392e-05
1.29316e-05
1.29669e-05
2.03661e-05
2.60444e-05
3.98627e-05
2.65288e-05
3.02215e-06
9.08002e-06
2.60058e-05
3.05684e-05
1.75719e-05
1.83547e-05
4.62118e-05
3.27704e-05
7.59339e-05
0.000139492
0.00249188
0.00242129
0.00264158
0.00280992
0.00360381
0.000104417
0.000109393
0.000113314
0.000116983
0.000671723
0.00369488
0.000249095
0.0020472
0.00165998
0.00163115
0.00129765
0.000847831
0.000642379
0.000334657
6.05211e-05
1.31074e-05
7.06466e-06
2.46824e-09
3.1819e-05
2.45577e-05
2.4994e-05
3.00891e-05
8.14415e-05
9.96082e-05
0.000129757
0.0002462
0.000411558
0.000152912
0.00031759
0.000371416
0.000279766
0.000242371
0.000195581
0.000366535
0.000262254
0.000351804
0.00115141
0.000503601
0.000516498
0.000953799
0.000472818
0.000312789
0.00043295
0.000149539
0.000270994
0.000122783
4.46551e-05
2.95052e-05
8.35468e-06
8.57658e-06
2.23293e-06
3.28674e-05
1.20367e-05
9.84103e-07
2.42386e-06
3.38628e-06
7.27107e-06
1.10874e-05
6.17263e-05
5.3823e-06
9.54263e-06
8.55557e-06
9.10222e-08
2.94066e-05
2.26872e-05
7.54347e-06
5.32111e-06
6.66187e-06
0.00817997
0.00508903
0.00310639
0.00137071
0.000528583
0.000255533
0.000115281
5.39755e-05
2.26953e-05
1.35847e-05
6.62716e-06
0.00528119
0.00518919
0.00473739
0.00421471
0.00369331
0.0031818
0.00271864
0.00201616
0.00148277
0.000438122
0.000156617
0.000198167
0.000249411
0.000902468
0.000834086
0.000621939
0.00051774
0.000473121
0.000427489
0.000341157
0.000247268
0.00017242
8.55691e-05
6.62711e-05
8.89335e-05
1.30916e-05
1.06821e-06
3.31697e-08
6.38463e-05
6.78105e-05
0.000110167
0.000141322
0.000159932
0.000263854
0.000205837
0.000438957
0.000383105
0.000333098
0.000455036
0.000414486
0.000309231
0.000508362
0.00033188
0.000395118
0.000379618
0.000664507
0.000894332
0.000650699
0.0005552
0.000510993
0.000297914
0.000235847
0.000550578
0.000496064
0.000771409
0.000559065
0.000569296
0.000507701
0.000689517
0.000398455
0.000918925
0.00111635
0.000305291
0.000350816
0.000298032
0.000309472
0.000293024
0.00028145
0.000358207
0.00027661
0.000359536
0.000288519
0.000310732
0.000354029
0.000316562
0.000308003
0.000302535
0.000318551
0.000309012
0.000299016
0.000275162
0.000353228
0.000274097
0.000313009
0.000239179
0.000319778
0.000315174
0.000270684
0.000311717
0.000269298
0.000301475
0.000246036
0.000300987
0.000231755
0.000221672
0.000194148
0.000155344
0.000150512
8.54483e-05
6.57018e-05
5.55432e-05
3.12057e-05
2.50694e-05
1.13554e-05
4.60019e-06
5.12543e-08
2.12881e-06
3.05398e-06
1.34157e-05
2.2824e-05
2.89647e-05
5.07689e-05
6.51678e-05
6.59946e-05
7.34332e-05
9.46082e-05
0.000104888
0.000111854
0.000122579
0.000124512
0.000131071
0.000130144
0.000139176
0.000144797
0.000149018
0.000145034
0.000147548
0.000150512
0.000144934
0.000147442
0.000151761
0.000153976
0.000157735
0.000172219
8.42523e-05
8.50854e-05
8.432e-05
8.52897e-05
8.50076e-05
8.42359e-05
8.14629e-05
0.0009905
0.00139164
0.00102784
0.00513084
0.00492056
0.00441401
0.00402733
0.00307994
0.00241454
0.00147509
0.00110944
0.00389965
0.00311902
0.00181486
0.00142028
0.0013069
0.000830034
0.000805974
0.000588589
0.00035576
0.000156214
0.000199557
0.000112527
3.70298e-05
5.28094e-06
3.61684e-06
1.0708e-06
1.43297e-06
0.00183266
0.00105675
0.000816018
0.000663582
0.000591483
2.15681e-05
2.6585e-06
5.31383e-06
1.6013e-07
4.3961e-06
7.91837e-06
3.35748e-05
1.66566e-05
6.75202e-05
9.24126e-05
0.000193742
0.000182769
9.00366e-05
0.000183132
0.000192616
0.0002377
0.000194508
0.000235724
6.42853e-05
0.000110855
0.000214711
0.000225733
0.000214455
6.65137e-05
0.000123748
0.000272691
2.43965e-05
1.65237e-05
0.000504298
0.000646103
0.000875761
0.00072615
0.000734313
0.00067433
0.000510896
0.000343371
0.000197787
4.92582e-05
1.83381e-05
0.000184221
0.00120253
0.000952771
0.000582864
0.000434619
0.000320066
0.000229018
0.000173644
8.49102e-05
0.000141462
5.20402e-05
3.87745e-05
2.07591e-08
5.87238e-06
4.49944e-06
5.11442e-05
0.0002006
0.000172702
0.000237094
0.000223262
0.000271283
0.000321373
0.000354903
0.000437838
0.000272884
0.000360682
0.000353585
0.000724719
0.000600587
0.000802883
0.000671816
0.000546213
0.000698627
0.000804234
0.000905308
0.00114396
0.000908931
0.000639333
0.000435937
0.00050071
0.000440762
8.85725e-05
2.96096e-06
2.2859e-05
0.000137212
0.000257817
0.000312095
0.000360957
0.00042381
0.000440824
0.000520394
0.000566901
0.000613492
0.000688734
0.000658322
0.000708636
0.000657635
0.000603845
0.000696425
0.000508187
0.000701111
0.000668832
0.000605104
0.000592785
0.000724876
0.000669251
0.000615587
0.000631103
0.000577932
0.00061948
0.000627598
0.000576933
0.000480599
0.000450969
0.000413086
0.000356312
0.000314302
0.000294214
0.000179636
0.000108665
7.19043e-05
4.12974e-05
2.42035e-05
1.15824e-05
2.32369e-07
5.1403e-08
3.46291e-06
1.0984e-05
2.9308e-05
5.50863e-05
5.39489e-05
8.68184e-05
8.13857e-05
9.18685e-05
0.000114645
0.000101977
0.000138746
0.000124328
0.000135048
0.00014894
0.000164829
0.000137581
0.000175426
0.000161839
0.0001771
0.000153266
0.000175734
0.000161193
0.00017658
9.58725e-05
9.5301e-05
9.98878e-05
0.00014559
0.000146086
0.000157189
0.000162119
7.35192e-05
7.35457e-05
7.35366e-05
7.35274e-05
7.35063e-05
7.34123e-05
0.000663641
0.00587591
0.0183978
0.0139963
0.00979767
0.0085387
0.00792292
0.00608869
0.00513249
0.00340677
0.00251737
0.00170088
0.00101002
0.000462279
0.000187702
0.000280541
0.000196446
0.000150585
1.72073e-08
7.83802e-06
8.89949e-06
1.39962e-05
2.58871e-05
1.6947e-05
1.39551e-06
1.15712e-05
2.84862e-06
2.55605e-05
5.57144e-05
4.68296e-05
1.19941e-05
7.71154e-06
7.11904e-05
0.000454339
0.000312603
0.00011258
6.5355e-05
2.25138e-05
1.39888e-06
1.31464e-05
8.42881e-09
1.64437e-05
0.00134884
0.000770703
0.000550896
0.000241152
0.000153643
0.000102576
2.27793e-05
2.8832e-05
1.23516e-05
2.39819e-06
5.20158e-10
2.95479e-06
1.84458e-06
1.78654e-06
4.05993e-06
7.1248e-06
4.615e-07
2.494e-07
3.51427e-06
7.10971e-06
2.22342e-05
2.14388e-05
0.00425996
0.00425031
0.00407651
0.00364051
0.00333169
0.002797
0.00208714
0.00152027
0.00107825
0.000517983
7.6402e-05
5.51546e-09
6.99014e-06
0.000465446
0.000408481
0.000282518
0.000212943
0.000130608
0.000137096
6.46344e-05
4.15713e-05
1.99254e-05
9.58535e-06
9.64743e-06
2.17925e-07
2.28796e-06
6.17842e-06
1.57818e-05
3.38936e-05
5.91259e-05
5.4764e-05
9.80865e-05
4.14631e-05
8.93235e-05
0.000249597
0.000243644
0.000210022
0.000174505
0.000164637
0.000184331
0.000107949
0.000124176
5.17233e-05
0.000207315
0.000461617
0.000462926
0.000429793
0.000411091
0.000405674
0.000437192
0.000482479
0.000739704
0.000669519
0.000565117
0.000641888
0.000566872
0.00047276
0.000544815
0.000913832
0.000153101
0.000216002
0.000250693
0.000290051
0.000380865
0.000345372
0.000358376
0.000297075
0.000471492
0.0003755
0.00041492
0.000392078
0.000418088
0.000430228
0.000485638
0.000433199
0.000420059
0.000441588
0.000471945
0.000402609
0.000420795
0.000439323
0.000435885
0.000367445
0.000364929
0.000409556
0.000473104
0.000403729
0.000454763
0.000470408
0.000428683
0.000355471
0.000364028
0.000282147
0.000333447
0.000347095
0.000308084
0.000304227
0.000247711
0.000263854
0.000179084
0.000207627
0.000174151
0.000119671
0.000102178
7.91794e-05
7.21648e-05
4.7475e-05
3.28658e-05
2.54534e-05
1.95742e-05
1.47954e-05
9.33592e-06
1.46677e-06
5.97373e-07
4.85065e-08
1.61781e-06
3.35396e-06
4.20325e-06
6.04909e-06
1.69519e-05
1.89955e-05
1.98072e-05
1.82074e-05
2.88896e-05
3.12608e-05
3.3698e-05
3.79918e-05
5.45336e-05
3.3144e-05
4.33614e-05
3.6007e-05
9.6424e-05
6.97635e-05
6.9831e-05
6.99575e-05
6.98105e-05
6.99128e-05
7.00933e-05
0.00223564
0.00307797
2.84661e-05
0.0145611
0.0119856
0.00847874
0.0091639
0.0107084
0.00944882
0.00966395
0.00812357
0.00665067
0.00468935
0.00341453
0.00183935
0.00116267
0.000416398
0.000338689
0.000114621
6.80294e-05
1.69724e-05
1.76697e-05
2.58624e-06
1.68619e-07
6.86773e-06
9.05998e-06
0.000103162
7.54992e-05
7.57372e-05
0.000206931
0.00016045
9.51906e-05
0.00013185
0.000380868
0.000296608
0.000308602
0.000259822
0.000284638
0.000241855
0.000192325
0.000201441
0.000173307
0.000150496
9.43239e-05
8.42636e-05
8.3351e-05
0.000102774
2.89373e-05
0.000204824
0.000206402
0.00016092
0.000125993
8.77874e-05
1.98653e-05
5.25755e-05
0.000175394
0.000154016
0.00015494
0.000177633
0.000715088
0.000465756
0.000349
0.000275711
0.000169373
0.000132875
6.76651e-05
0.000702845
0.000609935
0.000404622
0.000291149
0.000192282
9.89599e-05
6.66746e-05
4.59065e-05
2.99715e-05
0.00260884
0.002631
0.00263519
0.00230925
0.00175088
0.00115651
0.00064934
0.000573418
6.60978e-07
0.000139807
0.00051301
0.000717117
0.00046992
0.000346553
0.000287841
0.000196284
0.000210639
0.00011516
6.65707e-05
4.97608e-05
1.59591e-05
2.33967e-06
6.82017e-06
4.95325e-06
8.51746e-06
9.52921e-06
6.29756e-06
3.30462e-06
9.32867e-06
2.28896e-05
1.33555e-05
1.01885e-05
3.20245e-05
7.82176e-05
4.55079e-05
2.77085e-05
9.04417e-05
1.34093e-05
4.09414e-05
1.27348e-05
7.83004e-05
8.43988e-05
0.000520882
0.000183705
0.000171126
0.00030885
0.000310964
0.000497875
0.000464899
0.00040874
0.000339231
0.000571577
0.000845979
0.000897538
0.000663072
0.000733989
0.000315554
0.000604452
0.000593194
0.000517471
0.000509002
0.000485607
0.000450257
0.000443478
0.000447269
0.000358939
0.000409712
0.000356233
0.000328175
0.000386145
0.000378006
0.000369941
0.000393696
0.000344902
0.000312994
0.000323927
0.00030365
0.000263066
0.000304662
0.000222778
0.000158972
0.000203573
0.00020408
0.000191686
0.000182492
0.000158348
0.000162919
0.000158598
9.09974e-05
9.71427e-05
8.56457e-05
9.89321e-05
6.73335e-05
6.56466e-05
5.76004e-05
5.37949e-05
2.40583e-05
4.16038e-05
1.22625e-05
2.35769e-05
1.65318e-05
1.39278e-05
6.34697e-06
6.49437e-06
4.05032e-06
4.10129e-06
3.20165e-06
1.73441e-06
2.48832e-06
9.40401e-07
2.60951e-07
4.84661e-07
3.23339e-07
5.76267e-07
1.61184e-10
3.64297e-08
2.11766e-06
4.18484e-07
6.37699e-07
2.04114e-06
6.8336e-07
2.07584e-07
6.34775e-07
6.06354e-07
1.51421e-06
5.92818e-07
4.47632e-07
5.05424e-07
6.6145e-07
1.24866e-07
1.04731e-07
1.96627e-08
7.71986e-07
6.58905e-06
8.91203e-05
9.05592e-05
9.25327e-05
9.46848e-05
9.75122e-05
0.000101089
0.000105008
0.000107824
0.00322521
0.00463031
4.87312e-06
0.000334895
0.00337565
0.00267008
0.00282286
0.00257291
0.0022583
0.00195796
0.000875372
0.00035437
0.00014792
3.69172e-05
2.26939e-05
1.95443e-06
1.36771e-06
1.52546e-06
8.43691e-06
4.86908e-05
6.70865e-05
0.000102766
0.000102502
0.000105428
0.000144768
0.000213915
0.000313631
0.000133286
0.000239441
0.000181928
0.000133106
4.82333e-05
3.64305e-05
0.000158692
0.00182305
0.00193174
0.00139675
0.000663617
0.00180504
0.00128462
0.000716491
0.000555457
0.000268746
8.00313e-05
5.76583e-05
2.3937e-05
1.00874e-06
4.48611e-07
2.7329e-08
4.84708e-06
1.19906e-05
4.07022e-06
1.77188e-06
1.74068e-05
2.09881e-06
1.7047e-05
1.02412e-05
1.57811e-05
2.54939e-05
9.33868e-06
7.16547e-08
5.08257e-06
2.06547e-05
1.37827e-08
0.0113837
0.00610728
0.00336599
0.00218273
0.00093884
0.000446277
0.000176552
7.25444e-05
4.69934e-05
2.28581e-05
1.51481e-05
7.09515e-09
0.00704858
0.00652133
0.00608486
0.00557828
0.00485042
0.0043931
0.00368414
0.00281796
0.00173485
0.00113236
0.000401848
0.000210755
0.000248316
0.000511303
0.00038602
0.000330943
0.000247467
0.000225623
0.000179824
0.000123777
0.000104003
3.78446e-05
1.91544e-05
7.34093e-07
1.71427e-07
3.21371e-06
1.34113e-05
2.02624e-05
7.39026e-05
4.59588e-05
8.59681e-05
0.000163574
0.000154497
0.000135215
0.000152203
0.000248189
0.000158975
0.000297887
0.000198641
0.000299395
0.00016874
0.000271917
0.000165018
0.000232104
0.000241668
0.000188603
0.000366283
0.000344349
0.000398049
0.000391865
0.000552272
0.000416847
0.000296819
0.000398959
0.000348235
0.00033551
0.000512896
0.000370562
0.000340961
0.000398398
0.00042351
0.000324482
0.000328138
0.000353788
0.000379054
0.000297913
0.000293782
0.000368075
0.000365972
0.000272418
0.000385343
0.000337852
0.000298817
0.000377
0.000452888
0.000341623
0.000381128
0.000336681
0.000326167
0.000311552
0.000306288
0.000399135
0.000350969
0.000299037
0.000351315
0.000367035
0.000406773
0.000443986
0.000362726
0.000387528
0.000342776
0.000312627
0.000396452
0.000299865
0.000239189
0.000254644
0.000364766
0.000352613
0.000329568
0.000247376
0.000272694
0.000321437
0.000324886
0.000258829
0.00036067
0.00026088
0.000326589
0.000307458
0.000448628
0.000284801
0.000263133
0.000322766
0.000352508
0.000244028
0.000299855
0.00026989
0.000235354
0.000207155
0.0001925
0.00016591
0.000146049
0.000124601
0.000110328
9.90138e-05
8.23349e-05
6.80672e-05
0.000287985
0.000150202
0.000124362
0.00018568
0.000151933
0.000128442
0.000105711
8.82752e-05
6.48689e-05
5.44724e-05
4.28233e-05
3.3625e-05
2.57797e-05
2.13585e-05
2.05519e-05
1.5042e-05
1.23659e-05
1.07848e-05
7.70918e-06
5.1093e-06
3.83298e-06
1.93735e-06
9.31081e-07
0.000466777
0.00044221
0.000421733
0.000386558
0.000369347
0.000351738
0.000349367
0.000323226
0.00029919
0.000261624
0.000236723
0.000220284
0.000199838
0.000184362
0.0001642
0.000150302
0.000128739
0.000108174
8.24545e-05
6.83602e-05
6.5132e-05
2.69807e-05
1.17816e-05
5.53226e-06
8.81449e-06
3.50741e-06
1.14263e-06
5.47942e-06
2.61068e-06
7.91859e-06
1.27902e-05
3.31722e-05
5.39151e-05
8.1537e-05
0.000105684
7.76314e-05
0.000107811
0.000141024
0.000182663
0.000152929
5.94079e-05
2.21688e-05
2.2381e-05
1.78696e-06
3.12512e-07
1.38358e-05
1.35861e-05
3.78815e-06
1.16692e-06
2.3354e-05
5.99557e-05
2.10999e-05
3.20848e-05
0.000109452
0.000181002
9.18861e-05
6.51157e-05
0.000112233
0.000169417
0.000237901
0.000174369
0.000147386
0.000232461
0.000512688
0.000524746
0.000714027
0.000513571
0.00069701
0.000541589
0.000662745
0.00058626
0.00095991
0.000523177
0.000622718
0.000686186
0.00102364
0.000662149
0.000880672
0.0010404
0.000867264
0.00104005
0.000670327
0.000779585
0.000468913
0.000591226
0.000574215
0.000496246
0.000599108
0.000869929
0.00107488
0.00102874
0.00126056
0.000731678
0.00109537
0.00107451
0.00101099
0.00100062
0.000968904
0.000794839
0.00092443
0.000868591
0.00101892
0.00100836
0.000975893
0.00100843
0.000998401
0.000944654
0.000749118
0.000891091
0.000885102
0.000856149
0.000841216
0.000798793
0.000772875
0.000703728
0.000656323
0.000721336
0.000640071
0.000641367
0.00062134
0.000629103
0.0005432
0.000546582
0.00052726
0.000535845
0.000528858
0.00054059
0.000507247
0.000481896
0.000485874
0.000470542
0.000424607
0.000429364
0.00042267
0.000459985
0.00047682
0.000480223
0.000462142
0.000449604
0.000442518
0.000413902
0.000373374
0.000267541
0.000266639
0.000257088
0.000430106
0.000433575
0.000415167
0.000398764
0.000388351
0.000276715
0.000387861
0.000392618
0.000372035
0.000323239
0.000325659
0.000364875
0.000336112
0.000318878
0.000333747
0.000336918
0.000323253
0.000325915
0.000313642
0.000262179
0.000260191
0.000248686
0.000251257
0.000249279
0.000232568
0.000229845
0.000214783
0.000217098
0.000214445
0.000196994
0.00017209
0.000160045
0.000144714
0.000115124
0.000109247
9.52518e-05
9.69831e-05
8.81081e-05
8.4659e-05
8.01521e-05
6.31948e-05
4.74822e-05
4.28187e-05
3.70562e-05
3.63061e-05
3.28169e-05
2.77343e-05
1.13183e-05
6.869e-06
1.31786e-05
1.02217e-05
1.41967e-06
5.58386e-07
4.3737e-12
2.86295e-07
1.13273e-06
1.55212e-06
2.88621e-06
8.48962e-06
1.11186e-05
1.61822e-05
1.72982e-05
2.02671e-05
2.72927e-05
2.62511e-05
3.5108e-05
4.52453e-05
5.24169e-05
5.71261e-05
6.49228e-05
6.57755e-05
6.99364e-05
7.93038e-05
8.58399e-05
8.91185e-05
9.55783e-05
0.000100048
0.000103281
0.000107933
0.000112219
0.000121505
0.00012144
0.000123046
0.000129794
0.000132848
0.000132535
0.000151934
0.000152294
0.000164325
0.000172648
0.000170997
0.000172684
0.000179662
0.000178342
0.000187631
0.000184467
0.000185753
0.000194913
0.000192343
0.000184359
0.000194984
0.00019133
0.000190947
0.000208059
0.000203212
0.000191588
0.000207992
0.000186055
0.000182317
0.000183219
0.000200216
0.000197781
0.000194319
0.000196161
0.000191188
0.000219327
0.000223238
0.000235137
0.000214252
8.92033e-05
8.91889e-05
8.91719e-05
8.91596e-05
8.91443e-05
8.91329e-05
8.91309e-05
8.91102e-05
8.92239e-05
8.91929e-05
8.97104e-05
0.000163699
0.00016259
0.000162949
0.000994
5.92127e-05
7.37532e-05
9.11343e-05
7.53252e-05
0.00156116
0.00135894
0.00160989
0.00142899
0.00153604
0.0013683
0.00101145
0.000877086
0.000449398
0.00036995
0.000342546
0.000142028
0.000110268
5.90155e-06
1.34653e-06
3.0611e-05
3.93125e-05
3.52007e-05
6.46459e-05
6.94033e-05
6.45002e-05
1.86028e-05
0.000115969
0.000123342
0.000206478
0.000211262
0.000272907
0.000276067
0.000168679
0.000166615
0.000116169
8.03211e-05
8.365e-05
7.50647e-05
4.36578e-05
4.41304e-05
5.72418e-05
5.63821e-05
4.94866e-05
9.73194e-05
9.99829e-05
9.62013e-05
8.43895e-05
0.000153907
0.00011213
0.000100045
5.4873e-05
3.45529e-05
3.74673e-05
2.38564e-05
4.86083e-07
3.56104e-07
3.34769e-06
2.43976e-06
2.15639e-05
1.04223e-05
3.46324e-06
7.53783e-08
2.82772e-05
3.2599e-05
7.08759e-05
6.45606e-05
1.84705e-05
2.06578e-05
2.00803e-05
1.07705e-05
9.51541e-06
2.12532e-05
2.26566e-05
2.48125e-05
2.44732e-05
2.2395e-05
1.48648e-06
6.08426e-06
8.1562e-05
8.14242e-05
4.02572e-05
6.35825e-05
0.00015808
0.000194495
0.000226588
0.000289835
0.000234523
0.000289136
0.000395364
0.000545298
0.000324474
0.000305692
0.000388867
0.000374196
0.000434746
0.000381207
0.000474185
0.000770426
0.00066494
0.000363713
0.000731443
0.000466157
0.000877837
0.000459719
0.00086946
0.000730789
0.000616638
0.00108489
0.000916131
0.00065569
0.000736616
0.000613108
0.000789196
0.000871243
0.0210694
0.0135658
0.00777264
0.00403359
0.00204506
0.00107203
0.000476455
0.000226372
7.69884e-05
3.64371e-05
2.01795e-05
5.49668e-06
3.45353e-06
9.99703e-07
1.51492e-07
1.23476e-07
2.89699e-07
1.62395e-08
6.40408e-08
9.86811e-07
1.33856e-07
8.45135e-07
1.50603e-06
6.92496e-07
5.08124e-06
0.000101316
7.49421e-05
2.45343e-05
1.61282e-05
1.19748e-05
7.49564e-06
1.42222e-06
2.27041e-06
5.4843e-06
0.00560109
0.00526302
0.0049678
0.00467001
0.00361323
0.00325849
0.00286169
0.00266581
0.00252483
0.0024487
0.0022095
0.0020059
0.00167879
0.0015746
0.00129033
0.00105006
0.000893149
0.000853603
0.000602559
0.000517885
0.000245987
0.000261084
8.56395e-05
5.99533e-05
1.50656e-06
7.46465e-06
5.27789e-06
7.92156e-05
9.1973e-05
0.000371584
0.000411091
0.000454192
0.00109663
0.0011343
0.00076097
0.0010488
0.00113222
0.000960813
0.000983656
0.000854104
0.000585073
0.000693154
0.000555751
0.000500056
0.000391162
0.00042537
0.000424857
0.000372017
0.000390653
0.000350656
0.000297401
0.000331748
0.00023868
0.000187149
0.000209665
0.000215411
0.000155464
0.000175071
0.00010934
9.51459e-05
7.50773e-05
1.72431e-06
4.9979e-06
1.15073e-07
1.32799e-05
4.38118e-06
1.06269e-08
2.02412e-06
9.52348e-07
1.29655e-05
5.23495e-06
2.80411e-05
3.29976e-05
2.36566e-05
4.00977e-05
2.30334e-05
2.08186e-05
7.95491e-05
5.90991e-05
0.000118751
3.71229e-05
6.07073e-05
9.7178e-05
7.54451e-05
4.66978e-05
5.13954e-05
2.55955e-05
8.42252e-05
6.92085e-05
0.000160896
0.0001545
0.000109426
0.00015414
0.000160902
0.000128332
0.000288495
0.000151335
0.000191155
0.000228914
0.000234193
0.000166585
0.000125818
0.000270956
0.00043549
0.000265574
0.000278643
0.000374245
0.000459063
0.000391051
0.000552092
0.000303133
0.000485837
0.000384909
0.000493318
0.000550745
0.000310309
0.000486374
0.000649327
0.000438793
0.000555275
0.000591666
0.000486223
0.000343263
0.000523608
0.000405377
0.000155968
4.67189e-05
0.000186988
0.000318628
0.000428183
0.000520914
0.00022354
0.000322006
0.000158515
0.000247079
0.000218459
0.00029562
0.000317639
0.000478587
0.000323827
0.000432977
0.000387541
0.000527269
0.000755191
6.2861e-05
0.000934004
0.000134494
0.000162784
0.000242031
0.000260044
0.00029773
0.000230887
0.000273375
0.00038813
0.000392652
0.000413613
0.00042773
0.000417131
0.000416151
0.000328595
0.000335672
0.000375603
0.000371553
0.00038606
0.000389274
0.000393553
0.00038838
0.00034734
0.00036371
0.000414006
0.00038391
0.000457319
0.000456224
0.000372424
0.000366197
0.000352819
0.000365991
0.000333609
0.000369954
0.000382464
0.000367496
0.000382488
0.000376497
0.000352466
0.000341052
0.000352402
0.00034045
0.000291622
0.000277145
0.000336958
0.000347327
0.000331148
0.000347833
0.000357568
0.000353479
0.000268208
0.000271669
0.000382766
0.000391106
0.000379858
0.000304982
0.00031375
0.000309471
0.000340418
0.000333443
0.000330697
0.00033834
0.000329503
0.000270386
0.000258752
0.000284147
0.000286313
0.000281682
0.000266475
0.000266927
0.000250949
0.000248868
0.000182718
0.000167042
0.000154377
0.000186107
0.0001831
0.000175492
0.000134021
0.00012866
0.000116238
0.000106014
8.98756e-05
0.000118645
0.000115801
0.000106146
8.03418e-05
7.60502e-05
6.58316e-05
7.47434e-05
7.18217e-05
5.95741e-05
3.13619e-05
2.52265e-05
2.30914e-05
1.99168e-05
1.17824e-05
9.68543e-06
6.39381e-06
4.18377e-06
3.10363e-06
8.06084e-08
1.75094e-07
1.10271e-06
2.17522e-06
4.28374e-06
5.86193e-06
7.64758e-06
7.78175e-06
1.77393e-05
2.07974e-05
2.38601e-05
2.35627e-05
3.01249e-05
3.25048e-05
3.69362e-05
4.15274e-05
5.26997e-05
5.60034e-05
6.29564e-05
6.19041e-05
6.36915e-05
6.57031e-05
7.11591e-05
7.18763e-05
7.27179e-05
7.83555e-05
8.53923e-05
9.54276e-05
9.81401e-05
9.52395e-05
9.69064e-05
9.38639e-05
9.29138e-05
9.49479e-05
0.00010607
0.00010677
0.000118753
0.000121123
0.000126418
0.000126383
0.000131219
0.000183152
0.000172302
0.000166175
0.000159319
0.000157859
0.000153634
0.000152222
0.000153052
0.000152674
0.000151014
0.000148953
0.000149235
0.000156715
0.000158529
0.000143921
0.000141317
0.000144338
0.000143959
0.000142583
0.00014018
0.000140044
0.000139602
0.000142235
0.000154927
0.000160537
0.000147595
0.000145067
0.000146627
0.000144724
0.00017212
0.000177068
8.62544e-05
8.62657e-05
8.62621e-05
8.62504e-05
8.62768e-05
8.6228e-05
8.61675e-05
8.6169e-05
8.61731e-05
8.62486e-05
8.77657e-05
8.77516e-05
8.80243e-05
0.00390475
0.00365028
0.000566807
0.000566167
0.000769306
0.000635495
0.0018331
0.00164784
0.0017068
0.00156419
0.00143726
0.001295
0.000898203
0.000829894
0.000730448
0.000311519
0.000251163
0.000119023
8.96195e-05
2.07775e-05
1.28953e-05
1.78554e-05
9.36536e-06
1.90125e-08
5.97949e-07
8.12368e-06
1.24107e-05
1.0587e-05
1.49868e-05
3.61353e-05
3.83914e-05
8.96068e-05
9.33752e-05
0.000170275
0.000169916
0.000155876
0.000153877
0.000160646
0.000161349
0.000151557
0.000122855
0.00012054
0.00022148
0.000197358
0.000109944
8.61191e-05
8.29901e-07
0.00163889
0.00130935
0.000917253
0.000710637
0.000557591
0.000429345
0.000641421
0.000490667
0.000434407
0.000323451
0.000282787
0.000218152
0.000156226
9.02712e-05
6.17886e-05
9.82262e-05
2.55086e-05
1.23981e-05
5.0417e-05
3.04233e-05
1.17135e-05
4.67433e-06
2.68213e-05
1.34983e-05
4.90381e-06
5.38505e-07
2.87512e-07
1.38973e-07
1.47841e-05
1.73004e-05
8.7798e-07
2.63785e-08
3.04857e-08
1.86935e-05
0.00368683
0.00303623
0.00172156
0.00131646
0.00109632
0.000796811
0.000614411
0.000905743
0.000671161
0.000557749
0.000568117
0.000408438
0.000342514
0.000236105
0.00020256
1.88413e-05
7.48186e-06
1.32114e-06
1.89153e-06
4.19317e-06
9.7495e-06
7.90395e-05
4.79167e-05
4.46874e-05
2.50941e-07
2.76555e-06
2.18239e-06
2.64397e-05
3.58029e-05
2.81015e-05
2.11047e-05
2.65861e-05
1.44309e-07
2.36726e-06
5.21972e-05
3.04587e-05
3.00124e-06
1.12888e-07
5.15352e-07
2.27818e-05
3.03001e-05
2.13959e-05
5.99395e-05
3.55319e-05
5.43487e-06
1.02354e-05
3.87602e-06
4.3396e-07
7.85825e-07
1.25034e-07
1.64692e-06
6.00271e-06
9.86436e-07
7.80285e-07
2.21387e-07
0.000326256
0.000944476
0.000683501
0.0005437
1.3666e-05
0.000251078
0.00189835
0.00135194
0.00104238
0.00066281
0.000448932
0.000368531
0.000249327
0.000135202
9.51351e-05
0.000130913
7.93393e-05
6.29353e-05
6.84851e-05
4.24385e-05
9.58835e-06
4.56295e-06
2.51096e-06
1.47984e-07
7.12489e-07
2.69119e-06
1.91679e-07
1.03178e-06
1.00804e-05
3.45476e-06
5.65111e-06
2.96359e-06
1.04906e-06
3.52824e-06
3.15062e-06
7.59324e-07
3.05689e-06
3.9144e-07
1.24285e-06
1.48008e-06
3.50102e-06
1.12073e-05
3.48519e-06
9.94863e-06
1.91814e-05
1.32902e-05
0.00144751
0.00109995
0.000734966
0.00272577
0.00242538
0.00121124
0.00152285
0.000658216
0.000614699
0.000355508
4.7129e-05
3.97247e-07
4.41681e-05
4.00043e-05
0.000192978
8.64228e-05
0.000102489
0.000101294
7.83387e-05
9.20847e-05
6.4813e-05
5.39035e-05
6.21468e-05
4.81661e-05
4.0045e-05
5.17901e-05
6.4624e-05
5.27432e-05
6.06648e-05
4.57952e-05
3.79889e-05
4.14163e-05
5.08017e-05
2.6507e-05
3.38331e-05
3.07952e-05
2.06448e-06
2.6012e-06
8.89364e-06
7.01243e-07
1.72713e-06
1.56167e-06
1.7758e-08
3.39497e-06
1.45829e-06
8.79978e-06
1.68881e-05
3.26961e-05
1.83387e-05
2.90173e-05
6.15781e-05
5.79794e-05
6.60192e-05
2.84535e-05
4.56726e-05
8.06059e-05
0.000190953
4.91942e-05
0.00019178
0.000182447
0.000168375
0.000235349
0.000236002
0.000331738
0.00069111
0.000538962
0.00045371
0.000309906
0.00028957
0.000238214
0.000168646
0.000121982
9.24501e-05
5.50295e-05
2.91637e-05
1.75853e-05
4.50578e-06
8.14392e-07
2.59438e-08
3.09745e-06
2.41111e-06
3.00605e-05
5.32799e-05
6.02189e-05
7.19332e-05
0.000106099
0.000143326
0.0001844
0.00023432
0.000234108
0.000362296
0.000387352
0.00044409
0.000448528
0.000473143
0.000561573
0.000674111
0.000702566
0.000796172
0.000737548
0.00076087
0.000821926
0.000775346
0.000850841
0.000993486
0.00110791
0.00122021
0.00120613
0.00123
0.00130462
0.00138411
0.00142754
0.00149921
0.00145758
0.00126915
0.00126393
0.00133083
0.00129597
0.00153712
0.00151824
0.00141388
0.00141663
0.00142734
0.00160238
0.00152995
0.00143651
0.00144806
0.00136759
0.0014742
0.00135901
0.00110436
0.00112485
0.00106209
0.00119603
0.00110322
0.000987111
0.000945562
0.00107434
0.00100844
0.000878109
0.000818347
0.000766892
0.000855673
0.00076761
0.000718493
0.000741188
0.000683763
0.000783248
0.000706032
0.000630525
0.000642637
0.00059825
0.000502275
0.000498207
0.000446357
0.000552392
0.000501961
0.00045589
0.000338134
0.000323232
0.000282582
0.000317535
0.000258436
0.000212729
0.000181211
0.000169576
0.0001539
0.000114007
9.54805e-05
8.40876e-05
5.92978e-05
3.43328e-05
2.21766e-05
2.03809e-05
1.54011e-05
4.71232e-06
2.33482e-06
1.10456e-07
2.60736e-06
3.56551e-06
7.7945e-06
1.67857e-05
2.2946e-05
3.66024e-05
4.24366e-05
5.37077e-05
6.5153e-05
7.51782e-05
8.00843e-05
8.84254e-05
9.17415e-05
0.000104592
0.000108436
0.000119754
0.000124605
0.000133438
0.000134444
0.000160736
0.000164498
0.000156423
0.00015719
0.000171067
0.000172659
0.000189414
0.000197746
0.000206472
0.000222391
0.000222642
0.000227605
0.000172434
0.000181081
0.000181375
0.000144279
3.78112e-05
5.73492e-05
0.000622535
0.000566858
0.0017565
0.000485065
0.00036157
0.000335447
0.000710785
0.000183795
0.000106853
0.000270868
0.000469443
0.000488088
1.70747e-05
2.75212e-05
0.000541667
0.000401461
0.000353038
0.000284518
0.000204132
0.000533012
0.000418883
0.000493862
0.000390739
0.000166554
0.000133723
0.000220565
0.000212191
0.000193527
6.58211e-05
4.44043e-05
1.11344e-06
1.91546e-08
9.80485e-08
1.62742e-06
9.30576e-07
5.34533e-06
1.60738e-05
1.67411e-05
2.214e-05
8.65086e-06
7.57057e-06
4.36635e-06
6.72648e-06
8.32953e-06
5.0405e-06
7.36637e-06
4.16775e-06
1.1888e-05
1.0892e-05
2.78587e-05
2.70948e-05
7.5022e-06
6.72518e-06
8.49473e-05
8.36109e-05
7.49228e-05
3.11452e-06
7.00734e-06
1.25186e-06
4.15111e-06
3.637e-06
1.31775e-06
1.52043e-07
1.63661e-08
2.6814e-06
4.42057e-07
7.80125e-05
4.27313e-05
8.88345e-05
4.93224e-05
7.28991e-06
1.0547e-05
6.86531e-06
4.79047e-07
1.03678e-06
8.13209e-07
1.5568e-05
7.45132e-06
1.1343e-05
1.15299e-05
7.79831e-05
6.7765e-05
6.27601e-05
0.000126689
9.35667e-05
6.93862e-05
6.33638e-05
5.55652e-05
3.09196e-05
2.19867e-05
9.68197e-06
5.97283e-06
2.3552e-07
5.79859e-06
1.28534e-05
1.32975e-05
2.4304e-05
1.64851e-05
1.03922e-05
2.09972e-05
5.00845e-08
1.01995e-06
2.45413e-05
9.02702e-05
0.000140864
9.11977e-05
8.96829e-05
0.000107879
2.96046e-05
4.14773e-05
6.65235e-05
8.25692e-05
6.91679e-05
4.63304e-05
5.77506e-05
5.15353e-05
5.58394e-05
3.69434e-05
4.96614e-05
4.60765e-05
8.38751e-05
8.63829e-05
9.72875e-05
5.45169e-05
6.69075e-05
8.77738e-05
0.000101515
6.71569e-05
7.76382e-05
0.00010024
0.000111841
5.38835e-05
6.22202e-05
0.000100693
9.96667e-05
0.000111248
0.000116821
8.86897e-05
9.38676e-05
8.39278e-05
8.80978e-05
5.17452e-05
5.52183e-05
4.68342e-05
6.82005e-05
6.97815e-05
5.10842e-05
4.07342e-05
3.9458e-05
3.72651e-05
4.19419e-05
3.99743e-05
2.23755e-05
2.07156e-05
1.71626e-05
1.18232e-05
1.07568e-05
9.23204e-06
8.00092e-06
7.44304e-06
4.42278e-06
4.28491e-07
6.347e-07
9.44902e-07
0.000275949
0.016347
0.0144162
0.0129404
0.010979
0.00868105
0.0112319
0.00613103
0.00721439
0.00590012
0.000275625
0.000346875
0.000587505
0.000919621
0.000735683
0.000570156
0.000707789
0.000611112
0.00071374
0.000712191
0.000712638
0.000608557
0.000532944
0.000615056
0.000513583
0.000420537
0.000357773
0.000230145
0.000167304
0.000182046
4.38993e-05
2.3319e-05
9.75397e-06
1.90786e-05
1.29096e-07
0.000163412
0.000163072
0.000673932
0.000701968
0.00041547
0.000929043
0.000964949
0.000996153
0.000944633
0.000645865
0.000555166
0.000441518
0.000451578
0.000327849
0.000287493
0.000326263
0.000285968
0.000238414
0.000164602
0.000132766
0.0001269
0.000121349
0.000136446
5.83249e-05
6.2741e-05
4.73731e-05
4.63993e-05
1.2147e-05
1.35572e-05
8.5017e-06
7.0181e-06
1.01659e-06
8.40209e-06
8.67202e-07
2.08819e-07
1.45537e-05
1.69979e-05
7.36929e-06
4.83707e-06
3.07012e-05
1.58232e-05
9.10874e-06
1.80966e-05
2.15554e-05
1.41403e-05
2.00158e-05
4.73216e-05
6.91476e-05
0.000102372
7.39376e-05
2.99326e-05
3.35231e-05
0.000110719
6.27863e-05
0.000162786
0.000141072
0.000247071
0.000239761
0.000153743
9.08047e-05
0.000128516
0.000156226
0.000207348
0.000269741
0.000360356
0.000423821
0.000366467
0.000409551
0.000521355
0.000607462
0.000348529
0.000603554
0.000440698
0.000780084
0.00050676
0.000632595
0.000725787
0.000466469
0.000664005
0.000587221
0.000834231
0.000757277
0.000823682
0.000673041
0.000820698
0.000676784
0.000764945
0.00104172
0.000709027
0.000853088
0.000672597
0.00109317
0.000722414
0.000990592
0.000612795
0.000681052
0.000875167
0.000721525
0.000714522
0.000474854
0.000484982
0.000472728
0.000589498
0.000650768
0.000826141
0.00100574
0.000939266
0.000512521
0.000459599
0.000550029
0.000946946
0.000533694
0.00080504
0.000369518
0.000355261
0.000812219
0.000438504
0.000427834
0.00042852
0.000490943
0.000486136
0.000426057
0.000439982
0.000436579
0.000381876
0.00022538
0.000443797
0.000266067
0.000265484
0.000220066
0.000229065
0.000485021
0.000286531
0.000441472
0.000272481
0.000443651
0.000443024
0.000412963
0.000415258
0.000355786
0.000217484
0.000437655
0.000293062
0.000291184
0.000421504
0.00028852
0.000368237
0.000365729
0.000320038
0.000265511
0.000331576
0.000321137
0.000289672
0.000292537
0.000269158
0.00027575
0.000263901
0.000186058
0.000191302
0.000275708
0.00028002
0.000268229
0.000261454
0.000271222
0.00026751
0.000295584
0.000295535
0.000292837
0.000293224
0.000296796
0.000279399
0.000308942
0.000317069
0.000301018
0.000268939
0.000253022
0.000248016
0.000242618
0.000194936
0.000188739
0.00022113
0.000209854
0.00024051
0.00024209
0.00022842
0.000178078
0.000175473
0.000169876
0.000182403
0.000182852
0.000176235
0.000170807
0.000151166
0.000138086
0.000119322
0.000116834
0.000108792
0.000102122
9.90833e-05
9.43464e-05
8.91601e-05
6.74851e-05
5.57635e-05
5.36796e-05
4.91229e-05
4.14685e-05
3.44826e-05
3.03341e-05
2.5435e-05
1.62439e-05
1.21831e-05
1.46678e-05
1.15058e-05
8.75179e-06
6.30694e-06
4.11302e-06
3.10114e-06
1.47233e-06
1.56012e-06
1.09658e-06
2.29804e-07
8.47062e-07
1.8809e-06
1.89026e-06
4.02534e-06
5.88631e-06
7.10641e-06
9.79559e-06
1.11903e-05
1.37584e-05
1.79539e-05
2.02831e-05
3.38828e-05
3.70359e-05
4.16563e-05
3.21005e-05
3.30002e-05
3.59851e-05
4.51692e-05
4.65631e-05
4.59425e-05
5.06456e-05
5.144e-05
5.54884e-05
6.08805e-05
6.1641e-05
6.60444e-05
7.66289e-05
7.80463e-05
8.34195e-05
8.5051e-05
8.74462e-05
0.000101876
0.000104328
8.96618e-05
8.90233e-05
9.07142e-05
9.63519e-05
9.83011e-05
9.96827e-05
0.000100143
9.15726e-05
9.08308e-05
9.3138e-05
6.72543e-05
6.75186e-05
6.96223e-05
6.7371e-05
6.9158e-05
7.02871e-05
6.79049e-05
6.74691e-05
6.99397e-05
6.90316e-05
6.97014e-05
7.49778e-05
7.36233e-05
7.28265e-05
7.21347e-05
7.40399e-05
6.43213e-05
6.33149e-05
6.43629e-05
6.78605e-05
6.70005e-05
6.97794e-05
6.33467e-05
6.24165e-05
6.3103e-05
6.04384e-05
6.20652e-05
6.4502e-05
6.43486e-05
5.82323e-05
5.88773e-05
6.33975e-05
6.34617e-05
6.928e-05
7.33408e-05
5.69188e-05
6.03191e-05
5.18568e-05
5.2658e-05
5.6761e-05
5.68764e-05
5.74897e-05
0.000115756
0.000114322
0.000117366
0.000118481
0.000118333
0.000118467
0.000120468
0.000115657
0.000118686
8.66268e-05
8.64652e-05
7.60446e-05
7.66666e-05
7.55586e-05
0.000116019
0.000115337
1.33413e-05
3.41923e-06
3.41837e-05
4.92798e-05
0.0016985
0.00147937
0.00233082
0.00212326
0.00162111
0.00148689
0.00266485
0.00238245
0.000665921
0.000573167
0.00037632
0.000317261
0.000302402
0.000254827
0.000240365
9.85085e-05
8.01175e-05
0.000140638
9.63816e-05
4.62153e-06
7.77328e-06
6.24612e-06
9.58845e-06
1.19142e-05
8.27475e-06
9.13215e-05
8.86332e-05
4.02223e-05
3.98551e-05
3.60346e-06
2.64369e-07
3.52847e-07
8.9711e-05
8.28697e-05
6.93405e-05
5.7679e-05
1.62888e-06
5.07647e-06
2.99769e-05
4.38858e-05
4.28091e-05
6.72728e-06
2.50835e-05
4.26653e-06
1.11069e-05
8.13726e-05
8.50445e-05
0.000157437
0.000167447
0.000178398
3.29304e-06
4.62622e-10
1.45713e-08
4.36949e-06
1.32337e-05
1.00944e-05
2.10554e-06
6.8606e-06
8.63407e-06
1.78237e-08
9.67283e-07
1.2366e-06
7.20693e-06
1.73971e-06
1.51987e-06
1.59777e-05
2.43558e-05
4.5077e-06
7.53461e-06
7.03417e-05
8.0779e-05
7.02268e-05
4.6412e-05
4.95277e-05
8.78753e-05
9.04318e-05
7.10716e-06
9.02425e-06
3.08362e-05
3.13919e-05
3.14429e-05
3.36926e-05
2.94284e-05
7.58153e-05
7.56307e-05
7.16894e-05
7.50797e-05
6.97088e-05
5.72555e-05
7.68062e-06
6.14672e-06
4.84917e-06
9.98228e-06
7.04596e-06
5.46638e-06
7.41273e-08
1.51073e-06
8.55127e-07
2.00218e-07
1.28895e-06
2.47766e-08
3.27242e-08
2.18785e-06
8.79234e-06
2.02396e-05
3.84257e-05
2.28035e-05
4.76159e-05
4.43794e-05
7.68286e-05
0.0001035
0.000118318
0.000175977
0.000172307
8.44348e-05
0.00014012
0.00014156
0.000218106
0.000242595
0.000353386
0.000348969
0.000294001
0.000261406
0.00179925
5.70505e-05
0.0016611
0.00125758
0.000987161
0.000900477
0.00112456
0.00087665
0.000788964
0.000502944
0.000370623
0.000327916
0.000313569
0.000211835
0.000198941
0.000161547
0.000100275
9.53786e-05
8.51204e-05
4.7748e-05
1.81573e-05
6.68509e-06
1.78371e-05
4.31115e-06
6.17934e-06
9.67886e-07
1.98005e-07
6.48401e-06
3.08605e-07
4.67908e-07
8.89131e-09
2.97853e-06
1.31061e-06
1.90288e-09
1.94131e-05
3.08569e-05
4.85924e-05
3.52636e-05
3.31157e-06
1.16151e-05
8.48988e-06
2.2612e-05
3.80881e-05
2.46122e-05
2.9319e-05
3.70007e-05
5.18831e-05
5.64153e-05
1.68016e-05
2.93368e-05
2.29125e-05
9.79343e-06
9.20918e-06
6.39782e-06
0.0357466
0.0319572
0.0282372
0.0248177
0.021483
0.017861
0.0149428
0.011946
0.00944452
0.00726475
0.00540417
0.004065
0.00513517
0.00429573
0.00392307
0.00266202
0.00261402
0.00159317
0.00137268
0.000703633
0.000575215
0.000542021
4.71702e-05
0.000163003
2.68941e-07
1.22813e-06
7.22231e-06
3.08886e-07
6.22019e-06
1.97507e-06
3.57799e-06
1.69495e-06
5.56653e-06
7.40174e-06
3.32936e-06
3.61699e-07
1.67842e-06
1.17751e-06
2.46099e-07
2.01668e-06
3.43633e-06
4.95733e-06
6.4739e-07
1.96671e-06
6.72632e-07
3.39429e-06
1.19998e-06
1.3939e-05
1.1078e-05
1.40646e-05
1.58662e-05
1.96607e-05
3.55479e-05
5.05426e-05
7.21241e-05
7.18822e-05
4.35756e-05
9.46339e-05
0.000172354
0.000162887
0.000146233
0.000219907
0.000218118
0.00025375
0.000213202
0.000283467
0.000315122
0.000330797
0.000305476
0.000361535
0.000295188
0.000360167
0.000284164
0.000300577
0.00033886
0.000284173
0.000389807
0.00034324
0.000408083
0.000323906
0.00171996
0.00151011
0.0012687
0.00100624
0.000779183
0.000538911
0.000448109
0.000344117
0.000234751
0.000235627
0.000161059
0.000100512
4.71998e-05
4.44109e-05
1.71543e-05
8.01132e-07
4.07799e-06
3.83772e-07
9.14616e-06
1.72488e-05
3.84253e-05
4.36301e-05
5.74562e-05
7.2679e-05
9.32103e-05
0.000118014
0.000186843
0.000210395
0.000255326
0.000248435
0.000271272
0.000331065
0.000318419
0.000340681
0.00039209
0.000436163
0.000460566
0.000535067
0.000548484
0.000573516
0.000659748
0.000695507
0.000720644
0.000821453
0.000831052
0.00092473
0.00101716
0.00104861
0.00107458
0.00117602
0.00130255
0.00143706
0.0013492
0.00149527
0.001525
0.00142956
0.00151041
0.00141606
0.00132072
0.00135191
0.00124017
0.00124917
0.00118827
0.0011506
0.00107654
0.00108125
0.00101095
0.00107734
0.000936471
0.000882118
0.000761877
0.0006804
0.000853723
0.000831778
0.000705092
0.000665119
0.000646269
0.00062423
0.000534565
0.000645297
0.000612544
0.000417867
0.000505575
0.000391804
0.000350292
0.000277486
0.000229514
0.000239708
0.00020867
0.000176772
0.000139657
0.00012318
0.000111836
8.14378e-05
6.01602e-05
3.78677e-05
3.91019e-05
3.30863e-05
1.71367e-05
1.53737e-05
6.32713e-06
1.66462e-06
1.50136e-07
1.57895e-07
2.01305e-06
8.03457e-06
1.22906e-05
1.78897e-05
2.28266e-05
3.11053e-05
3.71475e-05
4.28484e-05
5.46443e-05
6.49132e-05
6.7752e-05
7.59253e-05
8.12502e-05
8.35018e-05
9.34811e-05
0.000108509
0.000105872
0.000122763
0.000125081
0.000129255
0.000139627
0.000150549
0.000152697
0.000157756
0.000157293
0.000162412
0.000170751
0.000172922
0.000173492
0.000173684
0.000182778
0.000195365
0.000198914
0.000216263
0.000217524
0.000223566
0.000204262
0.000203513
0.000208094
0.000202791
0.000115031
0.000106481
0.000954547
0.00113246
0.00241341
0.000419561
0.000509259
0.000372035
0.00140306
0.00139369
0.00127176
0.0014989
0.00152216
0.00113933
0.00115185
0.000269769
8.17651e-05
4.50293e-05
0.000562498
0.000426129
0.000624667
0.000479756
0.000432783
0.000335245
0.000159672
0.000111433
8.76496e-05
4.90289e-05
8.43613e-06
5.82945e-05
7.98364e-05
0.000106914
9.34873e-05
0.000211973
0.000223554
8.79423e-07
5.12688e-06
7.82818e-05
9.68961e-05
4.76246e-06
1.30153e-05
9.80266e-06
3.96419e-05
5.478e-05
5.29151e-05
0.000192178
0.000201243
0.000182122
0.000194317
8.9243e-05
0.000104267
0.000177996
0.000185024
9.83833e-05
7.61443e-05
4.57086e-05
4.88529e-05
6.32289e-05
3.0242e-05
7.67479e-05
4.9155e-05
0.00010971
7.3022e-05
6.22334e-05
4.04977e-05
3.13479e-05
6.73763e-06
7.93149e-07
6.37227e-07
1.96768e-06
1.48469e-06
8.76493e-08
2.04541e-08
2.37909e-06
2.11113e-06
2.65539e-06
8.19985e-06
7.06801e-06
5.53513e-06
5.71865e-08
2.23387e-06
3.09846e-06
5.48691e-06
2.50266e-05
1.50781e-05
6.42668e-05
0.000127325
0.000136217
0.000108223
0.000125781
0.000412682
0.00042144
0.000181077
0.00035438
0.000255831
0.000449675
0.000189647
0.000267509
0.000246136
0.000260609
0.000276619
0.00037326
0.000358507
0.000490234
0.000453311
0.000381822
0.000612537
0.000615473
0.000805812
0.000724114
0.000519478
0.000635069
0.000557318
0.00053268
0.00112119
0.00100116
0.000557122
0.000746786
0.000633934
0.000926869
0.00110568
0.000875897
0.00107711
0.00110622
0.00141149
0.00119553
0.00114692
0.00135343
0.00111375
0.000922904
0.00183902
0.0015189
0.000886005
0.00185051
0.00149709
0.000677065
0.000923634
0.000812025
0.0316599
0.0228843
0.0147975
0.00865325
0.00446471
0.00225687
0.00119846
0.000523125
0.000226618
8.78315e-05
9.84575e-06
1.206e-06
1.65735e-06
2.5492e-05
5.49514e-06
1.89977e-06
4.0155e-06
4.783e-07
8.16357e-06
8.4625e-06
4.14553e-06
3.52543e-06
6.26828e-07
5.40705e-06
7.30576e-07
2.71673e-09
0.000115577
0.000102754
0.000136399
7.20289e-05
4.7297e-05
3.84255e-05
1.10597e-05
1.20637e-05
9.00716e-06
4.35556e-06
6.76091e-06
7.78676e-07
1.85028e-06
5.52052e-10
2.48255e-08
8.86591e-07
4.05834e-08
3.99344e-06
6.238e-06
1.49732e-06
0.0128375
0.0121127
0.0107007
0.00913056
0.00901319
0.00787026
0.00694595
0.00674769
0.00597728
0.00557376
0.00522217
0.00501692
0.00458299
0.0039691
0.00345949
0.00305092
0.00264619
0.00229108
0.00207198
0.00167894
0.00145658
0.00132343
0.000877041
0.000732587
0.000761658
0.000314371
0.000390123
0.000233076
0.000226336
1.96699e-05
5.99675e-06
2.16792e-05
5.45236e-05
4.28593e-05
0.000243124
0.000282016
0.000335331
0.000338103
0.000201687
0.000219498
0.000260793
0.000164983
0.000138408
0.000151623
0.000141309
0.00012714
0.000124388
0.000116465
0.000109437
8.93913e-05
9.65972e-05
7.23181e-05
5.57995e-05
5.59063e-05
4.96459e-05
2.96299e-05
2.76064e-05
2.39794e-05
3.61739e-05
1.80446e-05
1.27361e-05
8.68761e-06
2.43669e-05
1.53503e-05
4.46879e-09
3.88306e-07
1.5428e-06
3.63866e-06
1.65952e-05
5.64859e-05
2.19835e-05
6.63035e-05
8.46372e-05
8.7628e-05
8.73561e-05
0.000111488
8.42635e-05
8.33811e-05
6.33084e-05
0.000103717
0.000161412
0.000252198
0.000111307
0.000265895
0.000301419
0.000254243
0.000279296
0.000170752
0.000278385
0.000236367
0.000291501
0.00023843
0.000250422
0.000436182
0.000311398
0.000375939
0.000365299
0.000276729
0.000303817
0.00022068
0.000323178
0.000374165
0.000572938
0.000279463
0.000418767
0.00040904
0.000591235
0.000435587
0.000750643
0.000514568
0.000725199
0.000549952
0.000499301
0.000331235
0.000358023
0.000807964
0.000655211
0.000812776
0.000523092
0.000687847
0.000843479
0.000387119
0.000491528
0.000415624
0.000528252
0.000434839
0.000554794
0.000639615
0.000587684
0.000801276
0.000485875
0.000668958
0.000517195
0.000649682
0.000743016
0.000506382
0.00062458
0.000697432
0.000546798
0.000739105
4.21144e-05
1.67732e-05
0.00060933
5.55985e-07
3.72221e-06
1.55289e-05
4.00993e-05
6.6113e-05
0.000148505
0.000178554
0.000228192
0.000216975
0.000283476
0.000432754
0.000471836
0.000539188
0.000558231
0.000595336
0.000651524
0.000630597
0.000718922
0.000703766
0.000736788
0.00073055
0.000717638
0.000719066
0.000789895
0.000817306
0.000802297
0.000777679
0.000780408
0.000714068
0.000740452
0.000729262
0.000670011
0.000695665
0.000688811
0.000857769
0.000843986
0.00079329
0.000591378
0.000615079
0.000611093
0.000655172
0.000656989
0.000722971
0.000670969
0.000643865
0.000612536
0.00072244
0.000738491
0.00072095
0.000591094
0.000561619
0.000547641
0.000491813
0.00048527
0.000558368
0.000550801
0.000548029
0.000550477
0.000553049
0.000557408
0.000428272
0.000414843
0.000450627
0.000443078
0.000423683
0.000405318
0.000421495
0.000408918
0.000397631
0.000283363
0.000267298
0.000298315
0.00029297
0.00027594
0.000259908
0.000253766
0.000221847
0.000214304
0.000184667
0.000162074
0.000147975
0.000144996
0.000112294
9.79464e-05
9.42784e-05
8.24731e-05
7.3819e-05
5.87416e-05
5.26593e-05
3.70043e-05
3.10734e-05
2.34505e-05
1.93384e-05
1.59998e-05
1.09787e-05
3.41746e-06
1.56045e-06
7.17036e-07
2.2195e-08
4.90464e-07
1.21577e-06
2.53019e-06
4.18307e-06
7.18587e-06
8.86723e-06
1.17798e-05
1.74471e-05
1.96625e-05
2.18805e-05
2.04093e-05
3.62809e-05
3.24607e-05
3.4787e-05
4.28925e-05
4.48827e-05
5.09229e-05
4.62494e-05
4.66531e-05
4.89061e-05
5.94001e-05
6.03808e-05
6.48826e-05
7.19615e-05
7.00082e-05
7.43648e-05
7.55271e-05
7.19194e-05
7.37355e-05
7.90128e-05
8.04838e-05
9.18856e-05
9.20243e-05
9.27768e-05
9.45709e-05
8.91625e-05
8.76846e-05
8.97767e-05
0.000105853
9.75319e-05
0.000175031
0.000158534
0.000102208
0.000159933
0.000154302
0.00014989
0.000144721
0.000145504
0.00014385
0.00014481
0.000133926
0.00013073
0.000138602
0.00013947
0.000137629
0.000132178
0.000131112
0.000130585
0.0001295
0.000127077
0.000129243
0.000116055
0.000149123
0.000154915
7.52672e-05
7.52639e-05
7.52617e-05
7.52093e-05
7.51837e-05
7.51834e-05
7.51807e-05
7.52043e-05
7.62232e-05
7.57707e-05
7.67267e-05
7.66828e-05
7.70234e-05
0.000434278
0.000473441
0.00239259
0.00228757
0.00203219
0.000298808
0.000247731
0.000712519
0.000533769
0.000463932
0.000170912
0.000132762
0.000124698
0.000122085
3.67052e-06
1.0425e-06
0.000161891
0.000171021
0.00015738
0.000113679
0.000124505
9.996e-05
0.000103262
0.000111351
9.12467e-05
0.000179721
0.000190299
0.000329097
0.000323465
0.000398439
0.000382793
0.000270593
0.000257245
0.000546594
0.000396497
0.000374626
0.000382863
0.000367464
0.000320247
0.000229034
0.000307874
0.00029136
0.000254881
0.000231721
0.000217561
0.000354494
0.000329519
0.000287668
0.000153534
0.00168787
0.00129631
0.00131284
0.00105834
0.000762175
0.000589106
0.00044524
0.000399468
0.000334745
0.000247295
0.000306632
0.000220331
0.000201645
0.00017518
0.000124556
0.000101544
7.1667e-05
8.46104e-05
5.28903e-05
4.50804e-05
6.12764e-05
3.5983e-05
3.62343e-05
4.9825e-07
5.24297e-07
5.62985e-07
2.46183e-06
7.12354e-06
5.10448e-06
4.07188e-06
2.58668e-07
1.0156e-06
1.95138e-07
7.34432e-05
8.69532e-05
6.95212e-05
3.46518e-05
2.36558e-05
3.95502e-05
3.3705e-05
2.687e-05
1.00116e-05
0.00407886
0.00268099
0.00209743
0.00160557
0.00134028
0.000852944
0.000633565
0.000250429
0.000170683
0.000196231
0.000352734
0.000256531
0.000481618
0.000344599
0.000283181
4.37996e-05
2.39376e-05
2.11959e-05
0.000146346
0.000201935
0.000137233
1.48612e-05
5.27238e-06
4.46761e-06
1.48426e-05
2.49921e-05
3.12374e-05
5.59798e-05
6.38135e-05
7.50816e-05
7.59501e-05
7.19151e-06
2.30479e-06
2.87029e-06
1.08825e-07
2.48456e-07
4.90551e-07
1.09164e-05
3.37386e-06
4.21458e-06
2.51442e-07
1.1172e-08
1.18147e-06
7.33226e-07
1.08794e-05
0.0002334
0.000194251
9.18167e-06
4.22152e-06
0.000787351
0.000586686
0.001345
0.00150601
0.00122828
0.000881623
0.000551441
0.000370875
0.000291366
0.000317675
0.000214155
9.25498e-05
5.44799e-05
4.87031e-05
3.95498e-05
2.33381e-05
4.28536e-05
2.70355e-05
2.20554e-06
9.9075e-08
5.65619e-07
8.97457e-07
1.77103e-07
3.63244e-07
2.52008e-07
3.84287e-07
3.42863e-07
7.05484e-06
1.87347e-06
2.95101e-06
1.65473e-05
1.05695e-05
1.71513e-07
1.29603e-07
6.23448e-06
5.41691e-06
8.32011e-07
7.11176e-07
2.33586e-06
2.84982e-06
1.08039e-05
1.12987e-06
0.000474978
0.000404185
0.000722418
0.00266747
0.00173129
0.00143655
0.00123776
0.00057941
0.000329647
4.42075e-05
2.23815e-05
6.83607e-05
1.58549e-05
0.000161997
0.000191115
0.000127443
0.000114125
6.05876e-05
7.99027e-05
6.92213e-05
7.89039e-05
5.80651e-05
4.7956e-05
5.61239e-05
6.86398e-05
6.16709e-05
4.95425e-05
6.22563e-05
3.88185e-05
5.47748e-05
5.45805e-05
2.39463e-05
3.54399e-05
3.22021e-05
1.03205e-05
5.82454e-06
4.93447e-06
6.9757e-09
5.15218e-08
1.00596e-06
7.56569e-07
2.40098e-05
6.84715e-06
1.26102e-05
1.5728e-05
3.61511e-05
4.48961e-05
2.81002e-05
5.93537e-05
1.79693e-05
4.03873e-05
6.27837e-05
9.29557e-05
0.000102293
5.81493e-05
8.51819e-05
0.000115474
7.55392e-05
0.000100042
8.82908e-05
0.000136288
0.000180752
0.000244009
0.000230635
0.000154892
0.000240525
0.000651105
0.000565391
0.000324856
0.000367882
0.000260148
0.000228155
0.000143717
9.00133e-05
6.41934e-05
3.5188e-05
5.55975e-06
6.64937e-09
7.78746e-07
1.61823e-06
4.4237e-06
9.92113e-06
2.42612e-05
3.45772e-05
6.94222e-05
0.000103282
0.000116896
0.000163019
0.000131678
0.000148609
0.000194506
0.000264025
0.00034801
0.000344344
0.000405702
0.000471588
0.000496168
0.00065198
0.000766896
0.000721336
0.000742918
0.000849216
0.000885778
0.000954433
0.000962718
0.00102707
0.00114517
0.00117206
0.00126762
0.00130605
0.00139101
0.00136656
0.00138848
0.00144175
0.00154946
0.00120534
0.00123675
0.00122284
0.00145416
0.0014349
0.00143849
0.00117247
0.00118421
0.00125343
0.00127851
0.00128391
0.00159145
0.00148514
0.00151464
0.00120505
0.00127678
0.00121499
0.00131582
0.00133079
0.00121994
0.00115086
0.00116756
0.00106842
0.00110996
0.00102633
0.000917716
0.000853748
0.000932963
0.000872474
0.000806707
0.000707673
0.000759756
0.000683406
0.000706411
0.00065886
0.000700859
0.00063029
0.000688629
0.000632368
0.000560455
0.000461126
0.000395362
0.000464697
0.000350071
0.000356098
0.000320599
0.000248004
0.000230612
0.000193038
0.000205662
0.000193224
0.000154704
0.00010291
8.91807e-05
6.35965e-05
6.12231e-05
3.13779e-05
2.08725e-05
1.44965e-05
5.58117e-06
2.7808e-06
1.73518e-08
3.27734e-07
1.32238e-06
4.29989e-06
8.07664e-06
1.4463e-05
2.26957e-05
2.7561e-05
3.54085e-05
3.87198e-05
4.18089e-05
4.76024e-05
5.86712e-05
6.75018e-05
7.42462e-05
7.72546e-05
8.24361e-05
8.89905e-05
9.58227e-05
0.000101767
0.000121381
0.000124987
0.000121422
0.000128305
0.000131996
0.000137943
0.000139084
0.000146395
0.000161803
0.000163906
0.000171068
0.000180091
0.000182676
0.000183977
0.000186294
0.00019534
0.000196611
0.000196177
0.00022129
0.000223239
0.000232629
0.000250495
0.000253659
0.000192056
0.000193517
0.000205106
0.000205536
0.000186986
0.000177648
0.000175686
0.00025216
3.60232e-07
0.00406254
2.53003e-07
8.24715e-05
0.000102956
9.4299e-05
0.00106647
0.000501831
0.000844545
0.000812548
0.000413049
0.000451318
5.32242e-06
7.08196e-09
6.48855e-08
0.000585501
0.000428107
0.000396966
0.00195357
0.0016101
0.00143885
0.00202817
0.00176221
0.00160976
0.00190398
0.00165447
0.00153666
0.00110741
0.000923866
0.000674307
0.000578548
0.000391126
0.000354216
0.00023698
0.000211214
5.29143e-05
2.88744e-05
2.65142e-05
4.35303e-05
2.76856e-05
2.63833e-05
8.74991e-06
2.36774e-06
4.1482e-06
1.14013e-05
2.32557e-05
2.38453e-05
7.70926e-05
9.17487e-05
3.32347e-05
2.79537e-05
9.37741e-05
7.59314e-05
0.000209199
0.000201699
0.000168438
0.00010533
8.35388e-05
6.75344e-05
7.50937e-05
5.77457e-05
5.35574e-05
4.01043e-06
1.34263e-06
6.04227e-07
1.5537e-05
1.6207e-05
1.38074e-05
8.53439e-06
1.89382e-05
6.46428e-07
1.42373e-06
3.13304e-05
1.19102e-05
8.13111e-06
3.75985e-07
1.56697e-06
2.05488e-06
3.49643e-06
3.49265e-06
3.16495e-06
3.70881e-06
2.91994e-06
3.64733e-06
1.05032e-05
5.13822e-06
2.54332e-06
1.32322e-06
2.51245e-08
1.03077e-05
2.09826e-05
1.98147e-05
4.99222e-06
1.09856e-05
1.14969e-05
1.8658e-06
2.97081e-07
2.07172e-07
1.06849e-05
2.57845e-06
6.63609e-08
1.78236e-06
1.11686e-06
3.60556e-07
8.09135e-07
8.22355e-06
1.88643e-05
1.45761e-05
3.22063e-06
8.73574e-08
1.41236e-05
2.26623e-05
2.32149e-05
3.428e-05
0.000115279
0.000138155
0.000123493
5.81721e-05
6.71298e-05
7.66548e-05
5.24753e-05
6.43141e-05
3.94133e-05
5.38829e-05
4.99734e-05
4.62911e-05
5.65874e-05
5.27016e-05
6.32537e-05
5.62768e-05
6.95721e-05
3.72852e-05
5.09597e-05
4.50427e-05
7.09592e-05
8.09905e-05
2.83398e-05
3.96234e-05
3.40132e-05
6.61354e-05
7.82843e-05
0.000100266
0.000106172
7.52046e-05
8.89842e-05
8.2297e-05
0.000154704
0.000156939
9.14437e-05
9.21394e-05
6.7239e-05
7.68574e-05
6.85129e-05
4.60552e-05
5.01314e-05
5.4451e-05
7.47182e-05
7.96898e-05
3.6622e-05
4.07719e-05
3.20437e-05
5.60789e-05
5.67615e-05
5.45432e-05
4.98232e-05
4.51466e-05
3.10814e-05
2.64902e-05
1.19247e-05
8.13281e-06
2.5804e-05
2.38705e-05
1.74888e-05
6.10772e-06
3.35976e-06
1.09037e-05
4.91981e-05
1.30396e-05
0.0177264
0.0151447
0.0141936
0.0113956
0.0106775
0.0120345
0.00977804
0.00817279
0.000121904
0.00034872
0.000315709
0.000583743
0.000471005
0.000407273
0.000642175
0.000551283
0.000553927
0.000694313
0.000547824
0.000561176
0.000419077
0.000441323
0.000347657
0.000407761
0.000282271
0.000281115
0.000134472
3.85265e-05
2.43427e-05
3.59736e-05
1.28084e-05
1.71502e-05
0.000196875
0.000117254
0.000217907
0.000446283
0.000599448
0.000641976
0.000970182
0.000819951
0.000871907
0.000518235
0.000534989
0.000588528
0.000334932
0.000280139
0.000297579
0.00021546
0.00017828
0.000187689
0.000226602
0.000187499
0.000173278
0.000137671
0.000163252
0.000125848
9.37549e-05
0.000128217
0.00012463
6.31859e-05
7.00106e-05
6.29751e-05
3.79452e-05
3.09744e-05
4.5179e-05
1.26351e-05
1.45083e-05
1.04894e-06
2.35818e-07
1.18309e-07
2.79464e-08
6.4599e-06
5.68164e-06
1.88264e-05
1.33667e-06
2.17855e-05
2.77923e-05
1.25965e-05
2.16624e-05
6.66574e-06
3.32699e-05
9.2371e-05
0.000128993
9.53927e-05
2.92359e-05
9.15137e-05
0.000102425
5.56635e-05
8.16435e-05
9.48798e-05
0.000101634
0.000179828
0.000111262
0.000157288
8.0159e-05
0.000154292
8.82165e-05
0.000136608
0.000233231
0.000318577
0.000371223
0.000220988
0.000359512
0.000181555
0.000323222
0.00022138
0.000374111
0.000357904
0.000271564
0.000373501
0.000463005
0.000289756
0.000467713
0.00044524
0.000641434
0.000326212
0.000396234
0.000529543
0.000408099
0.000695433
0.000557038
0.00064812
0.000387395
0.000765047
0.000426491
0.000451596
0.000535857
0.000785974
0.000586313
0.000756605
0.000608573
0.000785754
0.000827591
0.00100093
0.00103465
0.000640811
0.0007776
0.00083818
0.000462449
0.00058703
0.000658162
0.000936884
0.000594497
0.000828534
0.000984345
0.000992081
0.000614908
0.000786417
0.00111203
0.000606509
0.000758901
0.000728026
0.00086904
0.000254106
0.000267459
0.000364688
0.000193081
0.000896139
0.000340387
0.000271491
0.000273861
0.000264071
0.000267541
0.000387377
0.000381475
0.000348658
0.00036122
0.000360401
0.000380597
0.000220516
0.000177226
0.000190176
0.00034836
0.000348084
0.000411882
0.000272927
0.000217085
0.000231326
0.000225876
0.000273569
0.000260241
0.000258156
0.000240642
0.000253064
0.000254246
0.000306131
0.000316116
0.000303554
0.000235693
0.000238275
0.000280101
0.000276004
0.000190765
0.000189845
0.000281839
0.000274399
0.000248557
0.000239934
0.000247367
0.000250818
0.000264989
0.000257226
0.000214503
0.000223504
0.000221227
0.000252667
0.000261145
0.000254836
0.000238212
0.000244696
0.000241649
0.000257281
0.000258125
0.000239133
0.000228104
0.000226449
0.000218137
0.000206845
0.000193246
0.000218128
0.000220162
0.000206919
0.000194905
0.000189813
0.000183515
0.000142526
0.000130582
0.000129059
0.000123226
0.000118788
0.000136226
0.000124108
0.000103665
0.000102755
8.12081e-05
7.2424e-05
6.5784e-05
5.78295e-05
3.93795e-05
3.59175e-05
2.97365e-05
1.83517e-05
1.35626e-05
1.92982e-05
1.45504e-05
1.37963e-05
1.12757e-05
7.57409e-06
1.83727e-06
1.85777e-06
7.09143e-07
1.79106e-07
9.57974e-07
2.20632e-06
3.29712e-06
5.68537e-06
7.6707e-06
9.20985e-06
1.14329e-05
1.78023e-05
2.12731e-05
2.26432e-05
2.42233e-05
2.55838e-05
2.72146e-05
3.15174e-05
4.11952e-05
3.3283e-05
5.03831e-05
5.52161e-05
6.07861e-05
6.395e-05
6.45958e-05
6.94853e-05
7.05586e-05
7.26211e-05
6.75132e-05
6.75961e-05
7.31057e-05
7.45408e-05
7.89306e-05
5.01921e-05
5.23722e-05
5.25805e-05
5.28076e-05
5.5182e-05
4.60368e-05
4.55643e-05
4.70121e-05
5.39428e-05
5.43351e-05
5.56141e-05
5.51699e-05
5.69982e-05
5.52397e-05
5.47289e-05
5.56153e-05
5.22541e-05
5.12918e-05
5.7921e-05
5.74093e-05
5.95889e-05
5.27607e-05
5.24496e-05
5.57253e-05
5.6006e-05
4.93159e-05
4.93371e-05
4.37726e-05
4.31772e-05
4.36924e-05
4.84035e-05
4.8775e-05
4.15693e-05
4.36605e-05
4.17808e-05
4.16025e-05
4.29804e-05
4.68899e-05
4.69524e-05
4.79724e-05
4.78809e-05
5.14806e-05
5.10133e-05
5.20556e-05
2.3587e-05
2.47699e-05
2.50062e-05
0.000104409
0.000104125
0.000106377
0.000106389
0.000107536
0.000110734
0.000110749
0.00011091
0.000105727
0.000106731
8.24232e-05
8.233e-05
0.000100972
8.1057e-05
8.0496e-05
8.03643e-05
