0.000559042
0.000444755
0.000446528
0.000398115
0.000349804
0.000337478
0.00030251
0.000304921
8.78884e-05
0.000101641
8.44809e-05
0.000102663
8.29159e-05
9.75139e-05
0.000115545
0.00012656
0.00015227
0.000191984
0.000226537
0.000270578
0.000418661
0.00063892
0.000965083
0.00137894
0.00201014
0.00272029
0.00360338
0.00561746
0.00723739
0.00430794
0.00355669
0.00145051
0.000857723
0.000261935
4.00507e-05
1.73021e-05
4.18241e-05
0.000161545
0.000151846
0.000366341
0.000766767
0.00113777
0.000945899
0.000989335
0.00156012
0.00181281
0.00171301
0.00176732
0.00220083
0.0037123
0.0043295
0.00527446
0.00536566
0.00423965
0.00536472
0.00516672
0.00649205
0.00452643
0.00598999
0.00708341
0.00579963
0.00667386
0.00785163
0.00735063
0.0055517
0.00963895
0.00780265
0.00551145
0.01381
0.0122873
0.0120337
0.00709695
0.00926663
0.00996113
0.0112347
0.0141273
0.0149924
0.0200782
0.0236829
0.0143071
0.0119308
0.0269772
0.0335368
0.00143903
0.00150705
0.00161433
0.00161756
0.00167265
0.00179084
0.00150188
0.00168774
0.00172696
0.00181907
0.00182927
0.00178115
0.00211127
0.00171652
0.00182995
0.0019002
0.00136598
0.00196387
0.000242375
0.000238714
0.00133848
0.00012792
0.000563055
0.000368128
0.00115053
0.000684991
0.00039834
0.00216702
0.000405193
0.00219817
0.00324137
0.00555892
0.00447348
0.00597569
0.00666015
0.0109876
0.00809498
0.00863005
0.0168955
0.00866616
0.0130276
0.00938994
0.0133509
0.0140809
0.0108745
0.0144709
0.0130397
0.0137546
0.0127814
0.0145002
0.0134744
0.010687
0.0120723
0.0113886
0.0107736
0.0105896
0.0134405
0.0104714
0.00924225
0.00852745
0.00629109
0.00297831
0.00271827
0.000407864
4.6221e-05
3.0578e-05
3.15548e-10
0.00061094
0.00142143
0.000949598
0.00188577
0.00263654
0.00228694
0.00663181
0.00132099
0.00303983
0.000350334
0.00171642
2.37385e-10
2.7348e-10
3.70246e-10
4.25969e-10
3.15589e-09
0.000483475
0.00128636
0.00327713
0.00545278
0.00807614
7.2916e-05
0.00907949
0.016562
0.0114977
0.00543995
0.00510501
0.0109264
0.0119002
0.0119655
0.00942433
0.00627951
0.0045596
0.000728167
2.02504e-06
0.00111603
0.00361719
0.0118012
0.0177554
0.0254052
0.0159877
0.0147125
0.0128994
4.88914e-07
5.36888e-07
4.28417e-07
3.81267e-07
3.65231e-07
5.94338e-07
1.04491e-06
1.57987e-06
1.36215e-06
1.26316e-06
1.56585e-06
2.02882e-06
1.79206e-06
2.58442e-06
2.80273e-06
3.03902e-06
3.71054e-06
3.13985e-06
3.50469e-06
3.77772e-06
3.7695e-06
3.6471e-06
3.99078e-06
3.98569e-06
3.63509e-06
4.06302e-06
3.47457e-06
3.41728e-06
4.04028e-06
4.59885e-06
3.95094e-06
4.9176e-06
5.41695e-06
6.30585e-06
7.84683e-06
2.47662e-05
1.95752e-05
1.64804e-05
1.56889e-05
1.39125e-05
1.26203e-05
1.14138e-05
1.10555e-05
1.00997e-05
1.05581e-05
9.71798e-06
3.5272e-06
3.52349e-06
3.73502e-06
3.87914e-06
4.14035e-06
4.06373e-06
5.07044e-06
5.38096e-06
6.59688e-06
9.02858e-06
1.21918e-05
1.94887e-05
3.49561e-05
5.80719e-05
0.000100826
0.000233428
0.000110328
0.000654851
0.00416752
0.00941692
0.0131946
0.0131592
0.0136146
0.0112551
0.00920092
0.0069077
0.00433554
0.00347936
0.00272403
0.000975157
0.000941749
0.00075535
0.000313264
0.000326652
0.000223973
0.000107965
4.97909e-05
4.40317e-06
4.97953e-05
1.13121e-05
9.74216e-05
0.000168651
0.000367766
0.000832047
0.000953484
0.000917272
0.00145837
0.00216492
0.00252752
0.00319108
0.00482718
0.00469951
0.0061628
0.00629166
0.0114343
0.0113594
0.0132043
0.0122105
0.0216996
0.0193687
0.0255227
0.0302944
0.0161825
0.0177158
0.024444
0.0236162
0.0299427
0.0470162
0.0460754
0.0335679
0.0375749
0.0306774
0.02919
0.0250264
0.00260137
0.00261907
0.0244255
0.00331837
0.00247783
0.00185581
0.00191547
0.00192531
0.00216625
0.0023518
0.0034514
0.0023438
0.00323431
0.00295414
0.00170499
8.87616e-05
1.13195e-06
0.00044791
3.69875e-07
0.000654269
0.0016564
0.00202568
0.00130053
0.00213711
0.00345286
0.00330826
0.00486374
0.00603725
0.006214
0.00583614
0.00592037
0.00510328
0.00880153
0.00878061
0.00849151
0.00963061
0.0086648
0.00859986
0.00967409
0.00915217
0.00973872
0.00658829
0.0101458
0.00619912
0.00628633
0.00955792
0.006016
0.00895258
0.00696336
0.0090915
0.00589808
0.00618621
0.00627798
0.00548824
0.00197599
0.00332254
0.00260894
0.0019365
0.00163241
0.000475067
5.99273e-05
1.39892e-06
1.57423e-05
2.35796e-05
0.000149301
0.000135835
6.73254e-05
0.00155997
4.43506e-05
0.000352405
0.000339848
0.00234897
1.03431e-10
1.11897e-10
1.26304e-10
1.25581e-10
1.28642e-10
1.68651e-10
1.1927e-11
2.23927e-11
5.7061e-11
2.58477e-08
6.52347e-07
7.04726e-06
1.88541e-05
1.64778e-05
2.475e-05
2.43689e-05
7.36248e-05
5.47717e-05
2.49759e-05
1.62653e-05
1.09731e-05
7.17037e-06
6.99041e-06
5.1068e-06
5.42418e-06
4.82303e-06
3.64124e-06
3.67773e-06
3.27185e-06
4.2222e-06
4.1388e-06
4.67107e-06
4.15241e-06
4.14101e-06
3.78429e-06
4.22682e-06
4.23533e-06
4.7148e-06
5.0275e-06
4.04002e-06
3.97411e-06
4.12771e-06
3.78171e-06
3.36295e-06
3.77657e-06
1.09405e-05
8.28025e-06
1.26533e-05
1.04642e-05
1.03213e-05
9.68451e-06
7.26158e-06
8.84407e-06
1.09008e-05
1.21326e-05
1.19703e-05
1.06954e-05
9.4977e-06
8.40204e-06
9.91519e-06
8.12738e-06
6.83453e-06
7.983e-06
7.86254e-06
7.27798e-06
6.59388e-06
6.85919e-06
6.99139e-06
7.54391e-06
7.49885e-06
7.37514e-06
7.17064e-06
7.43168e-06
6.89739e-06
7.00191e-06
6.8436e-06
7.05756e-06
7.49337e-06
2.81621e-05
1.91278e-05
1.49483e-05
1.29233e-05
1.07651e-05
1.02432e-05
1.11748e-05
9.25181e-06
2.10939e-06
2.19731e-06
2.43263e-06
2.66333e-06
3.15959e-06
4.05118e-06
4.74037e-06
9.64208e-06
1.15868e-05
1.76796e-05
3.01657e-05
5.62856e-05
9.22401e-05
0.000173561
0.000346547
0.000650243
0.00419646
0.00923646
0.0152325
0.0150158
0.0164055
0.0154946
0.0130006
0.0106494
0.00853045
0.00698528
0.00535897
0.00350126
0.00285455
0.00239745
0.00111549
0.00116035
0.000656294
0.000527306
0.000307111
0.000220666
8.46874e-05
2.67627e-05
4.03657e-05
0.000110013
0.000267434
0.000334598
0.000538123
0.00136625
0.00126172
0.00251658
0.00249731
0.0028969
0.00331257
0.00403707
0.00463539
0.00577888
0.0065742
0.00663389
0.00858646
0.0121081
0.0105295
0.010133
0.0119371
0.0144934
0.018953
0.0266151
0.0251179
0.0188717
0.0191809
0.0150439
0.0123568
0.0100183
0.0180656
0.00194522
0.00956527
0.0110618
0.00170422
0.00168354
0.00183989
0.00192042
0.00199445
0.0020928
0.00189737
0.00225657
0.00195921
0.00203842
0.00175618
0.00203646
0.00195289
0.00225643
0.00201313
0.0019638
0.00213262
0.00227878
0.00231651
0.00206796
0.0019893
0.00149756
0.00201303
0.00100498
0.000371077
0.000950452
5.99911e-05
0.000519725
0.000505014
7.27653e-08
0.000362318
0.000628445
0.000234767
0.000467975
0.000735222
0.00158193
0.00357049
0.00171991
0.00192887
0.00329735
0.00438973
0.00592487
0.00863993
0.00800805
0.00243135
0.00601586
0.00950118
0.00954149
0.0105603
0.0137264
0.0169046
0.0105789
0.00776761
0.00692381
0.00554427
0.0046697
0.00840742
0.00328732
0.00539432
0.00350615
0.00241517
0.00269581
0.00239261
0.00175039
0.00117772
0.00157737
0.000240268
0.000411464
0.00062056
0.000264553
0.00128798
0.00102371
4.7769e-05
9.06405e-06
0.00521899
8.3891e-12
8.41999e-12
8.43688e-12
8.46051e-12
8.48307e-12
8.51028e-12
8.5298e-12
6.16582e-10
1.23039e-07
2.52957e-06
5.31599e-05
9.53162e-05
7.47709e-05
5.03368e-05
4.66175e-05
3.55292e-05
2.1466e-05
1.61336e-05
1.34236e-05
2.23133e-05
3.06471e-05
2.20556e-05
2.37069e-05
1.94021e-05
1.66633e-05
1.69951e-05
1.27365e-05
1.06935e-05
1.24791e-05
9.85991e-06
8.85586e-06
8.83002e-06
8.03605e-06
7.89515e-06
6.61747e-06
6.84595e-06
6.51626e-06
1.47226e-05
1.57464e-05
1.32553e-05
1.327e-05
1.13515e-05
1.17128e-05
9.87237e-06
9.17504e-06
8.34618e-06
8.16487e-06
7.33605e-06
1.86105e-05
1.69542e-05
1.60701e-05
1.40811e-05
1.19908e-05
1.04722e-05
1.00996e-05
1.02712e-05
1.14903e-05
9.7192e-06
1.10029e-05
1.03784e-05
8.51843e-06
7.35822e-06
9.15707e-06
1.0256e-05
8.85456e-06
9.40703e-06
2.96487e-05
2.446e-05
1.93617e-05
2.66107e-05
1.88398e-05
1.75292e-05
1.62933e-05
1.85604e-05
1.67754e-05
2.86316e-06
3.41295e-06
3.71775e-06
5.07187e-06
5.83529e-06
1.22604e-05
1.70696e-05
2.80627e-05
0.000268228
0.000330354
0.002211
0.00589838
0.0115436
0.0153673
0.0156921
0.0163921
0.0145459
0.0111112
0.00744901
0.00559066
0.00437428
0.00262202
0.00253338
0.0025686
0.00163108
0.00131783
0.000953083
0.000891035
0.000372461
0.000167558
9.18489e-06
1.83929e-06
5.41362e-06
0.000332376
0.00051735
0.0013964
0.002564
0.00358922
0.00324486
0.0048867
0.00563196
0.00566218
0.00765596
0.0146663
0.0286174
0.0154505
0.00766648
0.0067719
0.00536142
0.00456647
0.00384337
0.00351077
0.00402187
0.00315793
0.00304014
0.00281497
0.00291506
0.00295923
0.00296017
0.00278658
0.00264612
0.00261794
0.0027673
0.00278509
0.00269206
0.00255545
0.00252242
0.00237302
0.0024478
0.00234238
0.0024838
0.00245329
0.00240831
0.00260245
0.00192334
0.00120374
0.00178498
0.000604411
0.00027671
0.000302894
1.75818e-05
0.000108018
0.00033098
0.00083511
0.00231101
0.00143607
0.00279333
0.00422543
0.00422481
0.00476103
0.00597857
0.00410983
0.0031197
0.00302089
0.00200274
0.0053084
0.00311654
0.00247714
4.9653e-05
0.00146075
0.000218206
0.000257728
0.000574273
0.000575642
8.38409e-06
0.000384303
6.87145e-06
0.00308373
1.98007e-05
0.000142277
2.74831e-05
0.000696551
0.000503686
7.33953e-05
7.238e-08
0.000219024
0.00185666
4.66403e-05
0.0239819
0.0380564
0.00627225
0.0400588
1.15874e-11
1.16749e-11
1.16641e-11
1.15951e-11
1.11813e-11
1.11781e-11
8.37032e-11
8.34838e-11
5.57651e-09
3.09019e-06
3.74856e-05
0.000109234
0.000460511
0.000471751
0.000617339
0.000375446
0.000233255
0.000121337
9.44011e-05
3.59655e-05
2.90232e-05
2.39426e-05
2.27626e-05
2.14594e-05
2.04099e-05
1.5979e-05
1.60958e-05
1.55478e-05
1.15504e-05
1.29684e-05
1.05027e-05
1.21205e-05
1.23564e-05
1.06828e-05
1.1031e-05
8.67558e-06
1.12233e-05
1.11786e-05
1.38929e-05
1.30622e-05
1.94469e-05
1.70805e-05
1.8441e-05
1.63644e-05
1.29115e-05
1.1698e-05
1.28757e-05
1.15195e-05
1.0691e-05
1.49383e-05
1.63007e-05
1.3334e-05
4.34608e-05
3.16364e-05
2.57995e-05
2.23887e-05
2.17095e-05
1.79008e-05
1.61508e-05
1.69623e-05
1.58347e-05
1.64357e-05
1.69783e-05
1.43073e-05
1.58248e-05
1.55831e-05
1.62215e-05
1.53851e-05
1.54628e-05
1.49696e-05
1.51847e-05
1.66354e-05
1.66979e-05
1.55477e-05
1.55115e-05
1.86281e-05
4.8199e-06
5.26817e-06
6.86384e-06
7.60422e-06
9.61502e-06
1.45041e-05
1.95897e-05
2.77633e-05
4.70251e-05
8.75114e-05
0.00015006
0.000284908
0.000181116
0.000742595
0.0032081
0.0086378
0.0105189
0.00974954
0.012265
0.0129731
0.0126506
0.0118501
0.0104051
0.00609748
0.0044945
0.00310874
0.00291465
0.00176091
0.000865871
0.000638502
0.00053408
0.00049146
0.000236955
0.000206708
0.000111095
5.31693e-05
2.87911e-05
1.26935e-05
6.36271e-07
0.000190829
0.000242051
0.00131473
0.00155483
0.00140339
0.00263784
0.00266289
0.00433813
0.00426115
0.0057387
0.00683298
0.00631112
0.00544064
0.00705889
0.00841114
0.00855416
0.0090144
0.0135977
0.00564428
0.00491635
0.00426144
0.00419283
0.00402109
0.00426905
0.00402919
0.00417801
0.00446128
0.00442595
0.00372371
0.00377667
0.00410848
0.00396424
0.00388812
0.00411636
0.00406983
0.00456363
0.00487354
0.00422123
0.00471263
0.00541091
0.00561998
0.00535496
0.00524692
0.00511148
0.00483245
0.00466768
0.00517734
0.00483514
0.00240596
0.000892675
0.000517072
3.67202e-05
1.67325e-06
7.51373e-07
5.05257e-05
0.000120925
0.000918816
0.000880885
0.00113024
0.00180759
0.00144029
0.00294514
0.00289738
0.00628222
0.0057628
0.00837845
0.00828936
0.0083846
0.0148444
0.0110609
0.011819
0.00887591
0.0145204
0.0110726
0.0103169
0.0134087
0.01383
0.0135096
0.0137571
0.0127444
0.013268
0.00956328
0.0130447
0.00970897
0.00927683
0.00716154
0.00845869
0.00822862
0.00592126
0.00544586
0.0189198
0.00302364
4.13105e-11
4.35799e-11
4.46616e-11
4.75011e-11
5.15863e-11
5.63216e-11
2.99175e-11
8.33167e-10
3.07241e-07
1.14483e-05
4.67268e-05
8.25425e-05
8.20339e-05
8.09315e-05
8.12613e-05
7.45914e-05
4.12623e-05
3.08432e-05
2.08232e-05
2.02898e-05
0.000566635
0.000351827
0.000296385
0.000208404
0.000141194
0.000109758
7.72843e-05
6.28054e-05
5.31983e-05
4.32811e-05
3.25229e-05
3.74599e-05
2.77521e-05
2.17955e-05
1.9512e-05
1.62181e-05
1.93163e-05
2.00663e-05
1.60569e-05
1.78383e-05
1.90872e-05
1.54821e-05
1.32072e-05
1.99143e-05
2.01837e-05
1.83917e-05
2.07014e-05
1.99288e-05
2.06527e-05
2.24088e-05
1.66288e-05
1.85289e-05
1.74406e-05
1.07692e-05
8.77232e-06
1.12731e-05
9.24921e-06
9.93381e-06
1.02152e-05
1.03733e-05
1.02009e-05
1.07773e-05
1.09522e-05
1.10126e-05
1.07568e-05
1.1943e-05
1.16241e-05
1.20983e-05
1.14605e-05
1.32897e-05
1.28206e-05
1.28526e-05
1.33123e-05
1.24408e-05
1.46422e-05
1.58423e-05
1.61118e-05
1.76384e-05
1.65308e-05
1.70642e-05
1.71865e-05
2.06169e-05
1.76541e-05
1.97596e-05
2.04977e-05
2.2865e-05
2.78045e-05
3.19997e-05
0.000104842
0.000192637
0.000340093
0.000771607
0.000503705
0.000368344
0.00314752
0.00723301
0.0066069
0.0065561
0.00540195
0.00415157
0.00198184
0.00223745
0.00158848
0.000988312
4.8316e-05
9.38913e-05
3.08395e-06
1.71066e-05
3.47966e-05
0.000105357
0.000153512
0.000236149
0.000575115
0.000771556
0.00106798
0.00144412
0.0025194
0.00305879
0.00369255
0.00460944
0.00438307
0.00862721
0.00906037
0.0118253
0.0130886
0.0140612
0.0152869
0.0148604
0.0213378
0.0222497
0.0250143
0.0242995
0.0302219
0.0344944
0.0247234
0.0330056
0.0385219
0.0332957
0.0469984
0.0391759
0.0317216
0.0372591
0.0155332
0.00600662
0.00559924
0.00584897
0.00514108
0.00528629
0.00528261
0.00650902
0.0060893
0.00585107
0.00784008
0.00807408
0.00686513
0.00618814
0.00623345
0.00587776
0.00536832
0.00571138
0.00531859
0.00509442
0.00508766
0.00209157
0.000439491
0.000177936
0.000151098
2.71886e-05
8.23238e-05
0.000229193
0.000189669
7.15435e-05
7.79524e-05
0.000832771
0.000796201
0.00140336
0.000766346
0.002585
0.003164
0.00178173
0.0055555
0.00334166
0.00385409
0.00358242
0.00785865
0.00616009
0.0114208
0.0109733
0.0076578
0.0111621
0.0100465
0.0104748
0.0100947
0.00947797
0.0074028
0.00907883
0.00798893
0.00821064
0.00766021
0.00570483
0.0068263
0.00794943
0.00900566
0.00730675
0.00683237
0.00493134
0.00445384
0.00239196
0.00353995
0.00105552
0.00166113
0.00139574
4.84904e-05
0.000291779
0.000228102
0.000213289
0.00012441
0.00145494
0.00314219
1.55396e-10
1.78405e-10
1.9629e-10
2.40941e-10
2.78968e-10
3.61027e-10
3.47426e-11
3.53475e-11
9.30773e-08
2.12054e-06
6.30945e-06
0.00017462
0.000156862
0.000195787
0.000164612
0.000124228
5.47212e-05
6.14034e-05
3.04441e-05
2.30409e-05
2.17921e-05
1.56552e-05
1.63135e-05
1.29565e-05
1.32666e-05
1.30704e-05
1.12586e-05
9.11722e-06
8.98768e-06
9.83886e-06
9.08352e-06
9.61257e-06
9.51125e-06
7.65533e-06
1.15223e-05
1.03312e-05
1.08842e-05
1.0914e-05
1.09106e-05
8.98133e-06
8.95808e-06
9.66892e-06
3.88784e-05
2.8178e-05
2.54498e-05
1.9931e-05
3.66063e-05
2.92248e-05
4.5623e-05
3.88643e-05
2.11274e-05
2.25426e-05
4.2514e-06
8.1525e-06
4.70823e-06
4.16467e-06
6.12057e-06
6.75595e-06
5.8684e-06
6.42115e-06
8.70358e-06
7.73923e-06
1.00232e-05
9.69178e-06
1.56505e-05
1.61966e-05
1.71973e-05
1.84013e-05
1.42424e-05
1.64594e-05
1.71962e-05
1.39762e-05
1.46445e-05
2.23837e-05
0.000292736
0.000162717
9.12319e-05
5.41002e-05
3.69516e-05
3.21824e-05
2.31714e-05
2.25195e-05
2.06673e-05
3.40795e-06
3.61553e-06
3.71655e-06
4.13347e-06
4.63842e-06
5.31924e-06
6.48769e-06
8.53747e-06
1.20771e-05
1.6494e-05
2.87001e-05
5.09139e-05
4.92643e-05
8.61176e-05
0.00014837
0.000293189
0.000518897
0.000331557
0.00324376
0.00431642
0.00838905
0.0121475
0.0129402
0.00998531
0.00748468
0.00613759
0.00382924
0.00315059
0.00218932
0.0011696
0.000821738
0.000453905
0.000360164
0.000143696
0.000164828
4.30353e-05
4.34325e-06
4.06071e-05
7.76744e-05
8.86297e-05
0.000149313
0.000699921
0.00106958
0.000951838
0.00167453
0.00182887
0.00176517
0.00276449
0.00369339
0.00405623
0.00408964
0.00568873
0.00524078
0.00748343
0.010637
0.0112411
0.00994442
0.00914953
0.0107253
0.0153927
0.0148351
0.0117917
0.0198016
0.0223005
0.0147003
0.0159684
0.0176543
0.0120778
0.013197
0.012326
0.014971
0.00432436
0.00398166
0.0037292
0.00342952
0.00325788
0.00360855
0.00353047
0.00296536
0.00302959
0.00291496
0.00320614
0.00256831
0.00284836
0.0023645
0.00269037
0.00242097
0.00280372
0.00243144
0.00243115
0.00240596
0.002221
0.00249842
0.00239624
0.00245343
0.00228852
0.00236634
0.0021446
0.00218706
0.00243352
0.00214511
0.0024242
0.000875492
0.00122559
0.00065254
5.35376e-05
9.86552e-07
1.43974e-06
6.30738e-05
1.03466e-05
0.000192756
0.000680539
0.000431323
0.000591392
0.00116952
0.00118252
0.00114493
0.0044562
0.0053806
0.00507415
0.00645571
0.00581571
0.00720412
0.00751973
0.00631268
0.00833554
0.00440786
0.0106824
0.00838008
0.00766338
0.00708697
0.00580376
0.00592538
0.00368643
0.00476947
0.00336805
0.00361466
0.00181304
0.00164691
0.00175059
0.00113125
0.00192489
0.000754216
0.0012702
0.000150789
0.000728263
0.000516452
0.000641362
0.000276808
0.000227508
0.00747478
0.000324717
0.000164046
1.02721e-11
1.03421e-11
1.03562e-11
1.03577e-11
1.03862e-11
1.04014e-11
1.68395e-11
4.58059e-09
4.24175e-07
8.63358e-06
3.13937e-05
6.76829e-05
0.000130506
9.74459e-05
5.7347e-05
5.53061e-05
3.90621e-05
2.63374e-05
1.87517e-05
1.34378e-05
1.29635e-05
9.40245e-06
7.09844e-06
1.42384e-05
1.34638e-05
1.14943e-05
1.27498e-05
1.22475e-05
1.22482e-05
9.74948e-06
7.51869e-06
7.8424e-06
7.53807e-06
7.5265e-06
6.02631e-06
6.24379e-06
6.16585e-06
4.73518e-06
6.1657e-06
6.03381e-06
4.60578e-06
5.21285e-06
4.76776e-06
1.47802e-05
1.1272e-05
1.32093e-05
1.25779e-05
1.22563e-05
1.40144e-05
1.1493e-05
1.12365e-05
1.14156e-05
9.95731e-06
2.20469e-05
1.76795e-05
1.50307e-05
1.57535e-05
1.21349e-05
1.15265e-05
1.15577e-05
1.13407e-05
1.03443e-05
1.02662e-05
1.03741e-05
1.01192e-05
8.88857e-06
9.71711e-06
9.94834e-06
9.98754e-06
8.78806e-06
8.56425e-06
1.00423e-05
1.05016e-05
8.53783e-06
1.00182e-05
9.99638e-06
1.12257e-05
9.92455e-06
3.45844e-05
2.54799e-05
2.11729e-05
1.96248e-05
2.34232e-05
2.04788e-05
1.88234e-05
1.78979e-05
1.72765e-05
1.84459e-05
3.41e-06
4.12907e-06
4.55433e-06
5.69964e-06
8.14356e-06
1.08738e-05
1.69163e-05
2.64778e-05
3.22578e-05
2.88728e-05
5.55971e-05
0.000179676
0.000229552
0.000183366
0.000308029
0.00534368
0.00919959
0.0146762
0.0139607
0.0155559
0.0140889
0.013397
0.0104371
0.00930307
0.00846582
0.00552247
0.00211477
0.00251775
0.00247347
0.00192234
0.0013075
0.000668818
0.000167087
0.000107297
5.07016e-05
2.81712e-05
1.02684e-06
3.7573e-05
0.000200658
0.000234474
0.00074244
0.000944465
0.000899399
0.00155541
0.00200597
0.00308257
0.00309407
0.00333368
0.00397045
0.00462752
0.00484781
0.00643159
0.00693947
0.0132653
0.0111967
0.0111703
0.0111472
0.0111683
0.0129239
0.00798353
0.0105521
0.00529026
0.00451896
0.00406169
0.0033531
0.00330469
0.00268946
0.00274272
0.00285305
0.00271383
0.00237049
0.0024737
0.00237719
0.00262486
0.00240559
0.00236435
0.00234419
0.00233493
0.00226173
0.00229606
0.00230768
0.002223
0.0022692
0.00223619
0.00214806
0.00218727
0.00234195
0.0019895
0.00241012
0.0023249
0.00199409
0.00104624
0.000353755
0.000210777
3.36784e-05
0.000276203
0.000314636
0.000278858
0.000355747
0.00229937
0.00177387
0.00229057
0.00303759
0.00252244
0.00288942
0.00270613
0.00373175
0.00690487
0.00297508
0.00435608
0.00162698
0.00309611
0.00191655
0.00156404
0.00104677
9.08245e-05
0.000146529
0.000899058
0.000103346
0.000749968
0.00106711
0.000126904
0.00131031
0.000675483
0.000161101
0.000685641
9.79741e-05
1.61998e-05
0.00167966
0.000918772
1.65157e-05
0.000311531
0.0101133
0.0152905
0.00603024
0.00513372
0.0038222
0.00493326
0.00369774
1.23109e-11
1.23591e-11
1.23635e-11
1.22071e-11
1.1834e-11
1.18325e-11
1.18336e-11
5.36084e-11
8.9114e-10
1.3783e-06
3.93984e-05
0.00034139
0.000299071
0.00043917
0.000829747
0.000318243
0.000211513
0.000106019
5.81402e-05
4.1565e-05
2.74885e-05
2.5635e-05
1.84343e-05
2.07223e-05
1.97469e-05
1.42916e-05
1.15082e-05
1.04977e-05
8.76302e-06
8.94436e-06
8.60251e-06
6.92795e-06
7.2816e-06
8.93719e-06
8.50485e-06
9.60232e-06
9.42558e-06
9.20498e-06
9.97722e-06
8.70847e-06
8.73014e-06
8.77318e-06
8.51191e-06
1.00088e-05
7.99987e-06
9.55137e-06
1.26808e-05
1.4195e-05
1.34916e-05
1.39574e-05
1.23445e-05
1.04582e-05
1.02463e-05
1.02853e-05
9.24898e-06
9.41889e-06
9.71504e-06
1.03982e-05
1.06841e-05
2.87872e-05
2.26906e-05
2.00887e-05
1.88893e-05
1.49706e-05
1.4924e-05
1.37248e-05
1.24141e-05
1.51804e-05
1.28717e-05
1.398e-05
1.34947e-05
1.17432e-05
1.19144e-05
1.22326e-05
1.32302e-05
1.12968e-05
1.23608e-05
1.22222e-05
1.29851e-05
1.49373e-05
1.4443e-05
1.41945e-05
1.45102e-05
1.48679e-05
3.83279e-06
3.65784e-06
5.15425e-06
6.58626e-06
8.73529e-06
1.36338e-05
1.6717e-05
2.99987e-05
4.83304e-05
7.38791e-05
0.000132874
0.000299298
0.000304017
0.00117755
0.00543667
0.00735969
0.0108287
0.015135
0.0145457
0.0139349
0.012415
0.0121197
0.0107473
0.00858123
0.0077115
0.00349306
0.00355766
0.0024561
0.00156102
0.00192883
0.000820466
0.000818428
0.000959566
0.000289258
0.000613138
0.000312812
0.000184053
3.11925e-06
2.21676e-07
2.6986e-07
6.15395e-06
5.60986e-05
0.000291624
0.000351088
0.00114751
0.00151204
0.00318796
0.00432842
0.00418801
0.00454199
0.00619763
0.00676402
0.0064044
0.00903703
0.00982282
0.00997976
0.0103626
0.0137726
0.00466644
0.00423349
0.00534197
0.00423692
0.0043386
0.00396021
0.00401246
0.00479007
0.00468625
0.00423038
0.00366025
0.00377663
0.00385335
0.00404867
0.00403184
0.00410986
0.00429263
0.00395752
0.0043612
0.00418579
0.00452118
0.00395841
0.00428078
0.00417319
0.0036324
0.00412659
0.00388947
0.00412221
0.0042072
0.00188307
0.00404226
0.00165442
0.000406187
3.89954e-05
8.43566e-05
3.64224e-05
0.000213054
0.000490549
0.000645361
0.00221632
0.00231812
0.00351247
0.00214663
0.00309709
0.00639125
0.00659581
0.00726428
0.00779833
0.0110993
0.00961228
0.00980856
0.0100721
0.0127653
0.0123165
0.00808958
0.0115689
0.00994681
0.00712125
0.00924549
0.00779258
0.00432907
0.0084234
0.005412
0.00490827
0.00534997
0.00506889
0.00362301
0.00461941
0.0058285
0.00535767
0.00705139
0.00565581
0.0158918
0.00849042
0.00911525
0.00776018
4.82467e-11
5.32991e-11
5.5126e-11
5.64042e-11
6.17975e-11
6.03467e-11
3.04184e-11
6.32083e-11
6.47822e-11
5.59816e-09
5.41289e-07
6.09322e-07
0.000118642
0.00295677
0.00295732
0.00315701
0.00214201
0.00111165
0.000499026
0.000292148
0.00017636
0.000177509
8.55528e-05
7.72945e-05
6.25038e-05
5.61974e-05
4.05599e-05
3.85203e-05
3.54611e-05
3.27298e-05
3.13079e-05
2.14526e-05
1.88266e-05
2.28965e-05
2.15169e-05
1.95747e-05
2.01823e-05
2.03753e-05
1.69892e-05
2.3902e-05
2.43822e-05
2.22776e-05
2.21814e-05
2.22592e-05
2.1772e-05
2.28382e-05
1.85524e-05
1.80533e-05
2.06743e-05
1.67338e-05
1.22826e-05
9.38124e-06
1.00175e-05
9.85991e-06
1.08349e-05
1.13488e-05
1.52322e-05
1.56062e-05
1.21888e-05
1.41481e-05
1.39639e-05
1.26899e-05
1.26918e-05
1.39809e-05
1.24516e-05
1.24128e-05
1.29037e-05
1.2135e-05
1.23052e-05
1.27523e-05
1.38733e-05
1.18092e-05
1.4267e-05
1.52625e-05
1.53841e-05
1.6223e-05
1.43966e-05
1.66514e-05
1.66896e-05
1.68326e-05
1.61731e-05
1.74331e-05
1.77957e-05
1.76235e-05
2.03464e-05
2.05438e-05
2.08947e-05
2.59253e-05
3.36667e-05
4.7487e-05
6.8131e-05
7.72115e-05
0.000129243
0.000234874
0.000820431
1.28352e-05
0.00146254
0.0046067
0.00539831
0.0065762
0.00638638
0.00491662
0.00297898
0.00190401
0.000630263
0.00080074
0.000434305
0.000178633
0.000121905
1.79653e-05
2.89813e-06
3.64851e-05
0.000131393
0.000166146
0.000346149
0.000650452
0.000772434
0.001352
0.00182921
0.00239151
0.00245612
0.00229573
0.00315966
0.00674576
0.00930599
0.00900211
0.0124657
0.0131451
0.0148094
0.0125535
0.013965
0.0177141
0.0234529
0.0199988
0.0307856
0.0313063
0.0232878
0.0301963
0.031678
0.0353147
0.0321298
0.0468342
0.0490968
0.0245279
0.0235609
0.00931359
0.00872863
0.0111123
0.0108564
0.0091669
0.00728355
0.00665274
0.00720584
0.00598816
0.00566388
0.00571958
0.00531328
0.00451847
0.00487803
0.00457174
0.00492961
0.00461752
0.00447027
0.00443176
0.00420953
0.00363219
0.00376947
0.00213186
0.00354773
0.00128779
0.000904062
0.000254156
0.000227931
0.000214076
0.000586945
5.82836e-07
0.00101428
0.000104667
0.00127767
0.00202526
0.00102124
0.00104906
0.00166687
0.00303979
0.00426665
0.00475321
0.00459376
0.00429711
0.00579145
0.00579305
0.00864663
0.00743094
0.00981627
0.00741978
0.00685724
0.00747109
0.00748316
0.0119346
0.00669897
0.0128431
0.0126089
0.00729047
0.0074974
0.00701376
0.00600945
0.00544711
0.00422739
0.00451802
0.00137872
0.00594495
0.00107033
0.00381207
0.00138615
0.00142594
0.00381033
0.00402802
0.000693479
0.000768436
0.00363911
0.000355975
0.000647294
0.00449319
0.00208803
3.35777e-06
1.74845e-11
2.41494e-11
2.50298e-11
1.59961e-11
2.54413e-11
1.7268e-11
2.97428e-11
3.24627e-11
2.25098e-11
4.12227e-09
4.40299e-09
4.92605e-07
6.69922e-06
0.000119766
0.000356659
0.000571276
0.000594858
0.00033258
0.000230225
0.000131218
0.000115769
5.72929e-05
4.98192e-05
2.98496e-05
3.35023e-05
2.13107e-05
1.78669e-05
1.73631e-05
1.97593e-05
1.73073e-05
1.65024e-05
1.33973e-05
1.27593e-05
1.01499e-05
9.15505e-06
1.16272e-05
9.43169e-06
7.41547e-06
8.56776e-06
8.10597e-06
1.03747e-05
7.29859e-06
7.21221e-06
6.65441e-06
6.27161e-06
1.92619e-05
2.2127e-05
1.7485e-05
1.48061e-05
2.12381e-05
2.47116e-05
1.61301e-05
1.49735e-05
1.33371e-05
2.02325e-05
1.63496e-05
1.57073e-05
1.65018e-05
1.46029e-05
1.4292e-05
1.34479e-05
1.32604e-05
1.23053e-05
1.14e-05
1.32585e-05
1.32e-05
1.04723e-05
1.13245e-05
1.03801e-05
1.15533e-05
0.000128509
7.83278e-05
6.6753e-06
6.26378e-05
4.32398e-05
3.29611e-05
2.61273e-05
2.20618e-05
1.79355e-05
1.72518e-05
1.96807e-05
1.78223e-05
1.76095e-05
2.01741e-05
1.90322e-05
3.45007e-06
4.00427e-06
3.71574e-06
4.35816e-06
5.40307e-06
6.55477e-06
7.00946e-06
9.23087e-06
1.60216e-05
2.06316e-05
3.01575e-05
3.04578e-05
4.64875e-05
9.61832e-05
0.000186894
0.000352389
0.00032868
0.00147921
0.0049685
0.00704496
0.00995936
0.0123537
0.0128917
0.0111026
0.00853238
0.00743687
0.00481428
0.00254743
0.00259719
0.00147124
0.00108486
0.000605791
0.00043917
0.000177779
3.35661e-05
4.17435e-06
5.51663e-05
0.000215042
0.000202458
0.000395711
0.000659007
0.000866448
0.00128554
0.00185386
0.00239836
0.00362311
0.00420477
0.0039276
0.00538047
0.00579043
0.00618524
0.00807173
0.00913701
0.0107288
0.0156632
0.0143284
0.0154252
0.0201927
0.0132929
0.0184537
0.0120276
0.012849
0.00973275
0.0088383
0.0161348
0.0169868
0.0121389
0.0100787
0.0192281
0.017213
0.00362172
0.00339006
0.00341058
0.00318116
0.00327913
0.00317405
0.00300399
0.00303625
0.00281564
0.00266104
0.00276246
0.0027971
0.0025167
0.0030334
0.00248338
0.00245265
0.00248302
0.00231014
0.0024314
0.00219006
0.00233448
0.00274595
0.00226869
0.00215118
0.00213939
0.00239909
0.00233397
0.00246215
0.00206348
0.00228853
0.00193367
0.000693947
0.000403624
0.000769463
0.000370961
0.000524203
8.93864e-05
8.99246e-06
0.000888899
0.000439226
0.000883084
0.00299157
0.000751277
0.00261046
0.00375204
0.00401911
0.00304859
0.00338079
0.0033932
0.00535413
0.00646722
0.0034458
0.00841362
0.00691027
0.00883403
0.00833433
0.00725992
0.00729414
0.00603424
0.00461389
0.00486731
0.00808251
0.00571553
0.00405463
0.00320737
0.00279886
0.00254146
0.00516615
0.00184029
0.00151271
0.00152806
0.0007139
0.000641707
0.000586528
0.000565791
0.00112784
0.000638061
0.000402609
0.000506768
0.000294513
0.000279385
0.00856214
1.1825e-11
1.16568e-11
1.16696e-11
1.19026e-11
1.17357e-11
1.17593e-11
1.13754e-11
1.45745e-11
2.49521e-09
3.0721e-07
2.11029e-06
1.34982e-05
4.09711e-05
7.89621e-05
7.42058e-05
3.47012e-05
3.31119e-05
2.52535e-05
1.86935e-05
1.20578e-05
1.16262e-05
9.03408e-06
7.99534e-06
1.8758e-05
1.36931e-05
1.06918e-05
1.17249e-05
1.10252e-05
1.07105e-05
9.93682e-06
8.47674e-06
7.4647e-06
7.49423e-06
7.15695e-06
5.8818e-06
8.00123e-06
7.16716e-06
7.95951e-06
1.04144e-05
9.62862e-06
8.08003e-06
5.9738e-06
7.54366e-06
2.10623e-05
1.54607e-05
1.40461e-05
1.5494e-05
1.48217e-05
1.4114e-05
1.0296e-05
1.19837e-05
7.4815e-06
8.71853e-06
7.66708e-06
6.94057e-06
7.02011e-06
7.29587e-06
7.56895e-06
5.05627e-06
6.96899e-06
5.96783e-06
7.41487e-06
6.06521e-06
6.83402e-06
5.76973e-06
5.86139e-06
6.72315e-06
5.73971e-06
6.6963e-06
6.40974e-06
6.54306e-06
6.71778e-06
7.06026e-06
7.24071e-06
7.4024e-06
6.33818e-06
6.84976e-06
6.79994e-06
7.54736e-06
6.13238e-06
6.63139e-06
6.65979e-06
9.11516e-06
9.99644e-06
9.03755e-06
0.000239394
6.27036e-06
6.83942e-06
7.01718e-06
8.39329e-06
1.17299e-05
1.44505e-05
1.47454e-05
1.7063e-05
3.45771e-05
3.90404e-05
7.28019e-05
0.000135319
0.000267399
0.000484456
0.000764245
0.00420631
0.00889472
0.00983599
0.0144381
0.0140836
0.0133607
0.011496
0.00854685
0.00585246
0.0036992
0.00335899
0.0028199
0.00265942
0.00131779
0.00114666
0.000569307
0.000418454
0.000249558
7.84684e-05
7.29107e-05
1.5989e-06
0.000106339
0.00011511
0.000189427
0.000411045
0.000827102
0.000994101
0.00151552
0.00165877
0.00232946
0.00258778
0.00371444
0.00451435
0.00549676
0.00726362
0.00692752
0.00830532
0.00866802
0.0121067
0.0125911
0.018372
0.0158114
0.0554288
0.00881856
0.00737841
0.00898421
0.0168277
0.0107569
0.0101922
0.00581002
0.00525869
0.00452938
0.00410472
0.00347572
0.00354367
0.00353321
0.00312465
0.00276977
0.00263858
0.00291325
0.0027152
0.00253869
0.00242713
0.00216701
0.00251837
0.00283195
0.00218515
0.00211011
0.00233409
0.00229559
0.00215817
0.00179333
0.0022484
0.00224671
0.00214049
0.00129964
0.000902864
5.50316e-05
0.00022785
1.31136e-06
0.000806331
0.000130944
5.26618e-05
0.00109776
0.00210276
0.00120293
0.00436529
0.00377224
0.0029057
0.00633331
0.00486205
0.00491029
0.00261248
0.00237713
0.0045003
0.00199459
0.00157062
0.00121575
0.00104566
0.000809068
1.23952e-06
0.00197013
0.000258489
0.000127713
0.002359
6.45181e-05
0.0010727
0.000506448
0.000203426
5.2875e-06
0.00147326
2.54187e-05
0.00058417
0.0076561
0.0109228
0.00719048
0.00727566
0.0043146
0.00376942
0.0042379
0.00249386
0.0072015
1.12432e-11
1.12902e-11
1.13165e-11
1.13059e-11
1.11918e-11
1.091e-11
1.09037e-11
5.42846e-11
9.23989e-10
6.38964e-07
2.32912e-05
1.80643e-05
4.63444e-05
0.000251909
0.000252372
0.000257217
9.89762e-05
7.16046e-05
4.7003e-05
3.12457e-05
2.86263e-05
1.85761e-05
1.39888e-05
1.42866e-05
1.25836e-05
1.21143e-05
1.03265e-05
9.31503e-06
6.3116e-06
5.96343e-06
7.36318e-06
7.94483e-06
6.22325e-06
7.14626e-06
6.93247e-06
6.96554e-06
6.03963e-06
4.66057e-06
6.75865e-06
4.55427e-06
6.28962e-06
6.34798e-06
7.26817e-06
5.61307e-06
1.00859e-05
1.03974e-05
1.06202e-05
9.12721e-06
9.39215e-06
7.7046e-06
9.02272e-06
6.3436e-06
6.46959e-06
7.522e-06
6.9151e-06
1.5348e-05
1.26704e-05
1.18501e-05
1.19074e-05
1.01407e-05
9.86483e-06
9.91347e-06
9.40265e-06
8.12335e-06
8.99561e-06
9.00747e-06
8.16202e-06
9.54353e-06
9.17196e-06
9.04621e-06
9.26948e-06
9.14109e-06
9.44444e-06
8.25123e-06
1.0105e-05
9.3101e-06
9.44238e-06
9.67495e-06
1.00404e-05
9.53706e-06
3.57251e-06
3.76983e-06
3.84227e-06
5.21095e-06
7.0785e-06
8.34582e-06
1.35054e-05
2.07237e-05
2.76561e-05
5.58905e-05
0.000112396
0.000177538
0.000352605
0.000257035
0.00112137
0.00520768
0.0106501
0.0165544
0.0181465
0.0150315
0.0120874
0.0125019
0.00770638
0.00565033
0.00395653
0.00322898
0.00239366
0.00156445
0.00129688
0.00113372
0.000891033
0.000962989
0.00091523
0.000255742
6.72781e-05
5.9519e-05
1.01928e-05
1.56815e-05
1.13356e-05
5.54407e-05
0.000742294
0.000899089
0.00105891
0.0019695
0.00288091
0.00375134
0.00420863
0.00410611
0.00668344
0.00755042
0.0109483
0.011572
0.0145364
0.013198
0.0163961
0.00597059
0.0154348
0.00565445
0.00490716
0.00491485
0.00461242
0.0045579
0.00445693
0.00387829
0.00412334
0.00468139
0.00411552
0.00455512
0.00471422
0.00417028
0.00403814
0.00365499
0.00402925
0.00331135
0.00381512
0.00379007
0.00394741
0.00378117
0.00366526
0.00374602
0.00344836
0.00365806
0.00378495
0.00344601
0.00378167
0.00161974
0.000835666
1.58922e-05
0.000101766
8.58888e-05
0.00043495
0.000779263
0.000150656
0.00016684
0.00286723
0.0017492
0.00365757
0.00223753
0.0043572
0.00759172
0.00518316
0.0151934
0.00906846
0.0110397
0.0107671
0.007587
0.0121407
0.0121204
0.00937283
0.0126623
0.0126319
0.00746349
0.0147363
0.0104039
0.0108806
0.0108575
0.00743232
0.00999409
0.00596997
0.0042416
0.00387477
0.00353165
0.00229284
0.00204852
0.00578953
0.00343425
0.00363857
0.00215428
0.00208628
0.00129626
0.0004694
2.23296e-11
2.25198e-11
2.28757e-11
2.30603e-11
2.35047e-11
2.42823e-11
2.41779e-11
2.3695e-11
1.21201e-09
3.1311e-07
1.05195e-05
0.00219555
0.00647879
0.00578466
0.00634668
0.00363443
0.00164357
0.00103932
0.000602701
0.000259963
0.000211844
0.000115806
9.5295e-05
5.76883e-05
4.93801e-05
3.16393e-05
2.76545e-05
2.23258e-05
2.09378e-05
2.29366e-05
1.8021e-05
1.82204e-05
1.41936e-05
1.50413e-05
1.22584e-05
1.22651e-05
1.07632e-05
1.08802e-05
1.09396e-05
1.22874e-05
1.27432e-05
1.05645e-05
1.18194e-05
1.29859e-05
1.16739e-05
1.10994e-05
1.12701e-05
1.1016e-05
1.03305e-05
1.02269e-05
1.33991e-05
1.02849e-05
1.02093e-05
1.25342e-05
1.26675e-05
6.73192e-06
7.02173e-06
7.53206e-06
7.01406e-06
6.78415e-06
7.06709e-06
6.73238e-06
7.18379e-06
6.99244e-06
7.01296e-06
7.44627e-06
7.44686e-06
7.82102e-06
7.65356e-06
8.8268e-06
8.3553e-06
7.50742e-06
8.2083e-06
8.66533e-06
8.84731e-06
9.12924e-06
1.00238e-05
9.37363e-06
9.39525e-06
1.08537e-05
1.1339e-05
1.31608e-05
1.47485e-05
1.42521e-05
2.40754e-05
2.72451e-05
6.82846e-05
0.000120428
0.00022546
0.000402812
0.000233362
1.89371e-05
0.00377033
0.00394264
0.00910848
0.010771
0.0099833
0.00852885
0.00610587
0.00496338
0.00273168
0.00196619
0.00194231
0.001013
0.00049089
0.00011802
8.18996e-05
0.000187388
5.0031e-07
0.000101841
0.000186587
0.000128226
0.000306813
0.000898696
0.0013073
0.00147005
0.00253695
0.00572274
0.00625523
0.00674258
0.00782478
0.00959078
0.0120844
0.0130701
0.0175214
0.0173609
0.0231625
0.0202143
0.0251103
0.0221153
0.0301956
0.040859
0.0299802
0.0280172
0.0292657
0.0257041
0.0212042
0.00287634
0.00303647
0.00315314
0.00351021
0.00311308
0.00353324
0.00318339
0.00329314
0.00358226
0.00349185
0.0037324
0.00420718
0.0038466
0.00394057
0.00399977
0.00415791
0.00415711
0.00406535
0.00504155
0.00420098
0.00494393
0.00444864
0.00444456
0.00445361
0.0037891
0.00387763
0.000682367
0.00188807
0.00179098
0.000597546
0.000581534
0.00112148
0.000797222
9.54037e-06
0.000138547
0.00011564
4.0452e-05
0.00180516
0.00247596
0.000783021
0.00205118
0.00168782
0.00275332
0.00149187
0.00192646
0.00777812
0.00618252
0.00627956
0.00902551
0.0145885
0.00841829
0.0105159
0.00982074
0.00662596
0.00951472
0.00744869
0.00807685
0.00792614
0.00720479
0.0069351
0.00495616
0.00334363
0.0027611
0.00196957
0.000897281
1.81512e-05
1.73176e-05
0.00112102
0.00158669
0.00461779
0.00832268
0.016103
0.020608
0.0283908
0.0222865
0.0180858
0.0168778
0.0152031
0.0184413
0.0167566
0.0180061
0.0105113
0.0148167
0.018859
0.00420532
0.00411014
0.00441751
0.00464987
0.00571812
4.84487e-10
7.58143e-10
1.05729e-09
1.40444e-09
2.1362e-09
2.64544e-08
2.74909e-06
3.88568e-05
5.36539e-05
5.76284e-05
4.98543e-05
2.70833e-05
1.83958e-05
1.31966e-05
7.55585e-06
6.28087e-06
6.20854e-06
5.25434e-06
4.20076e-06
4.37165e-06
4.02549e-06
4.43133e-06
3.49743e-06
3.33991e-06
3.10745e-06
2.55199e-06
1.98777e-06
2.63073e-06
2.1518e-06
2.04596e-06
2.1285e-06
2.11357e-06
2.20022e-06
1.64239e-06
1.94825e-06
1.75673e-06
5.26449e-06
3.92755e-06
4.16162e-06
4.97484e-06
3.58823e-06
3.33005e-06
4.08836e-06
3.34869e-06
3.93948e-06
3.52323e-06
3.36478e-06
3.33929e-06
3.05141e-06
3.13274e-06
2.98315e-06
3.23121e-06
3.14691e-06
2.94151e-06
2.99587e-06
2.87577e-06
2.84323e-06
2.75039e-06
2.21843e-06
2.57742e-06
2.63001e-06
2.85156e-06
2.98199e-06
2.38921e-06
2.47822e-06
2.78438e-06
2.77046e-06
2.78469e-06
2.06475e-05
1.34225e-05
1.10321e-05
7.50905e-06
5.4112e-06
4.95058e-06
4.53779e-06
4.36796e-06
4.18057e-06
4.25028e-06
4.24761e-06
1.07108e-06
9.95317e-07
1.08831e-06
1.26413e-06
1.50693e-06
1.8251e-06
2.26209e-06
3.22788e-06
4.44221e-06
1.1711e-05
1.8084e-05
7.34873e-05
8.28348e-05
0.000180741
0.000533696
0.00455007
0.0109652
0.0158435
0.0179852
0.0232084
0.0245456
0.0227773
0.0179212
0.016031
0.0166132
0.0109158
0.00880877
0.00792782
0.0044373
0.0042499
0.00348085
0.00297168
0.0026445
0.00164981
0.00180505
0.00104356
0.000722652
0.000750597
0.000294175
0.000157094
4.44154e-05
4.68328e-05
0.000207476
7.3679e-05
0.000371464
0.00287946
0.00263514
0.00456311
0.00606908
0.00812934
0.010372
0.0106176
0.00471203
0.00473236
0.00443165
0.00682009
0.00838347
0.011401
0.013236
0.0166537
0.00976856
0.0070042
0.0024339
0.00221756
0.00244381
0.00237029
0.00244024
0.00248118
0.00212352
0.00247544
0.00208721
0.00237448
0.00225548
0.00206225
0.00219323
0.00221095
0.00222206
0.00213158
0.00216055
0.00218859
0.00229017
0.001945
0.00226286
0.002075
0.00241955
0.00201708
0.00202081
0.00205855
0.00200939
0.00101288
0.00162492
0.00012469
0.00112133
7.535e-08
2.08122e-05
0.000294225
0.00124558
0.000980921
0.00565522
0.00624359
0.00578014
0.00898531
0.00733039
0.00993431
0.0106071
0.0165987
0.0151314
0.00944852
0.0138551
0.0124914
0.00936509
0.0136426
0.0113903
0.00522915
0.00399395
0.00703781
0.00533398
0.0038488
0.0036813
0.00212427
0.00219533
0.000893598
0.0014553
0.00155972
0.00122188
0.000345108
0.00052145
0.000915217
0.000260473
0.000504752
0.000631925
0.000587754
0.00120987
0.00212864
1.0192e-11
1.03379e-11
1.02296e-11
1.03858e-11
1.03697e-11
1.0265e-11
9.93021e-12
3.09272e-10
2.08878e-06
1.98049e-06
2.77467e-05
5.47518e-05
0.000158155
0.000105819
3.83087e-05
2.74048e-05
1.57624e-05
1.464e-05
2.09047e-05
2.04105e-05
1.23309e-05
1.15933e-05
1.33556e-05
1.05044e-05
1.17935e-05
1.11285e-05
9.42995e-06
7.55463e-06
8.85794e-06
7.99755e-06
6.89749e-06
5.93537e-06
6.23896e-06
5.71403e-06
6.01378e-06
1.21751e-05
9.79623e-06
9.58579e-06
9.68512e-06
1.06426e-05
7.38933e-06
7.26699e-06
7.29445e-06
7.01228e-06
6.53581e-06
6.49186e-06
5.6772e-06
6.64503e-06
5.67301e-06
5.33425e-06
4.7866e-06
4.88699e-06
6.04772e-06
4.94037e-06
4.92751e-06
4.6108e-06
4.88721e-06
4.62777e-06
5.15071e-06
4.74204e-06
5.04304e-06
5.00628e-06
5.07654e-06
5.74925e-06
5.45842e-06
5.01503e-06
6.27063e-06
7.01489e-06
5.37244e-06
5.48833e-06
5.57531e-06
7.1861e-06
7.34347e-06
8.79085e-06
1.16511e-05
1.67789e-05
2.30942e-05
3.63656e-05
7.24396e-05
0.000126627
0.000115286
0.000264965
0.00523537
0.011795
0.0158029
0.0165044
0.0157195
0.0129713
0.0135036
0.0102111
0.00886349
0.0048603
0.0057278
0.00355649
0.00211079
0.00119525
0.00113701
0.000918944
0.000706394
0.000407066
0.000205025
0.000131377
2.61092e-05
4.15267e-06
0.000413378
0.000641861
0.000969709
0.00158185
0.00257962
0.00360726
0.00466475
0.00481132
0.0056203
0.00647679
0.00761591
0.0101027
0.0131363
0.0156301
0.0175452
0.0823117
0.0182223
0.0100912
0.00736469
0.00615183
0.00500274
0.00445354
0.0039641
0.0034951
0.00333581
0.00291454
0.00268575
0.00248903
0.00224465
0.00227561
0.00212283
0.00221604
0.00232786
0.00206439
0.00256761
0.00200562
0.00204464
0.0021893
0.00220052
0.00186766
0.00194849
0.00206872
0.00201118
0.00165664
0.00174482
0.00123462
0.000274855
8.41863e-05
8.7283e-05
0.000192814
0.00056785
0.000728879
0.000509136
0.00423673
0.00693941
0.00611002
0.00594099
0.00422818
0.00369899
0.00896603
0.0029271
0.00405768
0.00371952
0.00277794
0.00283205
0.00245535
0.00037303
0.00156949
0.000203415
0.000312135
0.00183754
1.72794e-06
0.00140423
0.000663887
0.000198272
0.000227473
0.00119474
1.46833e-06
0.000588358
4.14856e-05
0.0016748
0.000707387
0.00214334
1.08184e-05
0.0170199
0.01125
0.00752613
0.0199881
0.0100952
0.0081791
0.0103292
1.23401e-11
1.24341e-11
1.24358e-11
1.24396e-11
1.24218e-11
1.19592e-11
2.62211e-10
2.48179e-06
3.97964e-05
0.000131888
0.000284231
0.00024958
0.000329142
0.000125462
7.64951e-05
4.73832e-05
3.79586e-05
2.94115e-05
2.12252e-05
1.43836e-05
1.08447e-05
1.42825e-05
1.40973e-05
1.18634e-05
8.58086e-06
7.59099e-06
7.68027e-06
7.61847e-06
7.22863e-06
7.83155e-06
9.70243e-06
8.32552e-06
9.35397e-06
7.68313e-06
7.23788e-06
7.47322e-06
8.77034e-06
7.81097e-06
6.24168e-06
1.37223e-05
1.31211e-05
1.02949e-05
9.8566e-06
8.98062e-06
7.96178e-06
9.31295e-06
7.99634e-06
6.89971e-06
1.98316e-05
1.71742e-05
1.64265e-05
1.29641e-05
1.24826e-05
1.25844e-05
1.08275e-05
1.16904e-05
1.13697e-05
1.0912e-05
1.01577e-05
1.13801e-05
9.9646e-06
1.06076e-05
1.05976e-05
1.04025e-05
1.16572e-05
1.18542e-05
1.10663e-05
1.13159e-05
1.04266e-05
1.05332e-05
3.92336e-06
4.05446e-06
4.37647e-06
5.45933e-06
6.26593e-06
8.12447e-06
1.17956e-05
1.68338e-05
2.33957e-05
3.8831e-05
8.01443e-05
0.000124151
0.000143482
1.85543e-05
0.000133255
0.00231976
0.00700542
0.0167069
0.0162785
0.0134109
0.0105483
0.00778624
0.00612829
0.00595088
0.00400188
0.00300485
0.00255407
0.00202748
0.00152729
0.00113654
0.00104299
0.000694546
0.00104209
0.000586222
0.000223591
0.000144081
9.35417e-05
3.76905e-05
2.02324e-05
3.3712e-05
3.12393e-05
0.000192521
0.000242507
0.00085407
0.0019564
0.00326023
0.00335715
0.00380204
0.00550759
0.00601053
0.00760018
0.00963827
0.00948836
0.0102226
0.01135
0.0131209
0.0160159
0.0157403
0.0108547
0.00654471
0.00609901
0.00547624
0.00598256
0.00498446
0.00520383
0.00503448
0.00557822
0.00410805
0.00474813
0.00438164
0.00449389
0.00425706
0.00413607
0.00375437
0.00400843
0.00402569
0.00385194
0.00364146
0.00400316
0.00384708
0.00370074
0.00366207
0.00404757
0.00402529
0.00368988
0.00330882
0.00364772
0.00332955
0.00321641
0.00338239
0.00146467
0.00123112
1.06357e-05
0.000463878
0.000569414
6.32751e-05
2.29503e-05
0.000319241
8.32269e-05
0.00212775
0.000682208
0.00161342
0.00475575
0.00533673
0.00689848
0.00631612
0.00896833
0.0107161
0.0101707
0.00979496
0.00926633
0.0102869
0.0142956
0.0117888
0.0131358
0.0144503
0.0121286
0.0102945
0.00996956
0.0158422
0.0118849
0.00869679
0.00625774
0.00898173
0.00738716
0.00692586
0.00718811
0.011391
0.00253828
0.00449465
0.00209243
1.46902e-05
1.96866e-11
1.9947e-11
2.04817e-11
1.99421e-11
2.03572e-11
2.10192e-11
2.44189e-09
3.42459e-07
1.18556e-05
0.00139155
0.00563615
0.00762184
0.0042588
0.00167623
0.00144361
0.00052067
0.000417121
0.000232866
0.000103347
8.508e-05
4.46104e-05
3.5707e-05
2.11862e-05
2.23481e-05
1.70731e-05
1.63289e-05
1.42901e-05
1.50921e-05
1.16441e-05
1.25535e-05
1.15067e-05
1.12672e-05
8.01195e-06
8.3089e-06
9.21444e-06
7.82141e-06
8.11377e-06
9.0972e-06
8.19968e-06
7.42769e-06
8.16637e-06
7.63206e-06
7.81563e-06
7.19366e-06
7.40964e-06
7.77076e-06
7.39656e-06
7.71095e-06
7.88805e-06
8.76011e-06
9.0233e-06
8.89908e-06
8.47889e-06
1.06611e-05
6.93056e-06
6.80259e-06
7.33655e-06
7.8227e-06
8.42095e-06
1.09121e-05
9.65579e-06
7.38963e-06
7.79676e-06
7.84985e-06
7.2031e-06
1.80092e-05
1.58721e-05
1.55819e-05
1.58269e-05
1.44375e-05
1.46547e-05
1.30033e-05
1.95052e-05
2.20451e-05
1.98162e-05
1.93886e-05
1.84624e-05
1.66643e-05
1.64096e-05
1.63657e-05
1.62679e-05
6.5828e-06
7.20549e-06
7.68631e-06
9.53864e-06
1.59857e-05
2.4651e-05
3.89602e-05
4.04862e-05
0.000139731
0.00026518
0.000463363
0.000486449
0.000636737
0.00448549
0.0084902
0.0122661
0.0114623
0.0101796
0.00714489
0.00611901
0.00388157
0.00250796
0.00270978
0.00121026
0.000987452
0.000886121
0.000784363
0.0008345
0.000572047
0.000276862
0.000183102
0.000114985
6.32039e-05
1.45153e-05
4.198e-06
5.70515e-05
0.000333504
0.000523933
0.000625432
0.000899121
0.00137622
0.00384181
0.00842029
0.0062187
0.00718165
0.00689642
0.0128364
0.0119652
0.0132358
0.0210962
0.0245852
0.0249671
0.0202968
0.0182358
0.026878
0.0310966
0.0490976
0.0327596
0.00308232
0.00336742
0.0033759
0.00346795
0.0036248
0.00363745
0.00358976
0.0041195
0.00375473
0.00408058
0.0042662
0.00381909
0.00384385
0.00387005
0.00368814
0.00398658
0.00420177
0.00408299
0.00313381
0.00118417
0.00229404
0.000102728
0.000582033
7.99882e-08
1.85909e-07
5.13145e-05
0.0001459
0.000621331
0.000456086
0.00051036
0.00457076
0.00343316
0.00418419
0.00255422
0.00565319
0.00524456
0.00585004
0.00572954
0.0125413
0.00616423
0.0153805
0.00834386
0.00978007
0.00963502
0.0127975
0.0108471
0.0113181
0.00969942
0.00919905
0.00943493
0.00725917
0.00812576
0.00840122
0.006593
0.00595863
0.00907951
0.00537538
0.00490831
0.00761584
0.00405814
0.00359771
0.0042095
0.00224835
0.00117643
0.00125679
0.00080437
0.000882977
0.000250015
7.32505e-05
4.28653e-06
4.69231e-07
0.000329886
0.000754878
0.00116188
0.0035902
0.00843877
4.29366e-10
5.04656e-10
6.4733e-10
8.15232e-10
1.08559e-09
1.50781e-09
2.12329e-09
2.66818e-09
2.69966e-08
1.09827e-06
1.2108e-05
5.97488e-05
0.000539819
0.000719952
0.000635798
0.000194761
0.000180463
0.00013537
4.07043e-05
2.46519e-05
1.71205e-05
1.4069e-05
1.3305e-05
1.12499e-05
1.23431e-05
1.06077e-05
1.04342e-05
9.15283e-06
8.91424e-06
8.05013e-06
8.10056e-06
7.26932e-06
7.56703e-06
5.79431e-06
5.43565e-06
7.18399e-06
6.01273e-06
6.42996e-06
6.57557e-06
8.9058e-06
8.34352e-06
7.11862e-06
2.02118e-05
2.28949e-05
2.04892e-05
1.63897e-05
2.25588e-05
2.02741e-05
1.78434e-05
1.6894e-05
1.34412e-05
1.08083e-05
1.091e-05
1.03681e-05
9.40364e-06
9.00553e-06
9.35284e-06
1.05789e-05
1.12633e-05
1.09718e-05
9.78821e-06
1.18251e-05
1.08279e-05
1.25909e-05
1.2626e-05
9.96117e-06
1.01342e-05
1.02378e-05
1.12862e-05
1.10125e-05
9.65823e-06
1.22653e-05
0.000113079
6.74252e-05
4.62615e-05
3.77963e-05
2.74609e-05
2.33899e-05
2.04876e-05
1.87903e-05
1.92449e-05
1.90427e-05
1.96083e-05
1.71536e-05
3.55474e-06
3.75503e-06
3.98183e-06
4.37903e-06
5.38502e-06
6.12911e-06
7.87399e-06
1.11131e-05
2.03288e-05
2.91079e-05
5.66621e-05
7.36259e-05
0.000339372
0.000501951
0.00325677
0.00711522
0.0113509
0.0121299
0.0124281
0.00991656
0.00881124
0.00481244
0.00348229
0.00185246
0.00142946
0.0010801
0.000711824
0.00053208
0.000150893
0.000189816
3.64835e-05
1.95416e-06
3.60285e-06
2.19787e-05
5.89452e-05
0.000460161
0.000259441
0.000899674
0.00121358
0.00226429
0.00199188
0.00198251
0.00311997
0.00303333
0.00480738
0.00562461
0.00431812
0.00321346
0.00355601
0.00267415
0.00421611
0.00366047
0.00288887
0.00279244
0.00226303
0.00222215
0.00263563
0.00188468
0.00256628
0.00263255
0.00172308
0.0017058
0.00180281
0.00127996
0.00163162
0.00106641
0.00135717
0.00157088
0.00193906
0.00121175
0.0012689
0.00125261
0.000972984
0.00106545
0.00140795
0.000795196
0.000945017
0.000952972
0.00108503
0.000524604
0.000692889
0.000886996
0.000941942
0.00041074
0.000723069
0.00109184
0.000892466
0.000292657
0.000346911
0.000594405
0.00021035
0.000405133
0.000383886
0.000242763
0.000311543
0.000115841
0.000600364
0.000379199
0.000167877
0.000422857
0.000133065
0.000129919
0.000246404
0.000147546
0.00042886
8.21829e-05
0.000216423
0.000238658
0.000333296
0.000300703
0.000354037
0.000208474
9.53704e-05
1.87046e-05
0.000122494
0.000120403
0.000117219
0.000115808
0.000114952
0.000114275
0.000128372
0.00012553
0.000125218
0.000120214
0.000118141
0.000109686
0.000155429
0.000137932
0.000133911
0.000145278
0.000142423
0.000157191
0.00014559
0.000137893
0.000145467
0.000132403
0.000129314
0.000136344
0.000133518
0.000134334
0.000112614
0.000110557
0.000111925
0.000126825
0.000110544
0.000109878
0.000117269
0.000118855
0.000117294
6.85806e-05
7.10897e-05
7.2342e-05
9.10714e-05
9.2901e-05
9.65205e-05
8.03038e-05
8.91481e-05
9.53298e-05
0.000119037
0.000146302
0.000155412
0.000155491
0.000167373
0.000197081
0.000219251
0.000229058
0.000228551
0.000280082
0.000299973
0.000358489
0.000398756
0.000615236
0.000678529
0.000688702
0.000769502
0.000904763
0.00101595
0.00110055
0.00127133
0.00184867
0.00261982
0.00305354
0.00355681
0.00436761
0.00491558
0.00573979
0.00849879
0.00999662
0.00885669
0.00964725
0.006692
0.00260432
0.00158002
0.00258351
0.00155511
0.000719408
0.00324485
0.00472949
0.00328369
0.00162335
0.00311739
0.00334615
0.000775532
0.000399425
0.00123045
0.00245423
0.00133956
0.00130855
0.000739917
0.00267637
0.00321834
0.00223719
0.000650407
0.00208202
0.00151982
0.00137098
0.000991883
0.00430092
0.00295102
0.00339093
0.00199802
0.00556894
0.00438207
0.00455575
0.00210708
0.00599057
0.00733511
0.00540634
0.00603008
0.00466984
0.010718
0.00825628
0.0152957
0.0115683
0.0115906
0.0131465
0.00993105
0.00537735
0.000599889
0.000617975
0.00051458
0.00728795
0.000560451
0.000566279
0.000592618
0.000593097
0.00060614
0.000712198
0.000622584
0.000650937
0.000566969
0.000567332
0.00058006
0.000560039
0.000560205
0.000583942
0.000705553
0.000608434
0.000607252
0.000621069
0.000626897
0.000649321
0.000662436
0.000711348
0.000746504
0.000689124
0.00075285
0.000747196
0.000762834
0.000752034
0.000834533
0.000826208
0.000845787
0.000833377
0.000836846
0.00082039
0.000854782
0.000884993
0.000875194
0.000892853
0.000955368
0.000943371
0.000951212
0.000894727
0.000868321
0.000859125
0.000880115
0.000893476
0.000898525
0.000938264
0.00100038
0.000428319
0.000355517
0.00017933
0.000897371
0.000887425
0.000909205
0.0009299
0.000941699
0.000277251
0.000937046
0.000926654
0.000955358
0.000977443
0.000931793
0.000960456
0.00100589
0.000583102
0.000865934
0.00085541
0.00053805
0.000570825
0.000333008
1.26313e-05
1.2565e-05
5.58356e-05
2.19676e-05
2.18243e-05
0.000131
0.000129551
0.000292525
0.000185842
0.000184025
0.000433725
0.00104595
0.00135474
0.00188892
0.0036154
0.00355632
0.00430027
0.0034007
0.00376258
0.00339617
0.00333614
0.00487165
0.00663232
0.0064852
0.00653692
0.00565966
0.00553114
0.0057306
0.011063
0.0120924
0.00582519
0.00613526
0.0127041
0.0122251
0.0129609
0.0124016
0.0123968
0.0103614
0.0103196
0.0135181
0.0127087
0.0130332
0.0108539
0.0101043
0.0110602
0.00726105
0.00910575
0.0116699
0.0117651
0.0105272
0.00999573
0.00659209
0.00624045
0.00722199
0.0067525
0.00586306
0.00533706
0.00508236
0.0045315
0.00346803
0.00351176
0.00404459
0.00317701
0.00272346
0.00274955
0.000452351
0.000491104
0.000802884
0.000767613
0.0003665
5.32254e-05
7.6874e-05
9.23857e-05
1.0833e-05
3.51399e-06
0.000126855
4.53028e-05
3.52764e-06
5.097e-05
1.06743e-05
0.000261199
0.000294959
0.000131429
6.17571e-05
0.00105862
0.000790316
3.21952e-05
0.000926026
0.0003088
0.000140927
2.98957e-05
5.57323e-05
1.11648e-05
7.13113e-05
0.000842925
0.000377948
0.000217017
0.000375067
1.05762e-05
0.00462951
8.04796e-12
8.05305e-12
8.04641e-12
8.05823e-12
8.05824e-12
8.0687e-12
8.10263e-12
8.09043e-12
8.36836e-12
8.33375e-12
9.35444e-12
1.90933e-11
2.06399e-11
2.07078e-11
4.0523e-09
9.04595e-07
9.088e-07
9.01563e-07
9.23706e-07
1.46042e-05
1.43861e-05
2.44575e-05
2.40799e-05
3.10734e-05
3.04027e-05
2.02309e-05
1.98273e-05
1.2057e-05
1.19046e-05
1.19213e-05
7.6201e-06
7.63604e-06
4.89827e-06
4.86525e-06
3.37161e-06
3.3719e-06
3.38553e-06
3.17067e-06
3.23163e-06
3.24201e-06
4.09585e-06
3.09953e-06
3.13484e-06
2.51213e-06
2.54624e-06
2.21829e-06
2.25695e-06
2.56779e-06
2.64997e-06
3.06752e-06
3.50009e-06
3.58691e-06
3.60866e-06
3.88757e-06
4.02278e-06
3.57679e-06
3.6245e-06
3.65778e-06
3.13725e-06
2.89961e-06
2.93494e-06
2.96858e-06
2.47481e-06
2.38942e-06
2.40722e-06
2.9123e-06
2.87689e-06
2.79768e-06
2.81974e-06
3.58076e-06
3.5577e-06
3.06408e-06
3.13018e-06
2.79119e-06
2.74589e-06
3.3185e-06
3.11993e-06
3.9118e-06
3.92958e-06
3.90844e-06
3.90515e-06
3.60055e-06
3.59377e-06
3.6197e-06
3.21759e-06
3.02665e-06
3.04298e-06
3.10075e-06
3.06316e-06
3.06208e-06
3.06376e-06
2.52499e-06
2.54626e-06
3.38776e-06
3.39051e-06
2.87401e-06
2.9249e-06
3.44392e-06
3.57125e-06
3.755e-06
3.89084e-06
3.52751e-06
3.65809e-06
4.29214e-06
4.57981e-06
4.24751e-06
3.7249e-06
3.95073e-06
4.06412e-06
4.25056e-06
4.00424e-06
4.24819e-06
4.79927e-06
4.71786e-06
3.93338e-06
4.64095e-06
4.53195e-06
5.41169e-06
4.36396e-06
5.16362e-06
5.03939e-06
5.39281e-06
6.4333e-06
6.31961e-06
6.07229e-06
6.36669e-06
5.81306e-06
6.35327e-06
6.80986e-06
0.00010951
6.03932e-05
3.2279e-05
1.94817e-05
1.34474e-05
1.08296e-05
8.57139e-06
7.4402e-06
6.28603e-06
6.04798e-06
5.95734e-06
5.68188e-06
5.54916e-06
5.50647e-06
5.41942e-06
5.52495e-06
5.62483e-06
5.57014e-06
5.62358e-06
6.00067e-06
5.99205e-06
5.64621e-06
5.60854e-06
5.65574e-06
5.24555e-06
4.62807e-06
4.78775e-06
5.32999e-06
5.4604e-06
5.46747e-06
5.61438e-06
5.91133e-06
5.87264e-06
5.52159e-06
1.59254e-06
1.66398e-06
1.51483e-06
1.6372e-06
2.07993e-06
2.14245e-06
2.23455e-06
2.17666e-06
2.41862e-06
2.4983e-06
2.944e-06
2.98293e-06
3.39416e-06
3.31522e-06
4.22237e-06
5.3414e-06
5.71564e-06
5.54836e-06
7.39801e-06
7.64975e-06
1.18512e-05
1.12934e-05
1.69357e-05
1.80495e-05
3.03875e-05
3.33902e-05
2.49036e-05
4.68546e-05
5.03346e-05
8.67797e-05
9.64291e-05
0.000101933
0.000194329
0.000215589
0.000165196
0.000192772
3.55021e-05
0.000570322
0.000549798
0.000397282
0.00422871
0.00364241
0.00860162
0.00896496
0.0147542
0.0146091
0.0134369
0.0163158
0.0160719
0.0181987
0.0201038
0.0183186
0.0204501
0.0194731
0.0184982
0.0175576
0.0161613
0.0162024
0.0137591
0.0128155
0.0115627
0.00609348
0.00636951
0.00515112
0.00667889
0.00553078
0.00431798
0.00479871
0.0036078
0.00267259
0.00287715
0.00204689
0.00181972
0.00190414
0.00140023
0.00171898
0.00169005
0.000828538
0.000781833
0.000444029
0.000917504
0.000669008
0.000407005
0.000343627
0.000273641
0.000362783
0.000416617
5.40504e-05
6.18967e-05
1.7624e-06
7.41091e-06
1.18689e-05
4.85472e-06
1.27119e-06
1.487e-05
0.000179915
0.000192322
0.000326176
0.000223895
0.000307101
0.000417042
0.000662215
0.00110442
0.00124676
0.00115837
0.00111461
0.000935078
0.00126348
0.00219357
0.00211228
0.00224015
0.00226002
0.00281327
0.00231952
0.00255544
0.00345362
0.00373644
0.00322829
0.00361407
0.00292979
0.0030229
0.00395722
0.00513516
0.0033498
0.00243333
0.00221938
0.00494696
0.00276668
0.00359562
0.00268421
0.00321985
0.00368505
0.00284595
0.00656698
0.00489529
0.00758277
0.00578219
0.00578686
0.00273857
0.00772674
0.00568934
0.00853131
0.00673236
0.00381336
0.00216338
0.00456509
0.00225235
0.00220484
0.00235993
0.00226031
0.00225987
0.00200306
0.00199863
0.00229857
0.00226578
0.00217608
0.0021122
0.00213889
0.0021266
0.00247115
0.00242138
0.00223936
0.00223858
0.00217634
0.00214776
0.00211763
0.00211963
0.00227119
0.00218843
0.00199495
0.00208107
0.00184006
0.00182748
0.00208577
0.00209196
0.00213374
0.00206743
0.00218312
0.00202896
0.0019688
0.0020105
0.00194918
0.00195328
0.0020222
0.00205205
0.00199306
0.00202727
0.00222294
0.0022742
0.00200634
0.00195155
0.00200141
0.00193137
0.00188133
0.00188532
0.00222779
0.00219369
0.00175571
0.00171592
0.00173995
0.00199569
0.00194465
0.00195122
0.00182664
0.00183539
0.0018357
0.0017941
0.00156768
0.000187621
6.31323e-05
0.000364384
0.000355276
0.000266929
9.426e-05
9.12942e-05
7.54126e-06
5.43536e-06
0.000897486
0.00126638
0.00155565
0.000280989
0.000276195
0.000345271
0.00172389
0.00168241
0.00204048
0.00228377
0.00317113
0.000730441
0.000715588
0.000957767
0.00240093
0.00233374
0.00280872
0.00148026
0.0014422
0.00216423
0.00619813
0.00651744
0.00550989
0.00528732
0.0070207
0.00646093
0.00635505
0.00642378
0.00563358
0.00958286
0.0101058
0.0100695
0.00934151
0.00905374
0.00791338
0.00726512
0.00516894
0.00878398
0.00784616
0.00701924
0.00460522
0.005099
0.00454686
0.00420673
0.00398648
0.00578209
0.00499743
0.00477874
0.00289128
0.00251638
0.00190046
0.00212211
0.00169805
0.00150442
0.00164598
0.00191627
0.0028387
0.00253919
0.0010712
0.00110549
0.00027926
0.000285338
0.000284776
0.000572899
0.000587374
0.00123989
0.00127742
0.000671594
0.000621981
0.000710776
0.00577611
0.00344123
0.00183246
0.00103418
0.000495066
0.000245626
0.000148401
8.70026e-05
2.06562e-06
1.35041e-05
4.49997e-07
1.503e-09
0.000194412
0.000275617
0.00020817
6.1186e-05
1.50652e-05
1.19882e-05
2.65737e-05
1.24084e-07
0.000158046
0.000163121
0.000166442
0.00101178
0.00125159
3.12042e-05
5.93186e-06
1.7924e-06
0.000201999
0.00546223
0.00424798
1.28825e-11
1.29151e-11
1.29437e-11
1.29441e-11
1.29351e-11
1.29708e-11
1.28495e-11
1.28847e-11
1.2924e-11
1.29544e-11
1.64167e-11
1.65893e-11
1.72452e-11
3.84826e-09
3.94358e-09
7.01582e-07
7.26251e-07
1.17724e-05
1.17128e-05
5.53216e-05
5.51139e-05
0.000117052
0.000114792
8.9792e-05
8.78177e-05
3.9207e-05
4.15642e-05
4.17993e-05
2.10976e-05
2.08189e-05
1.58261e-05
1.58135e-05
1.19047e-05
1.21348e-05
1.28396e-05
1.29205e-05
1.09703e-05
1.12204e-05
1.01877e-05
1.0336e-05
1.04134e-05
1.0587e-05
9.40913e-06
9.74747e-06
7.88065e-06
8.05447e-06
6.80465e-06
7.02081e-06
6.92478e-06
7.1436e-06
6.75003e-06
6.98867e-06
7.29445e-06
7.58235e-06
7.88883e-06
6.29993e-06
6.73734e-06
7.95989e-06
7.28174e-06
4.99398e-06
9.92015e-06
9.36233e-06
7.60072e-06
7.24891e-06
6.64932e-06
6.47093e-06
8.79622e-06
8.43604e-06
8.38031e-06
8.06931e-06
7.97886e-06
7.00946e-06
6.83498e-06
6.04805e-06
5.99079e-06
6.71504e-06
5.6922e-06
5.6387e-06
6.96177e-06
6.87736e-06
6.13386e-06
6.0719e-06
7.03793e-06
6.95936e-06
6.66227e-06
6.5289e-06
6.47826e-06
5.84768e-06
5.17163e-06
5.18877e-06
6.52756e-06
6.43143e-06
6.54375e-06
5.17277e-06
1.714e-05
1.59309e-05
1.2702e-05
1.17311e-05
1.13296e-05
1.07312e-05
1.03533e-05
1.26481e-05
1.18498e-05
1.15581e-05
1.04751e-05
9.89401e-06
9.78915e-06
9.30927e-06
9.31015e-06
7.35914e-06
7.6653e-06
7.4527e-06
7.57025e-06
6.72637e-06
6.58638e-06
8.77464e-06
8.49411e-06
8.6078e-06
8.33525e-06
8.15806e-06
8.19658e-06
6.76567e-06
6.64248e-06
6.74133e-06
6.75338e-06
6.71412e-06
7.30505e-06
7.14649e-06
8.76433e-06
8.58256e-06
7.84258e-06
7.64603e-06
7.80606e-06
6.78974e-06
6.68072e-06
6.86025e-06
6.73838e-06
8.72046e-06
7.74134e-06
7.65232e-06
7.8876e-06
7.70332e-06
7.81115e-06
7.60427e-06
7.53219e-06
8.02893e-06
7.82147e-06
7.80491e-06
7.70668e-06
1.09905e-05
1.42538e-05
1.32296e-05
1.27587e-05
8.24738e-06
1.32983e-05
2.26678e-05
2.01829e-05
1.90545e-05
1.60273e-05
1.48324e-05
1.49755e-05
1.425e-05
1.25168e-05
1.24319e-05
1.41223e-05
1.35207e-05
1.34328e-05
1.42051e-05
1.39356e-05
1.21115e-05
1.20745e-05
1.1817e-05
1.15512e-05
1.18563e-05
1.23885e-05
1.21108e-05
1.25147e-05
1.40427e-05
1.37115e-05
1.42355e-05
1.43692e-05
1.27118e-05
1.24918e-05
1.26122e-05
1.33519e-05
1.31173e-05
1.38236e-05
1.4806e-05
1.54775e-05
1.61007e-05
1.77343e-05
1.70888e-05
1.7587e-05
1.91526e-05
1.85595e-05
3.92787e-05
3.78634e-05
3.23414e-05
2.42277e-05
2.57717e-05
5.0458e-05
3.84017e-05
7.14502e-05
7.15683e-05
9.36167e-05
0.000165586
0.00022741
0.000166183
0.000320355
8.95936e-06
0.00256851
0.00250969
0.00188552
0.00349962
0.00342984
0.00829757
0.0104146
0.0101941
0.0114645
0.0135293
0.0129434
0.011331
0.0130538
0.0122419
0.0137791
0.0145095
0.0137689
0.0124965
0.0116028
0.0114409
0.0100396
0.00631316
0.00586319
0.00739259
0.00510178
0.00489991
0.00351935
0.00395531
0.00277766
0.0027149
0.00203769
0.00159777
0.00102197
0.00122879
0.000887829
0.000515434
0.000457846
0.000260329
0.000408595
0.000197201
4.33358e-05
1.84337e-05
3.32759e-05
4.38003e-05
0.000165626
0.000192691
0.000353951
0.000114111
0.000411048
0.00220925
0.00231247
0.00226983
0.00236385
0.00215386
0.00201958
0.00210459
0.00214882
0.00202302
0.00210332
0.00214779
0.00203746
0.00212794
0.00210879
0.00200955
0.00205763
0.00187702
0.00220573
0.0022354
0.00213774
0.00206212
0.00217842
0.00226068
0.00232964
0.00238569
0.00222665
0.00258092
0.00248403
0.00256173
0.00246593
0.00237915
0.00255305
0.00277356
0.00267502
0.00281338
0.0025045
0.00242822
0.00249634
0.00231077
0.00237936
0.00264082
0.00276014
0.00286267
0.00274271
0.00266329
0.00273266
0.00278991
0.00277349
0.00287302
0.0029109
0.00325613
0.00322669
0.00304093
0.00307324
0.00260311
0.00259855
0.00274188
0.00269914
0.00264625
0.002352
0.00242062
0.00253458
0.00248461
0.00258845
0.00238659
0.00253459
0.00300814
0.00292714
0.00304378
0.00271763
0.00288205
0.00313365
0.00321102
0.00285163
0.00297089
0.00329643
0.00344681
0.00358942
0.00325106
0.00350531
0.00365901
0.00352947
0.00371973
0.00331475
0.00354971
0.0018308
0.00176623
0.000853456
1.87703e-05
1.91903e-05
7.08887e-05
0.000466402
6.66204e-05
1.30709e-05
0.00140577
0.00133007
0.00203268
0.000609774
0.00182124
0.00302495
0.00377294
0.00331461
0.00325201
0.00520372
0.00540859
0.00496592
0.00644268
0.00886371
0.00913833
0.00625518
0.00552241
0.00819181
0.00706409
0.00979196
0.0104708
0.0070376
0.00703123
0.00809784
0.00707741
0.00835861
0.0064647
0.00595781
0.00613991
0.00537261
0.00413058
0.00355253
0.00281422
0.00349275
0.00292075
0.00322928
0.00295366
0.0028631
0.0021655
0.00650348
0.00541748
0.00179232
0.00159098
0.0030844
0.0026951
0.00534609
0.0057892
0.0074258
0.0114322
0.011197
0.0116694
0.00549822
0.0050618
0.00467928
7.69413e-05
0.0399714
0.0342039
0.00866328
0.00806227
0.000182561
2.37543e-05
2.3026e-05
2.34608e-05
2.69705e-05
3.69417e-06
3.91363e-06
2.59937e-06
1.86203e-06
1.85572e-06
5.28357e-06
5.30374e-06
2.26858e-05
2.18379e-05
2.16593e-05
2.06072e-05
2.0174e-05
3.38194e-05
3.34356e-05
3.87697e-05
3.79781e-05
2.72975e-05
2.68521e-05
3.49571e-05
3.50515e-05
3.52014e-05
2.71324e-05
2.67637e-05
2.04785e-05
2.0449e-05
1.99772e-05
1.97315e-05
1.99997e-05
1.84207e-05
1.79272e-05
2.73726e-05
2.8202e-05
2.7603e-05
2.755e-05
2.72701e-05
2.74823e-05
2.81095e-05
2.9037e-05
2.93472e-05
2.26901e-05
2.22905e-05
2.22823e-05
1.97233e-05
1.97817e-05
2.18207e-05
2.21454e-05
1.5465e-05
1.54433e-05
1.54795e-05
2.11468e-05
2.12859e-05
2.16127e-05
2.15587e-05
2.12463e-05
2.15726e-05
2.29448e-05
2.31574e-05
2.06417e-05
2.10519e-05
1.47731e-05
1.52038e-05
1.38157e-05
1.41828e-05
1.64881e-05
1.63569e-05
1.67514e-05
1.85884e-05
1.90083e-05
1.89472e-05
2.00906e-05
1.95517e-05
1.97471e-05
1.99498e-05
2.44985e-05
2.47456e-05
2.52001e-05
2.65868e-05
2.66145e-05
2.6174e-05
2.62428e-05
2.47307e-05
2.43373e-05
2.40091e-05
2.37101e-05
2.36904e-05
2.2864e-05
2.00101e-05
1.98747e-05
1.9959e-05
1.96144e-05
2.026e-05
2.09259e-05
2.05626e-05
2.37151e-05
2.35912e-05
1.95395e-05
1.65857e-05
1.60953e-05
1.76809e-05
1.77779e-05
1.76114e-05
2.17934e-05
2.18025e-05
1.9756e-05
1.96139e-05
1.99773e-05
2.12081e-05
2.12001e-05
2.09186e-05
2.15884e-05
2.28743e-05
2.27919e-05
2.27409e-05
1.99073e-05
2.04657e-05
2.07336e-05
2.30837e-05
2.31269e-05
2.09205e-05
2.10311e-05
2.35625e-05
2.37649e-05
2.14529e-05
2.16984e-05
2.62825e-05
2.67535e-05
2.30468e-05
2.40403e-05
2.28406e-05
2.33178e-05
2.49341e-05
2.55948e-05
2.57885e-05
2.654e-05
2.84813e-05
2.93898e-05
2.98549e-05
2.73312e-05
2.8321e-05
2.98023e-05
3.23273e-05
3.20086e-05
3.37347e-05
3.28695e-05
3.45133e-05
3.69014e-05
3.87684e-05
3.92739e-05
3.98029e-05
4.11266e-05
4.14024e-05
4.10799e-05
4.07083e-05
4.18797e-05
4.70137e-05
4.42671e-05
4.4772e-05
3.52226e-05
0.000365467
0.000298624
0.000273079
0.000234345
0.000195743
0.000296699
0.000149229
0.000188122
0.000169046
2.54536e-05
2.33569e-05
2.23876e-05
2.09554e-05
2.2944e-05
2.52398e-05
2.59922e-05
2.70591e-05
2.97947e-05
2.77576e-05
3.29733e-05
3.48015e-05
4.28098e-05
3.85792e-05
4.80095e-05
5.1588e-05
5.50246e-05
7.28175e-05
8.01751e-05
7.44348e-05
0.000116726
0.000127509
0.000207794
0.000226161
0.000170586
0.000359307
0.000374322
0.000756129
0.000825018
0.000599675
0.000560081
0.000639531
0.000900493
0.000495694
0.000262631
0.00071014
0.00219253
0.0019237
0.00425316
0.0046644
0.00404964
0.00438138
0.00495692
0.00436521
0.00391346
0.00308523
0.00304348
0.00206938
0.00090529
0.000764828
0.000710397
0.000542752
0.000107593
0.000115151
4.49624e-05
1.62587e-05
3.56868e-06
2.16037e-05
4.73306e-09
3.06503e-05
0.000159029
0.000209219
0.000319106
0.000134394
0.000394152
0.000360778
0.000420045
0.000581004
0.000753879
0.000864892
0.00115981
0.00115182
0.00141488
0.00153961
0.00189426
0.00163475
0.00205137
0.0022524
0.00276109
0.00232836
0.00285647
0.00443795
0.00520088
0.00301429
0.00311586
0.00366268
0.00425799
0.00471833
0.00507203
0.00441958
0.00480596
0.00459472
0.00482675
0.00412413
0.00451285
0.00637653
0.00683242
0.00640877
0.00700396
0.00774937
0.00661124
0.00709777
0.00822397
0.00766395
0.0105125
0.00996261
0.0114993
0.00851589
0.0117246
0.010972
0.0117841
0.0122674
0.010212
0.0126975
0.0105386
0.0138753
0.0129432
0.0180958
0.0114177
0.0153199
0.0155316
0.0145267
0.0168735
0.0207448
0.0261646
0.0250211
0.0249939
0.0202826
0.0202919
0.0159323
0.013053
0.0167537
0.0277675
0.0288905
0.0243161
0.0125875
0.0228904
0.0145897
0.0285626
0.0282192
0.0126513
0.00227494
0.00229829
0.00227406
0.00204941
0.0020448
0.00222709
0.00215876
0.00215641
0.00233723
0.00349079
0.00207986
0.0031475
0.00312344
0.0034358
0.00331849
0.00186428
0.00286912
0.00195994
0.0029061
0.00192173
0.00190709
0.00199214
0.00196781
0.00216747
0.00315181
0.00185735
0.00261051
0.00260001
0.00186633
0.00257036
0.0020171
0.00200924
0.00225878
0.00261305
0.00221805
0.00223981
0.00242112
0.00236545
0.00248036
0.00243094
0.00246764
0.00297716
0.00290349
0.00233694
0.00230458
0.00234832
0.00236965
0.00229497
0.00229833
0.00213242
0.00213144
0.00212928
0.00210163
0.00207711
0.00214069
0.00198462
0.00193408
0.00198508
0.00211353
0.00217009
0.00206255
0.00179623
0.000199332
0.000123737
0.000655028
0.000387199
0.00102211
0.00101207
0.000576886
1.75496e-05
1.5929e-05
3.76963e-05
2.27864e-07
3.845e-07
1.26057e-05
1.62185e-05
0.000269965
0.000484754
0.0010534
0.00103829
0.00122933
0.00156678
0.00140841
0.00158599
0.00176025
0.00337822
0.00416978
0.00395176
0.00380187
0.0043217
0.00512472
0.00490086
0.00510922
0.00727519
0.00734603
0.00528762
0.00525006
0.00600198
0.00560812
0.00580697
0.00521347
0.00599005
0.00528103
0.00505846
0.00561702
0.00916836
0.00929591
0.00697892
0.00814423
0.00794902
0.00742959
0.00732829
0.006817
0.0064018
0.00697802
0.00667155
0.01098
0.00988621
0.00876878
0.00359557
0.00330924
0.00310072
0.00455255
0.00411824
0.00279915
0.00315951
0.00287727
0.00278903
0.00307989
0.00279052
0.0027081
0.00406449
0.00359305
0.00343395
0.00284851
0.0028561
0.00502839
0.00458624
0.00117326
0.0011107
0.000941184
0.00140814
0.00160318
0.00119003
0.00124869
0.00127803
0.00120928
0.00110375
0.0051663
0.00457806
0.00409253
0.00327809
0.00329053
0.00311848
0.00252817
0.00219195
0.00213871
0.00168692
0.00160269
0.0019679
0.00157469
0.00125163
0.00103784
0.00103986
0.000221073
0.000159022
0.000173653
0.00030918
0.000221384
0.000321411
3.99207e-05
1.45872e-05
2.10532e-05
7.06564e-08
1.35071e-06
1.65355e-05
2.3844e-06
0.000100108
0.000125219
1.62946e-06
1.77947e-05
9.19002e-07
9.11275e-06
0.000538487
0.000475916
0.00117386
0.0013428
0.000983711
0.00127655
0.00106004
2.57817e-10
2.41136e-10
2.81062e-10
2.94816e-10
2.9297e-10
2.93033e-10
3.25816e-10
2.53624e-10
2.94926e-10
3.57938e-11
3.56869e-11
3.70484e-11
3.39793e-11
3.49095e-11
4.55006e-11
4.25982e-11
2.33516e-08
2.44343e-08
3.76123e-06
3.89307e-06
7.11202e-05
7.07459e-05
0.000160968
0.000161052
0.000207531
0.000209893
0.000140079
0.000137167
6.80522e-05
6.84793e-05
5.25436e-05
5.35577e-05
5.40952e-05
5.53888e-05
5.55666e-05
4.01733e-05
4.2028e-05
2.93523e-05
2.91434e-05
2.27995e-05
2.36376e-05
2.38834e-05
2.51396e-05
2.63869e-05
2.70362e-05
2.02671e-05
2.14625e-05
1.7511e-05
1.85825e-05
1.64134e-05
1.66014e-05
1.67016e-05
2.13582e-05
2.28731e-05
2.48367e-05
2.69635e-05
1.19847e-05
1.23014e-05
1.22033e-05
1.2269e-05
1.24058e-05
1.10316e-05
1.12188e-05
1.25579e-05
1.26729e-05
1.07902e-05
1.12902e-05
9.70618e-06
1.00309e-05
1.03399e-05
9.66394e-06
9.62229e-06
9.69644e-06
8.27643e-06
8.26146e-06
8.39012e-06
9.15386e-06
9.36224e-06
1.18729e-05
1.18993e-05
1.16194e-05
1.19887e-05
1.5023e-05
1.51787e-05
1.51533e-05
1.16508e-05
1.19206e-05
1.44472e-05
1.50291e-05
1.11512e-05
1.14651e-05
1.16133e-05
1.26021e-05
1.33023e-05
1.18195e-05
1.24546e-05
1.68612e-05
1.77003e-05
1.51119e-05
1.60715e-05
1.59403e-05
1.68019e-05
1.69445e-05
1.34955e-05
1.42849e-05
1.53356e-05
1.51258e-05
1.62513e-05
1.66536e-05
2.13713e-05
2.31474e-05
2.33772e-05
2.24767e-05
2.43886e-05
2.46692e-05
2.89945e-05
3.24263e-05
3.01893e-05
3.42355e-05
3.10057e-05
3.49134e-05
3.49554e-05
3.7767e-05
4.27983e-05
4.61665e-05
5.32083e-05
4.99307e-05
5.87132e-05
5.87909e-05
6.87071e-05
7.48564e-05
8.0443e-05
9.54192e-05
9.66163e-05
7.92961e-05
9.43171e-05
9.6521e-05
0.000115763
0.00012375
0.000151093
0.000154231
0.000145713
0.000140313
1.67428e-05
9.67698e-05
1.95924e-05
1.58721e-05
1.51415e-05
1.52507e-05
2.0195e-05
1.92695e-05
1.91484e-05
1.61563e-05
1.55682e-05
1.54001e-05
1.53355e-05
1.47674e-05
1.49651e-05
1.47601e-05
1.42976e-05
1.44714e-05
1.39775e-05
1.3622e-05
1.24212e-05
1.24135e-05
1.32835e-05
1.29586e-05
1.32971e-05
1.22502e-05
1.22933e-05
1.46167e-05
1.43081e-05
1.44246e-05
1.41746e-05
1.39134e-05
1.42746e-05
1.50325e-05
1.3407e-05
1.34759e-05
1.33315e-05
1.38242e-05
1.63139e-05
1.61311e-05
1.64224e-05
1.45243e-05
1.43968e-05
1.5099e-05
1.4407e-05
1.47346e-05
1.43077e-05
1.49115e-05
1.70016e-05
1.6954e-05
1.73118e-05
1.81796e-05
1.86923e-05
1.69338e-05
0.00161823
0.00141066
0.00106044
0.000851909
0.000657681
0.000520537
0.000413239
0.000337739
0.000260515
0.000216744
0.000158906
0.00014041
2.46608e-05
2.9888e-05
3.06491e-05
5.06915e-05
4.72905e-05
7.8715e-05
8.55417e-05
0.000136485
0.000150299
0.000150175
0.000321873
0.000236461
0.000158003
0.00018296
0.000316677
0.000675361
0.00482348
0.00473826
0.00406054
0.00590585
0.0101332
0.012181
0.011882
0.00889308
0.0131872
0.0139101
0.0128576
0.0136117
0.012267
0.0106758
0.010471
0.00980237
0.00920999
0.00798279
0.00745017
0.00547599
0.00550684
0.00464317
0.00448027
0.00357714
0.00267059
0.00192662
0.00136112
0.00132488
0.00177565
0.00069707
0.000364573
0.0003281
0.000358668
9.7652e-05
9.52447e-05
4.0083e-05
2.4033e-05
8.82856e-06
3.12095e-07
1.89584e-09
3.83472e-08
1.29183e-05
9.62273e-06
0.000147973
1.43192e-05
8.37045e-05
0.000169429
0.00030024
0.00037111
0.000365911
0.000566908
0.000434163
0.0065681
0.00573756
0.00555062
0.00534949
0.00520402
0.00536152
0.00482842
0.00475064
0.00466413
0.00404438
0.00393973
0.00425015
0.00427419
0.00360807
0.003606
0.00401483
0.00410547
0.00323212
0.00334636
0.00315305
0.003284
0.00305035
0.00289438
0.00285224
0.00286031
0.00279002
0.0031437
0.00299436
0.00307745
0.00283469
0.00271633
0.00287346
0.00264447
0.00254455
0.0026529
0.00274175
0.00263961
0.00280875
0.00273171
0.00263365
0.00282119
0.00280116
0.0027056
0.00291188
0.00284286
0.00294151
0.00302294
0.00298693
0.00289019
0.00305193
0.00323369
0.00340659
0.00383448
0.00345106
0.00333519
0.0034912
0.0032786
0.00342152
0.00359532
0.00346636
0.0036945
0.003635
0.00373901
0.00379167
0.0039531
0.00388914
0.00405415
0.00380795
0.00420985
0.00435477
0.00483267
0.00519057
0.00430464
0.00433205
0.00486734
0.00501225
0.00403015
0.00273713
0.000729434
0.0025097
0.00148848
0.000146029
0.000162824
0.000346231
0.000766579
0.00233029
0.00365368
0.00226299
0.00295039
0.00371508
0.00520691
0.00492117
0.00452928
0.00611979
0.00713757
0.00909347
0.00582914
0.00521081
0.00710367
0.00515632
0.00685895
0.00752936
0.00755282
0.00693357
0.00749858
0.00877148
0.00778266
0.00683168
0.00606294
0.00646514
0.00559677
0.00507554
0.00504499
0.00560913
0.0041441
0.00452214
0.00394569
0.0032974
0.00365328
0.0044347
0.00282834
0.00467791
0.00400148
0.00329935
0.00404957
0.00614283
0.00540802
0.00486593
0.00333623
0.00406325
0.0047196
0.00470311
0.00302805
0.00283924
0.00406739
0.00664611
0.00727797
0.0145673
0.0137648
0.0143383
0.00352558
0.00345558
0.00398375
0.00207954
0.0151266
0.0122699
0.00980246
0.00806785
0.000251833
5.36893e-06
4.93853e-05
4.753e-05
1.94376e-06
1.92735e-06
1.95292e-06
8.04902e-07
8.1131e-07
1.94047e-06
1.94921e-06
5.57367e-06
2.2344e-05
2.21258e-05
5.71583e-05
5.53088e-05
7.11221e-05
6.91353e-05
6.86621e-05
6.76582e-05
5.25464e-05
5.24033e-05
5.11759e-05
4.97609e-05
3.23551e-05
2.59413e-05
2.57145e-05
2.54411e-05
2.57274e-05
2.07165e-05
2.12319e-05
3.95535e-05
3.9634e-05
3.00693e-05
3.01108e-05
4.09564e-05
4.07836e-05
4.14942e-05
3.67298e-05
3.67745e-05
3.64514e-05
2.51056e-05
2.5809e-05
2.53627e-05
2.59437e-05
3.06825e-05
3.11652e-05
2.61586e-05
2.67756e-05
3.03927e-05
3.0526e-05
3.22274e-05
3.22883e-05
3.15908e-05
3.21361e-05
2.88739e-05
2.88383e-05
2.5394e-05
2.53061e-05
2.56929e-05
2.73701e-05
2.75129e-05
2.78807e-05
3.37837e-05
3.44319e-05
3.27298e-05
3.2573e-05
3.05918e-05
3.12233e-05
3.05245e-05
3.05104e-05
3.08928e-05
3.28031e-05
3.27673e-05
3.24534e-05
2.79346e-05
2.81305e-05
2.86068e-05
2.87749e-05
2.95356e-05
2.89835e-05
3.05118e-05
3.83977e-05
3.88809e-05
3.27324e-05
3.32708e-05
4.93253e-05
5.02157e-05
3.8433e-05
4.21894e-05
4.25936e-05
4.60212e-05
3.76765e-05
3.9242e-05
3.94715e-05
3.98718e-05
4.06061e-05
4.25738e-05
4.23006e-05
4.48728e-05
4.54851e-05
4.23783e-05
4.62314e-05
4.87953e-05
5.25592e-05
5.26074e-05
4.4673e-05
4.71482e-05
4.66229e-05
4.81915e-05
5.89636e-05
5.91959e-05
5.16026e-05
5.59577e-05
5.43039e-05
6.6631e-05
7.28639e-05
6.11688e-05
6.63787e-05
7.45673e-05
8.27075e-05
8.01198e-05
8.39808e-05
9.13714e-05
8.07989e-05
7.58457e-05
9.89963e-05
9.49651e-05
8.04839e-05
0.000106762
0.000101371
7.68456e-05
8.58274e-05
9.12417e-05
0.00342151
0.0018137
0.000951035
0.00049869
0.000292404
0.000198898
0.000162201
0.000127483
0.000107856
9.62926e-05
7.78904e-05
7.43746e-05
7.57946e-05
9.15734e-05
8.67559e-05
7.4166e-05
7.31091e-05
7.66597e-05
7.00958e-05
6.98382e-05
7.1077e-05
8.32355e-05
8.29024e-05
8.96446e-05
8.80412e-05
8.70275e-05
7.24954e-05
6.9774e-05
6.73107e-05
7.1616e-05
7.16305e-05
7.22262e-05
7.92618e-05
7.88592e-05
7.87441e-05
7.98616e-05
7.89312e-05
8.43952e-05
9.62782e-05
9.38495e-05
9.52089e-05
9.323e-05
9.65122e-05
8.72487e-05
8.62557e-05
9.04486e-05
1.14776e-05
1.18244e-05
1.2632e-05
1.3851e-05
1.42019e-05
1.55169e-05
1.6465e-05
1.73307e-05
1.83315e-05
1.73818e-05
2.02737e-05
1.85292e-05
2.17734e-05
2.42685e-05
3.0234e-05
3.25945e-05
3.95943e-05
4.29776e-05
4.41239e-05
5.62858e-05
6.02829e-05
6.15728e-05
8.94774e-05
9.71757e-05
8.94155e-05
0.000150849
0.00013094
0.000162229
0.00016008
0.000271702
0.000303091
0.000269461
0.000494113
0.000473117
0.000730969
0.000812251
4.61334e-07
1.19856e-05
0.00082015
0.000765713
0.000912965
0.00381239
0.00352115
0.00413155
0.00478866
0.00503311
0.0051241
0.00477882
0.00491223
0.004848
0.00382381
0.00372657
0.00312635
0.00263861
0.00175766
0.00104062
0.000938679
0.000663836
0.000538305
0.000272734
0.000119577
0.000167961
0.000434293
0.000141313
1.34875e-06
4.35084e-05
3.16392e-07
0.000119673
0.000388127
0.000627074
0.000435007
0.000670875
0.000904837
0.000988989
0.000961853
0.00111249
0.000901866
0.00131738
0.00148273
0.00130469
0.00122259
0.00161276
0.00155243
0.00187936
0.00198109
0.00244229
0.0019187
0.00234478
0.00249083
0.00255406
0.00287354
0.00316188
0.00387595
0.00442195
0.00494129
0.00541239
0.00476351
0.00612481
0.00519713
0.00543973
0.00670088
0.00759469
0.0074838
0.00652082
0.00620754
0.00772967
0.00723895
0.00911932
0.00817978
0.0105985
0.00851241
0.0102198
0.00666602
0.0075123
0.00756849
0.00907239
0.0079814
0.00686382
0.00711081
0.00781567
0.00665864
0.00554551
0.00474033
0.00595913
0.0050531
0.0058831
0.00494737
0.00548007
0.00738904
0.00698132
0.00732608
0.00669393
0.00746316
0.00616415
0.00674084
0.00868857
0.0071979
0.00760866
0.00986819
0.00858207
0.00800445
0.00737394
0.00932562
0.00652836
0.00631662
0.00581572
0.00567223
0.00526883
0.00549233
0.00503849
0.00487437
0.00435897
0.00425681
0.00455185
0.00424634
0.00416976
0.00393981
0.00371255
0.00364175
0.0033542
0.00338529
0.00339933
0.00323612
0.0032227
0.00323416
0.00318562
0.0029311
0.00281423
0.0028263
0.00286755
0.00282262
0.00299762
0.00287692
0.00288258
0.00304795
0.00292455
0.00291867
0.00242738
0.00242855
0.00252033
0.00312798
0.00300256
0.0029904
0.00281037
0.00277137
0.00255454
0.00267371
0.00273641
0.00280777
0.00245232
0.00238298
0.00240706
0.00277034
0.00284416
0.00287454
0.00307173
0.00306698
0.00274885
0.00274665
0.00273681
0.00269842
0.00266928
0.00262563
0.000969982
0.000608818
0.00114034
0.000841853
0.000479197
0.000228094
0.000394151
0.000225319
0.000120615
0.000777149
0.000911062
0.000181195
0.000174993
0.000294796
0.000434994
0.000419923
0.000961023
0.000883973
0.00162461
0.00217027
0.0023697
0.00187827
0.00350317
0.00384546
0.00310546
0.00338358
0.00333861
0.00417454
0.00392286
0.0052314
0.00479662
0.00518017
0.00456939
0.00421601
0.00438759
0.00674785
0.0064769
0.00553592
0.00582521
0.00590266
0.00520528
0.00458827
0.00437212
0.0043741
0.00378949
0.0034149
0.00407194
0.00341656
0.0024831
0.00150402
0.004391
0.00213017
0.0019481
0.00250952
0.00210897
0.00212531
0.000847556
0.000752386
0.000647182
0.00126856
0.00109517
0.00107159
0.00142945
0.000900662
0.000779384
0.000743153
0.000228811
0.000368025
0.000477179
0.000575837
0.00099642
0.000807325
0.000283523
0.000416801
3.76743e-05
5.70955e-05
8.46933e-05
4.03362e-05
0.000383937
0.00671351
0.00573285
0.000977928
0.00207055
0.00130151
0.000949391
0.000472915
8.23888e-05
3.42339e-05
5.01189e-06
0.000296561
0.000106576
2.84183e-05
7.49796e-05
3.18185e-07
2.93342e-06
5.39854e-06
2.2924e-05
3.45993e-05
0.000193547
0.000264273
2.90921e-05
0.00490593
0.00365204
1.77671e-11
1.77916e-11
1.78689e-11
1.7691e-11
1.76155e-11
1.7616e-11
1.76388e-11
1.76508e-11
2.12011e-11
1.98441e-11
2.312e-11
2.2756e-11
2.39391e-11
1.92208e-08
1.96437e-08
1.13107e-06
1.14279e-06
1.19555e-06
3.09793e-05
3.13495e-05
9.91348e-05
6.88844e-05
6.82913e-05
3.53582e-05
3.50624e-05
3.52792e-05
3.75329e-05
2.18034e-05
2.19457e-05
1.06e-05
1.06717e-05
1.06741e-05
1.11435e-05
1.12415e-05
1.18681e-05
1.21242e-05
1.22562e-05
1.2637e-05
1.03163e-05
1.03792e-05
8.18384e-06
8.38767e-06
7.2522e-06
7.47236e-06
8.43957e-06
8.74634e-06
5.84389e-06
6.95229e-06
7.2409e-06
6.89099e-06
7.1355e-06
7.3213e-06
8.13515e-06
7.39191e-06
7.69687e-06
7.87056e-06
7.82986e-06
8.07496e-06
6.46614e-06
6.79389e-06
6.96687e-06
8.42285e-06
1.12966e-05
9.58365e-06
1.11271e-05
1.07141e-05
9.40622e-06
9.05711e-06
8.68579e-06
8.71067e-06
8.47628e-06
8.2403e-06
9.92143e-06
9.57297e-06
9.65052e-06
9.46868e-06
9.26487e-06
8.65673e-06
8.58195e-06
9.66644e-06
9.4179e-06
9.33345e-06
9.58641e-06
9.34833e-06
9.51314e-06
7.72214e-06
7.56407e-06
7.54376e-06
6.81016e-06
6.69694e-06
6.78966e-06
8.2145e-06
8.04029e-06
8.40122e-06
8.20645e-06
5.75932e-06
5.68809e-06
5.83575e-06
6.44069e-06
6.49983e-06
5.95345e-06
5.98052e-06
6.0797e-06
6.86633e-06
2.41438e-05
1.84459e-05
1.69915e-05
1.55592e-05
1.50389e-05
1.32985e-05
1.24913e-05
9.34024e-06
8.96018e-06
9.81937e-06
1.29502e-05
1.24949e-05
1.34028e-05
1.27106e-05
1.24449e-05
1.05031e-05
1.02072e-05
1.02306e-05
1.11576e-05
1.30641e-05
1.25754e-05
9.60419e-06
9.34434e-06
9.33505e-06
1.00097e-05
9.40516e-06
9.32181e-06
8.36639e-06
8.26222e-06
8.96733e-06
9.05582e-06
9.58564e-06
9.45392e-06
9.63913e-06
9.40358e-06
9.49599e-06
9.30433e-06
1.02571e-05
9.99565e-06
1.017e-05
9.83962e-06
9.7644e-06
9.5498e-06
9.6283e-06
1.10858e-05
1.40184e-05
1.38366e-05
1.15081e-05
1.14834e-05
1.83236e-05
1.74287e-05
2.43704e-05
2.61676e-05
2.45548e-05
2.24889e-05
1.88464e-05
1.75408e-05
1.72086e-05
1.95264e-05
1.86725e-05
1.53442e-05
1.47566e-05
1.49822e-05
1.49986e-05
1.47963e-05
1.68941e-05
1.67771e-05
1.38367e-05
1.35301e-05
1.38546e-05
1.42089e-05
1.43185e-05
1.40375e-05
1.48171e-05
1.41315e-05
1.45488e-05
1.74101e-05
1.7008e-05
1.7451e-05
1.92693e-05
1.94175e-05
1.63336e-05
1.68253e-05
1.96482e-05
2.03451e-05
1.75928e-05
1.94251e-05
2.09042e-05
2.11778e-05
2.32528e-05
2.09114e-05
3.24312e-05
3.34049e-05
4.04942e-05
2.56903e-05
4.07962e-05
4.62313e-05
4.9982e-05
8.36643e-05
0.000110291
0.000189164
0.000210653
0.000173828
0.000319148
1.52239e-05
8.41571e-06
0.00173775
0.00181594
0.00674471
0.00653271
0.00628641
0.00793175
0.0098289
0.0116684
0.0112822
0.0103081
0.0112571
0.0105979
0.00938013
0.0101883
0.00977182
0.00898535
0.007691
0.00771142
0.00681276
0.00583537
0.00463552
0.00396714
0.00275383
0.00274266
0.00195777
0.00269359
0.000821777
0.00120397
0.000874831
0.000697746
0.000323728
0.000305878
0.0004087
0.000112617
0.000269436
5.0992e-05
2.05848e-05
3.57707e-05
3.21661e-05
1.16858e-05
9.05452e-05
7.78121e-05
5.1375e-05
0.000142255
0.00028767
0.000299564
0.00052776
0.00056192
0.000816001
0.000767388
0.00101699
0.00312493
0.00293368
0.00341583
0.00263346
0.00267182
0.00250073
0.00259055
0.0027117
0.00254017
0.00258261
0.00290894
0.00289265
0.00245225
0.00251372
0.00241313
0.00229616
0.00237447
0.00226631
0.00247091
0.00253195
0.00244852
0.0025848
0.00220765
0.00212464
0.00225854
0.00244683
0.00262641
0.0024197
0.00248931
0.00261807
0.00252745
0.0029824
0.0031334
0.0027841
0.00270654
0.0028871
0.00279024
0.00284715
0.00272422
0.00277418
0.00293212
0.00283999
0.00295247
0.00293343
0.00299959
0.00281137
0.00273372
0.00276089
0.00287506
0.00359887
0.00347708
0.00347225
0.00294195
0.00293496
0.0028858
0.00341576
0.00334082
0.00315123
0.0030539
0.00300847
0.00244251
0.00256691
0.00248593
0.00301916
0.00283489
0.00292825
0.00269409
0.00263038
0.00281143
0.00292466
0.00285666
0.00305168
0.00291788
0.00308652
0.00334836
0.00350751
0.00322527
0.00337235
0.00354965
0.003892
0.00364097
0.00390595
0.00376309
0.00218464
0.0026574
0.00108979
0.00186183
0.000819754
0.000126176
0.000169741
0.000793568
1.15909e-05
0.00120598
0.000713892
0.00111774
0.00295872
0.00275982
0.00365377
0.00197419
0.00183772
0.00302156
0.0059518
0.00541992
0.00664202
0.00460719
0.00799557
0.00759264
0.00671043
0.00796109
0.00678566
0.00818032
0.00661787
0.00543193
0.00528022
0.00471986
0.00510658
0.00552153
0.00423633
0.00422495
0.00289845
0.00226276
0.00197883
0.00246272
0.00276378
0.0023006
0.00179048
0.00146655
0.00171025
0.00160951
0.00173799
0.00375117
0.0029995
0.00121908
0.00126677
0.00137032
0.00134515
0.00115583
0.00140384
0.00307865
0.00263375
0.00271809
0.00311985
0.0029254
0.00207793
0.00210813
0.0031765
0.00285804
0.00181201
0.0079122
0.00722646
0.00880391
0.0158814
0.0176606
0.00593504
0.00587057
0.0079007
0.00740236
0.00147591
0.000274344
0.000307539
0.0165154
0.0368741
0.000288855
5.91028e-06
3.43539e-06
3.38459e-06
3.38398e-06
2.35884e-07
3.08787e-08
3.63633e-08
3.65648e-08
5.48722e-07
5.56059e-07
5.11116e-06
4.96295e-06
5.03044e-06
1.77186e-05
1.70248e-05
1.73628e-05
6.79398e-05
6.46751e-05
6.34434e-05
0.000119007
0.000114749
0.000113993
0.000177092
0.000170311
0.000172014
0.000115304
0.000110971
9.00614e-05
8.97343e-05
7.73078e-05
7.66792e-05
6.83779e-05
6.84251e-05
4.84133e-05
4.72588e-05
4.73929e-05
5.16223e-05
5.07939e-05
5.11885e-05
4.54213e-05
4.50348e-05
4.56035e-05
3.54046e-05
3.38404e-05
3.41341e-05
2.72075e-05
2.70191e-05
3.17557e-05
3.22215e-05
2.63012e-05
2.64558e-05
1.98103e-05
1.97992e-05
2.03313e-05
2.20469e-05
2.22951e-05
2.28332e-05
2.23802e-05
2.26265e-05
2.25376e-05
2.9602e-05
2.99091e-05
3.04112e-05
2.55372e-05
2.54816e-05
2.5636e-05
3.64243e-05
3.71857e-05
3.07152e-05
3.17347e-05
2.40256e-05
2.46562e-05
2.51966e-05
2.8941e-05
2.96642e-05
3.00404e-05
3.02348e-05
3.03772e-05
2.70942e-05
3.07399e-05
3.06678e-05
3.11174e-05
3.15277e-05
2.45518e-05
2.47592e-05
2.52139e-05
2.64314e-05
2.78199e-05
3.07504e-05
3.12071e-05
2.66803e-05
2.71361e-05
2.74686e-05
2.63515e-05
2.56387e-05
2.57205e-05
3.16307e-05
3.12248e-05
2.75813e-05
2.69706e-05
2.72647e-05
3.11381e-05
3.06169e-05
2.49458e-05
2.44266e-05
2.48123e-05
3.20444e-05
3.1788e-05
2.74129e-05
2.73691e-05
2.84532e-05
2.8301e-05
2.20521e-05
2.17795e-05
2.18796e-05
2.32479e-05
2.33061e-05
2.36236e-05
2.46933e-05
2.49225e-05
2.64606e-05
2.6193e-05
2.6112e-05
2.61842e-05
2.64105e-05
2.63043e-05
2.65574e-05
2.6316e-05
2.64708e-05
2.93352e-05
2.92045e-05
2.93878e-05
2.6387e-05
2.67185e-05
3.20922e-05
3.20759e-05
3.24028e-05
2.79332e-05
2.82301e-05
2.61673e-05
2.67715e-05
2.85014e-05
2.87106e-05
2.86673e-05
2.40133e-05
2.47975e-05
2.84482e-05
2.95023e-05
3.1046e-05
3.15837e-05
3.1809e-05
3.33094e-05
3.42931e-05
3.55381e-05
3.33846e-05
3.4227e-05
3.87194e-05
3.99132e-05
4.09216e-05
3.70929e-05
3.83271e-05
4.0333e-05
4.03077e-05
4.2833e-05
4.40502e-05
4.71242e-05
5.18561e-05
5.6145e-05
4.97427e-05
4.988e-05
5.12833e-05
5.49343e-05
5.33485e-05
5.42681e-05
3.73321e-05
4.83648e-05
0.000452017
0.000410779
0.000406424
0.000341004
0.000346717
0.000425364
0.000356748
0.000298442
3.72027e-05
3.33895e-05
3.32126e-05
3.08162e-05
3.2972e-05
3.38052e-05
3.29026e-05
3.41854e-05
3.13965e-05
3.37193e-05
3.67491e-05
4.40151e-05
4.82967e-05
5.58824e-05
6.07724e-05
5.5971e-05
7.46487e-05
7.25558e-05
0.000105976
0.000154543
0.000164468
0.000151367
0.000273399
0.000284594
0.000507593
0.000429507
0.00054944
0.00076937
0.000932861
0.00103645
0.00113088
0.000315041
0.000670416
0.000256512
0.000216599
3.92835e-05
0.00238698
0.00328315
0.00295921
0.00434544
0.00482532
0.00431108
0.00323942
0.00302864
0.00347733
0.00279427
0.0025661
0.00196941
0.00173015
0.00195025
0.00152019
0.000656158
0.000689454
0.000441882
0.000258
0.00011832
0.000137553
9.94358e-06
5.11563e-06
0.000135076
0.000157629
0.000183869
0.00030992
0.000432987
0.000531462
0.000653777
0.000477137
0.00121397
0.00104004
0.000944001
0.00116533
0.000832045
0.0016314
0.00191826
0.00203066
0.00249345
0.00249866
0.00283815
0.00322235
0.00326846
0.00377062
0.00287577
0.00355493
0.0040251
0.00519277
0.00449205
0.00588295
0.00447806
0.0046865
0.00561209
0.00666672
0.00582756
0.00620721
0.00733797
0.0071182
0.00599943
0.00600303
0.00788538
0.00780704
0.00780799
0.010457
0.00893221
0.00982938
0.00938115
0.00916668
0.0110063
0.0102115
0.0132273
0.0139893
0.010833
0.013089
0.0126163
0.0154921
0.0121254
0.0173949
0.0137208
0.018053
0.017601
0.0138312
0.0128508
0.0156244
0.0131519
0.0145498
0.0124978
0.0205446
0.0168111
0.0163222
0.0157643
0.0128501
0.0129261
0.0199752
0.015942
0.0162542
0.0108028
0.0184367
0.0189284
0.0151842
0.014473
0.0167355
0.0135599
0.00957808
0.020395
0.0161653
0.0171288
0.0137929
0.00374622
0.00359578
0.00278485
0.00438907
0.0129151
0.00275118
0.00314551
0.00310191
0.00315214
0.00310038
0.00243977
0.0024418
0.00257303
0.00249312
0.00248097
0.00237913
0.00358578
0.00399269
0.00380015
0.00243132
0.00241111
0.00215579
0.00299987
0.0033948
0.00323739
0.00325345
0.0028291
0.00294346
0.0029334
0.00300713
0.00288933
0.00285946
0.00254865
0.00247064
0.00250554
0.00289198
0.00284276
0.00255876
0.00257956
0.00314564
0.00311942
0.00247868
0.00249197
0.00260807
0.00265551
0.00257278
0.00252626
0.00243086
0.00246924
0.00259999
0.00251373
0.00207728
0.00239968
0.00233077
0.00224658
0.00150178
0.00145579
0.0012025
0.00151663
0.00151154
0.000815072
0.000392011
0.000396837
0.000234246
4.84183e-05
3.41222e-06
0.00015749
0.000150537
3.32108e-05
5.08869e-07
1.25403e-05
1.95963e-05
0.000849438
0.00105826
0.00107465
0.00102543
0.00102104
0.0003144
0.000620916
0.00127965
0.00117253
0.0026676
0.00317198
0.0032767
0.00354953
0.0057597
0.00558472
0.00589327
0.00845049
0.00901887
0.00530649
0.0054247
0.00512096
0.00483912
0.00541028
0.00848905
0.00773599
0.0082632
0.011504
0.0117576
0.0118776
0.0111195
0.0109911
0.0106073
0.00940169
0.00910466
0.0107241
0.0103625
0.00810424
0.00726463
0.0060893
0.00554873
0.00544321
0.00722763
0.00360996
0.00767276
0.00757727
0.0072648
0.00666902
0.00511509
0.00533755
0.00426428
0.00399778
0.00215507
0.00198151
0.00680547
0.00602061
0.00545922
0.00583236
0.0056863
0.00477312
0.00422866
0.00392997
0.0019254
0.00169711
0.00159413
0.0023051
0.00212985
0.00208481
0.00169839
0.00174621
0.00133907
0.00111204
0.00101554
0.000568582
0.00042993
0.000872489
0.00068599
0.00074901
0.000204884
0.000146415
0.000241906
0.000182908
8.71932e-07
1.759e-06
0.00010167
0.000165531
0.000122477
9.15864e-06
2.67604e-05
0.000315786
0.000301567
0.000483485
0.000666353
0.000476924
0.000229596
0.000378535
0.0002748
0.000116436
0.00010812
0.000192426
0.000345413
0.00440657
0.00459826
0.00520266
2.68605e-10
2.63634e-10
3.10921e-10
3.10611e-10
3.37631e-10
4.20527e-10
4.20065e-10
4.26149e-10
3.4321e-10
3.56092e-10
3.74796e-11
3.7603e-11
2.3708e-10
3.20458e-11
3.2975e-11
3.24518e-11
