0.000644126
0.000510749
0.000511996
0.000456371
0.000401665
0.000388025
0.000347837
0.000349795
0.000117985
0.000133357
0.000107935
0.000131849
0.000103169
0.000119085
0.000134997
0.00014285
0.000163868
0.000198917
0.000222849
0.000255989
0.000368857
0.000534341
0.000778435
0.00107297
0.00153667
0.00209193
0.00270677
0.00422511
0.00548392
0.00282235
0.00215363
0.000520625
0.000187856
3.65807e-07
0.000105098
0.000135134
5.95462e-05
3.2183e-06
7.20795e-07
3.89011e-05
0.000282093
0.000486973
0.000430835
0.000398119
0.000798451
0.000998617
0.000912941
0.000951543
0.00128715
0.00252869
0.00311308
0.00388366
0.00396892
0.0030798
0.00409195
0.0039682
0.00516687
0.0035495
0.00482737
0.00585446
0.00482346
0.00554622
0.00661417
0.00639342
0.00495223
0.00831433
0.00683321
0.00499639
0.0124852
0.0111937
0.011086
0.00708184
0.00865444
0.00959819
0.0109914
0.0136286
0.0144108
0.019021
0.0224399
0.0140708
0.0119811
0.0259872
0.0334366
0.00213772
0.00226044
0.00235554
0.00234118
0.00239784
0.00256785
0.00212201
0.00236448
0.00240063
0.00251193
0.00250801
0.00242193
0.0028538
0.00230124
0.00244362
0.00252246
0.00191859
0.00258006
0.000501093
0.000491462
0.00183462
0.000318887
0.000276322
0.000146604
0.000701796
0.000352818
0.000160376
0.00149148
0.000159053
0.00149787
0.00233748
0.00426712
0.00329572
0.00452365
0.00505079
0.00868053
0.00609144
0.00645686
0.0133551
0.0062328
0.00972983
0.00659659
0.00969884
0.0101158
0.00738096
0.0101084
0.00880954
0.00922953
0.00835373
0.00958928
0.00868788
0.00654814
0.00757016
0.00717213
0.00687382
0.00690964
0.0092661
0.00696768
0.00607722
0.00577509
0.00429523
0.0019785
0.00203859
0.000242892
1.5482e-05
1.43684e-05
9.10963e-07
0.000601941
0.00131764
0.000870339
0.00171722
0.00235193
0.00203048
0.00601978
0.00114
0.00271651
0.000405623
0.00155753
2.7282e-11
2.87637e-11
3.2609e-11
3.4535e-11
8.7448e-11
0.000479231
0.001278
0.0032591
0.0054233
0.00800386
4.10015e-05
0.0107146
0.0207444
0.0153539
0.00708877
0.00639491
0.0140357
0.0152021
0.0155185
0.012697
0.00902074
0.00693958
0.00178903
0.000199999
0.000362029
0.00201733
0.00895934
0.0142208
0.0219426
0.0129388
0.0118616
0.0105582
4.62955e-07
5.13567e-07
4.14181e-07
3.71978e-07
3.58588e-07
5.84084e-07
1.03148e-06
1.5671e-06
1.39631e-06
1.38813e-06
1.73447e-06
2.24207e-06
1.98266e-06
2.85876e-06
3.10449e-06
3.37177e-06
4.12235e-06
3.49983e-06
3.91317e-06
4.22539e-06
4.22314e-06
4.08797e-06
4.49136e-06
4.49066e-06
4.10324e-06
4.59289e-06
3.93243e-06
3.87216e-06
4.5651e-06
5.21487e-06
4.47867e-06
5.60473e-06
6.15095e-06
6.77582e-06
8.38892e-06
2.17935e-05
1.79319e-05
1.56146e-05
1.52507e-05
1.38766e-05
1.28535e-05
1.18749e-05
1.16454e-05
1.07741e-05
1.13227e-05
1.05563e-05
4.54183e-06
4.47014e-06
4.62118e-06
4.7443e-06
5.0215e-06
4.78295e-06
5.68906e-06
5.93026e-06
6.84123e-06
8.68214e-06
1.09907e-05
1.61198e-05
2.71421e-05
4.21133e-05
7.00465e-05
0.00015258
3.74664e-05
0.00100114
0.00535053
0.0118723
0.0167068
0.0168044
0.0174708
0.0143232
0.0115611
0.00833142
0.00463176
0.00356573
0.00266316
0.000525902
0.00058605
0.000404305
3.31651e-05
8.66383e-05
7.20522e-05
4.9722e-05
1.54145e-05
3.88847e-05
0.000114489
2.73531e-05
0.000110516
0.000127847
0.00024467
0.000636022
0.000472169
0.000665429
0.000970215
0.00169067
0.00202127
0.00242134
0.00380022
0.00368189
0.00499734
0.00525341
0.00971496
0.00976013
0.0113733
0.0107927
0.0194042
0.0175276
0.0233182
0.0277579
0.0153189
0.0172836
0.0224353
0.0218688
0.0277296
0.0442121
0.043417
0.0315247
0.035696
0.0289332
0.0274663
0.0236733
0.00317269
0.00318288
0.0234422
0.00380922
0.0030131
0.00247426
0.002559
0.00256299
0.00285637
0.00298066
0.00386976
0.00286878
0.00362496
0.00331307
0.00201929
0.000177451
2.66272e-05
0.000630293
1.24776e-05
0.000442943
0.00127612
0.00158312
0.000937653
0.00160335
0.00269358
0.00253969
0.00386514
0.00485521
0.0049602
0.00458601
0.00461094
0.00387186
0.00701333
0.00690406
0.00657553
0.00748937
0.00665121
0.00650754
0.00726638
0.00675903
0.00716777
0.00454643
0.00736865
0.00411917
0.00417139
0.00674168
0.00387537
0.00616737
0.00457382
0.00680891
0.00439722
0.00472984
0.00484659
0.00421221
0.00134474
0.00251154
0.00193655
0.0014065
0.00120139
0.000295119
1.44048e-05
3.11587e-06
1.56799e-06
9.34958e-06
0.000192248
0.000175218
0.000106033
0.00170047
1.72645e-05
0.000256825
0.000264068
0.00207179
1.60895e-11
1.65611e-11
1.71884e-11
1.73544e-11
1.74651e-11
1.5162e-11
7.96241e-12
9.06394e-12
4.02293e-11
2.26697e-08
6.47078e-07
7.9722e-06
1.88461e-05
1.88221e-05
2.83671e-05
2.78753e-05
7.56481e-05
5.68292e-05
2.61026e-05
1.7052e-05
1.16346e-05
7.63723e-06
7.4737e-06
5.50817e-06
5.85199e-06
5.22406e-06
3.94976e-06
4.02401e-06
3.58843e-06
4.59898e-06
4.51988e-06
5.16981e-06
4.54216e-06
4.54009e-06
4.18961e-06
4.65125e-06
4.69529e-06
5.20036e-06
5.58983e-06
4.48543e-06
4.41944e-06
4.5509e-06
4.19044e-06
3.74763e-06
4.20692e-06
1.02488e-05
7.99039e-06
1.11147e-05
9.51106e-06
9.65046e-06
9.23843e-06
7.10375e-06
8.36778e-06
1.00579e-05
1.1114e-05
1.17151e-05
1.06596e-05
9.26839e-06
8.64103e-06
9.93223e-06
8.26163e-06
7.03263e-06
8.25852e-06
8.18933e-06
7.65196e-06
6.96189e-06
7.2334e-06
7.39205e-06
7.92523e-06
7.90729e-06
7.77246e-06
7.62415e-06
7.96482e-06
7.38196e-06
7.45804e-06
7.30571e-06
7.54646e-06
8.00211e-06
2.32448e-05
1.68933e-05
1.40119e-05
1.26251e-05
1.08057e-05
1.04677e-05
1.15449e-05
9.62899e-06
2.85074e-06
2.90429e-06
3.10169e-06
3.2701e-06
3.71388e-06
4.47115e-06
4.91738e-06
8.79482e-06
1.03247e-05
1.47872e-05
2.3432e-05
4.1205e-05
6.39346e-05
0.000114791
0.00022682
0.000968404
0.00522797
0.0113166
0.0186416
0.0186239
0.0204878
0.0194344
0.0158492
0.0128316
0.00981263
0.0078068
0.00561669
0.00334873
0.0027432
0.00236977
0.000689957
0.00081412
0.000440847
0.000377657
0.000258629
0.000183521
0.000120737
4.09564e-05
7.3356e-06
3.46388e-05
0.000202582
0.000157583
0.000385281
0.000991894
0.000982207
0.00206686
0.00203367
0.0024569
0.00276942
0.0033058
0.00384336
0.00490723
0.00567896
0.00564758
0.0073462
0.0107378
0.00955973
0.00875911
0.0105002
0.0128265
0.0166995
0.0241258
0.0228662
0.0168854
0.0172133
0.0134285
0.0110512
0.00894708
0.0163498
0.00232367
0.00873451
0.0100715
0.00204233
0.00200803
0.00218542
0.00226981
0.00234433
0.00245585
0.00221269
0.00262846
0.00226947
0.00235725
0.00202052
0.0023418
0.00223449
0.00258816
0.00229749
0.00223478
0.00242521
0.0025854
0.00263037
0.0023317
0.00223726
0.00172588
0.00225956
0.00118267
0.000483538
0.00111909
2.3234e-05
0.000653212
0.000374615
1.096e-05
0.000249755
0.000468913
0.000139802
0.000323435
0.000543376
0.00127027
0.00304378
0.00135244
0.00151849
0.00271479
0.00365226
0.00498345
0.00734354
0.00665617
0.00172276
0.0047342
0.00766042
0.00754277
0.00821633
0.0107012
0.0130465
0.0074413
0.00507584
0.00438583
0.00334613
0.00273995
0.00567815
0.00179134
0.00348473
0.00210764
0.00138078
0.00166885
0.00150444
0.00105214
0.000666849
0.00102627
7.81303e-05
0.000204733
0.000374722
0.000131425
0.000948077
0.000733539
9.78095e-06
1.64228e-07
0.00457933
7.45756e-12
7.46261e-12
7.46501e-12
7.46719e-12
7.47078e-12
7.47002e-12
7.47296e-12
5.94884e-10
1.17702e-07
2.41406e-06
5.16865e-05
9.41788e-05
7.38945e-05
4.99007e-05
4.66477e-05
3.56371e-05
2.1582e-05
1.63137e-05
1.35706e-05
2.10057e-05
2.80141e-05
2.0352e-05
2.2154e-05
1.83024e-05
1.58641e-05
1.62999e-05
1.23437e-05
1.04078e-05
1.22198e-05
9.70814e-06
8.75494e-06
8.76373e-06
8.01618e-06
7.89506e-06
6.65492e-06
6.88695e-06
6.53536e-06
1.24758e-05
1.37331e-05
1.17047e-05
1.19306e-05
1.0325e-05
1.07952e-05
9.20333e-06
8.61194e-06
7.87952e-06
7.761e-06
7.01151e-06
1.53818e-05
1.46043e-05
1.39833e-05
1.24867e-05
1.08786e-05
9.72274e-06
9.4523e-06
9.61958e-06
1.0792e-05
9.25794e-06
1.04125e-05
9.92358e-06
8.271e-06
7.18709e-06
8.92077e-06
9.92464e-06
8.63091e-06
9.20164e-06
2.31308e-05
1.99943e-05
1.65241e-05
2.20062e-05
1.61759e-05
1.54732e-05
1.4672e-05
1.69498e-05
1.55415e-05
3.42735e-06
3.91902e-06
4.07328e-06
5.22891e-06
5.65431e-06
1.03546e-05
1.36384e-05
2.05787e-05
0.000168405
0.000189953
0.00294775
0.00750017
0.0144555
0.0196866
0.0199934
0.0211008
0.018596
0.0140679
0.00881273
0.0065039
0.00481636
0.00265848
0.00282254
0.00298719
0.00188791
0.00168515
0.00121269
0.00138591
0.000573885
0.000264209
4.36092e-05
2.72059e-08
1.36763e-05
8.1328e-05
0.000211117
0.000826428
0.00213347
0.00297941
0.00248153
0.00425631
0.00455792
0.00441753
0.00632599
0.0121452
0.0249904
0.0135257
0.00718151
0.00624652
0.00507565
0.00435121
0.00369075
0.00339421
0.0039279
0.00308609
0.00299245
0.00279987
0.00291767
0.0029458
0.00295471
0.00274219
0.00268516
0.00266822
0.0028085
0.0028099
0.00272253
0.00259483
0.00257101
0.0024378
0.00251478
0.00241622
0.00257063
0.00254383
0.00249988
0.00270694
0.00201304
0.00127489
0.00186979
0.000657797
0.000318032
0.000349014
3.15162e-05
7.68196e-05
0.000265977
0.000708741
0.00205419
0.00120327
0.00241
0.00365003
0.0035418
0.00389999
0.00482543
0.00304557
0.00215052
0.00205945
0.00123853
0.00392371
0.00209616
0.00154657
4.88815e-06
0.000996311
0.00011484
0.000221526
0.000349606
0.000479203
1.72245e-06
0.000252577
4.77964e-06
0.00259784
4.38673e-05
0.000121097
7.08796e-06
0.000509742
0.000359348
5.36174e-05
1.10014e-06
0.000194547
0.00150014
4.27787e-05
0.0187505
0.030898
0.00387592
0.0332636
1.00809e-11
1.00956e-11
1.0094e-11
1.0084e-11
1.00283e-11
1.00291e-11
7.75706e-11
7.74575e-11
5.16846e-09
2.7433e-06
3.22754e-05
9.72233e-05
0.000417662
0.000427236
0.000566003
0.00034213
0.000214849
0.000112768
8.7019e-05
3.38905e-05
2.75535e-05
2.24891e-05
2.14878e-05
2.06159e-05
1.97021e-05
1.55139e-05
1.56174e-05
1.50561e-05
1.09236e-05
1.26792e-05
1.02497e-05
1.17658e-05
1.20334e-05
1.04512e-05
1.07796e-05
8.48207e-06
1.09431e-05
1.09101e-05
1.33673e-05
1.24986e-05
1.7252e-05
1.53509e-05
1.67761e-05
1.49805e-05
1.19623e-05
1.08912e-05
1.20322e-05
1.08303e-05
1.01018e-05
1.4161e-05
1.53726e-05
1.2812e-05
3.36262e-05
2.54813e-05
2.14628e-05
1.90472e-05
1.89128e-05
1.59405e-05
1.45001e-05
1.54067e-05
1.45446e-05
1.50953e-05
1.5606e-05
1.32573e-05
1.46759e-05
1.45092e-05
1.5157e-05
1.44024e-05
1.44956e-05
1.40865e-05
1.42656e-05
1.56593e-05
1.57328e-05
1.48178e-05
1.47538e-05
1.76076e-05
5.39635e-06
5.67297e-06
7.02937e-06
7.40298e-06
8.76482e-06
1.25439e-05
1.55974e-05
2.08838e-05
3.31612e-05
5.85098e-05
9.53039e-05
0.000175774
6.92262e-05
0.00117252
0.00436579
0.0112147
0.0136358
0.0128758
0.0161264
0.0173743
0.0171662
0.0162007
0.0139867
0.00789483
0.00554917
0.00342522
0.00347701
0.00181512
0.00068766
0.000409045
0.00042531
0.000483035
0.000222641
0.000257493
9.44253e-05
9.21419e-05
7.35335e-05
0.000117136
8.07508e-05
4.43007e-05
7.30816e-05
0.000958076
0.00108022
0.0011692
0.00222844
0.00208568
0.00358016
0.00354742
0.00505542
0.00551247
0.00524244
0.00481521
0.00622614
0.00743386
0.00715701
0.00747633
0.0115924
0.00600319
0.00538233
0.00476187
0.00467775
0.00447752
0.0047396
0.0044638
0.0046187
0.00492585
0.00487362
0.00409616
0.00415055
0.00451933
0.00434407
0.00424858
0.00449601
0.00444867
0.00497098
0.00529338
0.00457208
0.00498736
0.00558176
0.00579036
0.00547189
0.00536671
0.00523147
0.00523326
0.00504393
0.00529892
0.00495109
0.00249576
0.000959707
0.000573493
1.93214e-05
1.88496e-07
9.89421e-07
2.60427e-05
8.08981e-05
0.000788734
0.000744403
0.000969701
0.00158785
0.00123461
0.00260419
0.002536
0.00566794
0.00512588
0.00749451
0.00733302
0.00732055
0.0131556
0.00954097
0.0100905
0.00734298
0.0122747
0.00906888
0.00832049
0.0108524
0.0111915
0.0108864
0.011075
0.0101803
0.0106408
0.00744823
0.0105534
0.0076983
0.00737854
0.00560749
0.00682461
0.00669663
0.00474
0.00439246
0.0168135
0.0023712
2.00926e-11
2.04171e-11
2.05723e-11
2.09809e-11
2.15386e-11
2.21718e-11
1.82969e-11
6.86304e-10
2.83525e-07
1.09003e-05
4.52678e-05
8.00542e-05
7.91173e-05
7.7607e-05
7.7489e-05
7.07843e-05
3.85816e-05
2.84702e-05
1.89856e-05
1.88322e-05
0.000342024
0.000214639
0.000183687
0.000132524
9.3057e-05
7.49049e-05
5.50624e-05
4.66888e-05
4.09425e-05
3.42624e-05
2.64475e-05
3.09869e-05
2.34295e-05
1.91537e-05
1.74551e-05
1.54676e-05
1.85735e-05
1.92074e-05
1.53393e-05
1.70023e-05
1.81615e-05
1.47467e-05
1.25736e-05
1.89376e-05
1.92028e-05
1.75092e-05
1.96819e-05
1.89811e-05
1.9689e-05
2.13619e-05
1.58734e-05
1.77351e-05
1.66646e-05
1.01946e-05
8.74195e-06
1.14056e-05
9.37842e-06
1.00439e-05
1.03061e-05
1.04183e-05
1.02245e-05
1.07687e-05
1.09104e-05
1.09377e-05
1.06545e-05
1.18059e-05
1.14623e-05
1.1904e-05
1.12358e-05
1.30004e-05
1.25061e-05
1.25058e-05
1.29507e-05
1.20926e-05
1.42373e-05
1.5398e-05
1.56479e-05
1.71071e-05
1.5993e-05
1.64794e-05
1.66104e-05
1.99564e-05
1.7028e-05
1.87741e-05
1.88313e-05
2.00111e-05
2.31393e-05
2.62539e-05
7.13614e-05
0.000123331
0.000207196
0.000463009
0.000196712
0.000986053
0.00516626
0.0110714
0.0103565
0.0106836
0.00900941
0.00686839
0.00346274
0.00397546
0.00277518
0.00188511
3.61231e-05
0.000180768
1.79622e-05
6.72877e-05
0.000147098
0.000150354
0.000315596
0.000347708
0.000716271
0.000769314
0.000823674
0.000997369
0.00178008
0.00215376
0.00224416
0.00282575
0.00296259
0.0064849
0.00727386
0.0093847
0.010839
0.0114172
0.0124805
0.0123931
0.0174986
0.0182572
0.0207159
0.020539
0.0252642
0.0292784
0.0210781
0.0280814
0.0334185
0.028968
0.0412609
0.0343296
0.0279575
0.0329221
0.0142057
0.00657755
0.00611725
0.00637849
0.00556089
0.00568499
0.00563879
0.00671901
0.00628038
0.00593389
0.00772655
0.00795276
0.00674433
0.00607643
0.00614064
0.00581923
0.00531521
0.00568297
0.00531462
0.0050689
0.00511563
0.00215747
0.000419637
0.000170177
0.000130113
2.07559e-05
7.27164e-05
0.000218063
0.0001838
7.43419e-05
8.44555e-05
0.000822677
0.000771975
0.00133108
0.000688576
0.00238594
0.00291986
0.00148888
0.00490375
0.00283689
0.00325667
0.00298241
0.00679536
0.00521873
0.00989928
0.00941088
0.0065893
0.00960533
0.00826704
0.00882745
0.00813062
0.00751802
0.00587081
0.00707096
0.00610565
0.00645734
0.00595218
0.00413245
0.00511936
0.00604996
0.00755431
0.00614569
0.00574552
0.00416131
0.00376793
0.00197744
0.00308729
0.000851545
0.00144477
0.00124227
3.52719e-05
0.000263504
0.000226375
0.000227807
0.0001527
0.00127872
0.00281165
2.28589e-11
2.50696e-11
2.6571e-11
2.8881e-11
3.07417e-11
2.5652e-11
1.36876e-11
1.37367e-11
8.997e-08
2.14046e-06
5.56692e-06
0.000155728
0.000141114
0.00017482
0.000147982
0.000114812
5.08318e-05
5.77393e-05
2.87942e-05
2.20404e-05
2.0977e-05
1.52062e-05
1.60217e-05
1.2761e-05
1.30115e-05
1.28857e-05
1.13052e-05
9.04693e-06
8.95246e-06
9.86096e-06
9.1492e-06
9.73626e-06
9.64022e-06
7.80571e-06
1.17405e-05
1.0496e-05
1.10162e-05
1.1129e-05
1.1131e-05
9.21114e-06
9.12292e-06
9.91051e-06
3.18571e-05
2.39297e-05
2.20689e-05
1.78408e-05
2.95399e-05
2.42133e-05
2.80439e-05
2.42699e-05
1.83008e-05
1.95217e-05
4.4397e-06
7.19027e-06
4.73532e-06
4.54819e-06
6.70253e-06
7.28806e-06
6.3393e-06
6.8901e-06
9.18665e-06
8.11608e-06
1.03656e-05
9.872e-06
1.50706e-05
1.531e-05
1.6062e-05
1.74453e-05
1.35938e-05
1.57955e-05
1.6618e-05
1.36025e-05
1.42203e-05
2.02584e-05
0.000167449
9.59835e-05
5.76614e-05
3.75458e-05
2.82811e-05
2.66605e-05
2.03153e-05
2.05171e-05
1.92704e-05
4.3344e-06
4.49339e-06
4.48278e-06
4.78947e-06
5.32226e-06
5.8729e-06
6.73284e-06
8.46631e-06
1.10454e-05
1.41058e-05
2.30884e-05
3.77643e-05
3.7087e-05
6.07803e-05
9.95361e-05
0.000191514
0.000331613
0.000623597
0.00434511
0.00573147
0.0110943
0.0158223
0.0170288
0.0133523
0.00972759
0.00797808
0.00471421
0.00392
0.00238461
0.0011486
0.000599581
0.000242421
0.000178881
4.33732e-05
8.23458e-05
4.58717e-06
7.07318e-07
7.30597e-05
7.89139e-05
0.000118207
8.40288e-05
0.000519071
0.000680807
0.000850333
0.00139093
0.00146307
0.001378
0.00223821
0.00296103
0.0032631
0.00333577
0.00457936
0.00415107
0.00604362
0.00902966
0.00969165
0.00887827
0.00771948
0.00927626
0.0138458
0.0126329
0.00955595
0.0167235
0.0191173
0.0123749
0.0135922
0.0153505
0.0104108
0.0114718
0.0109504
0.0131613
0.00473294
0.00431748
0.00401418
0.00367139
0.00346395
0.00383738
0.00374301
0.00313229
0.00319781
0.00307372
0.00338695
0.0026988
0.0029998
0.00248472
0.00282835
0.00254688
0.00295623
0.00256461
0.00256718
0.00254345
0.00234864
0.00264873
0.00253877
0.00260633
0.0024332
0.00251861
0.00228209
0.00232984
0.00259423
0.00228658
0.002586
0.000980463
0.00134982
0.000746407
8.57498e-05
1.14825e-06
8.72139e-07
0.000102545
8.4479e-07
0.000130948
0.000549246
0.000324369
0.000457979
0.000960675
0.000957541
0.00091018
0.00392372
0.00472823
0.00438055
0.00557772
0.00491213
0.00608453
0.00625701
0.00507072
0.00673967
0.00325002
0.00855542
0.00639866
0.00567075
0.00510169
0.00399952
0.00408151
0.0023095
0.00319074
0.00212399
0.00236215
0.00102585
0.000952991
0.00107636
0.000645718
0.00129874
0.000419258
0.000847297
4.11002e-05
0.000466168
0.000322198
0.000420349
0.000149183
0.00012045
0.00662471
0.0004707
0.000251824
8.89912e-12
8.96421e-12
8.96699e-12
8.91148e-12
8.91441e-12
8.91222e-12
1.50644e-11
4.47907e-09
4.1374e-07
8.41405e-06
3.07932e-05
6.69721e-05
0.000129642
9.76789e-05
5.76581e-05
5.58217e-05
3.94666e-05
2.67068e-05
1.89811e-05
1.36117e-05
1.31493e-05
9.54745e-06
7.21374e-06
1.29392e-05
1.23675e-05
1.1195e-05
1.18299e-05
1.14549e-05
1.15552e-05
9.26744e-06
7.18541e-06
7.5307e-06
7.27905e-06
7.3375e-06
5.87922e-06
6.11376e-06
6.05576e-06
4.65696e-06
6.06663e-06
5.94971e-06
4.53761e-06
5.13894e-06
4.68727e-06
1.22413e-05
9.54861e-06
1.13858e-05
1.10108e-05
1.08932e-05
1.261e-05
1.04709e-05
1.0335e-05
1.05748e-05
9.29302e-06
1.80528e-05
1.48519e-05
1.27505e-05
1.36152e-05
1.06644e-05
1.02926e-05
1.04248e-05
1.04e-05
9.62214e-06
9.59587e-06
9.70862e-06
9.50868e-06
8.36359e-06
9.07912e-06
9.29516e-06
9.36935e-06
8.26379e-06
8.07729e-06
9.49224e-06
1.01012e-05
8.22211e-06
9.50036e-06
9.50303e-06
1.06864e-05
9.53085e-06
2.64433e-05
2.02505e-05
1.77412e-05
1.64353e-05
1.95819e-05
1.76528e-05
1.66151e-05
1.60579e-05
1.56463e-05
1.68382e-05
3.94267e-06
4.54235e-06
4.76872e-06
5.63758e-06
7.54966e-06
9.33786e-06
1.3579e-05
2.02082e-05
2.41786e-05
2.15872e-05
3.89436e-05
0.000115589
0.000146508
7.73141e-05
0.000555538
0.00681564
0.0116729
0.0186477
0.0179525
0.0201088
0.0184594
0.0175766
0.0135769
0.0125174
0.0108976
0.00680398
0.00206328
0.00275651
0.00289902
0.00226158
0.00153055
0.000900926
0.000145794
0.000112684
6.83865e-05
6.04421e-05
9.10694e-06
1.68171e-06
7.13062e-05
3.18391e-05
0.000329921
0.000502695
0.000425682
0.000912422
0.00126454
0.00214761
0.00240926
0.0024157
0.0031764
0.00376374
0.00384921
0.00514276
0.00563684
0.0114352
0.00922329
0.00916666
0.00919835
0.00915218
0.011355
0.00716231
0.00874708
0.00490913
0.00423482
0.00384461
0.00322391
0.00322057
0.00264491
0.00272679
0.00286141
0.00275313
0.00243342
0.00253724
0.0024517
0.00271359
0.00249049
0.00245434
0.00243206
0.00242437
0.00235916
0.00239025
0.00240813
0.00232276
0.00238299
0.00234611
0.00225594
0.0022971
0.00246191
0.00209108
0.00255339
0.00245434
0.00211759
0.00113833
0.000411318
0.000258047
1.64299e-05
0.000213943
0.000241452
0.000203497
0.000263341
0.0020133
0.00149471
0.00193092
0.00257838
0.00204918
0.00232131
0.00210388
0.00294896
0.00563221
0.00208435
0.00320691
0.00111971
0.00211781
0.00120555
0.00102377
0.000664744
2.59133e-05
0.000129653
0.000596335
7.34848e-05
0.00066524
0.000761071
0.000127191
0.00103769
0.000544219
0.000156503
0.000473234
7.96614e-05
2.68828e-05
0.00145841
0.000727498
1.58661e-05
0.000181326
0.00749135
0.0114022
0.00383159
0.00324493
0.00233066
0.00327934
0.00236361
1.0517e-11
1.05231e-11
1.05249e-11
1.04996e-11
1.04505e-11
1.04507e-11
1.04512e-11
4.95421e-11
8.15467e-10
1.08582e-06
3.30764e-05
0.000286561
0.000252611
0.000379238
0.000684371
0.000279362
0.000186615
9.39518e-05
5.21109e-05
3.76944e-05
2.51282e-05
2.36348e-05
1.72186e-05
1.90905e-05
1.83197e-05
1.35792e-05
1.09293e-05
1.00146e-05
8.39482e-06
8.56959e-06
8.1646e-06
6.62483e-06
6.98741e-06
8.52575e-06
8.13451e-06
9.17392e-06
9.02036e-06
8.85534e-06
9.60022e-06
8.36801e-06
8.40623e-06
8.45707e-06
8.24188e-06
9.6728e-06
7.75766e-06
9.12207e-06
1.11452e-05
1.25705e-05
1.2107e-05
1.26227e-05
1.12874e-05
9.62837e-06
9.48129e-06
9.55056e-06
8.65636e-06
8.84567e-06
9.15595e-06
9.8133e-06
1.00536e-05
2.1642e-05
1.78402e-05
1.63686e-05
1.58491e-05
1.2857e-05
1.30355e-05
1.21805e-05
1.11235e-05
1.37074e-05
1.15836e-05
1.25494e-05
1.22203e-05
1.06848e-05
1.0883e-05
1.11895e-05
1.21167e-05
1.0396e-05
1.14247e-05
1.13281e-05
1.20481e-05
1.38421e-05
1.34235e-05
1.3195e-05
1.35371e-05
1.39334e-05
4.44013e-06
4.18326e-06
5.35194e-06
6.41708e-06
7.98295e-06
1.17541e-05
1.3496e-05
2.22471e-05
3.4001e-05
4.97416e-05
8.49485e-05
0.000189797
0.000170871
0.00167508
0.00693388
0.00937031
0.0137697
0.0194622
0.0189616
0.0182921
0.0161752
0.0158108
0.0142477
0.0112963
0.00994569
0.00380658
0.00404251
0.00264405
0.00144613
0.0021219
0.000733438
0.000833062
0.00133201
0.000275727
0.000993746
0.000485671
0.00029316
1.4704e-05
5.33865e-06
9.81406e-06
8.68448e-06
7.91798e-07
6.32834e-05
6.06055e-05
0.000628317
0.000906865
0.00225373
0.00307281
0.00323909
0.00361327
0.00493601
0.00548308
0.00507602
0.00757179
0.00807859
0.00806835
0.00848073
0.0114879
0.0050501
0.00458506
0.00575662
0.0045323
0.0046318
0.00421574
0.00427654
0.00511465
0.00499126
0.00449576
0.00387991
0.00401378
0.00408038
0.00428999
0.00425794
0.00434665
0.00452654
0.0041852
0.00460611
0.00442191
0.00479716
0.00418555
0.0045482
0.0044295
0.00384726
0.00436995
0.00411116
0.00437773
0.00446096
0.00207195
0.0042814
0.00181305
0.000484174
1.74793e-05
0.000127567
1.32632e-05
0.000145355
0.000374897
0.000505955
0.0019202
0.00199195
0.00306482
0.00178944
0.00262282
0.00559821
0.00571973
0.00625898
0.0066765
0.00956096
0.00810886
0.00819704
0.00826352
0.0105778
0.0100242
0.00618
0.00914493
0.00766308
0.00526852
0.007007
0.00578147
0.00296166
0.0063618
0.00387383
0.00348256
0.00390831
0.00372761
0.00255255
0.00344961
0.00440114
0.00405411
0.00559195
0.00457443
0.0140546
0.00733441
0.00800642
0.00684926
2.58587e-11
2.69788e-11
2.73547e-11
2.76286e-11
2.87865e-11
2.85755e-11
2.13811e-11
4.89257e-11
4.94682e-11
5.0924e-09
5.15218e-07
5.9152e-07
7.95838e-05
0.00182993
0.00185802
0.00201097
0.00138814
0.00072563
0.000328444
0.000195818
0.000121795
0.000126646
6.32316e-05
5.93248e-05
4.94562e-05
4.56731e-05
3.37215e-05
3.25317e-05
3.05593e-05
2.85641e-05
2.75485e-05
1.94982e-05
1.74063e-05
2.11843e-05
1.98956e-05
1.81676e-05
1.87181e-05
1.88918e-05
1.57741e-05
2.21336e-05
2.26222e-05
2.07436e-05
2.06786e-05
2.0726e-05
2.03339e-05
2.13594e-05
1.73929e-05
1.69435e-05
1.939e-05
1.57433e-05
1.26702e-05
9.73727e-06
1.03519e-05
1.01589e-05
1.11163e-05
1.16101e-05
1.55423e-05
1.5895e-05
1.23891e-05
1.43645e-05
1.4166e-05
1.28475e-05
1.28325e-05
1.41014e-05
1.25593e-05
1.25092e-05
1.29664e-05
1.21895e-05
1.23472e-05
1.27868e-05
1.39181e-05
1.18258e-05
1.4317e-05
1.52978e-05
1.53972e-05
1.62135e-05
1.43548e-05
1.65727e-05
1.65795e-05
1.66844e-05
1.59632e-05
1.7159e-05
1.74563e-05
1.7331e-05
1.99466e-05
1.96781e-05
1.93074e-05
2.28329e-05
2.80229e-05
3.6755e-05
4.929e-05
5.66082e-05
8.89808e-05
0.00015316
0.000510181
2.82273e-05
0.00253705
0.00717916
0.00825411
0.0101222
0.0100044
0.00772512
0.00484655
0.00289196
0.00095079
0.00142063
0.000745346
0.000274552
0.000196711
5.14176e-05
1.0966e-05
3.17677e-05
0.000119373
9.88985e-05
0.000109181
0.00034117
0.000326796
0.000591642
0.000825482
0.00130906
0.00160158
0.00168367
0.00202887
0.00527975
0.00725185
0.0074267
0.0102836
0.0105588
0.0125027
0.0108862
0.0114628
0.0150964
0.0200064
0.0169424
0.0264878
0.0272123
0.0206506
0.0262297
0.0277918
0.031434
0.0282966
0.0419159
0.0443721
0.0221528
0.0211917
0.00886357
0.00834691
0.00988654
0.00979675
0.0083888
0.00687145
0.00630777
0.00675215
0.00577487
0.00548488
0.00560105
0.00520976
0.00443006
0.0048373
0.00453758
0.00491467
0.00461886
0.00464849
0.00445163
0.00428557
0.00381074
0.0039705
0.00230129
0.00374615
0.00142382
0.0010231
0.000321735
0.000297881
0.000284304
0.000692855
2.6948e-06
0.00115672
5.95581e-05
0.00105033
0.00171711
0.000809848
0.000855412
0.0015369
0.00280194
0.00389228
0.00430779
0.00408472
0.00376172
0.00510008
0.00493993
0.00744276
0.00621561
0.00850701
0.0061717
0.00548512
0.00617511
0.00592414
0.00973192
0.00528508
0.0103469
0.0100326
0.00558322
0.00571311
0.00511016
0.00435829
0.00388655
0.00292861
0.00307409
0.000810477
0.00429259
0.000592136
0.00260781
0.000750027
0.000888931
0.00270154
0.00290442
0.000318021
0.000383703
0.00269442
0.000144576
0.000340118
0.00353092
0.00150825
5.71726e-05
1.22858e-11
1.31277e-11
1.32295e-11
1.20839e-11
1.32853e-11
1.22553e-11
1.37305e-11
1.40109e-11
1.55207e-11
3.29e-09
3.43438e-09
4.2631e-07
6.66033e-06
9.85931e-05
0.000301944
0.000488355
0.000513226
0.000288221
0.000199474
0.00011567
0.00010224
5.12165e-05
4.54485e-05
2.73633e-05
3.12732e-05
2.00619e-05
1.69346e-05
1.6577e-05
1.87842e-05
1.67346e-05
1.58261e-05
1.30341e-05
1.25133e-05
1.00487e-05
9.07961e-06
1.14913e-05
9.28823e-06
7.41089e-06
8.54301e-06
8.0763e-06
1.02999e-05
7.23968e-06
7.16841e-06
6.70395e-06
6.29797e-06
1.57333e-05
1.78946e-05
1.46867e-05
1.28788e-05
1.70175e-05
2.02619e-05
1.38373e-05
1.30909e-05
1.1891e-05
1.80502e-05
1.49055e-05
1.44626e-05
1.50496e-05
1.36568e-05
1.34526e-05
1.25437e-05
1.24374e-05
1.18705e-05
1.09883e-05
1.26589e-05
1.25215e-05
1.00335e-05
1.0897e-05
1.01477e-05
1.1289e-05
7.48713e-05
4.81186e-05
6.9984e-06
4.10173e-05
3.07077e-05
2.47294e-05
2.1101e-05
1.87468e-05
1.5741e-05
1.54413e-05
1.78184e-05
1.63352e-05
1.62033e-05
1.86225e-05
1.77066e-05
4.37558e-06
4.84569e-06
4.43529e-06
5.00875e-06
5.88856e-06
6.70935e-06
7.22268e-06
8.96266e-06
1.44285e-05
1.75369e-05
2.4236e-05
2.43423e-05
3.48503e-05
6.86082e-05
0.000128387
0.000234608
0.000175143
0.00208659
0.00645627
0.00896714
0.012786
0.0158268
0.0166585
0.014318
0.0108729
0.00956568
0.00556227
0.00247573
0.00271255
0.00123103
0.000879048
0.000386853
0.000258945
0.000115591
1.04149e-05
3.85979e-12
3.44094e-05
0.000155572
9.86686e-05
0.00030291
0.000650251
0.000717574
0.00110975
0.001431
0.00167739
0.00260391
0.00327335
0.0030813
0.00429899
0.0049804
0.00563263
0.0069124
0.00811375
0.00918407
0.0139976
0.0123845
0.0131508
0.0172551
0.0109824
0.015703
0.00996755
0.0109207
0.00846519
0.00755881
0.0138681
0.0148284
0.0105911
0.00887347
0.0172518
0.0154481
0.00380217
0.00355422
0.00356285
0.00331947
0.00342127
0.00331027
0.00312846
0.00316648
0.00293002
0.00276886
0.00287077
0.00291413
0.0026165
0.00316326
0.00258961
0.00256135
0.00259711
0.00242476
0.00255049
0.00229825
0.00245721
0.00289359
0.00238578
0.00226259
0.00225665
0.00253754
0.00247372
0.00261009
0.00218305
0.00242639
0.0020588
0.000777168
0.000470063
0.000861355
0.000438802
0.000605318
0.000125421
2.32955e-05
0.000768653
0.000349532
0.000741503
0.00268782
0.000600454
0.00229744
0.00332806
0.00352624
0.00259725
0.00286787
0.00284126
0.00457873
0.00551887
0.00273977
0.00709703
0.00562849
0.00720873
0.00664162
0.00557244
0.0054954
0.00436756
0.00315559
0.00334413
0.0059721
0.00395404
0.00264659
0.00202098
0.00175355
0.00160167
0.00378728
0.00112573
0.000919762
0.000975525
0.000395342
0.00036053
0.000338166
0.000345374
0.000807605
0.000416908
0.000241644
0.000334717
0.00017863
0.000172725
0.0076743
1.02565e-11
1.0085e-11
1.00832e-11
1.02946e-11
1.01221e-11
1.01164e-11
9.64962e-12
1.27744e-11
2.47857e-09
3.06574e-07
2.10065e-06
1.33938e-05
4.09777e-05
7.95619e-05
7.5033e-05
3.50327e-05
3.35257e-05
2.57264e-05
1.90928e-05
1.22647e-05
1.18539e-05
9.20636e-06
8.13045e-06
1.70623e-05
1.26318e-05
9.93807e-06
1.09712e-05
1.03874e-05
1.01547e-05
9.43341e-06
8.10734e-06
7.18334e-06
7.23861e-06
6.94575e-06
5.7109e-06
7.7901e-06
6.9999e-06
7.79109e-06
1.02338e-05
9.50409e-06
7.97353e-06
5.89541e-06
7.33566e-06
1.74107e-05
1.30592e-05
1.20878e-05
1.34616e-05
1.30826e-05
1.26178e-05
9.3316e-06
1.09313e-05
7.28893e-06
8.5055e-06
7.70754e-06
6.97008e-06
6.87987e-06
7.3268e-06
7.62273e-06
5.09049e-06
7.0109e-06
6.00485e-06
7.29903e-06
6.10487e-06
6.90973e-06
5.83756e-06
5.93371e-06
6.82648e-06
5.8234e-06
6.79265e-06
6.52546e-06
6.66293e-06
6.83868e-06
7.03528e-06
7.24808e-06
7.53648e-06
6.43791e-06
6.97771e-06
6.93138e-06
7.57068e-06
6.22717e-06
6.75264e-06
6.77987e-06
9.07131e-06
9.97191e-06
9.01353e-06
0.000127929
6.35216e-06
6.74293e-06
6.69899e-06
7.64541e-06
1.00344e-05
1.17488e-05
1.20903e-05
1.37181e-05
2.51807e-05
2.82052e-05
4.95661e-05
8.8306e-05
0.000169048
0.000292741
0.00118412
0.00546562
0.0113882
0.0126425
0.0185315
0.0183339
0.0171251
0.0144998
0.0105039
0.00645411
0.00375947
0.00343365
0.00296106
0.00292582
0.00133021
0.00126324
0.000389411
0.000384251
0.000258757
7.15355e-05
9.87204e-05
3.15986e-05
3.9491e-05
1.40941e-05
6.26033e-05
0.000143274
0.000369084
0.000647172
0.000877692
0.00113617
0.00181873
0.00205055
0.00308736
0.00385555
0.0046616
0.0061775
0.00612314
0.00692401
0.00712902
0.00993485
0.0102558
0.015004
0.0127353
0.0360461
0.00740721
0.00631401
0.00768216
0.013739
0.00920938
0.00853508
0.00525323
0.00484595
0.00422285
0.00385744
0.00329823
0.00340664
0.00340199
0.00302673
0.00269689
0.00259211
0.00287995
0.00268895
0.00256442
0.00246366
0.00220501
0.00256326
0.00289642
0.0022448
0.00217413
0.00240808
0.00238577
0.00224678
0.00185023
0.00236184
0.00237452
0.00225578
0.00139743
0.000987257
3.40704e-05
0.000277754
4.28728e-07
0.000698843
8.76859e-05
3.18472e-05
0.000965122
0.00182408
0.000968505
0.00387726
0.00325285
0.00236594
0.00535862
0.00385674
0.00377997
0.00170941
0.00151542
0.00328604
0.00131605
0.000873448
0.000793048
0.000672911
0.000457585
2.5237e-06
0.0014683
0.000163669
0.000101234
0.00183738
7.88034e-05
0.000831566
0.000367425
0.000205481
4.08092e-06
0.00116692
2.56738e-05
0.000408244
0.00557228
0.00779589
0.00476879
0.00488515
0.00263674
0.00229491
0.00272125
0.00144582
0.00530338
9.74225e-12
9.74853e-12
9.7535e-12
9.75133e-12
9.73233e-12
9.69757e-12
9.68704e-12
5.09214e-11
8.59055e-10
5.39749e-07
1.88469e-05
1.50401e-05
4.09955e-05
0.000214728
0.000229689
0.000230747
9.11626e-05
6.67186e-05
4.42075e-05
2.9273e-05
2.71353e-05
1.80717e-05
1.37561e-05
1.40486e-05
1.22629e-05
1.20572e-05
1.03564e-05
9.36207e-06
6.3557e-06
5.96995e-06
7.39393e-06
7.86482e-06
6.24599e-06
7.20882e-06
7.02499e-06
7.06276e-06
6.14427e-06
4.73286e-06
6.83739e-06
4.61945e-06
6.38017e-06
6.44475e-06
7.2617e-06
5.6261e-06
9.29162e-06
9.74307e-06
1.00151e-05
8.70362e-06
9.06408e-06
7.4744e-06
8.76204e-06
6.2267e-06
6.3849e-06
7.43386e-06
6.84079e-06
1.32279e-05
1.11929e-05
1.06992e-05
1.0922e-05
9.45963e-06
9.29225e-06
9.42874e-06
9.01752e-06
7.82479e-06
8.68461e-06
8.73368e-06
8.01395e-06
9.39215e-06
9.04353e-06
8.9199e-06
9.15637e-06
9.04645e-06
9.31656e-06
8.18964e-06
1.00546e-05
9.27233e-06
9.38768e-06
9.6331e-06
9.969e-06
9.56554e-06
4.17092e-06
4.29693e-06
4.24496e-06
5.27725e-06
6.80477e-06
7.52714e-06
1.14108e-05
1.65034e-05
2.06092e-05
3.92237e-05
7.50217e-05
0.000116012
0.000227405
0.000143251
0.00155559
0.00644487
0.013006
0.0203062
0.0222995
0.0182475
0.0141146
0.015145
0.00831233
0.00562072
0.00349016
0.00273075
0.00175744
0.000856277
0.000623726
0.000627097
0.000462501
0.000763796
0.000812913
0.000185714
1.93443e-05
3.35765e-05
1.85328e-05
4.0596e-05
8.50716e-07
6.47013e-06
0.000415406
0.000407486
0.000661272
0.00156725
0.00232515
0.00278776
0.00320057
0.00313366
0.00530538
0.00594497
0.00890102
0.00932537
0.0120754
0.0109269
0.0136824
0.00611039
0.0132689
0.00580069
0.0050154
0.00502847
0.00471741
0.00470684
0.00458517
0.00399842
0.00423064
0.00480279
0.00422491
0.00469447
0.00486368
0.00430494
0.00416087
0.00377304
0.00417162
0.00342303
0.00398251
0.00395841
0.00411178
0.00394023
0.00382686
0.0039238
0.00361248
0.00384274
0.00398253
0.00360783
0.00394473
0.00173241
0.000924951
5.08143e-06
0.000139886
5.30349e-05
0.000346506
0.000648843
9.61497e-05
0.000107065
0.00253734
0.00149228
0.00323856
0.00190264
0.00381943
0.00675679
0.00446109
0.0136556
0.00783183
0.00954608
0.00916817
0.00624678
0.0101622
0.00999732
0.00748819
0.0102671
0.0100716
0.00555772
0.0117093
0.0079085
0.00824778
0.00824876
0.00539623
0.00755564
0.00422666
0.00291221
0.00267296
0.00242343
0.00148476
0.00133273
0.00449939
0.00253251
0.00273684
0.00151859
0.00148736
0.000866809
0.000246257
1.67513e-11
1.6799e-11
1.68823e-11
1.69271e-11
1.70629e-11
1.72713e-11
1.72507e-11
1.62786e-11
1.05972e-09
3.04521e-07
1.03168e-05
0.0012968
0.00395416
0.00366899
0.00416428
0.0024288
0.00110701
0.000703074
0.000407562
0.000177934
0.000147999
8.30361e-05
7.07034e-05
4.44761e-05
3.93953e-05
2.60722e-05
2.3556e-05
1.9434e-05
1.85259e-05
2.04961e-05
1.63351e-05
1.67055e-05
1.35334e-05
1.43584e-05
1.18052e-05
1.18324e-05
1.03726e-05
1.04828e-05
1.05468e-05
1.18404e-05
1.22936e-05
1.02257e-05
1.14083e-05
1.25515e-05
1.13146e-05
1.07721e-05
1.0931e-05
1.06905e-05
1.00368e-05
9.9829e-06
1.30433e-05
1.00716e-05
9.98664e-06
1.22642e-05
1.24168e-05
7.27772e-06
7.57753e-06
8.10058e-06
7.52973e-06
7.26521e-06
7.54713e-06
7.17879e-06
7.63946e-06
7.41579e-06
7.4152e-06
7.8542e-06
7.83623e-06
8.21083e-06
8.0143e-06
9.22534e-06
8.70897e-06
7.79792e-06
8.50501e-06
8.95585e-06
9.1157e-06
9.37688e-06
1.02679e-05
9.55776e-06
9.54251e-06
1.09993e-05
1.14467e-05
1.31138e-05
1.43069e-05
1.31088e-05
2.10225e-05
2.23947e-05
4.91636e-05
8.15521e-05
0.000147344
0.000256111
8.0159e-05
7.43059e-06
0.00527358
0.00558515
0.0124242
0.0147998
0.0138505
0.01185
0.00832685
0.00653733
0.00324911
0.00209648
0.00237449
0.000989411
0.000362789
5.57536e-05
8.51607e-05
0.000350784
7.95042e-05
3.07657e-07
4.14224e-05
9.97361e-06
8.61827e-05
0.000528202
0.000649179
0.000974876
0.00152799
0.00451832
0.00497237
0.00548091
0.00636335
0.00787918
0.00983585
0.0106263
0.0146664
0.0145498
0.0199883
0.0177333
0.021793
0.0190195
0.0262971
0.0362304
0.0263697
0.0246743
0.0263245
0.0228633
0.0191365
0.00339002
0.00357314
0.00370306
0.00411307
0.00363568
0.00411782
0.00369727
0.00381471
0.00413925
0.00402268
0.00428852
0.00481959
0.00439086
0.00448118
0.00453267
0.00470122
0.00467425
0.004554
0.00564325
0.00467632
0.00548884
0.00491193
0.00488707
0.00490418
0.00420284
0.00430228
0.000881825
0.0018182
0.00187367
0.000686305
0.000630364
0.00124076
0.000950824
5.91816e-08
7.87374e-05
6.46022e-05
1.43622e-05
0.00156691
0.00207361
0.000641553
0.00179307
0.00142493
0.00236284
0.00120131
0.00157233
0.00692977
0.00542129
0.00551485
0.00806175
0.0132699
0.00748587
0.00944548
0.00879715
0.00582151
0.00855104
0.00667625
0.0072948
0.00718404
0.00656556
0.00644218
0.00476489
0.00332086
0.00279317
0.0020731
0.00104032
9.44444e-05
2.60011e-06
0.000719057
0.00109367
0.00367946
0.0070534
0.0144257
0.0191023
0.0267264
0.0210856
0.017318
0.0162326
0.0146297
0.0175042
0.0158811
0.0171072
0.0100519
0.014155
0.018018
0.00418361
0.00408892
0.0043949
0.0046261
0.00568825
1.88056e-11
2.21789e-11
2.51334e-11
2.81468e-11
6.01144e-10
2.34323e-08
2.91726e-06
3.51751e-05
5.01586e-05
5.35835e-05
4.73604e-05
2.62435e-05
1.77421e-05
1.29848e-05
7.55595e-06
6.34176e-06
6.31965e-06
5.35228e-06
4.34072e-06
4.53836e-06
4.15097e-06
4.65893e-06
3.66574e-06
3.5167e-06
3.28527e-06
2.71587e-06
2.12042e-06
2.78444e-06
2.30442e-06
2.20403e-06
2.28201e-06
2.2592e-06
2.35031e-06
1.75354e-06
2.09193e-06
1.89394e-06
4.61928e-06
3.6031e-06
3.83522e-06
4.40409e-06
3.24606e-06
3.07458e-06
3.794e-06
3.21525e-06
3.74572e-06
3.42448e-06
3.351e-06
3.34802e-06
3.07401e-06
3.16542e-06
3.02308e-06
3.21016e-06
3.16405e-06
2.98099e-06
3.03122e-06
2.96385e-06
2.9436e-06
2.84768e-06
2.30332e-06
2.63382e-06
2.71248e-06
2.97206e-06
3.06948e-06
2.47267e-06
2.56993e-06
2.89578e-06
2.87083e-06
2.89369e-06
1.35482e-05
9.23939e-06
8.19769e-06
6.1086e-06
4.71925e-06
4.53381e-06
4.28325e-06
4.20872e-06
4.07632e-06
4.18143e-06
4.20261e-06
1.4162e-06
1.29024e-06
1.37643e-06
1.54722e-06
1.77075e-06
2.04855e-06
2.38296e-06
3.20415e-06
4.1432e-06
9.46617e-06
1.38868e-05
5.01702e-05
5.64745e-05
0.000120053
0.000715829
0.00528092
0.0125441
0.0182119
0.0206717
0.0268878
0.0283804
0.0258991
0.0193132
0.0169321
0.0183895
0.0106013
0.00810857
0.00727179
0.00319588
0.00311979
0.00268697
0.00226618
0.00201769
0.00121327
0.00148222
0.000565413
0.000514905
0.000601889
0.000208472
0.000152956
0.000113231
1.91607e-05
5.87132e-05
1.49572e-05
0.000166367
0.00222214
0.00221726
0.00359162
0.00480145
0.00658242
0.00849312
0.00873044
0.00369053
0.00368688
0.00361831
0.0055781
0.00700369
0.00975547
0.0115746
0.0147086
0.00854372
0.00613555
0.00262964
0.0023891
0.00262868
0.0025482
0.00261572
0.00266026
0.0022682
0.00264832
0.00222905
0.00254335
0.00241116
0.00220231
0.00234895
0.00237237
0.00238159
0.00228927
0.00231678
0.00234778
0.00245246
0.00208173
0.00242371
0.00221756
0.00258966
0.00215662
0.00216152
0.00221051
0.00214677
0.00111704
0.00175381
0.00016635
0.00123426
2.31445e-06
6.86889e-06
0.000225873
0.00108707
0.000833089
0.00518919
0.00569963
0.00517846
0.00810292
0.00645813
0.00875521
0.00921665
0.0145107
0.0128552
0.00753706
0.0111884
0.00971904
0.00684762
0.0102579
0.00816922
0.00319507
0.00231992
0.00474736
0.00344829
0.00237125
0.00233262
0.00121915
0.00134105
0.000441181
0.00090731
0.00102745
0.000796041
0.000161782
0.000305323
0.000623186
0.000129025
0.000320656
0.000436606
0.000409523
0.000925319
0.00175575
8.69072e-12
8.81749e-12
8.70787e-12
8.85347e-12
8.81752e-12
8.7074e-12
8.30321e-12
2.99694e-10
2.0729e-06
1.97095e-06
2.76046e-05
5.50723e-05
0.000160177
0.000107739
3.91966e-05
2.81042e-05
1.6229e-05
1.51525e-05
1.94434e-05
1.92577e-05
1.17953e-05
1.11696e-05
1.29703e-05
1.02642e-05
1.15588e-05
1.09829e-05
9.35047e-06
7.5278e-06
8.83932e-06
8.00344e-06
6.93048e-06
5.97005e-06
6.3004e-06
5.78956e-06
6.05052e-06
1.04665e-05
8.67291e-06
8.60961e-06
8.80026e-06
9.79261e-06
7.27406e-06
7.24075e-06
7.23052e-06
6.98095e-06
6.5368e-06
6.50752e-06
5.69782e-06
6.71689e-06
5.76106e-06
5.42357e-06
4.91912e-06
5.02791e-06
6.23331e-06
5.09254e-06
5.08951e-06
4.76974e-06
5.05432e-06
4.79443e-06
5.2315e-06
4.83745e-06
5.24946e-06
5.21481e-06
5.28636e-06
5.91476e-06
5.65027e-06
5.23546e-06
6.42411e-06
7.21656e-06
5.60586e-06
5.65474e-06
5.56687e-06
6.97006e-06
6.99064e-06
8.01703e-06
1.0147e-05
1.35758e-05
1.76473e-05
2.61238e-05
4.93295e-05
8.30353e-05
3.48828e-05
0.000491314
0.00659667
0.0147569
0.0196997
0.0208218
0.0197875
0.01575
0.0170368
0.012055
0.0103793
0.00459167
0.00633697
0.00341822
0.00157879
0.000535917
0.000610009
0.000416807
0.000391793
0.000221305
9.94604e-05
5.3063e-05
1.60243e-06
1.51164e-06
0.000220604
0.000347647
0.000895839
0.00120893
0.00216014
0.0027524
0.0033691
0.0036871
0.004448
0.00524511
0.00645543
0.00815469
0.0103597
0.0123347
0.0141352
0.0560422
0.0144515
0.00857793
0.00645597
0.00551662
0.00456762
0.004124
0.00372298
0.00331476
0.00319615
0.00281808
0.00262399
0.00245219
0.00222494
0.00228416
0.00213885
0.00224718
0.00237719
0.00211317
0.00265205
0.0020663
0.00212557
0.00227503
0.00229112
0.00194663
0.002055
0.0021727
0.00211463
0.00176327
0.00184636
0.00131826
0.000326331
5.24728e-05
5.5041e-05
0.000131547
0.000447917
0.000580251
0.000373903
0.00373579
0.00612791
0.00520188
0.00490185
0.00327338
0.00273278
0.00710516
0.00186258
0.00273564
0.00243612
0.00178288
0.00193953
0.00153306
0.000177091
0.00105894
8.46957e-05
0.000237046
0.00135725
4.84933e-06
0.00109479
0.000467958
0.000132096
0.000204152
0.000936505
3.7592e-07
0.000471843
4.30638e-05
0.00130771
0.000685739
0.00182731
1.94059e-05
0.0132167
0.00813415
0.00512553
0.0158125
0.00738108
0.00593319
0.00776453
1.02906e-11
1.03078e-11
1.03083e-11
1.03089e-11
1.0305e-11
1.02427e-11
2.41759e-10
2.20586e-06
3.25427e-05
0.000113873
0.000256168
0.000226019
0.000294539
0.000115349
6.99945e-05
4.42828e-05
3.58062e-05
2.8065e-05
2.04391e-05
1.39563e-05
1.0579e-05
1.39968e-05
1.39015e-05
1.15326e-05
8.57457e-06
7.59056e-06
7.68883e-06
7.64439e-06
7.26033e-06
7.89022e-06
9.70911e-06
8.38934e-06
9.44785e-06
7.7312e-06
7.33338e-06
7.57717e-06
8.88488e-06
7.78448e-06
6.2651e-06
1.27074e-05
1.23038e-05
9.76483e-06
9.4282e-06
8.65803e-06
7.72647e-06
9.07171e-06
7.81635e-06
6.78723e-06
1.72944e-05
1.54431e-05
1.49938e-05
1.20293e-05
1.17171e-05
1.19512e-05
1.04071e-05
1.12788e-05
1.10331e-05
1.0645e-05
9.90935e-06
1.1126e-05
9.75904e-06
1.04602e-05
1.04838e-05
1.0303e-05
1.15554e-05
1.17472e-05
1.0959e-05
1.12825e-05
1.042e-05
1.05366e-05
4.51676e-06
4.55287e-06
4.76612e-06
5.67467e-06
6.22452e-06
7.6376e-06
1.04915e-05
1.40528e-05
1.80578e-05
2.85758e-05
5.53983e-05
8.26411e-05
9.54213e-05
4.78391e-08
0.000281075
0.00303899
0.00868728
0.0207906
0.0203951
0.0165557
0.0126603
0.00887596
0.00652572
0.00658495
0.00397649
0.00282944
0.00232502
0.00174905
0.00122178
0.000824663
0.00092349
0.000490805
0.00106574
0.000499119
5.58468e-05
4.25088e-05
5.00153e-05
5.13287e-05
4.4586e-05
1.36958e-06
6.60879e-06
2.45542e-05
1.21153e-05
0.00043461
0.00152719
0.00248317
0.00249668
0.0028003
0.00412027
0.00457425
0.00594207
0.00802666
0.00778457
0.00826239
0.00933886
0.0108022
0.013306
0.0131676
0.0092549
0.0068807
0.00637953
0.00570943
0.00619476
0.00515996
0.00542112
0.00522669
0.00579154
0.00424379
0.00488263
0.0045177
0.00463424
0.00438891
0.00425562
0.00387205
0.0041425
0.00418226
0.00399838
0.00377822
0.00416286
0.00399737
0.00384059
0.00382059
0.00423238
0.00420415
0.00385563
0.00345819
0.00381321
0.00348184
0.00336747
0.00355422
0.00158427
0.00135622
2.54242e-05
0.000545494
0.000661835
9.80866e-05
4.81759e-05
0.000241359
4.5064e-05
0.00189255
0.000549624
0.00138729
0.00429575
0.00480068
0.00621244
0.00560205
0.00802187
0.0095276
0.00892604
0.00846966
0.00788998
0.00868288
0.0122105
0.00982349
0.0108736
0.011884
0.0097252
0.00801943
0.00765787
0.0126389
0.00914507
0.00641916
0.00439936
0.00668638
0.00537162
0.00501702
0.00527407
0.00891071
0.00155874
0.00317714
0.00129205
1.53332e-05
1.39923e-11
1.40438e-11
1.41413e-11
1.40428e-11
1.41209e-11
1.42499e-11
2.27726e-09
3.4414e-07
1.22868e-05
0.00100987
0.00383393
0.00539216
0.00307697
0.00121791
0.00105616
0.000381024
0.000308085
0.000174094
7.87822e-05
6.68185e-05
3.6252e-05
2.99295e-05
1.83392e-05
1.98063e-05
1.54554e-05
1.5001e-05
1.33127e-05
1.41952e-05
1.1039e-05
1.19686e-05
1.10364e-05
1.08371e-05
7.75165e-06
8.04623e-06
9.07309e-06
7.83544e-06
8.10816e-06
9.08136e-06
8.18529e-06
7.70229e-06
8.47234e-06
7.88984e-06
8.05594e-06
7.39576e-06
7.60905e-06
7.96766e-06
7.57344e-06
7.906e-06
8.08437e-06
8.97022e-06
9.25263e-06
9.11803e-06
8.69986e-06
1.09342e-05
7.12863e-06
7.00326e-06
7.56435e-06
8.07254e-06
8.68436e-06
1.12697e-05
9.99194e-06
7.6789e-06
8.1242e-06
8.19656e-06
7.50186e-06
1.65382e-05
1.47711e-05
1.46766e-05
1.5071e-05
1.38649e-05
1.4188e-05
1.26433e-05
1.77078e-05
2.03998e-05
1.85494e-05
1.83689e-05
1.76744e-05
1.61051e-05
1.5967e-05
1.60203e-05
1.60081e-05
7.47201e-06
7.95252e-06
8.17086e-06
9.69848e-06
1.43221e-05
2.05664e-05
3.02005e-05
3.14695e-05
9.63175e-05
0.000175273
0.000300892
0.000295493
0.00103766
0.00593727
0.0110942
0.0160849
0.0151417
0.0134546
0.00935446
0.00781791
0.00449823
0.00271447
0.00332193
0.0010489
0.000945248
0.000887259
0.000979491
0.00109247
0.000746959
0.000387693
0.000393127
0.000336119
0.00015246
9.73286e-08
1.39479e-05
1.1985e-06
0.000144753
0.000125843
0.000229076
0.000327244
0.000775719
0.00259776
0.00728156
0.00472538
0.00550749
0.00555356
0.0106592
0.0102277
0.0112766
0.0182863
0.0214681
0.0221217
0.0181596
0.0163251
0.0240546
0.0281659
0.0453934
0.0299016
0.00377043
0.00412041
0.00412634
0.00421729
0.00439588
0.00439236
0.00432028
0.00493967
0.00447987
0.00485364
0.00505107
0.00450275
0.00451675
0.00452967
0.00430585
0.00463872
0.00487613
0.00472241
0.00369953
0.00155314
0.00276532
0.000230953
0.00034689
2.96439e-05
2.21107e-05
3.92662e-06
4.70375e-05
0.000382054
0.000256694
0.000297714
0.00379015
0.00276466
0.00342021
0.00197831
0.00471396
0.00433266
0.00486072
0.00473697
0.0108849
0.00508315
0.0134068
0.00697358
0.00824125
0.00809042
0.0109234
0.00912507
0.00953063
0.00806938
0.00763565
0.00782631
0.00589657
0.00670353
0.0069759
0.00538282
0.00485617
0.00768508
0.00442527
0.00406177
0.00653864
0.00339485
0.00303211
0.00364448
0.00189668
0.000977364
0.00107903
0.00070454
0.000813499
0.000233384
7.45365e-05
8.53333e-06
3.44486e-07
0.000251005
0.000591291
0.000933862
0.00306944
0.00748568
3.22373e-11
3.40467e-11
3.66384e-11
3.96182e-11
4.37822e-11
4.94754e-11
5.62944e-11
6.15971e-11
1.22693e-08
1.03074e-06
1.30194e-05
6.48881e-05
0.000511315
0.000689469
0.000602452
0.000188807
0.000176057
0.000132479
4.03388e-05
2.47222e-05
1.71392e-05
1.42368e-05
1.34597e-05
1.13792e-05
1.26071e-05
1.08007e-05
1.06971e-05
9.45599e-06
9.2463e-06
8.35492e-06
8.42092e-06
7.49784e-06
7.90435e-06
5.99131e-06
5.67541e-06
7.49692e-06
6.29006e-06
6.71951e-06
6.84086e-06
9.32056e-06
8.66264e-06
7.48071e-06
1.761e-05
1.98891e-05
1.8179e-05
1.51544e-05
1.93577e-05
1.77995e-05
1.62538e-05
1.55328e-05
1.2545e-05
1.02808e-05
1.04719e-05
1.00518e-05
9.2262e-06
8.81304e-06
9.24464e-06
1.04577e-05
1.11208e-05
1.08818e-05
9.76705e-06
1.16659e-05
1.07355e-05
1.24879e-05
1.25754e-05
1.0065e-05
1.03279e-05
1.03259e-05
1.13228e-05
1.11431e-05
9.75769e-06
1.23928e-05
7.12559e-05
4.58256e-05
3.38098e-05
2.90441e-05
2.27849e-05
2.04622e-05
1.86849e-05
1.75463e-05
1.82363e-05
1.8242e-05
1.89188e-05
1.665e-05
4.57195e-06
4.73818e-06
4.89641e-06
5.21994e-06
6.16026e-06
6.6733e-06
8.08446e-06
1.08101e-05
1.74249e-05
2.43558e-05
4.27188e-05
5.47036e-05
0.000231577
0.000341221
0.00429008
0.0091214
0.0143951
0.0155283
0.0159434
0.0126553
0.0110857
0.00553878
0.00377969
0.00168955
0.00120703
0.000853253
0.000553592
0.00043795
6.38587e-05
0.000163239
1.99701e-05
1.29257e-05
2.10352e-05
2.37149e-05
5.83034e-05
0.000435177
0.000178973
0.000809454
0.000844356
0.00178
0.00132058
0.00151031
0.00214536
0.00221226
0.00361927
0.00419042
0.0034577
0.00253525
0.00288889
0.00217465
0.00365151
0.00296865
0.00216562
0.00223984
0.00174648
0.00169381
0.00226077
0.00146829
0.00195818
0.00208437
0.00139527
0.00126006
0.00133904
0.000966118
0.00126249
0.000745785
0.000961026
0.00120314
0.00148984
0.000831647
0.000983721
0.000924737
0.000677516
0.00081688
0.00115583
0.000576763
0.000723372
0.000692699
0.000786703
0.000354149
0.000475881
0.000694334
0.000699403
0.000265359
0.00053239
0.000832939
0.000704719
0.000255184
0.000251817
0.000455205
0.000142022
0.00026922
0.000298735
0.000147811
0.000171031
5.13472e-05
0.00045405
0.000276371
0.000109964
0.000258713
6.91425e-05
8.24685e-05
0.000168287
7.62081e-05
0.00032674
3.65576e-05
0.000149801
0.000159297
0.000298143
0.000195957
0.000227405
0.000144259
6.9776e-05
2.74433e-06
0.000156382
0.00015348
0.000149441
0.000147559
0.000146021
0.000145202
0.000162784
0.00015933
0.00015881
0.000152335
0.000149908
0.000139415
0.000183579
0.00016792
0.000163547
0.000172955
0.000170294
0.000187964
0.000174924
0.000166202
0.000176253
0.000160903
0.000157665
0.000166532
0.000163572
0.000164676
0.000137989
0.000135841
0.000137574
0.000155671
0.000136101
0.000135591
0.000144764
0.000147164
0.000145547
9.31076e-05
9.59292e-05
9.69926e-05
0.000120639
0.000122218
0.000126829
0.000104201
0.000113502
0.000119265
0.000145111
0.000175471
0.000184545
0.00018217
0.000194191
0.000224894
0.000247424
0.00025447
0.000250264
0.000299249
0.000316562
0.000375534
0.000402412
0.000602402
0.000656194
0.000669174
0.00073843
0.000845683
0.000938908
0.0010199
0.00116569
0.0016756
0.00233933
0.00270653
0.00313259
0.00383329
0.00433536
0.00504791
0.0074924
0.0088243
0.00782069
0.00846149
0.0056679
0.00194616
0.00107273
0.00194524
0.00107673
0.000409065
0.00256166
0.00393192
0.00263167
0.00118809
0.00249962
0.00272193
0.000512147
0.000240075
0.000892416
0.00196211
0.00100314
0.0010026
0.000543677
0.00223791
0.00272953
0.00187348
0.000564588
0.00186756
0.00143784
0.00120844
0.000938155
0.00394395
0.00273304
0.00310574
0.00197841
0.00513223
0.00405008
0.00424322
0.00208198
0.00559336
0.00698731
0.00520218
0.00570977
0.00447883
0.010191
0.00786083
0.014785
0.011193
0.0112284
0.0125384
0.00945183
0.00519558
0.00076125
0.000785444
0.000650729
0.00711346
0.000712521
0.000719601
0.000753638
0.000755228
0.000771219
0.000904289
0.000792405
0.000829633
0.000719444
0.000721078
0.000736756
0.000711438
0.000712824
0.000742549
0.000894176
0.000770389
0.000769846
0.000786545
0.000793135
0.000822568
0.000839848
0.000899992
0.000945119
0.000872201
0.00095248
0.000945546
0.000963404
0.000948823
0.00105417
0.00104352
0.00106569
0.00104728
0.00105166
0.0010291
0.00107243
0.00110683
0.0010944
0.00111377
0.00119071
0.00117529
0.00118184
0.00110797
0.00107427
0.00106318
0.00108688
0.0011024
0.00110897
0.00115558
0.00123278
0.000604174
0.000516842
0.00029951
0.00110125
0.00108952
0.00111707
0.00114251
0.00115734
0.000412596
0.00114823
0.00113302
0.00116897
0.00120274
0.00115082
0.00116661
0.00122519
0.000755776
0.00106649
0.0010542
0.00069805
0.000731913
0.000460369
2.54387e-08
1.13942e-08
1.59888e-05
1.53795e-06
1.39684e-06
6.18756e-05
6.01043e-05
0.000179755
9.9266e-05
9.68074e-05
0.000289439
0.000805912
0.00106989
0.00153553
0.00308995
0.00301674
0.00367983
0.00284281
0.00315029
0.00280841
0.00273628
0.00410034
0.00567545
0.00549837
0.00550801
0.00467556
0.00452385
0.00466857
0.00940072
0.0102277
0.00458954
0.00481443
0.010527
0.0099728
0.0104895
0.00986215
0.0097138
0.00784618
0.00769752
0.0102478
0.00939817
0.00949785
0.00757249
0.00685858
0.00750196
0.00446231
0.00581224
0.00772267
0.00769331
0.00665708
0.00619383
0.00365786
0.00343625
0.00418198
0.00387529
0.00328141
0.00296295
0.00284868
0.00252086
0.00183357
0.00193698
0.002407
0.00182513
0.00155228
0.00163741
0.000128205
0.000171779
0.000428151
0.000426201
0.000186276
1.14514e-05
2.66271e-05
4.17853e-05
2.44863e-05
5.33012e-08
0.000126122
4.69436e-05
3.81551e-06
3.75341e-05
6.95888e-06
0.000236265
0.000228835
9.74658e-05
4.14574e-05
0.000795825
0.000582469
1.48018e-05
0.000667356
0.000237686
0.000103509
1.60692e-05
2.05837e-05
1.53486e-06
4.40122e-05
0.000665338
0.000280373
0.000319231
0.00044554
1.2735e-07
0.00402696
6.91452e-12
6.91494e-12
6.91439e-12
6.91544e-12
6.91546e-12
6.91658e-12
6.92039e-12
6.91895e-12
6.95521e-12
6.95069e-12
7.10096e-12
1.66741e-11
1.69835e-11
1.70444e-11
4.13708e-09
9.77418e-07
9.76342e-07
9.63039e-07
9.83444e-07
1.5742e-05
1.54735e-05
2.63372e-05
2.58785e-05
3.34575e-05
3.26757e-05
2.16546e-05
2.11634e-05
1.27689e-05
1.25523e-05
1.25573e-05
8.02067e-06
8.0023e-06
5.11444e-06
5.05296e-06
3.49236e-06
3.47344e-06
3.48257e-06
3.23948e-06
3.28132e-06
3.28596e-06
4.12892e-06
3.08999e-06
3.10084e-06
2.4878e-06
2.50076e-06
2.17531e-06
2.19225e-06
2.50302e-06
2.55976e-06
2.93359e-06
3.31363e-06
3.36077e-06
3.3798e-06
3.65312e-06
3.74304e-06
3.35893e-06
3.38569e-06
3.41588e-06
2.91868e-06
2.72105e-06
2.74117e-06
2.77192e-06
2.30334e-06
2.26425e-06
2.28034e-06
2.72557e-06
2.72753e-06
2.65198e-06
2.69108e-06
3.40832e-06
3.39103e-06
2.95227e-06
3.01103e-06
2.66159e-06
2.64826e-06
3.2346e-06
3.02111e-06
3.82776e-06
3.85741e-06
3.89702e-06
3.89382e-06
3.55534e-06
3.55711e-06
3.58284e-06
3.20069e-06
3.0238e-06
3.05787e-06
3.11636e-06
3.08515e-06
3.0861e-06
3.08796e-06
2.54528e-06
2.57469e-06
3.4402e-06
3.4464e-06
2.92407e-06
2.98262e-06
3.51964e-06
3.65292e-06
3.84352e-06
3.98109e-06
3.60853e-06
3.73733e-06
4.38605e-06
4.65421e-06
4.34988e-06
3.79558e-06
4.01043e-06
4.13153e-06
4.30686e-06
4.05352e-06
4.27653e-06
4.74912e-06
4.68657e-06
3.95044e-06
4.55247e-06
4.5325e-06
5.27732e-06
4.32544e-06
4.97929e-06
4.88871e-06
5.30295e-06
6.13721e-06
6.07169e-06
5.92879e-06
6.16445e-06
5.62358e-06
6.06036e-06
6.45597e-06
6.17624e-05
3.47038e-05
1.97062e-05
1.31049e-05
9.98308e-06
8.75416e-06
7.4153e-06
6.73751e-06
5.88285e-06
5.78916e-06
5.78031e-06
5.57303e-06
5.45453e-06
5.44528e-06
5.37299e-06
5.49476e-06
5.59854e-06
5.55752e-06
5.61915e-06
5.99282e-06
5.99766e-06
5.6489e-06
5.61783e-06
5.65746e-06
5.24614e-06
4.7922e-06
4.93876e-06
5.44803e-06
5.5648e-06
5.55341e-06
5.69717e-06
5.9783e-06
5.94381e-06
5.57463e-06
2.02479e-06
2.0778e-06
1.87845e-06
1.98145e-06
2.5112e-06
2.56464e-06
2.66284e-06
2.57807e-06
2.77552e-06
2.7842e-06
3.12799e-06
3.16289e-06
3.55781e-06
3.47255e-06
4.19628e-06
4.98417e-06
5.33658e-06
5.19463e-06
6.52944e-06
6.82997e-06
9.84343e-06
9.30164e-06
1.30554e-05
1.41413e-05
2.22034e-05
2.44888e-05
1.84307e-05
3.2761e-05
3.56604e-05
5.88535e-05
6.57492e-05
6.85443e-05
0.000127015
0.000141802
0.00011027
0.000314772
9.50007e-05
0.000793954
0.000777884
0.000571601
0.00498299
0.00437896
0.0100773
0.0104427
0.017103
0.0170772
0.0156827
0.0190503
0.018895
0.0214777
0.023857
0.021845
0.0243291
0.0230731
0.0221082
0.0210893
0.0192182
0.0193478
0.0160973
0.0148369
0.013143
0.00577697
0.00625921
0.0048815
0.00685597
0.00556274
0.00393564
0.00469898
0.00336237
0.00213967
0.00263802
0.00154215
0.00143119
0.00160263
0.00120597
0.00150794
0.00150312
0.000612906
0.000714874
0.000306957
0.000920976
0.000608547
0.000325414
0.000357733
0.000403599
0.000443109
0.000607344
0.000100787
0.000127381
1.93165e-06
6.7882e-06
2.92445e-05
8.47484e-07
2.38018e-07
1.07338e-06
0.000192517
9.5132e-05
0.000209526
0.000173908
0.000234158
0.000243497
0.000360713
0.000845815
0.00115669
0.000869097
0.000850218
0.000824008
0.00117186
0.00180915
0.00194457
0.00171266
0.0019596
0.00226465
0.00199771
0.00224869
0.00267115
0.00312317
0.00289058
0.00294442
0.00250861
0.00261667
0.00326711
0.00410655
0.0027918
0.00190995
0.00151419
0.00371019
0.0020058
0.00282441
0.0021588
0.00269464
0.00283587
0.00221182
0.00534365
0.0039409
0.00634417
0.00479138
0.00482401
0.00225973
0.00661236
0.00484521
0.007423
0.00587182
0.00339203
0.00252701
0.00417129
0.00262368
0.00256054
0.00272529
0.00260285
0.00258981
0.00228254
0.0022749
0.00260338
0.00256266
0.00245491
0.00238065
0.00240288
0.00238808
0.00276651
0.00270731
0.00249701
0.00249541
0.0024141
0.0023825
0.00234723
0.00235024
0.00250959
0.00241706
0.00220044
0.00229798
0.00202434
0.00201326
0.00229411
0.00230272
0.00234191
0.00226985
0.00239246
0.00222094
0.00215709
0.00219897
0.00212627
0.0021336
0.00221232
0.00224389
0.00218143
0.0022149
0.00242376
0.00248207
0.00218177
0.00212483
0.00217584
0.00209347
0.00204231
0.00204372
0.00241172
0.0023764
0.001899
0.00185961
0.0018838
0.00215565
0.0021036
0.00210756
0.00197047
0.00198397
0.00198141
0.00194003
0.00170298
0.000240032
9.6631e-05
0.000436113
0.000427885
0.000330096
0.000133138
0.000131024
2.17951e-05
1.83855e-05
0.000770147
0.00110309
0.00136169
0.00020413
0.00019756
0.000255395
0.0014995
0.0014497
0.00177391
0.00199098
0.00279728
0.000565139
0.000547036
0.000756812
0.00205706
0.00197959
0.00240387
0.00119079
0.00114751
0.00178556
0.00546859
0.00571648
0.00475715
0.00451053
0.00605216
0.00548598
0.00535952
0.005366
0.00461629
0.00808813
0.00845684
0.00832371
0.00757444
0.00723896
0.00617001
0.00554458
0.00373861
0.00675938
0.00588877
0.00514127
0.00313878
0.00353913
0.00308538
0.00282229
0.00266014
0.00412916
0.00348605
0.00332995
0.0018447
0.00157992
0.00114181
0.00134496
0.00104279
0.000917199
0.00105812
0.00130542
0.00209561
0.00185752
0.000684041
0.000726679
0.000127255
0.000138848
0.000149431
0.000394581
0.000410981
0.000989568
0.00101937
0.000519209
0.000474679
0.000560206
0.00476578
0.00273148
0.0013756
0.000746661
0.000324445
0.000151281
8.60665e-05
4.46315e-05
1.94458e-07
4.44536e-06
1.14613e-07
7.3743e-07
0.000204666
0.000268306
0.000205195
6.19599e-05
1.32605e-05
1.0775e-05
2.1902e-05
5.25801e-07
0.00013066
0.000130109
0.000134645
0.00090905
0.00110676
4.61877e-05
1.31271e-05
1.18506e-07
0.000154103
0.00496106
0.00375153
1.05031e-11
1.05109e-11
1.05158e-11
1.05163e-11
1.0522e-11
1.05204e-11
1.04994e-11
1.05059e-11
1.05133e-11
1.05314e-11
1.12125e-11
1.1228e-11
1.13569e-11
3.65935e-09
3.71872e-09
7.1226e-07
7.32063e-07
1.20656e-05
1.19518e-05
5.69688e-05
5.66121e-05
0.00012051
0.000117875
9.19737e-05
8.96275e-05
3.98309e-05
4.20959e-05
4.21454e-05
2.11316e-05
2.07362e-05
1.57072e-05
1.55952e-05
1.17219e-05
1.18616e-05
1.25313e-05
1.25105e-05
1.05865e-05
1.07407e-05
9.71122e-06
9.76504e-06
9.83264e-06
9.90303e-06
8.77734e-06
9.0007e-06
7.29096e-06
7.37882e-06
6.18505e-06
6.30518e-06
6.23552e-06
6.35956e-06
6.02499e-06
6.15152e-06
6.3477e-06
6.60034e-06
6.77124e-06
5.38798e-06
5.68158e-06
6.7114e-06
6.34298e-06
4.9162e-06
9.67827e-06
9.18613e-06
7.47833e-06
7.16623e-06
6.58292e-06
6.43237e-06
8.75278e-06
8.42665e-06
8.37963e-06
8.09527e-06
8.01039e-06
7.02102e-06
6.86631e-06
6.07785e-06
6.03413e-06
6.76209e-06
5.74551e-06
5.70198e-06
7.04496e-06
6.96982e-06
6.21121e-06
6.15488e-06
7.13214e-06
7.06089e-06
6.76092e-06
6.62945e-06
6.57601e-06
5.92709e-06
5.24381e-06
5.26087e-06
6.61749e-06
6.52157e-06
6.63402e-06
5.2393e-06
1.47524e-05
1.38859e-05
1.15442e-05
1.08018e-05
1.05102e-05
1.01019e-05
9.84052e-06
1.18715e-05
1.12392e-05
1.10182e-05
9.84549e-06
9.39078e-06
9.33558e-06
8.95376e-06
8.98567e-06
7.28026e-06
7.66555e-06
7.48395e-06
7.60115e-06
6.78479e-06
6.66396e-06
8.61285e-06
8.38116e-06
8.50393e-06
8.4842e-06
8.32587e-06
8.35773e-06
6.89259e-06
6.78391e-06
6.87676e-06
6.87189e-06
6.84792e-06
7.35205e-06
7.21639e-06
8.65325e-06
8.5192e-06
7.85457e-06
7.68782e-06
7.84847e-06
6.91046e-06
6.81467e-06
6.99069e-06
6.94755e-06
8.65937e-06
7.89354e-06
7.82338e-06
7.90273e-06
7.7467e-06
7.85599e-06
7.67178e-06
7.62433e-06
8.03614e-06
7.8607e-06
7.84548e-06
7.75183e-06
1.04721e-05
1.29688e-05
1.21987e-05
1.18593e-05
8.42611e-06
1.2879e-05
1.97064e-05
1.7894e-05
1.71202e-05
1.46112e-05
1.37129e-05
1.39693e-05
1.34384e-05
1.18899e-05
1.19053e-05
1.35511e-05
1.30675e-05
1.30166e-05
1.37903e-05
1.36061e-05
1.1855e-05
1.18695e-05
1.16163e-05
1.13981e-05
1.16971e-05
1.22179e-05
1.19874e-05
1.2383e-05
1.38833e-05
1.36038e-05
1.41209e-05
1.43024e-05
1.26704e-05
1.24853e-05
1.26101e-05
1.33605e-05
1.31607e-05
1.38535e-05
1.4789e-05
1.55078e-05
1.6119e-05
1.77563e-05
1.71618e-05
1.75578e-05
1.91227e-05
1.85163e-05
3.41205e-05
3.34873e-05
2.90535e-05
1.94508e-05
2.06006e-05
3.72478e-05
2.92184e-05
5.118e-05
5.09504e-05
6.58647e-05
0.00011276
0.000153875
0.000113274
0.000214835
3.29192e-06
0.003328
0.00328596
0.00252216
0.00446076
0.00441116
0.0102772
0.012839
0.0126531
0.0141402
0.016685
0.016142
0.0142454
0.0163955
0.0155715
0.0173229
0.0182449
0.0174322
0.0159935
0.014784
0.0146814
0.0130068
0.00783385
0.00741739
0.00919717
0.00617703
0.00613251
0.00382182
0.00453807
0.00310258
0.00327726
0.00221078
0.00161157
0.00103095
0.00140031
0.000989408
0.000443358
0.000445411
0.000300214
0.000634704
0.00033248
8.60979e-05
3.07004e-05
0.000133292
5.18391e-05
0.000120063
0.000121313
0.000305541
0.000137755
0.000471143
0.00232949
0.00243286
0.00238108
0.00248519
0.00225796
0.00211954
0.0022063
0.00224788
0.00212002
0.00220238
0.00224839
0.00213615
0.00222959
0.002207
0.00210693
0.0021563
0.00196418
0.00231504
0.00235102
0.00224644
0.00216854
0.00228988
0.00237656
0.00244972
0.00251309
0.00234537
0.00272627
0.00262678
0.00270567
0.00259831
0.00251116
0.00269252
0.00292218
0.00282137
0.00296374
0.002638
0.00256155
0.00263104
0.00243039
0.00250768
0.00278034
0.00291113
0.00302341
0.00288974
0.00280958
0.00287934
0.00293914
0.0029208
0.00302557
0.00306428
0.00342596
0.00339379
0.0031996
0.00323453
0.00273377
0.00273034
0.00287837
0.00283747
0.00278304
0.00246894
0.00254633
0.00266581
0.00261413
0.00272076
0.00250966
0.00267127
0.00317018
0.00308316
0.00320053
0.00285372
0.00302582
0.00328676
0.00336679
0.00298822
0.00311741
0.00345576
0.00361544
0.00376173
0.00340717
0.00367286
0.0038218
0.00368753
0.0038785
0.00344967
0.00369893
0.00193684
0.00187301
0.000927356
3.22171e-05
3.29993e-05
4.90586e-05
0.00052582
9.11049e-05
4.41233e-06
0.0012771
0.00119283
0.00185083
0.000516852
0.00163628
0.00276874
0.00344888
0.00298657
0.00289874
0.00470577
0.00484933
0.00438488
0.00572342
0.0079303
0.00808183
0.00536512
0.00463803
0.00699585
0.00589285
0.00830545
0.00880542
0.00566715
0.00561931
0.00654781
0.00561925
0.00675176
0.00508214
0.00469238
0.00487714
0.00425353
0.00320018
0.0027548
0.00214233
0.00278655
0.00230195
0.00262287
0.00239193
0.0023511
0.00173644
0.00575064
0.00472927
0.0014354
0.00126341
0.00264379
0.00228689
0.00477955
0.00521151
0.00675263
0.0106055
0.0103142
0.0107641
0.00467457
0.00432685
0.0040065
0.000181697
0.0405331
0.0344712
0.0085423
0.00794879
0.000178498
2.31135e-05
2.23153e-05
2.26404e-05
2.5752e-05
3.51907e-06
3.70423e-06
2.44976e-06
1.75035e-06
1.74013e-06
4.93563e-06
4.94472e-06
2.10639e-05
2.02727e-05
2.00704e-05
1.90616e-05
1.86574e-05
3.12253e-05
3.0882e-05
3.57645e-05
3.50396e-05
2.51575e-05
2.47269e-05
3.21839e-05
3.22327e-05
3.23455e-05
2.4916e-05
2.45672e-05
1.87788e-05
1.87398e-05
1.82853e-05
1.80459e-05
1.82729e-05
1.68123e-05
1.63495e-05
2.49515e-05
2.56922e-05
2.51333e-05
2.50706e-05
2.4801e-05
2.49821e-05
2.55409e-05
2.63687e-05
2.66416e-05
2.05842e-05
2.02029e-05
2.01839e-05
1.78548e-05
1.78955e-05
1.97346e-05
2.00177e-05
1.39677e-05
1.3937e-05
1.39612e-05
1.9073e-05
1.91831e-05
1.9481e-05
1.94198e-05
1.91354e-05
1.94273e-05
2.0662e-05
2.08478e-05
1.85798e-05
1.89475e-05
1.32828e-05
1.36709e-05
1.24109e-05
1.27421e-05
1.48108e-05
1.4691e-05
1.5043e-05
1.66916e-05
1.70653e-05
1.70108e-05
1.80215e-05
1.75472e-05
1.77185e-05
1.79039e-05
2.19575e-05
2.21977e-05
2.26205e-05
2.37945e-05
2.38702e-05
2.35038e-05
2.35761e-05
2.21987e-05
2.18888e-05
2.1608e-05
2.13662e-05
2.13592e-05
2.06294e-05
1.80543e-05
1.79339e-05
1.80061e-05
1.76883e-05
1.82657e-05
1.88619e-05
1.85215e-05
2.13698e-05
2.12525e-05
1.75931e-05
1.49095e-05
1.4422e-05
1.58362e-05
1.59041e-05
1.57139e-05
1.94607e-05
1.94132e-05
1.75757e-05
1.73923e-05
1.77091e-05
1.87965e-05
1.87259e-05
1.84891e-05
1.9006e-05
2.01338e-05
1.99741e-05
1.99238e-05
1.74192e-05
1.78285e-05
1.79603e-05
2.00014e-05
1.9923e-05
1.80428e-05
1.80204e-05
2.01173e-05
2.01512e-05
1.82185e-05
1.8284e-05
2.20445e-05
2.22465e-05
1.91922e-05
1.98436e-05
1.88433e-05
1.9064e-05
2.03385e-05
2.06626e-05
2.08191e-05
2.11926e-05
2.28719e-05
2.33419e-05
2.37155e-05
2.16858e-05
2.22117e-05
2.33676e-05
2.50628e-05
2.48277e-05
2.58414e-05
2.51325e-05
2.60482e-05
2.79256e-05
2.89746e-05
2.93619e-05
2.99019e-05
3.06501e-05
3.08624e-05
3.07341e-05
3.05297e-05
3.14268e-05
3.56521e-05
3.41211e-05
3.45189e-05
3.1077e-05
0.000241775
0.000197798
0.000180479
0.000156661
0.00013456
0.000188588
0.000104052
0.000125593
0.000115096
2.39847e-05
2.2042e-05
2.12248e-05
1.96952e-05
2.15383e-05
2.36754e-05
2.39911e-05
2.49446e-05
2.6636e-05
2.48333e-05
2.83144e-05
2.98641e-05
3.52288e-05
3.13761e-05
3.70236e-05
3.98304e-05
4.22001e-05
5.29239e-05
5.84083e-05
5.48023e-05
8.10843e-05
8.95166e-05
0.000137611
0.000150272
0.00011421
0.000228154
0.000240107
0.000469837
0.000515393
0.000375435
0.000261793
0.00030687
0.000498388
0.000188674
0.000763467
0.00150866
0.00377769
0.00339874
0.00697474
0.00772301
0.00667266
0.00735467
0.00817955
0.00739195
0.00660247
0.00542477
0.00528116
0.00403582
0.00184783
0.00168855
0.00141869
0.00118808
0.000271866
0.000290563
0.000151752
9.76177e-05
4.62978e-06
0.00011406
6.82006e-06
1.3906e-05
0.000218527
0.000257372
0.000223905
0.000106222
0.000439155
0.000308787
0.000278872
0.000440246
0.000561616
0.000560413
0.000782768
0.000958359
0.00123947
0.00146529
0.001558
0.00110996
0.00140156
0.0019483
0.0020469
0.00217437
0.00245449
0.00399955
0.00452641
0.00254061
0.00232852
0.00287806
0.00341377
0.0039311
0.00438526
0.00410845
0.00453732
0.00419299
0.00445152
0.00410016
0.0045408
0.00539517
0.0063496
0.00558922
0.00674846
0.00673518
0.00605882
0.00659441
0.00689076
0.00684602
0.00895274
0.00897256
0.0100341
0.00765232
0.00995131
0.00957563
0.00992566
0.010462
0.00919015
0.0106394
0.00905221
0.0115251
0.0113927
0.0152094
0.00985493
0.0126306
0.0129179
0.0123
0.0141634
0.0176307
0.0224209
0.0214567
0.0215065
0.0173123
0.0174159
0.0136145
0.0111921
0.0144906
0.0245548
0.0257138
0.0215341
0.0108126
0.0202424
0.0126585
0.0257646
0.0255156
0.011053
0.00247225
0.00249408
0.00247223
0.00223193
0.0022309
0.00242583
0.00235525
0.00234937
0.00255222
0.0034706
0.00226684
0.0031018
0.00307939
0.00340044
0.00329575
0.0020431
0.00284531
0.00214867
0.00288775
0.00210894
0.00209677
0.00218312
0.00216026
0.00237581
0.00314541
0.00203683
0.00260248
0.00259274
0.00204285
0.00256948
0.00220267
0.00219805
0.00236376
0.00262411
0.00227404
0.00230444
0.00243627
0.00240511
0.00251045
0.00245595
0.00250339
0.0030237
0.00295604
0.00238343
0.00234409
0.00238849
0.00240777
0.00233943
0.00234223
0.0021904
0.00217481
0.00217224
0.00215656
0.00212578
0.00219096
0.00204681
0.00200098
0.0020535
0.0021849
0.00225091
0.00213797
0.00185437
0.000226438
0.000144372
0.000704854
0.00042396
0.00108451
0.00107031
0.000621571
9.454e-06
8.46534e-06
2.53767e-05
6.18045e-07
5.23515e-07
4.7912e-06
7.66041e-06
0.000224638
0.000423704
0.000957753
0.000935851
0.00111374
0.00141683
0.00126731
0.00142183
0.00157492
0.00310218
0.00385135
0.00361617
0.0034668
0.00394566
0.00467394
0.00445151
0.00462846
0.00663061
0.0066707
0.00469132
0.00463925
0.00528537
0.00491093
0.00506627
0.00449661
0.00516745
0.00446743
0.00423059
0.00470797
0.00789266
0.00793048
0.00579001
0.00677349
0.00654284
0.00602252
0.0058902
0.00539336
0.00500061
0.00546423
0.00516077
0.00886458
0.00783317
0.00682083
0.00245705
0.00223468
0.0020831
0.00328551
0.00293218
0.00187542
0.0021859
0.00197209
0.00192331
0.00218388
0.00196163
0.00191784
0.00308179
0.00269387
0.00258311
0.00210731
0.00213135
0.00403775
0.00366007
0.000771478
0.000737945
0.000620884
0.00102155
0.00120042
0.000868007
0.00092909
0.000957739
0.000911056
0.000833413
0.00477826
0.00424358
0.00377459
0.00303575
0.00308051
0.00294363
0.00242698
0.00213016
0.00207019
0.00163584
0.00158126
0.00192875
0.00157201
0.00125972
0.0010715
0.00106587
0.000246431
0.000192744
0.00020548
0.000349358
0.00026971
0.000372568
6.44859e-05
3.58835e-05
4.37194e-05
3.57433e-06
1.38468e-05
4.52373e-05
2.15077e-05
4.21648e-05
5.28585e-05
3.71471e-06
3.45615e-07
2.40334e-05
5.17228e-05
0.000351331
0.000289105
0.000863469
0.000985974
0.000683143
0.000912251
0.000744052
5.3389e-11
5.12866e-11
5.60776e-11
5.78162e-11
5.76075e-11
5.77514e-11
6.13107e-11
5.32066e-11
5.81123e-11
1.95054e-11
1.9447e-11
1.50464e-11
1.54642e-11
1.47368e-11
2.90854e-11
2.82538e-11
2.15688e-08
2.22279e-08
3.68857e-06
3.76788e-06
7.01973e-05
6.91412e-05
0.000163072
0.000162264
0.000202434
0.000203151
0.000145041
0.000141492
6.43183e-05
6.40451e-05
4.88048e-05
4.91747e-05
4.96461e-05
5.02284e-05
5.03667e-05
3.61995e-05
3.73556e-05
2.80004e-05
2.7505e-05
2.02144e-05
2.06705e-05
2.08768e-05
2.16033e-05
2.23347e-05
2.28853e-05
1.68123e-05
1.75217e-05
1.53537e-05
1.60816e-05
1.5427e-05
1.54391e-05
1.55229e-05
1.725e-05
1.81665e-05
1.94301e-05
2.0757e-05
1.13238e-05
1.15103e-05
1.18779e-05
1.19945e-05
1.21202e-05
1.07038e-05
1.09723e-05
1.17684e-05
1.17599e-05
9.81399e-06
1.01568e-05
8.66699e-06
8.84226e-06
8.99144e-06
9.31089e-06
9.19829e-06
9.26516e-06
7.92953e-06
7.85357e-06
7.97311e-06
8.69491e-06
8.81696e-06
1.12419e-05
1.10854e-05
1.09151e-05
1.10926e-05
1.38724e-05
1.38844e-05
1.38594e-05
1.06233e-05
1.07527e-05
1.29458e-05
1.33173e-05
9.85558e-06
1.00095e-05
1.01396e-05
1.09771e-05
1.14321e-05
1.01148e-05
1.05058e-05
1.43631e-05
1.488e-05
1.27287e-05
1.33416e-05
1.32236e-05
1.37263e-05
1.38458e-05
1.11105e-05
1.15772e-05
1.22179e-05
1.20115e-05
1.26829e-05
1.30052e-05
1.67e-05
1.77732e-05
1.79564e-05
1.71795e-05
1.83369e-05
1.85562e-05
2.16982e-05
2.38539e-05
2.1861e-05
2.43649e-05
2.21516e-05
2.45041e-05
2.45394e-05
2.64798e-05
2.95433e-05
3.21136e-05
3.64243e-05
3.40589e-05
3.93972e-05
3.93788e-05
4.53386e-05
4.976e-05
5.29207e-05
6.19095e-05
6.27389e-05
5.11272e-05
6.00645e-05
6.12994e-05
7.27203e-05
7.79277e-05
9.42592e-05
9.63528e-05
9.14104e-05
8.63952e-05
1.68728e-05
6.20043e-05
1.97958e-05
1.60304e-05
1.53076e-05
1.54168e-05
2.04216e-05
1.95036e-05
1.93809e-05
1.63559e-05
1.57612e-05
1.5587e-05
1.55166e-05
1.49395e-05
1.51356e-05
1.49235e-05
1.44463e-05
1.46174e-05
1.41156e-05
1.37452e-05
1.25232e-05
1.24982e-05
1.33752e-05
1.30267e-05
1.33628e-05
1.23063e-05
1.23261e-05
1.46503e-05
1.4307e-05
1.44192e-05
1.41595e-05
1.3859e-05
1.42156e-05
1.49724e-05
1.32835e-05
1.32998e-05
1.30988e-05
1.35808e-05
1.60632e-05
1.58112e-05
1.60945e-05
1.42411e-05
1.40464e-05
1.47319e-05
1.40621e-05
1.43131e-05
1.38512e-05
1.43528e-05
1.6411e-05
1.62626e-05
1.66058e-05
1.74812e-05
1.79313e-05
1.63855e-05
0.000969232
0.000829412
0.000615695
0.000487132
0.000371792
0.000294803
0.000234245
0.000194979
0.000153718
0.000132481
0.000100691
9.32372e-05
2.00269e-05
2.39422e-05
2.46158e-05
3.8359e-05
3.61119e-05
5.65947e-05
6.16926e-05
9.45824e-05
0.000104592
0.000104276
0.000216747
0.000159382
7.2633e-05
8.7002e-05
0.00018424
0.00102461
0.00602043
0.00595902
0.005128
0.00737315
0.0124202
0.0148847
0.0146127
0.0110667
0.0163043
0.0172501
0.016033
0.0167941
0.0149459
0.0128223
0.0130277
0.0119895
0.0114372
0.00962156
0.00923185
0.006068
0.0061935
0.00515766
0.00480241
0.0038472
0.00252638
0.00171354
0.00105934
0.00100794
0.00169388
0.000540946
9.74551e-05
0.000114572
0.000161295
7.4099e-06
7.6403e-06
9.66313e-07
6.28103e-07
1.71042e-05
4.53573e-05
5.75841e-05
4.07467e-05
0.000111146
5.86153e-05
0.000247028
5.46132e-05
0.000129862
0.000234678
0.000262133
0.000444699
0.000376485
0.000606773
0.000390176
0.00555902
0.00491597
0.00479332
0.00467388
0.00459666
0.00478855
0.00435076
0.00430304
0.00426288
0.00370508
0.00363909
0.00392505
0.0039805
0.00338504
0.00340757
0.00380007
0.0039123
0.00309707
0.00322311
0.00305496
0.00319079
0.00297321
0.00283676
0.00280163
0.00281502
0.00276055
0.00311602
0.00298227
0.0030701
0.00283216
0.00272641
0.00288882
0.00266247
0.00257318
0.00268641
0.00277634
0.00268396
0.0028591
0.00278265
0.00269351
0.00288776
0.00287144
0.0027831
0.00299685
0.00292412
0.00303577
0.00312941
0.00309288
0.003001
0.00316841
0.00335997
0.00354337
0.0039989
0.00359165
0.00347781
0.0036375
0.00341084
0.00356789
0.00374573
0.00361835
0.00385234
0.00377498
0.00389029
0.00394607
0.00412075
0.00404977
0.0042282
0.00395294
0.00438442
0.00454079
0.005028
0.0054044
0.00446775
0.00450114
0.00504884
0.00520352
0.0041889
0.00287359
0.000808202
0.00263462
0.00159081
0.000112347
0.000205941
0.000280796
0.00066499
0.00212812
0.00336009
0.00202142
0.00264343
0.00334821
0.00471427
0.00442502
0.00401171
0.00546641
0.00635567
0.00809376
0.0050273
0.00440897
0.00609975
0.00429702
0.00578432
0.0063538
0.00630813
0.00571574
0.00617441
0.00730272
0.00637608
0.00553576
0.00485159
0.00521224
0.00446955
0.00403025
0.00407516
0.00459927
0.00332195
0.00367969
0.00319684
0.00263812
0.00299786
0.00376679
0.00231497
0.00403992
0.00342008
0.00280216
0.00351956
0.0054658
0.00477677
0.00429403
0.00288671
0.00356555
0.00420382
0.00418756
0.00264604
0.00247129
0.00363886
0.00610702
0.00670629
0.013746
0.0129618
0.013541
0.00314912
0.00308362
0.00359629
0.00181006
0.015764
0.012743
0.0096235
0.00789836
0.000244642
5.20246e-06
4.77254e-05
4.58169e-05
1.86107e-06
1.83872e-06
1.85772e-06
7.61591e-07
7.65164e-07
1.8304e-06
1.83142e-06
5.24239e-06
2.09812e-05
2.07163e-05
5.34679e-05
5.16296e-05
6.63819e-05
6.44036e-05
6.39033e-05
6.28389e-05
4.87161e-05
4.84473e-05
4.72466e-05
4.57917e-05
2.96354e-05
2.36941e-05
2.33768e-05
2.30015e-05
2.32371e-05
1.86197e-05
1.89671e-05
3.55275e-05
3.54138e-05
2.66906e-05
2.65571e-05
3.63404e-05
3.59607e-05
3.6574e-05
3.22074e-05
3.20211e-05
3.17238e-05
2.184e-05
2.22773e-05
2.19295e-05
2.22483e-05
2.6418e-05
2.66081e-05
2.22849e-05
2.26282e-05
2.58023e-05
2.60174e-05
2.75561e-05
2.75168e-05
2.67812e-05
2.75229e-05
2.45097e-05
2.46713e-05
2.15459e-05
2.16553e-05
2.19831e-05
2.34163e-05
2.35842e-05
2.41876e-05
2.92902e-05
2.97954e-05
2.85131e-05
2.83693e-05
2.66043e-05
2.7124e-05
2.67377e-05
2.67216e-05
2.70559e-05
2.87507e-05
2.87114e-05
2.84334e-05
2.45352e-05
2.47996e-05
2.52198e-05
2.54106e-05
2.62484e-05
2.57211e-05
2.72853e-05
3.43122e-05
3.47953e-05
2.94065e-05
2.99348e-05
4.45156e-05
4.5366e-05
3.46967e-05
3.81776e-05
3.85447e-05
4.16795e-05
3.41497e-05
3.55822e-05
3.58114e-05
3.6184e-05
3.68579e-05
3.85981e-05
3.83589e-05
4.05801e-05
4.11798e-05
3.83767e-05
4.15826e-05
4.39234e-05
4.70223e-05
4.71566e-05
4.00964e-05
4.21139e-05
4.17293e-05
4.31952e-05
5.17254e-05
5.20924e-05
4.60713e-05
4.95198e-05
4.81873e-05
5.86744e-05
6.36868e-05
5.33901e-05
5.73811e-05
6.4612e-05
7.06867e-05
6.88241e-05
7.22697e-05
7.78191e-05
6.88548e-05
6.48659e-05
8.15382e-05
7.88604e-05
6.83374e-05
8.70278e-05
8.34137e-05
6.51132e-05
7.17203e-05
7.69645e-05
0.00170866
0.000919241
0.000497522
0.000275847
0.00017703
0.000132059
0.000116763
9.79411e-05
8.66802e-05
7.997e-05
6.60444e-05
6.39602e-05
6.5608e-05
7.94915e-05
7.58942e-05
6.50771e-05
6.43506e-05
6.74259e-05
6.17945e-05
6.16354e-05
6.2632e-05
7.31091e-05
7.30839e-05
7.89324e-05
7.78046e-05
7.70548e-05
6.6336e-05
6.33937e-05
6.14479e-05
6.4839e-05
6.44229e-05
6.4892e-05
7.09444e-05
7.063e-05
7.03897e-05
7.12101e-05
7.05134e-05
7.5278e-05
8.59742e-05
8.40442e-05
8.52076e-05
8.36402e-05
8.64947e-05
7.8086e-05
7.73393e-05
8.09917e-05
1.32358e-05
1.33798e-05
1.42173e-05
1.55742e-05
1.54969e-05
1.68644e-05
1.78207e-05
1.81494e-05
1.91392e-05
1.81203e-05
2.02262e-05
1.84606e-05
2.07602e-05
2.30209e-05
2.73005e-05
2.92789e-05
3.38236e-05
3.67405e-05
3.77456e-05
4.56359e-05
4.89277e-05
5.00174e-05
6.79534e-05
7.39556e-05
6.85452e-05
0.000107961
9.48993e-05
0.000115898
0.000114006
0.000183771
0.00020599
0.000184674
0.00032773
0.000313168
0.00047553
0.000531726
7.83753e-05
1.96008e-05
0.00148947
0.00143289
0.00172443
0.0058896
0.00533224
0.00635809
0.00743888
0.00791312
0.00792312
0.00764618
0.0077908
0.00767742
0.00633966
0.00604266
0.00503566
0.00433757
0.00304017
0.0017848
0.00159813
0.00117892
0.00116298
0.000582968
0.000313759
0.000299005
0.000833729
0.000347957
3.05283e-06
4.23168e-05
5.94786e-06
0.000150499
0.000471353
0.000934082
0.000533741
0.000991269
0.00122805
0.00128489
0.00124724
0.00144133
0.0011561
0.00142866
0.00141313
0.00148134
0.00160413
0.00210886
0.00163701
0.00232554
0.00245682
0.00271986
0.00232523
0.00234687
0.00275084
0.00266905
0.00304174
0.00309415
0.00365496
0.00454305
0.00461033
0.0051332
0.00455121
0.00531227
0.00464357
0.00451276
0.0058192
0.00665022
0.00704053
0.00541479
0.00555105
0.00670022
0.00672063
0.00780925
0.00773585
0.00913489
0.00786087
0.00881653
0.0057695
0.00599373
0.00609049
0.00829364
0.0070389
0.00638262
0.00597271
0.0068538
0.00615132
0.00434763
0.00390891
0.00470943
0.00419142
0.00466167
0.00412068
0.00467616
0.00611723
0.00612336
0.00585289
0.00562405
0.00599984
0.00512564
0.00572598
0.00699126
0.00590466
0.0063425
0.00805757
0.00720598
0.0082858
0.00756651
0.00758721
0.00669871
0.00643956
0.005915
0.00574115
0.00532862
0.00554611
0.00508568
0.00490907
0.00437784
0.00428302
0.00458504
0.00428338
0.00420199
0.00396368
0.0037436
0.00367091
0.00337846
0.00342002
0.00343867
0.00328227
0.00326845
0.00327848
0.00323849
0.00297582
0.00286562
0.00287858
0.00292067
0.00288278
0.00305963
0.00294377
0.00294882
0.00311641
0.00299701
0.00298952
0.00248682
0.00249547
0.00259811
0.00322558
0.00310126
0.00308531
0.00289856
0.00286446
0.00263466
0.00276514
0.00282621
0.00290658
0.00253717
0.00247073
0.00249458
0.00287561
0.00295805
0.00298431
0.00319254
0.00319197
0.00285918
0.00286127
0.0028452
0.00281018
0.00277502
0.00273437
0.00104529
0.00067248
0.00122125
0.000915295
0.00053392
0.000268966
0.000444694
0.000266581
0.00015335
0.0006927
0.000810394
0.000138958
0.000131181
0.000235645
0.000358533
0.000340416
0.000832858
0.00075956
0.00143765
0.00194155
0.0021108
0.00164517
0.00314239
0.00343452
0.00272853
0.00296084
0.00289739
0.0036429
0.00337762
0.00455722
0.00412904
0.00443662
0.00385397
0.0034978
0.00362908
0.00572081
0.00541116
0.00452204
0.00473106
0.00477898
0.00412231
0.00356807
0.0033582
0.00335432
0.00284063
0.00253049
0.00309401
0.00253404
0.00177319
0.00098519
0.00344428
0.00151551
0.00137813
0.00187571
0.00154684
0.00158616
0.000543841
0.000480555
0.000415036
0.000954119
0.000811272
0.000807316
0.00113001
0.000672718
0.000586552
0.000558729
0.000141569
0.000256468
0.000359063
0.000443879
0.00083599
0.000661013
0.000214387
0.000328975
1.77807e-05
3.17288e-05
5.56352e-05
3.72267e-05
0.000322734
0.00517688
0.00436037
0.000915749
0.00140473
0.00084116
0.000601276
0.000276649
2.52287e-05
7.31897e-06
1.97103e-05
0.000230713
7.69083e-05
4.30407e-05
8.55685e-05
1.17007e-06
2.61132e-06
4.5167e-06
1.89527e-05
2.72117e-05
0.000155268
0.000214694
1.04645e-05
0.00444298
0.00321193
1.41241e-11
1.41287e-11
1.41391e-11
1.41101e-11
1.40988e-11
1.41015e-11
1.41058e-11
1.41156e-11
1.47965e-11
1.45167e-11
1.51593e-11
1.51169e-11
1.5353e-11
1.90067e-08
1.92938e-08
1.17179e-06
1.17421e-06
1.22512e-06
3.23946e-05
3.26182e-05
0.000103503
7.16962e-05
7.08119e-05
3.64632e-05
3.59664e-05
3.6138e-05
3.83166e-05
2.21133e-05
2.21248e-05
1.0599e-05
1.05921e-05
1.05767e-05
1.10612e-05
1.10723e-05
1.16544e-05
1.18191e-05
1.18528e-05
1.22109e-05
9.91899e-06
9.89075e-06
7.76167e-06
7.8777e-06
6.80675e-06
6.94601e-06
7.84089e-06
8.05001e-06
5.35351e-06
6.31578e-06
6.50333e-06
6.18162e-06
6.32233e-06
6.48599e-06
7.21064e-06
6.45363e-06
6.63437e-06
6.78402e-06
6.76592e-06
6.91166e-06
5.49332e-06
5.68953e-06
5.83539e-06
7.09498e-06
1.09566e-05
9.31364e-06
1.08486e-05
1.04979e-05
9.252e-06
8.94734e-06
8.6128e-06
8.64495e-06
8.42063e-06
8.21212e-06
9.91241e-06
9.59055e-06
9.67164e-06
9.4895e-06
9.30545e-06
8.68213e-06
8.62382e-06
9.73385e-06
9.49776e-06
9.41196e-06
9.65227e-06
9.42668e-06
9.59251e-06
7.79423e-06
7.64042e-06
7.61707e-06
6.86406e-06
6.75421e-06
6.8453e-06
8.27736e-06
8.10898e-06
8.47413e-06
8.28143e-06
5.80899e-06
5.73411e-06
5.8796e-06
6.48682e-06
6.54294e-06
5.98925e-06
6.0138e-06
6.11126e-06
6.90206e-06
2.06849e-05
1.62596e-05
1.5199e-05
1.41118e-05
1.37504e-05
1.24074e-05
1.1769e-05
8.93417e-06
8.63416e-06
9.48406e-06
1.25086e-05
1.21504e-05
1.27107e-05
1.21552e-05
1.19441e-05
1.03935e-05
1.01418e-05
1.01701e-05
1.07809e-05
1.26532e-05
1.22559e-05
9.46289e-06
9.24664e-06
9.24156e-06
9.88893e-06
9.6048e-06
9.53463e-06
8.54837e-06
8.45398e-06
9.25823e-06
9.35844e-06
9.50501e-06
9.41049e-06
9.60246e-06
9.40272e-06
9.4954e-06
9.33552e-06
1.0196e-05
9.97454e-06
1.01507e-05
9.85703e-06
9.79036e-06
9.60564e-06
9.68173e-06
1.10774e-05
1.35013e-05
1.33681e-05
1.15005e-05
1.15163e-05
1.68151e-05
1.61762e-05
2.17145e-05
2.3029e-05
2.17781e-05
2.02524e-05
1.71813e-05
1.61976e-05
1.60089e-05
1.82714e-05
1.76425e-05
1.45666e-05
1.41067e-05
1.43614e-05
1.44162e-05
1.42996e-05
1.63796e-05
1.63433e-05
1.34594e-05
1.32125e-05
1.35301e-05
1.38947e-05
1.40484e-05
1.38156e-05
1.45734e-05
1.3907e-05
1.43565e-05
1.71867e-05
1.68426e-05
1.7272e-05
1.899e-05
1.9203e-05
1.61675e-05
1.66949e-05
1.94855e-05
2.02369e-05
1.75286e-05
1.9353e-05
2.08799e-05
2.11325e-05
2.31787e-05
2.08482e-05
2.98912e-05
3.10475e-05
3.66287e-05
2.12695e-05
3.14198e-05
3.49948e-05
3.7908e-05
5.99398e-05
7.85739e-05
0.000129215
0.00014458
0.000119924
0.000215186
8.40954e-05
7.01314e-05
0.00241579
0.00250288
0.008479
0.00831676
0.00797406
0.0101142
0.0123981
0.0146946
0.0143281
0.0132306
0.0146817
0.0140188
0.0126152
0.0134383
0.0130148
0.0120896
0.0102283
0.0103949
0.00927716
0.00753896
0.00602195
0.0052574
0.00341925
0.0034391
0.00244778
0.00346749
0.00078222
0.00142301
0.00101955
0.000829002
0.000355412
0.000269156
0.000450789
0.000108447
0.000444657
0.000114602
3.58238e-05
1.46726e-05
1.91641e-05
8.97637e-07
3.45603e-05
5.74183e-05
1.18393e-05
7.70908e-05
0.00014184
0.000223196
0.000451829
0.000587117
0.000740617
0.000552033
0.000895629
0.00327234
0.00305994
0.00356162
0.00274056
0.00278192
0.00259589
0.00269226
0.00281053
0.00263553
0.00267621
0.00300972
0.00300047
0.00253723
0.00260333
0.00249658
0.00238025
0.00246057
0.00235336
0.00256515
0.00263165
0.0025428
0.00268316
0.00228928
0.00220865
0.00234793
0.0025472
0.00274042
0.00252735
0.00260509
0.00273623
0.00264519
0.00311069
0.00327259
0.00290902
0.0028266
0.00301276
0.00291939
0.00297677
0.00284948
0.00289996
0.00306625
0.00297381
0.00308827
0.00306319
0.00313131
0.00293697
0.00286035
0.00288609
0.00300692
0.00376767
0.00363452
0.00362219
0.00306024
0.00305782
0.00301171
0.003568
0.00349178
0.00327919
0.0031815
0.0031298
0.00253947
0.00267488
0.00259432
0.00315047
0.00295684
0.00305227
0.00280907
0.00274751
0.00293375
0.00305091
0.00297719
0.00317658
0.00303819
0.00321065
0.0034836
0.00365144
0.00335618
0.00350449
0.00368907
0.00403873
0.00377669
0.00405065
0.0039026
0.00228728
0.00276087
0.00116161
0.00195376
0.000886127
0.000154816
0.000137899
0.000718061
3.81587e-06
0.00109579
0.000627278
0.000996731
0.00273744
0.00252665
0.00336267
0.00175341
0.00160838
0.0027051
0.00544893
0.0048904
0.0060004
0.00406032
0.00715834
0.00672093
0.00582234
0.006894
0.00573891
0.00695428
0.00549086
0.00438595
0.00424335
0.00374999
0.00408182
0.00443826
0.00331899
0.00331966
0.00219573
0.001672
0.0014681
0.00192682
0.00220651
0.0018277
0.00139088
0.00113518
0.00135819
0.00129221
0.00141215
0.00326786
0.00256195
0.000966979
0.00103014
0.00112307
0.00111635
0.000944386
0.00118231
0.00274421
0.00231268
0.00240172
0.00279175
0.00259531
0.00181119
0.00183401
0.00283998
0.00253239
0.00156593
0.00738609
0.0067012
0.00823094
0.0151176
0.0167857
0.00521309
0.00518781
0.00714791
0.00670576
0.00118375
0.000162575
0.000194688
0.0166595
0.0369903
0.000285722
5.82965e-06
3.36528e-06
3.2993e-06
3.28305e-06
2.19142e-07
2.79449e-08
3.42063e-08
3.43606e-08
5.24082e-07
5.30047e-07
4.87426e-06
4.72073e-06
4.76798e-06
1.67342e-05
1.60611e-05
1.63416e-05
6.37019e-05
6.06814e-05
5.94753e-05
0.000111464
0.000107527
0.000106777
0.000165807
0.000159599
0.00016117
0.000107959
0.000103973
8.43579e-05
8.40636e-05
7.24333e-05
7.17959e-05
6.40126e-05
6.40198e-05
4.5275e-05
4.41724e-05
4.42585e-05
4.81677e-05
4.73679e-05
4.77016e-05
4.22945e-05
4.19093e-05
4.24078e-05
3.28979e-05
3.14146e-05
3.16575e-05
2.52123e-05
2.50051e-05
2.93695e-05
2.97785e-05
2.42787e-05
2.4408e-05
1.8255e-05
1.82237e-05
1.86987e-05
2.02689e-05
2.04881e-05
2.09704e-05
2.0538e-05
2.07572e-05
2.06654e-05
2.71302e-05
2.74099e-05
2.78634e-05
2.33916e-05
2.33316e-05
2.3466e-05
3.33347e-05
3.40388e-05
2.81035e-05
2.90423e-05
2.19741e-05
2.25535e-05
2.30433e-05
2.64616e-05
2.71232e-05
2.74667e-05
2.76431e-05
2.77739e-05
2.47718e-05
2.81033e-05
2.80383e-05
2.845e-05
2.88184e-05
2.2447e-05
2.26326e-05
2.30471e-05
2.41566e-05
2.53956e-05
2.80842e-05
2.85114e-05
2.43624e-05
2.4763e-05
2.50724e-05
2.40818e-05
2.34543e-05
2.35291e-05
2.89402e-05
2.85865e-05
2.52402e-05
2.46921e-05
2.49594e-05
2.85088e-05
2.80288e-05
2.28321e-05
2.23567e-05
2.27054e-05
2.93199e-05
2.90849e-05
2.50694e-05
2.50074e-05
2.59696e-05
2.57907e-05
2.00774e-05
1.97818e-05
1.98644e-05
2.11544e-05
2.11735e-05
2.14135e-05
2.23868e-05
2.25338e-05
2.393e-05
2.36234e-05
2.35437e-05
2.35973e-05
2.37246e-05
2.36234e-05
2.37636e-05
2.35606e-05
2.35983e-05
2.61417e-05
2.59075e-05
2.60656e-05
2.33994e-05
2.35781e-05
2.83021e-05
2.81355e-05
2.84197e-05
2.45182e-05
2.46262e-05
2.28079e-05
2.31902e-05
2.46894e-05
2.46881e-05
2.4647e-05
2.05871e-05
2.10915e-05
2.41748e-05
2.48762e-05
2.61885e-05
2.63993e-05
2.65877e-05
2.79076e-05
2.84836e-05
2.92102e-05
2.73393e-05
2.77478e-05
3.14755e-05
3.20914e-05
3.29137e-05
2.97543e-05
3.04434e-05
3.16549e-05
3.16587e-05
3.32308e-05
3.43426e-05
3.6287e-05
3.98293e-05
4.25798e-05
3.76306e-05
3.77175e-05
3.88019e-05
4.17716e-05
4.11629e-05
4.08122e-05
3.26206e-05
3.73427e-05
0.000309426
0.000284462
0.000278163
0.000239337
0.000241356
0.000281091
0.000240333
0.000203294
3.50389e-05
3.16136e-05
3.14229e-05
2.89656e-05
3.09699e-05
3.17312e-05
3.03056e-05
3.14689e-05
2.89474e-05
3.01682e-05
3.29153e-05
3.78588e-05
4.17825e-05
4.60707e-05
5.01488e-05
4.56729e-05
5.83116e-05
5.66231e-05
7.87339e-05
0.000108323
0.000115508
0.000107472
0.000183235
0.000190824
0.00032976
0.000280684
0.000356907
0.000489837
0.000591007
0.000660697
0.000651551
7.23702e-05
0.000291093
0.000759521
0.000703665
0.000310182
0.00420424
0.00553124
0.00516563
0.00719744
0.0079186
0.00728083
0.00587309
0.00562364
0.00617573
0.0051565
0.00487583
0.00388883
0.00333532
0.00380096
0.00313727
0.00148869
0.00156297
0.00112772
0.000653982
0.000384291
0.000497013
7.05315e-05
2.13199e-05
0.000167311
0.000145546
0.000150789
0.000211788
0.00044729
0.000490446
0.000728651
0.000352763
0.00112141
0.001045
0.000812197
0.00105024
0.000640785
0.00145871
0.00202689
0.00225133
0.00242909
0.0019619
0.00262518
0.0029482
0.00267238
0.00319533
0.00257767
0.0031
0.00379172
0.00434287
0.00399846
0.00464208
0.0039181
0.00372633
0.00466483
0.00587393
0.00545442
0.00587497
0.00624122
0.00649846
0.00495297
0.00541599
0.0065417
0.00694846
0.00685726
0.00870145
0.00773554
0.00868044
0.00776765
0.00806163
0.00947974
0.00925173
0.010935
0.0117411
0.00937236
0.0109487
0.01116
0.0132706
0.0105459
0.014523
0.0120585
0.0151615
0.014815
0.01166
0.0112137
0.0132815
0.0113706
0.0123542
0.0108036
0.0179747
0.0148447
0.0144234
0.0134437
0.0110096
0.0111412
0.0171778
0.0136318
0.0140015
0.00935987
0.0160069
0.0166531
0.0133541
0.0127184
0.0145755
0.0117779
0.00839568
0.0180961
0.0142412
0.0153242
0.0123596
0.00388638
0.00373486
0.00306642
0.00439443
0.0116783
0.00302957
0.00345031
0.0034023
0.00344422
0.00338791
0.00266338
0.00266995
0.00280768
0.00272275
0.00270449
0.00258845
0.00355275
0.00395817
0.00377806
0.00264388
0.00262562
0.00232868
0.00298375
0.00337555
0.00322922
0.0032449
0.0028814
0.00294174
0.0029316
0.0030298
0.00291896
0.00288753
0.00256078
0.00249134
0.00253625
0.0029258
0.00288483
0.00260252
0.00260499
0.00318793
0.0031702
0.00251114
0.00253357
0.00266716
0.00270093
0.00263469
0.00259454
0.00249312
0.00251808
0.00265765
0.0025767
0.0021329
0.00247388
0.00240946
0.0023227
0.0015563
0.00151474
0.00125551
0.00157744
0.00156131
0.000852457
0.000426263
0.000426028
0.000257149
6.26262e-05
7.32734e-06
0.000183624
0.000178263
4.71521e-05
3.20048e-06
5.11776e-06
1.05483e-05
0.000765879
0.000968304
0.000969066
0.000927241
0.000920469
0.000259287
0.000535941
0.00115688
0.00104675
0.00244011
0.00290178
0.00299483
0.00324853
0.00534485
0.00514216
0.00541288
0.00779512
0.0082768
0.00473575
0.00483919
0.0045068
0.00423101
0.00473576
0.00756235
0.00676717
0.00719085
0.0101085
0.0102404
0.0102427
0.00945183
0.00925405
0.00881674
0.0076699
0.00733819
0.00869591
0.00830024
0.00629088
0.00553316
0.00451778
0.00405346
0.00396528
0.00546549
0.00245483
0.0058577
0.00576918
0.00550671
0.00500873
0.00372077
0.00393244
0.00306407
0.00287253
0.00140188
0.00129214
0.0054113
0.00475236
0.00428854
0.00495366
0.00486894
0.00405456
0.00360206
0.00333854
0.00157257
0.00140249
0.00131685
0.0019714
0.00184895
0.00184464
0.00149748
0.00157683
0.00123273
0.00104654
0.000952423
0.000527507
0.000414648
0.000853714
0.000694317
0.000752983
0.000215547
0.00016805
0.000279161
0.000228138
8.25201e-06
1.28404e-06
5.91897e-05
9.96937e-05
6.95341e-05
1.95785e-07
4.71558e-06
0.000212077
0.000187194
0.000326213
0.00045964
0.000313016
0.00012456
0.00022754
0.000154518
5.393e-05
4.33395e-05
9.81887e-05
0.000202249
0.00377698
0.00390279
0.00440553
3.61924e-11
3.58788e-11
3.86428e-11
3.868e-11
4.01605e-11
4.4447e-11
4.44945e-11
4.47485e-11
3.80695e-11
3.93325e-11
1.61997e-11
1.61533e-11
3.25744e-11
1.53293e-11
1.5011e-11
1.49351e-11
