0.00479572
0.0042214
0.00354203
0.00297773
0.00245197
0.00200494
0.00166024
0.0014007
0.000103252
0.000170835
0.000253992
0.000181322
0.000268661
0.000234419
0.000217308
0.000198822
0.000156783
0.000107867
6.7366e-05
3.49017e-05
1.84215e-07
2.40178e-05
9.52798e-05
0.000230689
0.00038198
0.000411005
0.000713505
0.000973141
0.00108299
0.000933456
0.000784018
0.00048217
0.000425817
0.000168396
0.000119438
6.65579e-05
2.09563e-05
3.00961e-05
9.86274e-06
6.02721e-06
2.91126e-06
4.42444e-07
8.82069e-06
2.29906e-09
6.59253e-07
1.54198e-06
4.63139e-09
3.42803e-07
2.91523e-07
4.46643e-07
6.85408e-06
1.08768e-07
5.56219e-07
3.47694e-06
7.20683e-06
1.3908e-05
1.53029e-05
5.01801e-05
3.92188e-05
4.92929e-05
0.000100982
6.35343e-05
5.08784e-05
0.00017266
0.000287319
4.72708e-05
0.000177224
0.00034989
0.000156666
0.000268398
0.000369033
0.000856094
0.00054134
0.000787963
0.000972756
0.000915943
0.000910263
0.000634564
0.000512539
0.00128055
0.00146135
0.000616067
0.000526766
0.000867022
0.000802463
0.000751689
0.000748852
0.000718033
0.000650188
0.000817966
0.000706014
0.000684379
0.000637679
0.000631448
0.000653203
0.00051735
0.000681727
0.000623288
0.000590512
0.000516557
0.000559955
0.000466499
0.000469701
0.000549768
0.000468988
0.000359893
0.000363382
0.000316069
0.000325348
0.000331835
0.00026062
0.000310252
0.000242884
0.000210709
0.000165877
0.000165643
0.000136616
0.000117194
7.74381e-05
8.04281e-05
6.64395e-05
2.96677e-05
4.31925e-05
2.27978e-05
2.38906e-05
1.09964e-05
5.90159e-06
5.59578e-06
9.15572e-07
3.74891e-07
5.81582e-08
3.13012e-07
1.77464e-06
3.31955e-06
2.29668e-06
4.93731e-06
2.69214e-06
1.33627e-06
9.93336e-07
3.2537e-06
2.41112e-06
2.51634e-06
2.45929e-06
1.68724e-06
6.73144e-07
3.84695e-06
1.45927e-06
1.95453e-06
4.55824e-06
5.64814e-06
2.43544e-06
3.31677e-06
4.64462e-06
3.59177e-06
7.00156e-06
7.2572e-06
1.56751e-06
1.0555e-05
3.88079e-06
9.04952e-07
8.86447e-06
9.38036e-05
9.53377e-05
9.90975e-05
0.000100855
0.000134224
7.01856e-05
0.000461628
0.00172983
0.00325952
0.00036483
0.00235329
7.5376e-05
0.000253133
0.000307511
9.44835e-05
8.02332e-05
0.000229273
0.000200072
9.4993e-05
4.9052e-06
2.71451e-05
8.73074e-05
0.000361363
0.000731511
0.000892658
0.00143956
0.00184692
0.00223239
0.0021842
0.00196691
0.00187101
0.00156867
0.00162696
0.00128297
0.000866404
0.0005956
0.000426401
0.000464117
0.000620329
0.000787959
0.000278005
4.02886e-06
1.81124e-06
7.60879e-06
6.67257e-07
2.57883e-05
2.74829e-05
2.92598e-05
6.40722e-05
8.87437e-06
1.56579e-05
1.80308e-05
9.37858e-06
2.6242e-06
3.63587e-06
1.07024e-06
3.01192e-06
6.18736e-08
1.65437e-05
2.42719e-05
1.30671e-06
7.92159e-08
9.41496e-06
4.95376e-08
4.95564e-06
0.000269425
0.000437654
0.00543828
0.00361141
0.00243353
0.00180362
0.00119177
0.000784444
0.000462821
0.000321353
0.000175828
0.000156714
6.53058e-05
0.00272067
0.0027951
0.00280476
0.00256253
0.00225973
0.00233739
0.00206925
0.00187976
0.00165552
0.00129311
0.000946373
0.000511019
0.000142194
5.92299e-06
6.10282e-05
0.000594401
0.00116255
0.000905268
0.000693991
0.000557019
0.000443325
0.000438056
0.000357194
0.000263401
0.000219151
0.000157352
8.5431e-05
6.30323e-05
4.13715e-05
2.39914e-08
1.76962e-07
2.70262e-06
6.2205e-05
3.91232e-05
4.28558e-05
4.13979e-05
5.40656e-05
0.000123744
0.000153368
9.53706e-05
0.000112784
8.81301e-05
8.21101e-05
0.000123408
1.89812e-05
0.000108555
7.40689e-05
0.00015479
0.000178903
0.000129524
0.000151543
0.000146128
0.000184716
0.000252866
0.000239506
0.000295352
0.000269238
0.000449238
0.000378607
0.00057722
0.000598165
0.000506288
0.00117754
0.00137039
0.000769862
0.000814476
0.000553911
0.0002019
0.000186094
0.000385318
0.000309847
0.000400945
0.000397586
0.000498023
0.000275939
0.000270341
0.000546134
0.000174425
0.000263111
0.000365881
0.000345481
0.000340884
0.000280999
0.00025303
0.000150441
0.000196933
0.000165461
0.000193184
0.000185209
0.000143273
0.000137095
0.000173333
0.000143342
0.000110597
9.16959e-05
8.21264e-05
9.00973e-05
8.50021e-05
7.41141e-05
7.18191e-05
5.60041e-05
4.47321e-05
3.92618e-05
3.58886e-05
3.18912e-05
3.0776e-05
1.63637e-05
1.4503e-05
1.29638e-05
6.98483e-06
1.51107e-06
5.39558e-07
2.65447e-06
6.12374e-07
5.43576e-08
5.00684e-07
5.60095e-07
2.6743e-08
4.90726e-06
2.47219e-06
8.26541e-06
1.56649e-05
4.0713e-06
2.58369e-07
1.75612e-06
8.86023e-07
4.09077e-07
3.7542e-07
3.18949e-06
6.38024e-07
7.94514e-07
9.76114e-07
6.21308e-07
1.83167e-06
3.63868e-06
3.15975e-06
2.20674e-06
6.47023e-07
3.65531e-06
3.65035e-06
4.49962e-06
1.72337e-05
2.65648e-06
9.84101e-07
3.87369e-07
7.92313e-07
9.01594e-05
9.09461e-05
9.19755e-05
9.22268e-05
9.2392e-05
8.86766e-05
7.2457e-05
7.54679e-05
0.000201647
0.00105596
0.00263514
0.000283532
0.00437686
0.000616849
0.000451873
0.000379159
0.00415932
0.00343169
0.00228523
0.00155628
0.000852682
0.000374254
0.00029229
6.92698e-05
7.89983e-05
2.66152e-05
1.43343e-06
9.76452e-06
3.85173e-05
3.32484e-07
4.21207e-07
2.8898e-06
1.9892e-06
4.69357e-06
4.45517e-05
8.07379e-06
2.44745e-05
2.17441e-06
6.95393e-06
4.84164e-05
6.26334e-05
2.03474e-05
6.27335e-05
0.000157727
9.89307e-05
0.00213378
0.00122639
0.00326619
0.00218208
0.00165062
0.00123199
0.000611708
0.00111751
0.00164711
0.00181319
0.000907655
0.000569482
0.00058434
0.000156771
0.000370247
0.000152216
4.27392e-05
7.05703e-05
4.20828e-05
8.9916e-06
3.54493e-09
7.53192e-07
3.96249e-07
8.65292e-06
3.84678e-06
2.2335e-06
4.33015e-07
1.97299e-06
8.02893e-06
3.2864e-06
7.00755e-06
5.28654e-06
9.38341e-07
0.00382085
0.00180674
0.000809655
0.000368843
0.000127896
5.40163e-05
4.73095e-05
2.25448e-06
0.00667752
0.00618352
0.00572754
0.00526596
0.00463675
0.00394511
0.00348565
0.00210784
0.00168998
0.0010527
0.000476031
9.3934e-05
1.08146e-07
0.000172967
0.000650119
0.00060288
0.000427111
0.000369591
0.00027743
0.000285819
0.000230976
0.000174092
9.26189e-05
6.17704e-05
3.18822e-05
1.56476e-05
2.72103e-06
5.27298e-06
1.47369e-05
2.29744e-05
0.000143093
0.000118615
0.000183507
0.000188637
0.000198065
0.000215428
0.000192028
0.000232752
0.000248441
0.000242946
0.000384189
0.000248762
0.000378474
0.000388505
0.000455072
0.000552289
0.000543371
0.000634759
0.000619637
0.000574051
0.000608975
0.000691156
0.000770943
0.000706991
0.000692083
0.00090323
0.00115013
0.000733292
0.000833379
0.000788482
0.000218664
8.71267e-05
0.000147873
0.000463438
0.000433599
0.000675896
0.000900689
0.00101042
0.000585914
0.000522862
0.00111403
0.000968112
0.000562686
0.000569403
0.000501357
0.000469836
0.000443301
0.000409269
0.000470398
0.0003605
0.000443127
0.000414454
0.00051075
0.000408969
0.000433015
0.00034318
0.000406199
0.00041831
0.000365908
0.000327308
0.000304675
0.000374635
0.000394117
0.000339636
0.00038006
0.000354491
0.000332037
0.000370808
0.00028005
0.000353663
0.000246904
0.000288063
0.000240926
0.000219727
0.000230259
0.000210629
0.000191401
0.000160919
0.000119184
0.000128719
0.000114779
8.70342e-05
6.66474e-05
4.53883e-05
2.48121e-05
1.58507e-05
2.50618e-05
9.72586e-06
1.83182e-06
4.70135e-09
1.35075e-06
9.11513e-06
2.28765e-05
2.80494e-05
3.55552e-05
4.57312e-05
5.44828e-05
6.29362e-05
8.24397e-05
8.00652e-05
9.9078e-05
0.000104343
0.000109893
0.000118551
0.000125682
0.00012602
0.000126601
0.000136301
0.00012665
0.000129088
0.00013217
0.000131395
0.000139166
0.000141197
0.00013604
0.00013032
0.000166882
6.92736e-05
6.92818e-05
6.92797e-05
6.9274e-05
6.92764e-05
6.9255e-05
6.9255e-05
0.00142225
8.76715e-09
0.00104398
0.00510957
0.00451774
0.00410251
0.00341677
0.00280684
0.00226598
0.00148567
0.000934078
0.00067335
0.00255959
0.00345309
0.00249026
0.00213466
0.00154554
0.00110841
0.000936543
0.000490431
0.000289915
0.000312826
0.000127266
5.94063e-05
3.93655e-05
8.16039e-06
2.55549e-06
1.23183e-05
9.26752e-06
1.19818e-05
0.00191137
0.001496
0.00104685
0.000802113
0.000510507
0.000408072
0.000205433
0.000127419
6.54246e-05
3.86496e-05
8.59966e-06
0.00205068
0.00125187
0.00100301
0.000632059
0.000307662
0.000109855
6.42939e-05
6.22514e-05
8.46282e-05
9.41262e-06
4.00206e-05
9.22075e-06
1.42032e-05
6.00637e-05
7.85575e-06
2.02239e-07
1.51259e-05
1.10251e-05
0.00299979
0.00178526
0.000906629
0.00161008
0.000717066
0.000418003
0.00023298
0.000217474
9.23801e-05
0.0084297
0.00763561
0.00713531
0.00602102
0.00544996
0.00358096
0.00270896
0.00170161
2.76448e-05
0.000200238
9.00353e-05
8.8425e-05
6.16749e-05
5.61982e-05
5.20963e-05
3.34995e-05
1.65434e-05
4.92445e-06
1.24949e-06
1.07244e-05
2.59826e-05
8.53898e-05
7.74465e-05
6.58859e-05
0.00011575
0.000118048
0.000151204
0.000108937
0.000201649
0.000269589
0.000343125
0.000460639
0.000307842
0.000292953
0.000361192
0.000438345
0.000856163
0.000903528
0.000721172
0.0011128
0.000877139
0.000741102
0.000951085
0.000655191
0.000102411
0.000190285
3.30054e-07
1.34677e-05
0.000120895
0.000220307
0.000300477
0.000414342
0.000661053
0.000739538
0.000893168
0.000970065
0.000911348
0.000888621
0.000873719
0.000943327
0.000956433
0.000951704
0.000883003
0.000870846
0.000893575
0.00093525
0.000934125
0.000983518
0.000936237
0.000970291
0.000889927
0.00089036
0.000898355
0.000804777
0.000814644
0.000816919
0.000889465
0.000834155
0.000800253
0.000797505
0.000726629
0.000634598
0.00055817
0.000469647
0.000352435
0.000308992
0.000222646
0.000145505
9.22554e-05
4.84923e-05
1.56923e-05
3.08419e-06
1.56388e-08
4.18126e-06
9.9507e-06
2.6077e-05
4.5844e-05
5.04095e-05
8.177e-05
6.93596e-05
8.64232e-05
0.000113181
8.82244e-05
0.000121882
0.00012627
0.00011061
0.000139919
0.000131645
0.000143669
0.000154311
0.000137472
0.000132727
0.000140109
0.000174455
0.000172782
0.0001653
0.000140707
0.00017354
7.70562e-05
0.000126312
9.07728e-05
0.000166037
5.85251e-05
5.85464e-05
5.85371e-05
5.85143e-05
5.84178e-05
5.84153e-05
0.000241296
0.000240936
0.00406852
0.00324804
0.0102908
0.00931228
0.0077126
0.00690959
0.0055363
0.00541751
0.0044845
0.00336812
0.00289626
0.00114433
0.000684123
0.000505077
0.000346439
0.00015806
8.61502e-05
5.76095e-06
3.14527e-06
4.77313e-07
2.29682e-06
2.83039e-05
8.92851e-05
3.22107e-05
3.5995e-05
9.60263e-05
7.88366e-05
0.000186836
5.93619e-05
6.23072e-05
1.05338e-06
1.88114e-06
0.000360814
0.000195955
0.000171219
8.84295e-05
6.7856e-06
1.17501e-08
1.57e-06
3.85105e-06
1.74023e-05
3.75782e-06
1.80303e-05
9.82132e-06
0.00286867
0.00161084
0.000928196
0.000564043
0.000357783
0.000126698
5.96063e-05
4.36239e-05
9.86287e-06
1.33921e-05
1.51972e-05
1.04426e-06
5.93571e-07
1.30999e-07
1.03368e-07
3.41795e-06
4.29965e-06
1.16155e-05
8.3017e-06
2.15935e-06
2.88255e-06
2.58355e-05
2.33636e-05
9.2776e-08
0.00655874
0.00623193
0.00542833
0.00505048
0.00438328
0.00328571
0.00262425
0.0018945
0.00105143
0.000380366
6.04009e-05
3.34946e-05
0.000252755
0.000142397
0.000133838
8.80614e-05
7.51864e-05
0.000103636
7.57584e-05
7.46551e-05
6.53365e-05
5.86043e-05
3.12936e-05
7.1666e-06
1.06843e-06
7.51746e-07
1.15267e-06
1.54353e-05
6.41659e-05
9.45377e-05
9.82239e-05
8.86986e-05
0.000132487
0.000115791
0.000168992
0.000149034
0.000146893
9.91573e-05
9.47202e-05
0.000179649
0.000190947
0.00039478
0.000371572
0.000506168
0.000618882
0.000525903
0.000672066
0.000700249
0.000926983
0.000690647
0.000790285
0.000981572
0.00106654
0.00115272
0.000917096
0.000890787
0.00106047
4.86272e-05
0.000205065
0.000355192
0.000443415
0.000502423
0.000660669
0.000699865
0.000697604
0.000629018
0.000626532
0.000773681
0.000748665
0.000659054
0.000682605
0.000691178
0.000630609
0.000629175
0.000530234
0.000475255
0.000574117
0.000496854
0.000410947
0.000380106
0.0004055
0.000409175
0.000416818
0.00041312
0.000420634
0.000385066
0.000401385
0.000365119
0.000330195
0.000321943
0.000260794
0.000270872
0.000273368
0.000258727
0.000244806
0.000199523
0.000193961
0.000177466
0.000153113
0.000152011
0.00012037
0.000111325
7.09185e-05
6.34547e-05
4.1116e-05
3.19944e-05
2.46984e-05
6.61479e-06
5.7938e-06
2.14668e-06
1.83427e-06
3.50565e-07
5.67085e-07
1.84722e-06
1.41321e-06
1.36889e-06
2.62073e-06
5.39534e-06
7.56255e-06
1.20921e-05
1.06306e-05
1.90613e-05
1.72755e-05
2.05804e-05
1.96309e-05
2.59875e-05
2.96904e-05
2.71997e-05
2.90271e-05
6.7399e-05
3.00902e-05
6.25857e-05
6.29043e-05
6.30521e-05
6.34515e-05
6.39886e-05
6.45893e-05
6.06641e-05
0.000705308
0.00285288
0.000221591
0.000172148
0.000391396
0.000317929
0.000254273
0.000208248
0.000149454
2.21438e-06
2.50348e-05
0.000169691
9.04438e-05
0.0266992
0.0210839
0.0167063
0.0125655
0.00893489
0.00648583
0.00422064
0.0027805
0.00185035
0.001153
0.000568368
0.000551537
0.00019682
5.74005e-06
7.68951e-06
0.000317433
0.000242957
0.000193296
0.000319131
0.000223839
0.000169793
0.000294529
0.000390291
0.000116574
0.000109744
0.000150832
8.93151e-05
0.000108342
9.43384e-05
6.34483e-05
0.00019616
0.000144603
0.000158951
0.00419437
0.00353546
0.00231794
0.00218072
0.00180053
0.00147264
0.00136395
0.0010502
0.00086781
0.000810966
0.000664998
0.000640304
0.000496019
0.000514668
0.000455748
0.000537036
0.000404509
0.000416022
0.000393953
0.000301467
0.000283376
8.34733e-05
6.24641e-05
6.61829e-05
6.87268e-05
0.000105719
9.92095e-05
6.43009e-05
1.53975e-06
6.39686e-05
0.000134035
0.000269789
0.000361253
0.000343895
0.000264908
4.37981e-06
5.87371e-05
0.000314146
0.000997204
0.00134886
0.000964849
0.000630489
0.000385618
0.000404877
0.000294938
0.000210395
0.000141296
7.73859e-05
9.92006e-05
6.73188e-05
4.96786e-05
3.55769e-06
1.47303e-07
3.07143e-05
5.63133e-05
0.000105413
7.48553e-05
0.000170729
0.000146181
0.000232179
0.000180586
0.000123898
0.000106412
0.000135961
0.000142472
6.30887e-05
5.32794e-05
0.000118195
0.000221414
0.000367203
0.000353423
0.000516676
0.000454655
0.000488765
0.000607087
0.000487246
0.000481947
0.000509379
0.000723671
0.000465902
0.000531561
0.000832857
0.000560992
0.000723388
0.00085196
0.000425279
0.000563608
0.000768544
0.000548853
2.60051e-05
0.000202046
0.000225135
0.000203063
0.000253574
0.000238019
0.000235506
0.000163094
0.00018121
0.000196176
0.000108775
9.76141e-05
0.000137017
0.000165084
0.000157228
0.000170571
0.00019815
0.000170032
0.000189081
0.000201883
0.000194321
0.000175224
0.00011769
0.000112962
0.000103624
9.84948e-05
9.70879e-05
0.000112773
0.000115328
8.79088e-05
8.17827e-05
6.32907e-05
6.05837e-05
5.19092e-05
5.96264e-05
3.97859e-05
3.0628e-05
4.9056e-05
2.66999e-05
3.13767e-05
2.71307e-05
2.50704e-05
1.14411e-05
1.03073e-05
2.41708e-06
7.76324e-07
3.8367e-07
2.96591e-06
5.79826e-07
1.06854e-05
4.39496e-06
5.94072e-06
1.99756e-05
1.15242e-05
1.34823e-05
3.89083e-05
4.48791e-05
2.04771e-05
3.64659e-05
2.53124e-05
9.42112e-06
8.54526e-06
9.76736e-06
7.99471e-06
8.65805e-06
5.48597e-06
9.7062e-06
3.99438e-06
6.92752e-06
7.35059e-06
1.89564e-06
4.07313e-06
4.77948e-06
5.76229e-06
6.43271e-06
3.42373e-09
8.65811e-07
8.11845e-05
8.35443e-05
8.5066e-05
8.73111e-05
8.90251e-05
8.43483e-05
6.8921e-05
6.8992e-05
0.00184697
8.76656e-05
0.00269882
0.00793794
0.00692889
0.00675306
0.00592525
0.00445038
0.00311351
0.00273505
0.00156664
0.00096525
0.000755988
0.000341951
0.000256469
0.00010584
0.000124321
8.45364e-05
2.47976e-06
3.46166e-09
1.7445e-06
1.15318e-06
1.6203e-05
1.92022e-05
2.3671e-05
0.00012079
6.03661e-06
1.60125e-05
4.0871e-06
1.77231e-05
2.01826e-05
0.000104951
6.39988e-05
7.28387e-05
0.00389416
0.00239643
0.00177752
0.000966524
0.00346206
0.00237945
0.00134536
0.00152312
0.00138855
0.00140293
0.00483234
0.0041571
0.00419952
0.00265657
0.00105338
0.000533954
0.000753041
0.000521044
0.000114139
0.000129229
5.81837e-06
1.51602e-07
0.000441827
0.000597811
0.000728378
0.000605532
0.000319036
0.000360217
0.000317255
0.000143704
0.000165526
0.00106525
0.0194261
0.0119792
0.00663667
0.00330024
0.00151733
0.000785821
0.000253912
0.000134917
5.60052e-05
0.00849877
0.00787884
0.00745795
0.00688272
0.00597767
0.00536394
0.00474843
0.00388353
0.00305998
0.00235191
0.00136953
0.000639582
0.000634193
0.000188501
5.56209e-06
0.000120892
0.000526339
0.000427426
0.000279031
0.000278693
0.000251357
0.00017416
0.000151752
8.66427e-05
4.59698e-05
3.40161e-05
7.12169e-06
3.23277e-06
3.12839e-07
1.64568e-05
3.78068e-05
8.57756e-05
0.000101879
0.000165476
0.000134316
0.000204699
0.00022093
0.000293805
0.000261447
0.000309183
0.000213745
0.000308635
0.000255732
0.000434367
0.000453815
0.000434188
0.000414186
0.000497275
0.000514242
0.00053476
0.000570712
0.000564573
0.000529779
0.000575868
0.00079106
0.000899599
0.0011204
0.000814171
0.000974059
0.00135335
0.000826383
0.000471663
0.000259162
0.000176921
0.000569817
0.000595275
0.000811305
0.000954726
0.00100304
0.00129658
0.0010763
0.000314584
0.000357098
0.000392356
0.000440837
0.000472193
0.000399892
0.000408441
0.00052045
0.000498552
0.000519783
0.000446345
0.000604284
0.000516378
0.000657469
0.000546013
0.000621232
0.000500572
0.000600675
0.000592727
0.000593029
0.000651347
0.0005481
0.000573665
0.000546974
0.000593297
0.000559707
0.000631339
0.00060741
0.000518755
0.000608668
0.000508819
0.00045604
0.000488868
0.000470136
0.000418332
0.000390778
0.000384196
0.000407811
0.000372457
0.000335441
0.000292805
0.000290902
0.000270071
0.000235853
0.00022098
0.000208468
0.000136087
0.000106283
8.92193e-05
6.29281e-05
5.02164e-05
3.09249e-05
1.87519e-05
1.30039e-05
3.988e-06
4.05599e-06
2.56612e-07
1.90296e-06
5.60127e-06
1.11226e-05
1.66013e-05
2.57156e-05
2.87035e-05
3.97497e-05
4.53631e-05
5.46041e-05
5.49871e-05
5.98175e-05
6.59689e-05
6.747e-05
7.71569e-05
7.53962e-05
8.37003e-05
7.25748e-05
8.20802e-05
8.51498e-05
8.52919e-05
8.24247e-05
8.16331e-05
0.000127099
8.11931e-05
7.68132e-05
6.83437e-05
6.86539e-05
6.86528e-05
6.83482e-05
6.83442e-05
6.83224e-05
9.82817e-05
0.00384327
0.000471478
0.00083579
0.0020661
0.00234514
0.00233965
0.00190885
0.00144385
0.00123347
0.000889305
0.000500502
0.000267687
8.71723e-05
5.41007e-05
2.16106e-08
3.99898e-05
0.000914381
0.000685667
0.000128014
0.000469633
0.000348187
0.000266768
0.000101331
1.36378e-05
1.19019e-05
2.06986e-06
3.24389e-07
2.68632e-05
2.60687e-05
3.47963e-05
0.000128481
3.41802e-05
4.43338e-05
0.000137959
8.21656e-05
0.0001004
0.00175401
0.0010492
0.00100582
0.00075267
0.000561644
0.00054442
0.000283832
0.000203772
0.000165221
7.28022e-05
0.00186878
0.00116109
0.000825483
0.000672216
0.000315722
0.000193086
0.000143576
7.36317e-05
1.72633e-05
8.72439e-06
7.30663e-06
1.77088e-06
2.50348e-06
1.6428e-06
2.68878e-06
9.15744e-07
4.08924e-06
8.58585e-06
1.05051e-08
4.75167e-06
4.3547e-05
8.57247e-07
2.052e-06
2.56202e-07
1.18937e-05
0.00284113
0.00165159
0.0008126
0.000710046
0.000870418
0.0004666
0.000248556
0.000137006
8.11504e-05
7.07438e-05
0.00770602
0.00687525
0.00632294
0.00544926
0.00431792
0.00349812
0.00243696
0.00155772
0.0011909
0.00125775
0.000480599
4.12759e-06
4.61599e-05
0.000403961
0.000295118
0.00018216
0.000171378
0.000121182
0.000133306
0.000100357
8.25717e-05
7.42638e-05
3.69458e-05
4.51316e-05
2.3889e-05
2.34809e-06
3.51238e-05
1.71521e-05
1.35891e-05
2.46003e-05
4.73589e-05
7.73875e-05
0.000217948
0.000218315
0.000226312
0.00021227
0.000223093
0.000237901
0.000268278
0.00015252
0.00022653
0.000274333
0.000222116
0.000273933
0.000300437
0.000363485
0.00054624
0.000417662
0.000608962
0.000658765
0.000596246
0.000589304
0.000642274
0.000888805
0.000563457
0.000509399
0.000536346
0.000432192
7.74314e-05
5.88933e-06
0.00049053
2.23311e-05
8.90615e-05
0.000198668
0.000279707
0.000476794
0.000479273
0.000677392
0.000816732
0.00084614
0.000970732
0.00091215
0.000939261
0.00081994
0.000899628
0.000904782
0.000903852
0.000896562
0.000915805
0.000890754
0.000872417
0.000900827
0.00086328
0.000869538
0.000901362
0.000871709
0.000791094
0.000953937
0.00073813
0.000766588
0.000701765
0.000688596
0.000650431
0.00063526
0.00054859
0.000482074
0.000442364
0.000412385
0.000375751
0.000268801
0.000231762
0.00018076
0.000128852
9.95732e-05
6.80316e-05
4.5591e-05
2.15787e-05
2.86976e-06
4.65264e-07
2.07978e-06
1.70673e-05
1.63558e-05
2.59551e-05
4.1975e-05
5.30357e-05
6.00327e-05
8.62503e-05
6.4172e-05
9.21451e-05
0.000108883
0.000100258
0.00012711
0.000110777
0.000134562
0.000148149
0.000115894
0.000144664
0.000136534
0.000145266
0.00015756
0.00018171
0.000146639
9.54958e-05
9.2753e-05
8.13369e-05
8.70341e-05
8.87873e-05
9.65972e-05
9.51545e-05
6.64492e-05
6.64496e-05
6.64467e-05
6.63856e-05
6.62865e-05
6.62793e-05
6.62725e-05
0.000195231
0.00132816
0.0040171
0.00950234
0.010217
0.00877366
0.00674926
0.00689339
0.00500998
0.00435208
0.00341776
0.00224563
0.00145631
0.000794352
0.00055945
0.000201605
0.000295716
0.000195283
1.0663e-05
1.84368e-06
1.67969e-05
7.01715e-05
6.14366e-05
4.84106e-05
0.000148381
0.000127394
3.53823e-05
5.20899e-05
2.02484e-05
2.60906e-05
4.0327e-05
2.23635e-05
5.10604e-05
5.25578e-05
5.12668e-05
6.90609e-05
2.16604e-05
9.14139e-05
1.10888e-05
0.000230104
0.000253377
0.000158367
0.000136847
5.39778e-05
8.62103e-06
3.09352e-06
1.68562e-06
3.97445e-06
4.26841e-06
3.80549e-06
6.95706e-07
8.50449e-09
0.00268129
0.00157815
0.000991411
0.000642877
0.000288631
0.000198408
9.4012e-05
3.61293e-05
7.09623e-05
2.76323e-05
4.89455e-05
2.166e-05
9.66703e-07
3.93465e-07
6.84769e-07
4.01557e-06
4.07274e-06
8.43827e-07
2.91622e-06
6.7835e-07
3.31056e-06
1.25345e-07
7.95807e-08
3.72943e-07
1.09731e-06
0.00590462
0.00559016
0.00532481
0.00462085
0.00383298
0.0027499
0.00228393
0.00128084
0.000656402
0.000271172
1.40964e-05
0.000136211
0.000350776
0.00020003
0.000158419
0.0001628
0.000142396
0.000106476
0.000111592
9.68597e-05
6.79514e-05
7.03537e-05
7.72848e-05
5.34831e-05
4.24573e-05
1.8012e-06
2.96558e-06
1.49264e-07
8.93045e-06
1.75919e-06
3.52786e-05
2.88616e-05
8.81278e-06
7.30555e-05
1.1612e-05
3.51247e-05
5.08874e-05
0.000116073
0.000116908
0.00010366
8.63803e-05
6.00167e-05
7.34118e-05
4.12063e-05
0.000132414
0.000151925
0.000220964
0.00019025
0.000328081
0.000380261
0.000375266
0.000421219
0.000363478
0.000525253
0.00042897
0.000329213
0.000371061
0.000341926
2.38523e-05
5.05719e-05
0.000239459
0.000168936
0.000271448
0.000291126
0.000411151
0.000582772
0.000591292
0.000668522
0.000795433
0.000750085
0.000722542
0.000665758
0.000661184
0.000632688
0.000588618
0.000643569
0.000555326
0.000577457
0.000506437
0.000601526
0.000527523
0.000538048
0.000641483
0.000530367
0.000567755
0.000511772
0.000489671
0.000411889
0.000501045
0.00044447
0.000387744
0.000315766
0.00035753
0.000318003
0.000291281
0.000267194
0.000250501
0.000194586
0.000178955
0.000146599
0.000153496
0.00012837
8.48433e-05
6.95903e-05
5.3337e-05
3.89467e-05
1.9783e-05
1.39812e-05
6.78527e-06
3.20365e-06
3.64857e-09
1.17778e-06
5.85881e-07
6.97269e-06
1.07247e-05
1.39906e-05
2.18494e-05
2.71049e-05
2.67586e-05
3.98661e-05
4.05364e-05
4.27398e-05
5.1513e-05
5.80493e-05
5.60054e-05
6.74021e-05
5.42986e-05
5.80958e-05
4.95396e-05
3.72134e-05
6.83281e-05
5.53333e-05
6.22857e-05
6.30505e-05
7.44626e-05
7.55042e-05
7.58204e-05
7.60592e-05
7.7108e-05
7.69921e-05
6.95747e-05
0.000121999
0.000122371
0.00277632
0.00224594
0.00143417
0.0213359
0.0237418
0.0199708
0.0167974
0.014978
0.0136929
0.0115972
0.00894244
0.00632563
0.00493341
0.00275475
0.00191848
0.00121237
0.000806465
0.000358499
0.000244772
0.000122491
5.87236e-05
3.15182e-05
4.19018e-05
0.000125578
4.92731e-05
6.23229e-05
0.000100089
7.90862e-05
6.92691e-05
0.000137604
1.77221e-05
1.67399e-05
4.02951e-05
4.18364e-05
3.66447e-05
4.62895e-05
3.52341e-05
0.000103839
0.000110442
5.46976e-05
0.000138509
0.00113643
0.00158922
0.00135037
0.00127356
0.00103152
0.000896858
0.00052658
0.000475982
0.000678712
0.000502457
0.000494894
0.000546459
0.000516613
0.000392496
0.000484818
0.00046736
0.000386783
0.00042743
0.000395613
0.000355267
0.00030579
0.000404702
0.000329119
0.000280725
0.000275377
0.000241059
0.000337229
0.00025362
0.000237893
0.000232326
0.000286964
0.000242452
0.000235701
0.000171748
0.0001248
0.000260602
0.000394767
0.000376253
0.000305055
0.000191048
7.78295e-05
3.92681e-05
2.9675e-06
0.000138042
0.00115064
0.00121453
0.00081757
0.000599423
0.000537736
0.000425523
0.000310745
0.000202694
0.000142676
8.17292e-05
2.67196e-05
5.00423e-05
2.42634e-05
6.02642e-06
3.74113e-06
1.56288e-07
1.02986e-05
1.20336e-05
2.44915e-05
1.45891e-05
2.21587e-06
1.38654e-05
3.59841e-06
3.85677e-07
3.91637e-07
3.45415e-06
3.32973e-05
7.1254e-05
2.49555e-05
0.000138755
0.000130042
0.00024466
0.000260513
0.00018365
0.000359121
0.000474992
0.000272072
0.000436801
0.000407494
0.000403159
0.00035755
0.000475137
0.00083196
0.000481171
0.000594977
0.000785595
0.000626801
0.000351734
0.000353066
0.00102091
0.000998678
0.000118625
0.00013035
8.25028e-05
8.02756e-05
0.000112485
0.000167217
0.00019213
0.000163105
0.000214949
0.000230483
0.000216888
0.000241418
0.000311312
0.000263867
0.00028823
0.000246617
0.000269063
0.000262075
0.00027561
0.000288711
0.000344354
0.000317484
0.000265246
0.000338269
0.000270195
0.000266827
0.000240951
0.000246205
0.000249788
0.000274003
0.000224734
0.000300822
0.000210527
0.000169248
0.000147474
0.00016051
0.00014615
0.000103835
8.23275e-05
6.71896e-05
5.57055e-05
5.09164e-05
4.61402e-05
3.24397e-05
3.27483e-05
1.99838e-05
2.07675e-05
5.17971e-06
6.73036e-06
9.7472e-06
1.02036e-06
3.21913e-06
9.73569e-08
3.56047e-07
1.00846e-06
2.49452e-06
7.76402e-06
1.15727e-05
3.58262e-06
1.23914e-05
1.44622e-05
1.8409e-05
7.20067e-06
2.77107e-05
1.06389e-05
2.91872e-05
8.95091e-06
5.05866e-06
3.23215e-05
1.19432e-05
1.39148e-05
5.1237e-06
5.3329e-06
1.35205e-05
2.38972e-05
4.86327e-06
3.61384e-05
1.22894e-05
1.8759e-06
7.13064e-05
7.28311e-05
7.30015e-05
7.08966e-05
7.30792e-05
7.11995e-05
7.3836e-05
7.43046e-05
8.06598e-05
0.00278751
0.00280534
0.00401387
5.25416e-06
0.00671834
0.00551374
0.0045653
0.00403732
0.00405805
0.00386472
0.00310755
0.00279853
0.00186709
0.00135328
0.0007778
0.000659487
0.000268331
0.000138382
9.45763e-05
0.00015627
4.68029e-05
5.32613e-05
5.6507e-07
2.64688e-06
6.02217e-05
9.66152e-05
1.72113e-05
5.28264e-05
0.000220403
0.000120974
0.000133588
3.12031e-05
0.000145255
0.000151511
0.000289341
0.000284204
0.00169063
0.00194247
0.00111231
0.000597163
0.00182787
0.00167093
0.000656329
0.00043859
0.000238542
0.000509034
0.000214499
0.000141042
0.000190322
5.18721e-05
2.99479e-05
2.98288e-05
1.73089e-05
3.23919e-06
1.03057e-05
1.35693e-06
3.7888e-06
1.70875e-05
9.89138e-06
5.30073e-05
2.48885e-05
0.0115701
0.00698924
0.00136141
0.00473023
0.0025005
0.00147746
0.00065216
0.000270904
7.59494e-05
3.29392e-05
4.48506e-05
6.8298e-06
2.4015e-06
1.12834e-05
3.00402e-07
0.00836151
0.00783896
0.00743547
0.00661956
0.00578354
0.00508044
0.00445524
0.00365417
0.0024157
0.00188064
0.00123544
0.0011436
0.000615452
0.000106376
7.09509e-06
0.000236516
0.000634288
0.00035324
0.000302068
0.000244939
0.000232638
0.000187965
0.000128623
9.84813e-05
6.41796e-05
5.83364e-05
1.61022e-05
2.62176e-15
1.54608e-07
8.94921e-06
2.07461e-05
5.67273e-05
7.59545e-05
0.000106023
0.00015948
0.00018087
0.000182796
0.000220485
0.00016777
0.000252771
0.00038848
0.000332892
0.0004009
0.000348759
0.000264493
0.000268691
0.00039012
0.000408801
0.000447936
0.000660492
0.000881211
0.000717037
0.000924224
0.000756754
0.00111262
0.000831529
0.000672113
0.000417791
0.000381769
0.000327278
0.000436771
0.000642629
0.000957197
0.000853213
0.000488481
0.000682427
0.000926521
0.00108924
0.000900805
0.000962507
0.000400621
0.000435859
0.00042757
0.000466927
0.000440379
0.000455288
0.00048672
0.000471835
0.000519344
0.000554304
0.000520584
0.000503246
0.000576364
0.000435768
0.000570064
0.000571699
0.000554335
0.000601103
0.000554857
0.000630594
0.000570233
0.000448068
0.00057941
0.000614927
0.000610322
0.000514515
0.000526811
0.000482926
0.000609722
0.000495587
0.000504909
0.000462873
0.000450298
0.000483067
0.00046255
0.000479854
0.000437888
0.000415247
0.000314392
0.000320448
0.000284707
0.000212776
0.000247031
0.000183971
0.000147631
0.000125204
0.000117101
9.75445e-05
8.27408e-05
5.49383e-05
3.61313e-05
3.81275e-05
1.37981e-05
8.80417e-06
1.89752e-06
3.12687e-08
4.24584e-07
2.97269e-06
6.68104e-06
9.63099e-06
1.594e-05
3.17056e-05
3.71875e-05
4.40175e-05
4.98775e-05
5.66798e-05
6.32371e-05
8.33575e-05
8.13909e-05
8.544e-05
9.18762e-05
9.29645e-05
9.30297e-05
9.42274e-05
9.81425e-05
0.000104724
0.000103998
0.000102756
0.000106196
0.000106285
0.000106698
0.000151525
7.5151e-05
7.42638e-05
7.42331e-05
7.52809e-05
7.43886e-05
7.43266e-05
7.19535e-05
8.73127e-05
0.00317847
0.000266937
8.81462e-05
0.00182765
0.00278268
0.00284279
0.00248018
0.00169797
0.001416
0.000916242
0.00053087
0.000223974
0.000145284
3.67145e-05
9.92794e-06
0.00175878
0.00102677
0.000606025
0.000563418
0.00040258
0.000296599
0.000212953
8.69293e-05
2.56509e-05
1.56475e-05
2.91103e-06
6.47267e-06
7.75106e-06
1.31135e-07
9.48439e-07
2.47562e-05
4.23326e-06
2.72031e-06
6.06212e-05
2.95377e-09
0.00215184
0.00130823
0.00092537
0.00088365
0.000645461
0.000466351
0.000163758
0.000202591
4.17321e-05
1.33583e-05
0.000138498
0.000182111
7.26408e-05
0.000147911
0.000140752
0.0003897
0.000160245
0.00024356
4.3464e-05
0.000222493
0.000174604
0.000274773
0.000258154
0.000189002
0.000274847
0.000173101
0.000220582
0.00020661
0.000186125
4.89935e-05
5.57034e-05
0.000134026
0.000195028
0.000176408
0.000187486
4.10993e-05
0.000208409
0.000195263
0.000193823
7.4565e-09
1.21472e-06
8.05499e-07
0.0193251
0.00127101
0.0013737
0.00147993
0.00138404
0.00109289
0.000906795
0.000801186
0.000642388
0.000208763
0.000144292
2.10861e-06
8.5589e-05
0.000451606
0.00111504
0.000683587
0.000491272
0.000407477
0.000385768
0.00025744
0.000221044
0.000122383
8.61324e-05
4.51661e-05
9.78607e-06
2.40142e-07
8.0702e-07
3.02609e-06
2.35265e-06
3.62321e-05
3.42364e-05
0.000129457
0.00011151
0.000123703
0.000182443
0.00014969
0.000138684
0.000219177
0.000145487
0.000188936
0.000155957
0.000157353
0.000297789
0.000215578
0.000326703
0.000466346
0.000499515
0.000626029
0.000732098
0.0007633
0.000836853
0.00100503
0.000806731
0.000758859
0.000716899
0.000653008
0.000388768
0.000332341
0.000733482
0.000560217
0.000738096
0.000681716
6.57648e-05
6.07851e-07
8.74405e-06
8.50083e-05
0.000241454
0.000339203
0.000383999
0.000476805
0.000448838
0.000443215
0.000516585
0.000597335
0.000622347
0.000533129
0.000578264
0.000609422
0.000635215
0.00072496
0.0005887
0.000491427
0.00068488
0.000705835
0.000610916
0.000611665
0.000654551
0.000827338
0.00059958
0.000588715
0.000623136
0.000612736
0.000613419
0.000482147
0.000539707
0.000480283
0.000373448
0.000382129
0.000363023
0.00027697
0.000218731
0.000201455
0.000116641
8.02351e-05
5.84138e-05
2.12923e-05
8.11344e-06
5.40705e-07
4.69447e-08
9.22354e-07
1.15962e-05
2.96241e-05
2.23693e-05
5.01679e-05
5.87365e-05
5.51885e-05
7.50969e-05
6.56017e-05
8.74691e-05
0.000104918
9.68647e-05
0.000123922
0.000111758
0.000124592
0.000135892
0.000131899
0.000117678
0.0001443
0.000120857
7.78923e-05
6.35177e-05
6.7363e-05
7.80571e-05
7.89382e-05
8.29231e-05
8.9393e-05
8.71065e-05
0.00011042
7.28667e-05
7.28648e-05
7.28668e-05
7.28507e-05
7.27994e-05
7.27405e-05
7.26742e-05
0.00023042
0.00159235
0.00200357
0.011272
0.00792441
0.00685261
0.00837452
0.00528384
0.00510519
0.00372835
0.00284287
0.00198744
0.00140244
0.00102365
0.000365435
0.000124462
0.000112703
7.91904e-05
1.80995e-05
2.05977e-07
9.16059e-06
0.000121585
0.000116058
4.39175e-05
7.25186e-06
9.16758e-05
5.30686e-05
7.11005e-05
6.76184e-05
0.000129285
0.000250343
5.12723e-05
0.000230835
6.65599e-05
6.21897e-05
5.57838e-06
6.21677e-05
0.000297733
0.000220346
0.000192003
7.85802e-05
5.32511e-05
5.92337e-06
2.80338e-05
1.17638e-05
1.34459e-05
5.93817e-07
6.67744e-06
0.00114861
0.000668116
0.000429393
0.00031908
0.000137052
8.73318e-05
5.79701e-05
2.47014e-05
1.48221e-06
7.87035e-06
3.83111e-06
4.4549e-06
2.31677e-07
7.29715e-07
1.70777e-06
1.54599e-06
3.78761e-06
8.43635e-07
2.1111e-05
1.00059e-06
8.48252e-06
5.88259e-06
5.01785e-06
1.37199e-06
1.45601e-05
0.00394136
0.00385925
0.00383886
0.00350344
0.00282419
0.00250686
0.00165463
0.00103742
0.000693382
0.000154446
2.14527e-06
0.000109197
0.000553006
0.000620246
0.000392106
0.000274047
0.000221867
0.00016004
0.000124295
7.96393e-05
4.91072e-05
7.17825e-05
1.78536e-05
4.51285e-06
1.25004e-07
3.48662e-06
1.6109e-05
5.50395e-05
8.15079e-05
9.81677e-05
0.000130991
8.38772e-05
7.45208e-05
0.000175283
0.000280742
0.00023909
0.000210222
0.00017578
0.000226025
0.000191399
0.000257349
0.000160862
0.00029013
0.000491041
0.000547788
0.000416899
0.00045663
0.00046769
0.000537243
0.000485306
0.000534728
0.000432402
0.000530875
0.00054202
0.000403456
9.26909e-05
0.000848521
0.000209308
0.000198508
0.000308454
0.000362111
0.000400834
0.000409231
0.000491713
0.000445467
0.000360942
0.000430822
0.000360527
0.000334398
0.000396971
0.000410696
0.000466746
0.000395874
0.000519687
0.000411391
0.00040845
0.00037912
0.000397902
0.000409223
0.000387903
0.000432196
0.000388056
0.000361471
0.000413307
0.000354887
0.000311719
0.000296863
0.000226702
0.00025747
0.000217854
0.000192756
0.000174309
0.000197422
0.000193292
0.000123189
0.00012863
9.50884e-05
0.000101292
7.2941e-05
4.59513e-05
4.87827e-05
1.19155e-05
1.56467e-05
6.44405e-06
2.96659e-06
2.21552e-06
1.80859e-08
1.08499e-06
2.31412e-06
9.37706e-06
1.44657e-05
1.30358e-05
3.02198e-05
3.25903e-05
3.86405e-05
5.11727e-05
5.39234e-05
6.41831e-05
6.14669e-05
6.92862e-05
7.35692e-05
7.18352e-05
7.19052e-05
7.32914e-05
8.87751e-05
8.77882e-05
9.04208e-05
8.5327e-05
8.40495e-05
8.06386e-05
7.13405e-05
7.63925e-05
7.64456e-05
7.65316e-05
7.65767e-05
7.6803e-05
7.70985e-05
7.70726e-05
7.39383e-05
0.00126304
0.00120267
0.000138412
0.0284998
0.0185575
0.0160478
0.0131226
0.0135346
0.0140882
0.0129796
0.0118132
0.00968607
0.00763788
0.00538947
0.00392054
0.00231488
0.00157886
0.000744164
0.000412187
0.000184034
0.000109074
0.000121976
2.08902e-05
1.18784e-05
5.20146e-05
3.37871e-05
0.000117906
0.000111329
0.00015397
0.000131745
0.000118209
6.35717e-05
5.05874e-05
0.000122133
6.21625e-05
3.55349e-05
6.90845e-05
8.4804e-05
7.13456e-05
7.5058e-05
9.55758e-05
0.000107682
1.8291e-05
0.000108305
0.00010001
3.25123e-05
3.27263e-05
0.0014417
0.00131469
0.0011242
0.00118011
0.0011671
0.00104098
0.00108476
0.000938073
0.000922233
0.000853886
0.000739634
0.000710819
0.000628228
0.000620847
0.00047432
0.00050289
0.000614955
0.000505594
0.000439145
0.000417034
0.000386406
0.000311819
0.000367326
0.000362181
0.000253862
0.000230795
0.00021135
0.000246936
0.000423214
0.000194252
0.000196033
1.60727e-06
6.30814e-05
0.000334512
0.000802199
0.00141917
0.001302
0.000713781
0.000720436
0.000471184
0.000290566
0.000283955
0.000213304
0.000130116
9.42253e-05
3.31413e-05
1.48236e-05
2.1104e-05
7.48191e-07
6.23474e-06
4.06715e-05
2.56447e-05
1.54973e-06
3.17043e-06
2.31256e-06
2.73746e-05
1.47409e-05
2.39268e-05
7.35894e-05
2.99499e-05
0.000102511
4.71648e-05
0.000246073
0.000264882
0.000318353
0.00033123
0.000369138
0.000325801
0.000309128
0.000402558
0.000415063
0.000581466
0.000801003
0.000627307
0.000574341
0.000488859
0.000373645
0.000630133
0.000705506
0.000752301
0.000789274
0.000992993
0.000533818
0.00049139
0.000462668
0.000391286
0.000465164
0.00038279
0.000445708
0.000421524
0.000368402
0.000377551
0.000337825
0.000277986
0.00031791
0.000306787
0.000298414
0.000274995
0.000279987
0.000289576
0.000193494
0.00026868
0.000200086
0.000243531
0.000244264
0.000231695
0.00018961
0.000191676
0.000132713
0.000106691
0.000142311
0.000126969
0.000115884
0.000145032
0.000147427
0.00010192
9.0443e-05
9.00498e-05
9.42293e-05
5.46569e-05
4.46861e-05
6.3621e-05
4.72066e-05
5.05009e-05
3.98654e-05
4.7758e-05
3.99552e-05
1.28908e-05
1.37568e-05
1.28313e-05
6.48969e-06
9.26035e-07
4.35336e-06
1.55618e-06
1.21246e-06
2.91509e-06
3.57906e-07
6.97231e-07
1.08338e-07
1.03177e-09
1.85618e-08
3.34089e-07
5.88422e-07
7.42679e-07
1.1094e-06
1.68291e-06
2.01389e-06
9.94617e-06
1.16862e-05
1.06329e-05
1.30256e-05
1.30444e-05
2.04301e-05
2.60741e-05
3.98505e-05
2.64911e-05
3.00204e-06
9.1332e-06
2.61097e-05
3.06843e-05
1.76517e-05
1.8437e-05
4.63653e-05
3.28921e-05
7.6155e-05
0.000139847
0.00243997
0.00237028
0.00258759
0.0027537
0.00353756
0.000109463
0.000115036
0.000119439
0.000123556
0.000686953
0.00368873
0.000246098
0.00208718
0.00169066
0.00166208
0.00132327
0.000867566
0.00066026
0.000346067
6.47352e-05
1.48465e-05
8.19143e-06
1.96552e-08
3.0245e-05
2.33694e-05
2.37467e-05
2.92776e-05
8.02167e-05
9.8652e-05
0.000129102
0.000246228
0.000412445
0.000152897
0.000319079
0.000373931
0.000281592
0.000243931
0.000196986
0.000368864
0.000264708
0.000355351
0.0011768
0.000516618
0.000529321
0.000976266
0.000486763
0.000322549
0.000443985
0.000154201
0.000277903
0.000126329
4.60524e-05
3.0443e-05
8.76043e-06
8.9289e-06
2.37981e-06
3.38838e-05
1.24548e-05
1.06195e-06
2.54735e-06
3.39754e-06
7.3539e-06
1.12119e-05
6.22544e-05
5.37867e-06
9.66329e-06
8.78917e-06
9.86573e-08
2.97387e-05
2.30228e-05
7.75385e-06
5.46131e-06
6.8458e-06
0.00832741
0.00520559
0.00318698
0.00141333
0.000548411
0.000265365
0.000120007
5.62295e-05
2.37243e-05
1.4124e-05
6.88138e-06
0.00538593
0.00528937
0.00482961
0.0042976
0.00376617
0.00324441
0.0027707
0.00205592
0.00151244
0.000449283
0.000162138
0.000194598
0.000245573
0.000896281
0.000828302
0.000616418
0.000511585
0.000466265
0.000420654
0.000333768
0.000240055
0.000165845
8.06129e-05
6.19273e-05
8.44426e-05
1.12724e-05
6.08639e-07
1.79544e-07
6.75965e-05
7.15684e-05
0.000114393
0.000145906
0.000164662
0.000269306
0.000210599
0.000445862
0.000388901
0.000338431
0.000460813
0.00041964
0.000313254
0.000513216
0.000335389
0.000399185
0.000383262
0.000668497
0.000899115
0.000654267
0.000558259
0.000513718
0.000299854
0.000237549
0.000553632
0.000498926
0.000775057
0.000561866
0.000571983
0.00051005
0.000692133
0.000400329
0.000922106
0.00112009
0.000301725
0.000346716
0.000294191
0.000305411
0.000288955
0.0002774
0.000353314
0.000272431
0.00035448
0.000284134
0.000306045
0.000348861
0.000311773
0.000303299
0.000297836
0.000313705
0.000304209
0.000294302
0.000270648
0.000347896
0.000269576
0.00030803
0.000235009
0.000314723
0.000310172
0.000266176
0.000306725
0.000264775
0.000296643
0.000241848
0.000296255
0.000227772
0.000217898
0.000190757
0.000152444
0.00014774
8.3601e-05
6.41778e-05
5.42584e-05
3.03342e-05
2.43425e-05
1.09159e-05
4.34998e-06
7.74128e-08
2.26367e-06
3.19925e-06
1.36841e-05
2.31351e-05
2.92814e-05
5.11467e-05
6.55567e-05
6.63773e-05
7.38442e-05
9.50577e-05
0.000105347
0.000112321
0.00012306
0.000124998
0.000131565
0.000130649
0.000139695
0.000145315
0.000149536
0.000145555
0.000148073
0.000151029
0.000145449
0.000147957
0.000152278
0.000154491
0.000158233
0.000172712
8.59071e-05
8.67446e-05
8.59753e-05
8.69496e-05
8.66669e-05
8.58914e-05
8.31125e-05
0.00099485
0.00137846
0.00101739
0.00512373
0.00491715
0.00441564
0.00402721
0.00307538
0.00240954
0.00146933
0.00110399
0.00391743
0.00313361
0.00182387
0.00142769
0.00131358
0.000834576
0.00081047
0.000591796
0.000357759
0.000157106
0.000200587
0.000113089
3.71663e-05
5.28913e-06
3.58377e-06
1.11664e-06
1.41915e-06
0.00186134
0.00107495
0.000830401
0.000675331
0.000601361
2.20356e-05
2.71975e-06
5.43574e-06
1.69809e-07
4.41354e-06
7.99109e-06
3.38448e-05
1.69629e-05
6.84348e-05
9.36254e-05
0.000196382
0.000185454
9.18909e-05
0.000185992
0.000195727
0.000241382
0.000197787
0.000239558
6.5406e-05
0.000112606
0.000218724
0.000229936
0.00021852
6.80832e-05
0.000126321
0.00027769
2.51656e-05
1.72067e-05
0.00051312
0.000656804
0.000888671
0.000737231
0.000744926
0.000683447
0.000517626
0.000347344
0.000199831
4.97514e-05
1.8302e-05
0.000184609
0.00120348
0.000953047
0.000581255
0.00043078
0.000315479
0.000223964
0.000168716
8.07917e-05
0.000136915
4.87413e-05
3.59897e-05
1.32007e-08
4.84105e-06
5.51224e-06
5.44741e-05
0.000207143
0.000178412
0.000243642
0.000229001
0.000277057
0.000327231
0.00036089
0.000444091
0.000277022
0.000364677
0.000357293
0.000730318
0.000605086
0.000807751
0.000675724
0.000549307
0.000702207
0.000807931
0.00090907
0.00114807
0.00091198
0.000641379
0.000437329
0.000502104
0.000447181
9.20493e-05
3.70995e-06
2.08037e-05
0.000131961
0.000250356
0.0003038
0.000351995
0.000413958
0.000430891
0.000509469
0.000555596
0.000601808
0.000676291
0.000646711
0.000696569
0.000646423
0.00059351
0.000685119
0.000499352
0.000690008
0.000658433
0.000595406
0.000583301
0.000714055
0.000659464
0.000606235
0.000621653
0.000569216
0.000610298
0.000618345
0.000568627
0.000473707
0.000444393
0.000407376
0.000351295
0.000309836
0.000290164
0.000176816
0.000106786
7.05831e-05
4.04171e-05
2.35875e-05
1.11883e-05
1.8686e-07
7.43988e-08
3.63202e-06
1.12747e-05
2.98051e-05
5.57482e-05
5.45075e-05
8.75938e-05
8.20649e-05
9.26005e-05
0.000115472
0.000102646
0.000139565
0.000125025
0.000135738
0.000149658
0.000165611
0.00013824
0.000176183
0.00016251
0.000177811
0.000153872
0.000176445
0.000161831
0.000177249
9.61374e-05
9.55404e-05
0.000100145
0.000145885
0.000146371
0.000157486
0.000162391
7.50248e-05
7.50544e-05
7.50449e-05
7.50354e-05
7.50132e-05
7.4902e-05
0.000667925
0.0058745
0.0184567
0.0140442
0.00983249
0.00857389
0.00796157
0.00612202
0.00516711
0.00343293
0.00253934
0.00171767
0.00102177
0.00046918
0.000191434
0.000284715
0.000199412
0.000153665
3.24978e-08
7.65151e-06
8.77312e-06
1.39389e-05
2.59216e-05
1.70614e-05
1.4019e-06
1.17007e-05
2.92681e-06
2.58e-05
5.63594e-05
4.74674e-05
1.22813e-05
7.77777e-06
7.17836e-05
0.000460548
0.000317088
0.000114745
6.67166e-05
2.31298e-05
1.50843e-06
1.34332e-05
4.29559e-09
1.63962e-05
0.00136834
0.000782868
0.000560129
0.000246206
0.000157035
0.000104809
2.35227e-05
2.95482e-05
1.27024e-05
2.50232e-06
1.40547e-11
3.02837e-06
1.81544e-06
1.7998e-06
4.11627e-06
7.22699e-06
4.87055e-07
2.67184e-07
3.58421e-06
7.28189e-06
2.26141e-05
2.18363e-05
0.00432378
0.0043127
0.00413503
0.00369187
0.00337665
0.00283341
0.00211416
0.00153918
0.00109008
0.000524303
7.79518e-05
2.08022e-10
6.68901e-06
0.000463937
0.000406935
0.00028079
0.000210568
0.000126585
0.0001329
6.05638e-05
3.81577e-05
1.75056e-05
7.84427e-06
8.03384e-06
3.62673e-08
3.15882e-06
7.53722e-06
1.78519e-05
3.67947e-05
6.28207e-05
5.79938e-05
0.000102401
4.41335e-05
9.31606e-05
0.000256146
0.000249711
0.000215266
0.000178844
0.000168702
0.000188129
0.000110635
0.000126845
5.3274e-05
0.000210445
0.000466135
0.00046693
0.000433539
0.00041458
0.000408771
0.000440314
0.000485529
0.000743343
0.00067289
0.000568018
0.000644862
0.000569435
0.000474851
0.000547061
0.000917314
0.000150653
0.000212802
0.000246953
0.000285854
0.000375703
0.000340541
0.000353256
0.000292464
0.000465036
0.000369781
0.000408812
0.000386147
0.000411847
0.000423778
0.000478678
0.000426773
0.00041387
0.000435151
0.000465192
0.000396574
0.000414552
0.000432862
0.000429593
0.000361874
0.000359356
0.000403559
0.000466521
0.000397811
0.000448382
0.000463928
0.000422697
0.000350176
0.000358847
0.000277709
0.000328623
0.000342223
0.000303605
0.000299942
0.000244
0.000260087
0.000176126
0.000204475
0.000171393
0.000117562
0.000100332
7.76623e-05
7.07986e-05
4.64367e-05
3.20842e-05
2.48053e-05
1.90469e-05
1.43663e-05
9.03012e-06
1.35448e-06
5.29958e-07
6.80233e-08
1.7129e-06
3.48451e-06
4.33735e-06
6.19607e-06
1.71699e-05
1.92182e-05
2.00283e-05
1.84108e-05
2.9133e-05
3.1507e-05
3.39405e-05
3.82355e-05
5.4803e-05
3.33606e-05
4.36024e-05
3.62289e-05
9.27427e-05
7.12615e-05
7.13354e-05
7.14754e-05
7.1314e-05
7.14267e-05
7.16237e-05
0.00223996
0.00309983
2.64272e-05
0.0146485
0.0120579
0.00853458
0.00923189
0.0108026
0.00954271
0.00978436
0.0082398
0.00676608
0.00479414
0.00349921
0.00189827
0.00120423
0.000437744
0.000354761
0.000122341
7.29317e-05
1.89418e-05
1.92908e-05
2.14044e-06
8.77382e-08
6.43778e-06
8.687e-06
0.000102606
7.5294e-05
7.62866e-05
0.000209252
0.000162497
9.67333e-05
0.000133782
0.00038753
0.000302453
0.000314357
0.000264854
0.000289769
0.000246445
0.000196234
0.000205334
0.000176898
0.000153736
9.67235e-05
8.64964e-05
8.54786e-05
0.00010516
3.00728e-05
0.000208316
0.000209945
0.000164035
0.000128695
8.99197e-05
2.07992e-05
5.41544e-05
0.000178685
0.00015717
0.000158167
0.000180944
0.00072395
0.000472101
0.000353846
0.000279482
0.00017193
0.000134824
6.88864e-05
0.000714732
0.000619505
0.000411598
0.000296288
0.000195854
0.000101066
6.8129e-05
4.69085e-05
3.06318e-05
0.00265149
0.00267356
0.00267606
0.00234465
0.00177502
0.00117229
0.000658245
0.000581648
8.01945e-07
0.000138516
0.000510968
0.000714692
0.000467524
0.000343357
0.000283685
0.000191347
0.000205745
0.000110412
6.28e-05
4.63761e-05
1.39204e-05
1.61676e-06
5.66086e-06
6.15932e-06
9.94318e-06
1.09823e-05
7.36455e-06
4.07511e-06
1.05702e-05
2.47193e-05
1.46156e-05
1.12293e-05
3.39632e-05
8.10404e-05
4.75736e-05
2.91509e-05
9.29995e-05
1.4235e-05
4.24247e-05
1.34827e-05
8.02019e-05
8.60076e-05
0.000524653
0.000185866
0.000173087
0.000311625
0.000313194
0.000500855
0.000467598
0.00041077
0.000340897
0.000573762
0.000848947
0.000900686
0.000665223
0.000736076
0.000316573
0.000606216
0.000590476
0.000514975
0.000506517
0.000483049
0.000447756
0.000440904
0.000444619
0.000356555
0.00040703
0.00035373
0.000325717
0.000383366
0.000375218
0.000367124
0.000390757
0.000342146
0.000310381
0.000321226
0.00030108
0.000260752
0.000302123
0.000220695
0.000157304
0.000201676
0.000202217
0.000189917
0.000180802
0.000156815
0.000161393
0.000157109
8.99554e-05
9.60915e-05
8.47012e-05
9.79433e-05
6.6568e-05
6.49192e-05
5.69498e-05
5.31833e-05
2.36858e-05
4.1122e-05
1.20238e-05
2.32488e-05
1.62703e-05
1.36995e-05
6.20341e-06
6.35336e-06
3.94464e-06
3.99934e-06
3.11649e-06
1.67332e-06
2.41699e-06
8.99169e-07
2.40352e-07
4.57143e-07
3.01686e-07
6.04765e-07
9.29361e-10
4.32755e-08
2.16628e-06
4.39374e-07
6.62627e-07
2.08403e-06
7.07671e-07
2.20649e-07
6.56967e-07
6.27305e-07
1.54608e-06
6.12236e-07
4.64023e-07
5.2214e-07
6.80004e-07
1.3253e-07
1.11352e-07
2.24781e-08
7.56385e-07
6.54734e-06
9.28509e-05
9.44562e-05
9.66803e-05
9.90906e-05
0.00010226
0.000106265
0.000110664
0.000113825
0.00325607
0.00465391
4.57567e-06
0.000332911
0.00340301
0.00269276
0.00284843
0.00259756
0.00228094
0.00197919
0.00088828
0.000361221
0.00015213
3.85459e-05
2.38797e-05
2.27329e-06
1.55881e-06
1.34628e-06
8.15385e-06
4.84382e-05
6.70879e-05
0.000102992
0.000102933
0.000105615
0.000145914
0.000214858
0.000315997
0.0001347
0.000241822
0.000183949
0.000134568
4.92421e-05
3.70513e-05
0.000161079
0.00185328
0.00196405
0.00142158
0.000676419
0.00183964
0.00131081
0.000731926
0.000568015
0.000276192
8.31533e-05
5.98784e-05
2.5065e-05
1.17035e-06
5.54163e-07
1.40523e-08
5.0469e-06
1.23116e-05
4.20378e-06
1.73684e-06
1.77493e-05
2.17477e-06
1.728e-05
1.03614e-05
1.595e-05
2.5919e-05
9.46334e-06
7.53003e-08
5.20303e-06
2.09108e-05
9.22801e-09
0.0115684
0.00623725
0.00345295
0.00224584
0.000970759
0.000462742
0.0001838
7.58314e-05
4.88743e-05
2.37718e-05
1.56679e-05
1.5142e-08
0.00717515
0.0066396
0.00619491
0.00567868
0.00493823
0.00447023
0.00374782
0.00286762
0.00176458
0.00115413
0.000411126
0.000216911
0.000244083
0.000505578
0.000380647
0.000325136
0.000241529
0.000219468
0.000173658
0.000118191
9.86944e-05
3.44839e-05
1.67913e-05
3.3664e-07
4.71446e-07
4.23005e-06
1.52592e-05
2.2387e-05
7.77174e-05
4.88109e-05
8.96562e-05
0.000168754
0.00015921
0.000139352
0.000156472
0.000253082
0.000162894
0.000302853
0.000202333
0.000303608
0.000171792
0.00027592
0.00016776
0.000235416
0.000244727
0.000191155
0.000370161
0.00034828
0.000402201
0.000396169
0.000557033
0.000420958
0.000300313
0.000403097
0.00035216
0.000339329
0.000517623
0.000374645
0.000344629
0.000402361
0.000427873
0.000328184
0.000331806
0.000357778
0.000383047
0.000301547
0.000297259
0.000371939
0.000369681
0.000275721
0.000389338
0.00034153
0.00030232
0.00038095
0.000457115
0.000345418
0.000385081
0.00034033
0.000329677
0.000315198
0.000309793
0.000403111
0.000354609
0.000302586
0.000355018
0.000370656
0.000410681
0.000448497
0.00036665
0.000391422
0.000346654
0.000316135
0.00040049
0.000303374
0.000242212
0.000257925
0.000368419
0.000356308
0.000333279
0.000250341
0.000276023
0.000325099
0.000328442
0.000262013
0.000364293
0.000264128
0.000330134
0.000310849
0.000452773
0.000287977
0.000266127
0.000326226
0.000356273
0.000247177
0.000299747
0.000269934
0.00023545
0.000207329
0.000192836
0.00016626
0.00014657
0.000125077
0.000110826
9.95098e-05
8.2764e-05
6.83965e-05
0.000292235
0.000152316
0.000126203
0.000188913
0.000154737
0.000131052
0.000107949
9.02357e-05
6.64439e-05
5.58364e-05
4.39631e-05
3.46089e-05
2.65898e-05
2.20823e-05
2.12316e-05
1.5581e-05
1.28437e-05
1.12527e-05
8.05975e-06
5.37355e-06
4.06091e-06
2.08571e-06
1.02568e-06
0.000477981
0.000452751
0.000431747
0.000395322
0.00037769
0.000359582
0.000357549
0.000330712
0.000306104
0.000267499
0.000241809
0.000224988
0.000204227
0.000188381
0.000167687
0.000153438
0.00013153
0.000110679
8.44149e-05
7.00588e-05
6.66421e-05
2.78786e-05
1.22601e-05
5.84179e-06
9.19733e-06
3.73452e-06
1.02893e-06
5.2418e-06
2.45466e-06
7.66287e-06
1.25075e-05
3.2753e-05
5.33901e-05
8.08934e-05
0.000104951
7.70269e-05
0.000107078
0.000140128
0.000181579
0.000151983
5.87981e-05
2.17695e-05
2.19145e-05
1.64809e-06
3.70837e-07
1.42387e-05
1.40156e-05
3.60578e-06
1.26521e-06
2.3818e-05
6.07835e-05
2.15404e-05
3.26204e-05
0.000110661
0.000182672
9.2932e-05
6.59125e-05
0.000113373
0.000170837
0.000239708
0.000175665
0.000148529
0.000233998
0.000515475
0.000527182
0.000717084
0.00051609
0.000700151
0.000543709
0.000665291
0.000588548
0.000963275
0.000525077
0.00062491
0.000688464
0.00102697
0.00066421
0.00088295
0.00104309
0.000869588
0.00104277
0.000672019
0.000781557
0.000470163
0.000592774
0.000575725
0.000497523
0.00060064
0.000872159
0.00106528
0.00101964
0.00125003
0.000733657
0.00108621
0.00106558
0.00100257
0.000992441
0.000960972
0.000787876
0.00091694
0.000861545
0.001011
0.00100068
0.000968441
0.00100093
0.000991119
0.000937688
0.000743056
0.000884348
0.000878515
0.00084973
0.000834897
0.00079279
0.000767083
0.000698246
0.000651143
0.000715871
0.000635031
0.000636366
0.00061641
0.000624139
0.000538738
0.000542128
0.000522864
0.000531357
0.000524435
0.000536082
0.000502947
0.000477673
0.00048165
0.000466362
0.000420688
0.000425429
0.000418729
0.000455767
0.000472507
0.000475923
0.000457917
0.000445452
0.000438439
0.000409962
0.000369712
0.000264602
0.000263719
0.000254249
0.000426091
0.000429574
0.000411313
0.000395028
0.000384703
0.000273724
0.00038419
0.000388889
0.000368466
0.000319971
0.000322393
0.000361244
0.000332739
0.000315642
0.000330361
0.000333542
0.00031994
0.000322542
0.000310384
0.000259289
0.000257372
0.000245952
0.000248508
0.000246597
0.000230032
0.000227378
0.000212427
0.000214727
0.000212146
0.00019482
0.000170095
0.000158191
0.000143019
0.000113661
0.000107885
9.40215e-05
9.57837e-05
8.70188e-05
8.36046e-05
7.91701e-05
6.2355e-05
4.67774e-05
4.21889e-05
3.64944e-05
3.57857e-05
3.23505e-05
2.73216e-05
1.10703e-05
6.69306e-06
1.2944e-05
1.0028e-05
1.35311e-06
5.21036e-07
4.55639e-10
3.09976e-07
1.17432e-06
1.59647e-06
2.94089e-06
8.58037e-06
1.12109e-05
1.62866e-05
1.73942e-05
2.03644e-05
2.74053e-05
2.63615e-05
3.5241e-05
4.53926e-05
5.25712e-05
5.7285e-05
6.50987e-05
6.59651e-05
7.01405e-05
7.95305e-05
8.60854e-05
8.93749e-05
9.58563e-05
0.000100337
0.000103581
0.000108255
0.000112551
0.000121854
0.000121789
0.0001234
0.000130161
0.000133259
0.000132952
0.000152395
0.000152751
0.000164813
0.000173161
0.000171502
0.000173189
0.000180192
0.000178864
0.000188183
0.000185011
0.000186292
0.000195469
0.000192886
0.000184904
0.000195555
0.000191892
0.000191505
0.000208667
0.000203818
0.000192159
0.000208611
0.000186638
0.000182898
0.0001838
0.000200822
0.000198369
0.000194902
0.000196774
0.0001918
0.000219933
0.000223799
0.000235694
0.00021485
9.10386e-05
9.10238e-05
9.10058e-05
9.09935e-05
9.09775e-05
9.0966e-05
9.09651e-05
9.09431e-05
9.1072e-05
9.10384e-05
9.16161e-05
0.000166067
0.000165037
0.000165397
0.000991241
6.54418e-05
8.03483e-05
9.80938e-05
8.13224e-05
0.00154375
0.00134318
0.00159593
0.00141611
0.0015246
0.00135765
0.00100112
0.000867664
0.000441698
0.000363169
0.000336336
0.000137837
0.000106713
5.06975e-06
9.78091e-07
3.2546e-05
4.142e-05
3.70991e-05
6.71418e-05
7.18869e-05
6.67881e-05
1.97528e-05
0.000118817
0.000126153
0.000210047
0.000214718
0.000276727
0.000279732
0.000171435
0.000169215
0.000118194
8.18801e-05
8.51314e-05
7.64178e-05
4.46556e-05
4.50573e-05
5.83177e-05
5.73902e-05
5.03971e-05
9.85596e-05
0.000101264
9.73928e-05
8.54699e-05
0.000155327
0.000113418
0.000101224
5.5658e-05
3.51923e-05
3.81119e-05
2.43641e-05
5.53688e-07
4.11985e-07
3.51774e-06
2.57776e-06
2.1954e-05
1.06928e-05
3.32329e-06
9.69683e-08
2.79399e-05
3.2265e-05
7.04914e-05
6.42243e-05
1.82675e-05
2.04631e-05
1.99026e-05
1.06521e-05
9.42065e-06
2.11591e-05
2.2572e-05
2.47513e-05
2.4427e-05
2.23582e-05
1.47492e-06
6.08232e-06
8.17294e-05
8.16306e-05
4.04187e-05
6.39074e-05
0.000158904
0.00019562
0.000227964
0.000291815
0.000236401
0.000291597
0.000398515
0.000550094
0.000327295
0.000308998
0.000393153
0.000378328
0.000439669
0.00038591
0.000480115
0.000780288
0.000673715
0.000369166
0.000742058
0.000472846
0.000890289
0.000467165
0.000883079
0.000742597
0.000626146
0.00110154
0.000930612
0.000666279
0.000748708
0.000624102
0.000803167
0.000886589
0.0213478
0.0138184
0.00796731
0.00415911
0.00211887
0.00111379
0.000497411
0.000237123
8.15235e-05
3.86323e-05
2.13486e-05
5.9146e-06
3.70903e-06
1.08971e-06
1.7562e-07
1.36222e-07
3.03227e-07
1.50116e-08
6.40554e-08
9.89877e-07
1.32419e-07
8.50827e-07
1.52425e-06
7.0261e-07
5.12078e-06
0.000102968
7.63417e-05
2.51569e-05
1.65668e-05
1.22916e-05
7.71816e-06
1.49354e-06
2.35426e-06
5.59026e-06
0.00568802
0.00534493
0.0050439
0.00474118
0.0036731
0.00331285
0.00291036
0.00271078
0.00256614
0.00248683
0.00224219
0.00203592
0.0017047
0.00159887
0.00130931
0.00106409
0.00090569
0.000865645
0.00061047
0.000525329
0.000249446
0.000264411
8.66727e-05
6.0958e-05
1.46329e-06
7.35838e-06
5.39072e-06
7.9417e-05
9.20309e-05
0.000372629
0.000412053
0.000455589
0.00109941
0.00113687
0.000762936
0.00105069
0.00113408
0.000962329
0.000984986
0.000856196
0.000585797
0.0006935
0.000554667
0.000499255
0.000389133
0.000422975
0.000422943
0.000369516
0.000387923
0.000347343
0.000293416
0.000328057
0.000234342
0.000182773
0.000205432
0.000211289
0.00015153
0.000171023
0.000105817
9.17664e-05
7.19641e-05
1.22525e-06
4.14083e-06
2.08727e-08
1.1905e-05
3.63235e-06
8.98885e-08
1.52382e-06
1.33989e-06
1.43741e-05
6.06277e-06
3.00242e-05
3.50183e-05
2.53303e-05
4.20871e-05
2.4615e-05
2.23126e-05
8.22783e-05
6.12493e-05
0.000121828
3.88056e-05
6.28643e-05
9.98524e-05
7.7601e-05
4.81995e-05
5.30897e-05
2.67128e-05
8.61486e-05
7.09113e-05
0.000163642
0.000157231
0.000111589
0.000156647
0.000163531
0.000130469
0.000291785
0.000153377
0.00019341
0.000231584
0.000236794
0.000168527
0.000127295
0.000273233
0.000438608
0.000267746
0.000280888
0.000377115
0.000462169
0.000393404
0.000555147
0.000305009
0.000488476
0.000386939
0.000495888
0.000553425
0.00031184
0.000488438
0.000652014
0.000440651
0.000557641
0.000594089
0.00048807
0.000344499
0.000525609
0.000407166
0.000156871
4.70151e-05
0.000187912
0.000319851
0.000429853
0.000522719
0.000224426
0.000323258
0.00015902
0.000247876
0.000219018
0.000296422
0.000318467
0.000480105
0.000324511
0.000433977
0.000388244
0.00052829
0.000756943
6.12742e-05
0.000935898
0.000132069
0.000159979
0.000238481
0.000256195
0.000293444
0.000226855
0.000268903
0.000382802
0.000387185
0.000407837
0.000421748
0.000411131
0.000410107
0.000323332
0.000330271
0.000369696
0.000365653
0.00037988
0.00038304
0.000387239
0.000382114
0.000341441
0.000357606
0.000407314
0.000377566
0.000450096
0.000449049
0.000366128
0.000359988
0.000346703
0.000359732
0.00032769
0.000363593
0.000375988
0.000361161
0.000375932
0.000370049
0.000346336
0.000335054
0.000346302
0.000334462
0.000286186
0.000271914
0.000330945
0.000341231
0.000325224
0.000341664
0.000351333
0.000347278
0.000263024
0.000266464
0.000376223
0.000384534
0.000373409
0.000299374
0.000308081
0.000303839
0.00033441
0.000327577
0.000324849
0.00033246
0.000323718
0.000265336
0.000253915
0.000278998
0.000281201
0.000276634
0.000261601
0.00026212
0.000246348
0.000244335
0.000179056
0.000163658
0.000151228
0.000182612
0.000179701
0.000172202
0.000131259
0.000126028
0.000113792
0.00010373
8.78613e-05
0.000116279
0.000113513
0.00010399
7.85282e-05
7.43367e-05
6.42765e-05
7.30955e-05
7.0245e-05
5.81732e-05
3.04102e-05
2.44119e-05
2.23269e-05
1.92351e-05
1.12847e-05
9.25251e-06
6.04975e-06
3.91849e-06
2.88161e-06
5.04736e-08
2.24864e-07
1.2166e-06
2.32569e-06
4.48545e-06
6.08903e-06
7.89611e-06
8.03004e-06
1.80948e-05
2.11664e-05
2.42416e-05
2.39415e-05
3.05458e-05
3.29329e-05
3.73884e-05
4.20013e-05
5.32109e-05
5.6517e-05
6.34901e-05
6.24359e-05
6.42263e-05
6.62497e-05
7.1722e-05
7.24404e-05
7.3282e-05
7.89366e-05
8.59893e-05
9.60346e-05
9.87399e-05
9.58392e-05
9.75035e-05
9.44696e-05
9.35171e-05
9.55602e-05
0.000106711
0.000107403
0.000119398
0.000121755
0.000127063
0.000127016
0.000131851
0.000184027
0.000173173
0.000167036
0.000160163
0.000158691
0.000154446
0.000153024
0.000153849
0.000153453
0.000151784
0.00014971
0.000149987
0.000157456
0.00015925
0.000144643
0.000142041
0.000145075
0.000144687
0.000143304
0.000140902
0.000140749
0.000140298
0.000142932
0.000155615
0.000161204
0.000148271
0.000145746
0.000147313
0.000145389
0.000172743
0.000177659
8.8157e-05
8.8169e-05
8.8166e-05
8.81536e-05
8.81788e-05
8.81311e-05
8.80648e-05
8.80671e-05
8.80722e-05
8.81481e-05
8.98105e-05
8.98022e-05
9.01e-05
0.00391046
0.00365595
0.000577451
0.000576507
0.000759326
0.000626808
0.00182512
0.00164045
0.0017021
0.00155969
0.0014324
0.00129039
0.000892626
0.000824848
0.000725862
0.000307743
0.000247887
0.000116681
8.76716e-05
1.98188e-05
1.21777e-05
1.70604e-05
8.81875e-06
5.20803e-08
7.37218e-07
8.60572e-06
1.29694e-05
1.10814e-05
1.55349e-05
3.69704e-05
3.91837e-05
9.08463e-05
9.4542e-05
0.000171792
0.000171276
0.000157182
0.000155032
0.000161846
0.000162377
0.000152409
0.000123612
0.000121135
0.000222266
0.0001979
0.000110344
8.67752e-05
7.23149e-07
0.00164585
0.00131507
0.000921734
0.000714156
0.000560635
0.00043168
0.000644655
0.00049314
0.000436729
0.000325161
0.000284371
0.000219701
0.000157326
9.10403e-05
6.23032e-05
9.89512e-05
2.57523e-05
1.2511e-05
5.06826e-05
3.05557e-05
1.1795e-05
4.69948e-06
2.6938e-05
1.35325e-05
4.90901e-06
5.31253e-07
2.8247e-07
1.38979e-07
1.48565e-05
1.74059e-05
8.69272e-07
2.94e-08
2.77301e-08
1.88007e-05
0.00372993
0.00307403
0.0017444
0.00133488
0.00111229
0.00080885
0.000624011
0.000918986
0.000681482
0.000566634
0.000578261
0.000416135
0.000349099
0.000240924
0.000206723
1.95964e-05
7.81169e-06
1.42884e-06
2.01064e-06
4.08708e-06
9.65608e-06
8.05023e-05
4.88752e-05
4.55585e-05
2.50451e-07
2.79075e-06
2.20342e-06
2.65683e-05
3.60528e-05
2.83135e-05
2.12542e-05
2.68244e-05
1.39372e-07
2.3729e-06
5.29085e-05
3.08822e-05
3.06277e-06
1.18572e-07
5.27533e-07
2.29916e-05
3.06132e-05
2.16403e-05
6.07749e-05
3.59298e-05
5.54876e-06
1.04304e-05
3.92907e-06
4.40975e-07
7.95642e-07
1.26219e-07
1.67014e-06
6.0825e-06
1.00092e-06
7.92492e-07
2.26278e-07
0.000330621
0.000957588
0.00069359
0.000552126
1.37742e-05
0.000254365
0.00192536
0.00137279
0.00105946
0.000675086
0.000457846
0.000375879
0.000254595
0.000138604
9.75741e-05
0.000133642
8.1133e-05
6.43872e-05
6.99024e-05
4.33628e-05
9.95261e-06
4.75866e-06
2.64136e-06
1.7088e-07
7.57512e-07
2.77529e-06
2.05556e-07
1.0628e-06
1.02012e-05
3.49602e-06
5.70844e-06
2.98254e-06
1.05257e-06
3.56209e-06
3.18866e-06
7.79106e-07
3.11786e-06
4.08853e-07
1.23174e-06
1.45912e-06
3.48279e-06
1.1203e-05
3.46228e-06
9.99222e-06
1.92755e-05
1.33811e-05
0.00146857
0.00111713
0.000747966
0.00275049
0.00244791
0.00122243
0.00153711
0.000664966
0.000620915
0.000359797
4.83374e-05
5.06074e-07
4.52951e-05
3.90942e-05
0.000191055
8.49034e-05
0.000100801
9.97472e-05
7.68643e-05
9.04577e-05
6.29947e-05
5.20675e-05
6.01643e-05
4.63608e-05
3.81929e-05
4.96529e-05
6.24203e-05
5.05153e-05
5.82599e-05
4.35911e-05
3.57794e-05
3.91128e-05
4.83928e-05
2.44165e-05
3.15854e-05
2.86745e-05
1.47773e-06
1.96453e-06
7.60992e-06
3.75558e-07
1.21603e-06
2.22897e-06
1.34675e-07
4.27907e-06
2.0054e-06
1.01587e-05
1.8779e-05
3.51363e-05
2.01004e-05
3.11798e-05
6.4837e-05
6.09947e-05
6.89793e-05
3.02528e-05
4.78954e-05
8.3514e-05
0.000195494
5.12557e-05
0.000196165
0.000186302
0.000171955
0.000239575
0.000240704
0.000336969
0.000698217
0.000545693
0.000460354
0.000315551
0.00029542
0.000243722
0.000173411
0.000126172
9.61832e-05
5.79623e-05
3.13373e-05
1.93067e-05
5.40265e-06
1.22635e-06
2.04357e-09
2.41172e-06
1.79585e-06
2.78642e-05
5.03736e-05
5.70864e-05
6.84984e-05
0.000101956
0.000138549
0.000179026
0.000228359
0.000228097
0.000355151
0.000379993
0.000436249
0.000440543
0.000465022
0.000552863
0.000664735
0.000693062
0.000786168
0.000727792
0.000751084
0.000811855
0.000765415
0.000840718
0.000982799
0.00109694
0.00120898
0.00119485
0.00121876
0.00129315
0.00137247
0.00141582
0.0014874
0.00144608
0.00125873
0.00125359
0.00132023
0.00128566
0.00152551
0.00150688
0.00140309
0.00140602
0.00141681
0.00159098
0.00151916
0.00142626
0.00143787
0.0013578
0.00146405
0.00134961
0.00109621
0.00111663
0.00105412
0.00118741
0.00109509
0.000979545
0.000938231
0.0010664
0.00100093
0.000871241
0.000811844
0.00076065
0.000849016
0.000761425
0.000712468
0.000735087
0.000677921
0.000776829
0.00070011
0.000624967
0.000637103
0.000592949
0.000497593
0.000493607
0.000442102
0.000547596
0.000497483
0.000451785
0.000334813
0.000320127
0.00027978
0.000314537
0.000255889
0.000210502
0.000179287
0.000167808
0.00015231
0.000112721
9.43836e-05
8.3128e-05
5.85369e-05
3.37923e-05
2.17834e-05
2.00212e-05
1.51119e-05
4.56686e-06
2.24157e-06
1.30415e-07
2.69036e-06
3.65432e-06
7.9141e-06
1.69495e-05
2.3119e-05
3.68026e-05
4.26306e-05
5.39153e-05
6.53592e-05
7.53839e-05
8.02779e-05
8.86202e-05
9.19244e-05
0.00010478
0.00010861
0.00011993
0.000124767
0.000133599
0.00013459
0.000160883
0.000164623
0.000156533
0.000157289
0.000171169
0.000172747
0.000189501
0.000197823
0.000206533
0.000222443
0.000222668
0.000227615
0.000172334
0.000180992
0.000181282
0.000144157
3.82376e-05
5.779e-05
0.00062014
0.000564735
0.00173238
0.000468124
0.000347668
0.000322947
0.000695719
0.000192328
0.000112873
0.000279738
0.000480521
0.000499174
1.91776e-05
3.00806e-05
0.000532934
0.00039421
0.000346739
0.000279245
0.000199795
0.000527373
0.00041399
0.000489258
0.000386729
0.00016385
0.000131421
0.000217938
0.00020988
0.000191499
6.4564e-05
4.33829e-05
9.49742e-07
4.85002e-08
1.51414e-07
1.8266e-06
1.07279e-06
5.6642e-06
1.66547e-05
1.62751e-05
2.16604e-05
8.3336e-06
7.2922e-06
4.16056e-06
6.50015e-06
8.09736e-06
4.85024e-06
7.16301e-06
4.33682e-06
1.22029e-05
1.11788e-05
2.83141e-05
2.75361e-05
7.70193e-06
6.91018e-06
8.57047e-05
8.43712e-05
7.56184e-05
3.21896e-06
7.18428e-06
1.30966e-06
4.26986e-06
3.73777e-06
1.37013e-06
1.38151e-07
1.18566e-08
2.74198e-06
4.61195e-07
7.85146e-05
4.29992e-05
8.93793e-05
4.96101e-05
7.35045e-06
1.06372e-05
6.93265e-06
4.94546e-07
1.03048e-06
8.08147e-07
1.56498e-05
7.48792e-06
1.14134e-05
1.16019e-05
7.84449e-05
6.81588e-05
6.31187e-05
0.000127624
9.42211e-05
6.98727e-05
6.38214e-05
5.60624e-05
3.11865e-05
2.21825e-05
9.76261e-06
6.01959e-06
2.3687e-07
5.81648e-06
1.293e-05
1.33859e-05
2.44858e-05
1.66239e-05
1.04931e-05
2.11964e-05
4.68042e-08
1.04674e-06
2.47301e-05
9.08451e-05
0.000141823
9.19194e-05
9.04142e-05
0.000108759
2.99881e-05
4.19758e-05
6.71726e-05
8.33441e-05
6.98485e-05
4.68532e-05
5.83663e-05
5.20864e-05
5.64372e-05
3.74007e-05
5.02162e-05
4.65935e-05
8.45998e-05
8.71303e-05
9.80958e-05
5.50781e-05
6.75357e-05
8.84944e-05
0.000102294
6.77541e-05
7.82688e-05
0.000100966
0.000112587
5.43496e-05
6.26922e-05
0.000101322
0.000100246
0.000111861
0.000117396
8.91621e-05
9.42907e-05
8.43244e-05
8.8434e-05
5.2018e-05
5.5441e-05
4.70377e-05
6.84526e-05
6.99624e-05
5.1235e-05
4.08066e-05
3.95361e-05
3.72762e-05
4.19515e-05
3.99121e-05
2.23433e-05
2.0634e-05
1.70946e-05
1.17859e-05
1.06985e-05
9.18175e-06
7.9669e-06
7.41884e-06
4.40597e-06
4.28502e-07
6.23732e-07
9.32286e-07
0.000275608
0.0164844
0.0145543
0.0130789
0.0111099
0.00879487
0.0113853
0.00623093
0.00733525
0.00600718
0.000275156
0.000347008
0.000590269
0.00092562
0.000740793
0.000574379
0.000713442
0.000616178
0.000719593
0.000717946
0.000718015
0.000613359
0.000536715
0.000618925
0.000515966
0.000422677
0.000359593
0.000230731
0.000167832
0.00018276
4.38229e-05
2.33205e-05
9.94608e-06
1.93242e-05
1.1219e-07
0.000164668
0.000164172
0.00067657
0.000704493
0.000417629
0.000931866
0.000967571
0.000998843
0.000946768
0.000646293
0.000555227
0.000440392
0.000450604
0.000325123
0.000284191
0.000323718
0.000282722
0.000234849
0.000160488
0.000128598
0.00012284
0.000117269
0.000132617
5.52883e-05
5.97549e-05
4.4532e-05
4.37007e-05
1.06662e-05
1.20036e-05
7.29772e-06
5.96464e-06
6.40321e-07
7.25794e-06
5.07459e-07
4.49561e-07
1.63072e-05
1.88192e-05
8.40615e-06
5.76963e-06
3.29556e-05
1.7355e-05
1.01856e-05
1.95786e-05
2.3092e-05
1.52965e-05
2.13178e-05
4.9473e-05
7.16909e-05
0.000105506
7.63231e-05
3.1351e-05
3.49261e-05
0.000113528
6.46061e-05
0.000166242
0.000143991
0.000250603
0.000242967
0.00015663
9.2807e-05
0.000130846
0.000158688
0.000210155
0.000272938
0.000364373
0.00042809
0.000370353
0.000413598
0.000526289
0.000612665
0.000351622
0.000607855
0.000444197
0.000784967
0.000510175
0.000636793
0.000730189
0.00046941
0.000667853
0.000590158
0.000838063
0.000760501
0.000827594
0.000675807
0.000823963
0.000679401
0.000767682
0.0010455
0.000711402
0.000856085
0.000674607
0.00109624
0.000724035
0.000993442
0.000614276
0.000682599
0.000877133
0.000722927
0.000715604
0.000475326
0.000485463
0.000473159
0.000590211
0.000651515
0.000827322
0.00100736
0.000940445
0.000512747
0.000459778
0.00055042
0.000948191
0.000533963
0.000805922
0.000369525
0.00035527
0.000813204
0.000432172
0.000421572
0.000422302
0.000484193
0.000479492
0.000419937
0.000433784
0.000430387
0.000376272
0.000219932
0.000437561
0.00025984
0.000259266
0.000214619
0.00022352
0.000478564
0.000280088
0.000435433
0.000266289
0.000437643
0.000437095
0.000407232
0.000409574
0.000350627
0.000212244
0.000431788
0.000286687
0.000284846
0.000415765
0.000282283
0.00036295
0.00036053
0.000314319
0.000259721
0.000325309
0.000315085
0.000283607
0.000286639
0.0002635
0.000269977
0.000258374
0.00018167
0.000186877
0.000270141
0.000274356
0.000262731
0.00025604
0.000265745
0.000262088
0.00028996
0.000289794
0.000287139
0.000287646
0.000291135
0.00027397
0.000303312
0.000311421
0.00029557
0.000263876
0.000248226
0.000243264
0.000237837
0.000190915
0.000184786
0.000216841
0.000205682
0.000236034
0.000237567
0.000224072
0.000174456
0.000171877
0.000166372
0.000178857
0.000179361
0.00017284
0.000167427
0.000148117
0.000135195
0.000116701
0.000114301
0.000106388
9.98982e-05
9.68992e-05
9.22894e-05
8.72198e-05
6.5855e-05
5.43128e-05
5.23068e-05
4.78254e-05
4.03082e-05
3.34748e-05
2.9401e-05
2.46031e-05
1.56201e-05
1.16567e-05
1.41066e-05
1.10182e-05
8.35222e-06
5.96972e-06
3.84927e-06
2.87665e-06
1.32591e-06
1.41639e-06
9.8086e-07
1.79988e-07
9.45722e-07
2.01877e-06
2.02616e-06
4.21149e-06
6.10229e-06
7.33298e-06
1.0053e-05
1.14539e-05
1.40433e-05
1.82663e-05
2.06019e-05
3.42659e-05
3.74159e-05
4.20464e-05
3.24477e-05
3.33461e-05
3.63454e-05
4.55609e-05
4.69511e-05
4.63299e-05
5.1045e-05
5.18354e-05
5.58961e-05
6.13e-05
6.20547e-05
6.64682e-05
7.70673e-05
7.84766e-05
8.38556e-05
8.54841e-05
8.78729e-05
0.000102309
0.000104748
9.0064e-05
8.94199e-05
9.11159e-05
9.67576e-05
9.87011e-05
0.000100086
0.000100539
9.19341e-05
9.11852e-05
9.34958e-05
6.74695e-05
6.77264e-05
6.98294e-05
6.75676e-05
6.93499e-05
7.04738e-05
6.80805e-05
6.76382e-05
7.01089e-05
6.91962e-05
6.98613e-05
7.51407e-05
7.37791e-05
7.29777e-05
7.228e-05
7.41846e-05
6.44527e-05
6.34416e-05
6.44894e-05
6.79885e-05
6.71236e-05
6.99033e-05
6.34614e-05
6.25266e-05
6.32125e-05
6.05432e-05
6.21681e-05
6.46043e-05
6.44464e-05
5.8321e-05
5.89624e-05
6.34869e-05
6.35465e-05
6.93639e-05
7.34219e-05
5.69852e-05
6.03828e-05
5.19125e-05
5.27092e-05
5.68115e-05
5.69211e-05
5.75336e-05
0.000119832
0.000118306
0.000121555
0.000122736
0.000122577
0.000122711
0.000124858
0.000119703
0.000122935
8.86739e-05
8.85094e-05
7.80093e-05
7.86282e-05
7.74781e-05
0.000118247
0.000117504
1.30286e-05
3.28033e-06
3.80684e-05
5.36399e-05
0.00168273
0.00146515
0.00231818
0.00211147
0.00161178
0.00147822
0.00265345
0.00237177
0.000658117
0.000566274
0.000370575
0.000312299
0.000297761
0.000250845
0.000236654
9.60545e-05
7.80891e-05
0.00013739
9.38414e-05
5.11942e-06
8.35477e-06
6.74789e-06
1.01328e-05
1.2445e-05
8.70136e-06
9.2558e-05
8.96458e-05
4.13842e-05
4.08867e-05
3.19715e-06
1.69318e-07
2.45923e-07
9.02669e-05
8.32157e-05
6.95029e-05
5.768e-05
1.90806e-06
5.52727e-06
2.89112e-05
4.26707e-05
4.1677e-05
6.29137e-06
2.42924e-05
4.56785e-06
1.1554e-05
8.24639e-05
8.60447e-05
0.000158727
0.000168601
0.000179398
3.05418e-06
7.26702e-09
3.61728e-09
4.62433e-06
1.36521e-05
1.04434e-05
2.25586e-06
7.11147e-06
8.38688e-06
2.94563e-08
8.93898e-07
1.31156e-06
7.0577e-06
1.67631e-06
1.46346e-06
1.61774e-05
2.45601e-05
4.57461e-06
7.59465e-06
7.05581e-05
8.09198e-05
7.0365e-05
4.65066e-05
4.95406e-05
8.78826e-05
9.03155e-05
7.09341e-06
8.97187e-06
3.07688e-05
3.12469e-05
3.13052e-05
3.34655e-05
2.92304e-05
7.56039e-05
7.52869e-05
7.12114e-05
7.45888e-05
6.90906e-05
5.67333e-05
7.50206e-06
5.94256e-06
4.67616e-06
9.72414e-06
6.78516e-06
5.24721e-06
1.02842e-07
1.65501e-06
7.36908e-07
2.73025e-07
1.13336e-06
5.63218e-08
6.66167e-08
2.41535e-06
9.29008e-06
2.0914e-05
3.94543e-05
2.36111e-05
4.8893e-05
4.56033e-05
7.85627e-05
0.000105333
0.000120392
0.000178672
0.000174913
8.64032e-05
0.000142773
0.000144228
0.000221531
0.000246052
0.000357653
0.000353114
0.000297696
0.000265426
0.00179526
5.85755e-05
0.00165741
0.0012545
0.000984397
0.000898232
0.00112302
0.00087514
0.000787794
0.000501746
0.000369493
0.000326982
0.000312861
0.000211127
0.000198353
0.000161034
9.9789e-05
9.49608e-05
8.47954e-05
4.74496e-05
1.79532e-05
6.54346e-06
1.76492e-05
4.20199e-06
6.0604e-06
9.21791e-07
2.22904e-07
6.36946e-06
2.80063e-07
4.34841e-07
4.89753e-09
3.07506e-06
1.37027e-06
4.33384e-10
1.96816e-05
3.12189e-05
4.90761e-05
3.56525e-05
3.40792e-06
1.18089e-05
8.64659e-06
2.2877e-05
3.84542e-05
2.48866e-05
2.96153e-05
3.73422e-05
5.22998e-05
5.68483e-05
1.70044e-05
2.96115e-05
2.31439e-05
9.93055e-06
9.33688e-06
6.49896e-06
0.0359676
0.0321938
0.0284919
0.0250859
0.0217611
0.0181341
0.0152096
0.0121908
0.00966657
0.00745523
0.0055656
0.00419527
0.00513551
0.00429573
0.00392396
0.00265957
0.0026127
0.00158966
0.00136996
0.00070079
0.000573005
0.000539967
4.6506e-05
0.000161686
2.22264e-07
1.31906e-06
7.41694e-06
3.19219e-07
6.35649e-06
2.06373e-06
3.65845e-06
1.80846e-06
5.95497e-06
7.96789e-06
3.72184e-06
4.58338e-07
2.0333e-06
1.54e-06
4.0337e-07
2.62185e-06
4.31017e-06
6.05711e-06
1.01261e-06
2.62253e-06
1.04882e-06
4.26623e-06
1.69009e-06
1.58535e-05
1.27532e-05
1.59157e-05
1.79275e-05
2.18247e-05
3.86563e-05
5.41338e-05
7.64205e-05
7.62199e-05
4.6732e-05
9.89875e-05
0.000178966
0.000168946
0.000151846
0.000226412
0.000224574
0.000260561
0.0002189
0.000290424
0.000322332
0.000338185
0.000312445
0.000368919
0.000301546
0.000366542
0.000290215
0.000306347
0.000344801
0.000289006
0.000395781
0.000348634
0.000413821
0.000328869
0.0017455
0.00153487
0.00129177
0.00102686
0.000797324
0.000553742
0.000461864
0.000356227
0.000244676
0.000245944
0.000169521
0.000107162
5.1696e-05
4.88657e-05
1.99071e-05
1.45621e-06
2.94299e-06
9.28205e-08
7.38423e-06
1.48152e-05
3.48203e-05
3.97751e-05
5.30726e-05
6.77808e-05
8.77181e-05
0.000111945
0.000179463
0.000202669
0.000246961
0.000240145
0.000262753
0.000321883
0.000309385
0.000331514
0.000382469
0.000426161
0.000450486
0.000524478
0.000537834
0.000562849
0.000648609
0.000684242
0.000709406
0.00080977
0.000819329
0.000912779
0.00100502
0.0010364
0.00106246
0.0011636
0.00128983
0.00142406
0.00133722
0.00148238
0.00151219
0.00141736
0.00149775
0.00140421
0.00130945
0.00134068
0.00122959
0.00123837
0.00117802
0.00114066
0.00106719
0.00107188
0.00100215
0.00106796
0.00092815
0.000874234
0.00075467
0.000673785
0.000845945
0.000824236
0.000698299
0.000658659
0.000639855
0.000618048
0.000529078
0.000639046
0.000606604
0.000413262
0.000500597
0.000387696
0.000346493
0.000274289
0.000226794
0.000237011
0.000206294
0.000174669
0.000137918
0.000121595
0.000110415
8.0291e-05
5.92466e-05
3.72087e-05
3.84517e-05
3.25279e-05
1.67592e-05
1.50299e-05
6.12505e-06
1.56786e-06
1.24421e-07
1.84774e-07
2.09798e-06
8.19158e-06
1.24665e-05
1.80881e-05
2.30321e-05
3.13237e-05
3.73698e-05
4.30686e-05
5.48867e-05
6.51529e-05
6.798e-05
7.61458e-05
8.14633e-05
8.3701e-05
9.36831e-05
0.00010872
0.000106063
0.000122957
0.000125258
0.000129424
0.000139792
0.000150697
0.000152828
0.000157878
0.000157406
0.000162513
0.000170848
0.000173005
0.000173573
0.000173754
0.000182846
0.000195429
0.000198965
0.000216306
0.00021755
0.000223584
0.000204264
0.000203506
0.000208086
0.000202776
0.000114964
0.000106433
0.000950148
0.00112784
0.00238601
0.000437409
0.00049284
0.000358643
0.00142821
0.00141819
0.00129456
0.00151906
0.00154233
0.00115987
0.00117206
0.000280264
7.65322e-05
4.13405e-05
0.00055162
0.000417014
0.000614958
0.000471516
0.000425402
0.000328978
0.00015533
0.000107938
8.46973e-05
4.68895e-05
9.40259e-06
6.0761e-05
8.26252e-05
0.000110035
9.62709e-05
0.000216104
0.000227641
1.11323e-06
5.65158e-06
8.03203e-05
9.90733e-05
5.2035e-06
1.371e-05
1.03772e-05
4.0771e-05
5.6047e-05
5.4113e-05
0.000194524
0.000203525
0.000184239
0.000196386
9.05779e-05
0.000105623
0.000179754
0.000186701
9.95716e-05
7.7173e-05
4.6479e-05
4.96116e-05
6.40479e-05
3.08113e-05
7.76132e-05
4.985e-05
0.000110707
7.38461e-05
6.2968e-05
4.10626e-05
3.18309e-05
6.95875e-06
7.27499e-07
5.81868e-07
1.87273e-06
1.40644e-06
1.07525e-07
2.99575e-08
2.29338e-06
2.03481e-06
2.57506e-06
8.07231e-06
6.95667e-06
5.44205e-06
4.79168e-08
2.18066e-06
3.04047e-06
5.4181e-06
2.49288e-05
1.50006e-05
6.42436e-05
0.000127377
0.000136338
0.000108417
0.000126076
0.000413887
0.000422821
0.000181725
0.000355965
0.000256923
0.000451975
0.0001907
0.000269114
0.00024766
0.000262309
0.000278496
0.000375928
0.000361196
0.000494074
0.000456939
0.00038515
0.000618032
0.000620998
0.000813274
0.000731002
0.000525088
0.000641984
0.000563567
0.000538658
0.00113351
0.00101242
0.00056387
0.000755787
0.000641883
0.000937696
0.00111869
0.00088754
0.00109139
0.00112044
0.00142975
0.00121163
0.00116246
0.0013719
0.00113034
0.000937438
0.00186604
0.00154222
0.000901
0.00187917
0.00152143
0.000690118
0.000940402
0.000826483
0.0319792
0.0232166
0.0150992
0.00889024
0.00461794
0.00234689
0.00124951
0.000548492
0.000238946
9.333e-05
1.11609e-05
1.52489e-06
1.91717e-06
2.63e-05
5.76056e-06
1.79751e-06
3.93529e-06
4.57226e-07
8.13807e-06
8.48106e-06
4.15756e-06
3.5535e-06
6.34005e-07
5.46157e-06
7.43391e-07
2.28191e-09
0.000117067
0.00010407
0.000138302
7.31675e-05
4.80361e-05
3.90449e-05
1.13079e-05
1.23015e-05
9.1692e-06
4.43312e-06
6.86355e-06
8.00713e-07
1.83172e-06
9.97521e-10
2.37437e-08
8.99144e-07
4.15455e-08
3.99923e-06
6.27055e-06
1.50527e-06
0.0129905
0.012258
0.0108335
0.00924932
0.00912675
0.00797298
0.00703907
0.00683432
0.006056
0.00564727
0.00528752
0.00507904
0.00463666
0.00401712
0.00349872
0.00308628
0.0026742
0.00231648
0.00209556
0.0016961
0.00147221
0.00133803
0.000885374
0.000740114
0.000769539
0.000317312
0.000393769
0.000235475
0.000228589
1.99539e-05
6.16998e-06
2.20594e-05
5.42939e-05
4.26949e-05
0.000243103
0.00028186
0.000334907
0.000337792
0.000201085
0.000218794
0.000259611
0.000162988
0.000137012
0.000149607
0.000138796
0.000124297
0.000121831
0.000113445
0.000106466
8.63326e-05
9.3386e-05
6.91659e-05
5.27443e-05
5.28594e-05
4.67566e-05
2.72011e-05
2.5241e-05
2.18008e-05
3.38218e-05
1.62457e-05
1.12535e-05
7.33931e-06
2.22792e-05
1.37359e-05
3.31988e-08
7.29302e-07
1.04679e-06
4.57288e-06
1.84123e-05
5.9932e-05
2.40464e-05
6.99771e-05
8.85398e-05
9.14825e-05
9.11957e-05
0.000115733
8.80093e-05
8.67076e-05
6.59903e-05
0.000107455
0.000166336
0.000258054
0.000114921
0.000271602
0.0003074
0.000259334
0.000284983
0.000174726
0.000283576
0.000240996
0.000296518
0.000242694
0.000254483
0.000441563
0.000315566
0.000380414
0.000369839
0.000280135
0.000307612
0.000223653
0.000326643
0.000377727
0.000577594
0.00028247
0.000422725
0.00041254
0.000595757
0.000438859
0.000755502
0.000517857
0.000729707
0.000553318
0.000503014
0.000333828
0.000360698
0.000812284
0.000659077
0.000817468
0.000526416
0.000691668
0.000848105
0.000389898
0.000494969
0.000418372
0.000531675
0.000437592
0.000558246
0.000643249
0.000590658
0.000805044
0.000488358
0.000672171
0.000519671
0.0006528
0.000746287
0.000508523
0.000627248
0.00070021
0.000548798
0.000741738
4.34379e-05
1.77413e-05
0.000611298
7.63925e-07
3.20565e-06
1.43829e-05
3.81462e-05
6.34865e-05
0.000144503
0.000173995
0.00022289
0.000211558
0.000277238
0.000425157
0.000463774
0.000530477
0.000549176
0.000585921
0.000641619
0.000620641
0.000708448
0.000693491
0.000726281
0.000720111
0.000707318
0.000708847
0.000778954
0.000806247
0.000791417
0.000767061
0.000769898
0.000704187
0.000730438
0.000719369
0.000660686
0.0006862
0.000679418
0.000846886
0.000833396
0.000783313
0.000583257
0.000606812
0.000602849
0.000646541
0.000648444
0.000713801
0.000662386
0.000635504
0.000604558
0.000713526
0.000729563
0.00071219
0.000583521
0.00055439
0.000540502
0.000485223
0.000478798
0.000551264
0.000543835
0.000541049
0.000543558
0.00054608
0.000550485
0.000422521
0.000409295
0.000444755
0.000437356
0.000418118
0.000400001
0.000416028
0.000403653
0.000392556
0.000279314
0.000263504
0.000294279
0.000289068
0.000272216
0.000256388
0.000250383
0.000218771
0.000211318
0.000182021
0.00015967
0.000145772
0.000142846
0.000110518
9.63679e-05
9.27601e-05
8.11175e-05
7.25822e-05
5.76909e-05
5.17084e-05
3.62421e-05
3.0396e-05
2.28939e-05
1.88467e-05
1.55726e-05
1.06365e-05
3.23904e-06
1.44762e-06
6.44343e-07
1.15304e-08
5.48806e-07
1.30218e-06
2.65073e-06
4.33089e-06
7.37355e-06
9.06781e-06
1.20067e-05
1.77125e-05
1.99347e-05
2.21668e-05
2.0683e-05
3.66254e-05
3.27813e-05
3.5111e-05
4.32434e-05
4.52312e-05
5.12869e-05
4.65974e-05
4.69992e-05
4.92621e-05
5.97868e-05
6.07604e-05
6.52702e-05
7.23567e-05
7.03894e-05
7.47555e-05
7.59113e-05
7.22985e-05
7.41125e-05
7.94005e-05
8.08646e-05
9.22849e-05
9.24114e-05
9.31712e-05
9.4958e-05
8.95453e-05
8.8061e-05
9.01578e-05
0.000106311
9.79209e-05
0.00017576
0.000159257
0.000102633
0.000160614
0.000154959
0.000150527
0.00014533
0.000146089
0.000144412
0.000145348
0.000134453
0.000131251
0.000139124
0.000139975
0.000138128
0.000132664
0.000131592
0.000131061
0.00012997
0.000127526
0.000129687
0.000116472
0.000149533
0.000155297
7.68894e-05
7.68863e-05
7.68858e-05
7.6828e-05
7.68e-05
7.67991e-05
7.67965e-05
7.68197e-05
7.79377e-05
7.7447e-05
7.84913e-05
7.84377e-05
7.88085e-05
0.000436919
0.000476153
0.00242791
0.002321
0.00206294
0.000289358
0.000239483
0.000702713
0.00052456
0.000455583
0.000165097
0.000127819
0.000120118
0.000117795
2.90168e-06
6.68568e-07
0.000167481
0.0001765
0.000162409
0.000117753
0.000128568
0.00010342
0.000106604
0.000114649
9.40994e-05
0.00018364
0.000194119
0.00033401
0.000328052
0.000403416
0.000387376
0.000274293
0.000260616
0.000551385
0.000400311
0.000378032
0.000386214
0.000370435
0.000322963
0.000231281
0.000310154
0.000293299
0.00025667
0.000233445
0.000219046
0.00035619
0.000330839
0.000288916
0.000154542
0.00169045
0.00129877
0.00131566
0.00106068
0.00076395
0.000590434
0.000446191
0.000400455
0.000335679
0.000247925
0.000307322
0.000220748
0.000202091
0.000175645
0.000124829
0.000101885
7.18651e-05
8.47584e-05
5.29304e-05
4.51273e-05
6.14438e-05
3.60434e-05
3.63068e-05
4.9369e-07
5.37376e-07
5.75876e-07
2.47169e-06
7.16829e-06
5.14045e-06
4.06465e-06
2.51171e-07
9.99844e-07
2.0663e-07
7.38584e-05
8.74902e-05
6.99862e-05
3.4951e-05
2.38676e-05
3.98278e-05
3.395e-05
2.70807e-05
1.0145e-05
0.00411966
0.00271064
0.00212209
0.00162565
0.00135784
0.000864892
0.000642939
0.000255275
0.000174212
0.000199836
0.00035763
0.000260246
0.000488829
0.000350058
0.00028784
4.47663e-05
2.45361e-05
2.17228e-05
0.000149076
0.000205025
0.000139456
1.53752e-05
5.52063e-06
4.678e-06
1.52439e-05
2.52014e-05
3.15379e-05
5.64171e-05
6.43744e-05
7.60526e-05
7.69867e-05
7.35607e-06
2.37139e-06
2.93794e-06
1.16305e-07
2.59145e-07
4.86962e-07
1.10693e-05
3.42792e-06
4.2739e-06
2.57528e-07
1.19669e-08
1.18958e-06
7.39003e-07
1.09615e-05
0.000236118
0.000196618
9.28471e-06
4.26133e-06
0.000797696
0.000594814
0.00136307
0.00152738
0.00124711
0.000896195
0.000561933
0.000378469
0.000297513
0.00032364
0.000218428
9.50595e-05
5.61129e-05
5.00972e-05
4.06763e-05
2.40535e-05
4.37213e-05
2.76014e-05
2.35524e-06
1.23738e-07
6.16694e-07
9.50995e-07
1.93427e-07
3.51084e-07
2.62715e-07
3.75966e-07
3.42061e-07
7.07437e-06
1.86721e-06
2.94964e-06
1.6634e-05
1.06052e-05
1.71691e-07
1.33084e-07
6.23534e-06
5.40077e-06
8.5027e-07
6.98842e-07
2.30705e-06
2.82832e-06
1.07985e-05
1.12362e-06
0.000481478
0.000409856
0.000732986
0.0026902
0.00174466
0.00144757
0.00124793
0.00058419
0.000333039
4.50466e-05
2.29999e-05
6.94709e-05
1.54415e-05
0.000160807
0.000189745
0.000125967
0.000112787
5.91639e-05
7.82052e-05
6.77509e-05
7.7012e-05
5.62889e-05
4.61214e-05
5.41239e-05
6.6503e-05
5.92065e-05
4.70891e-05
5.97111e-05
3.64938e-05
5.22686e-05
5.20913e-05
2.20374e-05
3.32593e-05
3.01436e-05
8.98108e-06
4.84885e-06
4.0735e-06
8.97886e-08
1.7992e-10
1.46753e-06
4.39967e-07
2.62485e-05
7.98364e-06
1.41089e-05
1.73545e-05
3.85488e-05
4.77063e-05
3.02467e-05
6.23329e-05
1.94656e-05
4.25422e-05
6.55678e-05
9.60327e-05
0.000105587
6.04689e-05
8.79184e-05
0.000118862
7.81296e-05
0.000102962
9.07995e-05
0.000139607
0.000184475
0.000248514
0.000234687
0.00015799
0.000244473
0.000657321
0.000571907
0.000330023
0.000374047
0.000265544
0.000233555
0.000148093
9.35998e-05
6.73237e-05
3.75696e-05
6.53114e-06
1.36699e-08
1.19366e-06
1.1282e-06
3.56858e-06
8.6111e-06
2.21893e-05
3.20918e-05
6.59324e-05
9.90589e-05
0.000112354
0.000157702
0.00012674
0.000143408
0.000188647
0.000257376
0.000340602
0.000336937
0.000397836
0.000463187
0.000487616
0.000642391
0.000756747
0.000711359
0.000732798
0.000838585
0.000875104
0.00094346
0.000951741
0.00101585
0.0011336
0.0011605
0.00125574
0.00129399
0.00137874
0.00135444
0.00137645
0.0014296
0.00153714
0.00119515
0.00122635
0.00121246
0.00144237
0.00142343
0.00142722
0.00116279
0.00117457
0.00124321
0.0012683
0.00127366
0.00157966
0.00147415
0.00150373
0.00119577
0.00126717
0.00120573
0.00130614
0.00132124
0.00121094
0.00114225
0.00115888
0.00106022
0.00110163
0.00101842
0.000910416
0.000846853
0.000925673
0.000865475
0.000800098
0.000701576
0.000753384
0.000677481
0.000700389
0.000653055
0.000694772
0.00062469
0.000682767
0.000626922
0.00055548
0.000456765
0.000391461
0.000460546
0.000346654
0.000352717
0.000317544
0.000245456
0.000228269
0.000190989
0.00020361
0.000191332
0.00015308
0.000101672
8.81074e-05
6.27449e-05
6.04174e-05
3.08571e-05
2.04744e-05
1.4193e-05
5.41067e-06
2.67129e-06
1.01962e-08
3.6139e-07
1.3837e-06
4.40421e-06
8.21233e-06
1.46308e-05
2.28878e-05
2.77592e-05
3.56163e-05
3.8927e-05
4.20126e-05
4.78162e-05
5.89028e-05
6.77323e-05
7.44771e-05
7.74749e-05
8.26573e-05
8.92057e-05
9.60381e-05
0.000101974
0.00012159
0.000125175
0.000121598
0.000128481
0.000132162
0.000138106
0.000139236
0.000146545
0.00016195
0.000164035
0.00017119
0.000180207
0.000182776
0.000184069
0.000186374
0.000195415
0.000196673
0.000196233
0.000221347
0.000223278
0.000232661
0.00025052
0.000253662
0.000191951
0.000193409
0.000205006
0.00020543
0.000186862
0.000177517
0.000175555
0.000249771
4.01793e-07
0.00402708
9.34916e-07
9.02913e-05
0.000111241
0.000101807
0.00107902
0.000500046
0.000841289
0.000809419
0.00042292
0.000461545
3.91157e-06
5.22753e-08
1.51987e-09
0.000572694
0.000417744
0.000387744
0.00193909
0.00159744
0.00142777
0.0020184
0.00175351
0.00160213
0.00189797
0.001649
0.00153194
0.00110297
0.000919874
0.000670822
0.000575457
0.000388456
0.000351899
0.000235037
0.000209511
5.19478e-05
2.81474e-05
2.58646e-05
4.27939e-05
2.70992e-05
2.58519e-05
8.45487e-06
2.20851e-06
3.95752e-06
1.17633e-05
2.37886e-05
2.43772e-05
7.8063e-05
9.28611e-05
3.38292e-05
2.84742e-05
9.48214e-05
7.68067e-05
0.0002108
0.000203279
0.000169829
0.000106328
8.43629e-05
6.82422e-05
7.58523e-05
5.83564e-05
5.41254e-05
4.14665e-06
1.41152e-06
6.47536e-07
1.57614e-05
1.64346e-05
1.40077e-05
8.41838e-06
1.88288e-05
6.80876e-07
1.39223e-06
3.15944e-05
1.20222e-05
8.21772e-06
3.94155e-07
1.54959e-06
2.03762e-06
3.48363e-06
3.48221e-06
3.20386e-06
3.69975e-06
2.9121e-06
3.64149e-06
1.05356e-05
5.1476e-06
2.54337e-06
1.32265e-06
2.60055e-08
1.04013e-05
2.11112e-05
1.99324e-05
5.06252e-06
1.11204e-05
1.1632e-05
1.90048e-06
2.92077e-07
2.03162e-07
1.07284e-05
2.57875e-06
6.83079e-08
1.78939e-06
1.12176e-06
3.55295e-07
8.26808e-07
8.24406e-06
1.89505e-05
1.46486e-05
3.21305e-06
8.27715e-08
1.42404e-05
2.2853e-05
2.34359e-05
3.45929e-05
0.000115945
0.000138979
0.000124256
5.85755e-05
6.76092e-05
7.72212e-05
5.29101e-05
6.48435e-05
3.97957e-05
5.43664e-05
5.04253e-05
4.67158e-05
5.70864e-05
5.31693e-05
6.37913e-05
5.67624e-05
7.01371e-05
3.76718e-05
5.14264e-05
4.54669e-05
7.14982e-05
8.15756e-05
2.86541e-05
3.99967e-05
3.4347e-05
6.66139e-05
7.88026e-05
0.000100857
0.000106767
7.56856e-05
8.94882e-05
8.2774e-05
0.000155379
0.000157576
9.19048e-05
9.25599e-05
6.759e-05
7.71854e-05
6.88202e-05
4.63087e-05
5.03546e-05
5.46287e-05
7.49128e-05
7.98239e-05
3.67212e-05
4.08208e-05
3.20907e-05
5.61366e-05
5.6759e-05
5.44643e-05
4.9764e-05
4.50165e-05
3.10093e-05
2.6365e-05
1.18358e-05
8.02518e-06
2.56091e-05
2.36912e-05
1.73464e-05
6.04059e-06
3.33967e-06
1.07813e-05
4.87135e-05
1.29989e-05
0.0178523
0.0152655
0.0143205
0.0115092
0.0107942
0.0121771
0.00990827
0.00829477
0.000120718
0.000348731
0.000315776
0.000585687
0.000472701
0.000408825
0.000645269
0.00055408
0.000556686
0.000697793
0.000550807
0.000563874
0.000421375
0.000443034
0.000349151
0.000409249
0.000282818
0.000281675
0.000134276
3.80448e-05
2.39887e-05
3.56298e-05
1.32218e-05
1.76134e-05
0.000198736
0.000118661
0.000219809
0.000449241
0.000602839
0.000645237
0.000973626
0.000822559
0.000874811
0.000519331
0.000535969
0.000589815
0.000333798
0.000278532
0.00029581
0.00021301
0.000175467
0.000184748
0.000223667
0.0001842
0.000170015
0.000134185
0.000159845
0.000122388
9.03535e-05
0.000124754
0.000121218
6.02386e-05
6.69903e-05
6.0134e-05
3.55074e-05
2.88003e-05
4.27622e-05
1.11694e-05
1.3093e-05
1.58092e-06
4.94739e-07
3.06653e-07
1.28435e-07
7.54791e-06
6.64397e-06
2.06198e-05
1.78995e-06
2.3424e-05
2.97402e-05
1.38435e-05
2.32599e-05
7.54616e-06
3.51051e-05
9.55779e-05
0.000132809
9.83363e-05
3.06513e-05
9.41908e-05
0.000105135
5.74835e-05
8.37999e-05
9.74494e-05
0.00010409
0.00018315
0.000113435
0.000160119
8.17672e-05
0.000156993
9.00295e-05
0.000138802
0.00023608
0.000322228
0.000375092
0.00022347
0.000362954
0.000183836
0.000326547
0.000223588
0.000377253
0.000360884
0.000273608
0.000376239
0.00046598
0.00029186
0.000470677
0.000447758
0.000644805
0.000327873
0.000398034
0.000532126
0.000409905
0.000698193
0.00055897
0.000650623
0.000388583
0.000767523
0.000427634
0.00045277
0.000537459
0.00078826
0.000587771
0.000758624
0.000610047
0.000787765
0.000828925
0.00100278
0.00103652
0.000641955
0.000779175
0.000839803
0.000462966
0.00058788
0.000659055
0.000938629
0.00059511
0.000829363
0.000985565
0.00099331
0.000615476
0.000787338
0.00111372
0.000606827
0.000759518
0.000728731
0.000870089
0.000248971
0.000262143
0.000359388
0.000188267
0.000897362
0.000335262
0.000267001
0.000269345
0.000259593
0.000263028
0.000381598
0.000375804
0.000343278
0.000355742
0.000354898
0.000374856
0.000215035
0.000172474
0.000185234
0.000342931
0.000342707
0.00040567
0.000266684
0.000211711
0.000225773
0.000220407
0.000267741
0.000254278
0.000252228
0.000235119
0.000247405
0.000248567
0.000299617
0.000309541
0.000297237
0.000230347
0.000232947
0.000274223
0.000270061
0.000186154
0.000185293
0.000275894
0.000268633
0.000243263
0.000234679
0.000242131
0.000245595
0.000259559
0.00025181
0.000209731
0.000218655
0.000216407
0.000247544
0.000255972
0.000249744
0.000233273
0.000239735
0.000236734
0.000252198
0.000252941
0.000234214
0.000223477
0.000221771
0.000213587
0.000202596
0.000189126
0.0002138
0.000215879
0.00020282
0.000190946
0.00018605
0.000179781
0.000139453
0.000127646
0.000126253
0.00012047
0.000116115
0.000133354
0.000121448
0.000101265
0.000100421
7.92691e-05
7.06596e-05
6.41284e-05
5.63022e-05
3.81712e-05
3.4805e-05
2.87538e-05
1.76304e-05
1.29731e-05
1.85978e-05
1.39494e-05
1.32387e-05
1.07789e-05
7.18002e-06
1.65573e-06
1.68696e-06
6.10203e-07
2.307e-07
1.06624e-06
2.35928e-06
3.47369e-06
5.90684e-06
7.91401e-06
9.46642e-06
1.1705e-05
1.81235e-05
2.16065e-05
2.29818e-05
2.45608e-05
2.59241e-05
2.75564e-05
3.18793e-05
4.1591e-05
3.36408e-05
5.07957e-05
5.56304e-05
6.12066e-05
6.43667e-05
6.50097e-05
6.99005e-05
7.09724e-05
7.30317e-05
6.79151e-05
6.79949e-05
7.34602e-05
7.48888e-05
7.92829e-05
5.04119e-05
5.25898e-05
5.27957e-05
5.30183e-05
5.53953e-05
4.62301e-05
4.57536e-05
4.72041e-05
5.41457e-05
5.45343e-05
5.58107e-05
5.53637e-05
5.71902e-05
5.54241e-05
5.49082e-05
5.57943e-05
5.24268e-05
5.14595e-05
5.80955e-05
5.75787e-05
5.97592e-05
5.29195e-05
5.26044e-05
5.58809e-05
5.61578e-05
4.94561e-05
4.94733e-05
4.39004e-05
4.33008e-05
4.3816e-05
4.85318e-05
4.88997e-05
4.16827e-05
4.37725e-05
4.18873e-05
4.17043e-05
4.30828e-05
4.69948e-05
4.70523e-05
4.8072e-05
4.79824e-05
5.15803e-05
5.11087e-05
5.21455e-05
2.36447e-05
2.48252e-05
2.50569e-05
0.000108637
0.000108328
0.000110789
0.000110799
0.000112055
0.000115552
0.000115565
0.000115744
0.000110201
0.000111268
8.46922e-05
8.45983e-05
0.000104984
8.32082e-05
8.26447e-05
8.25011e-05
