0.00565032
0.0050602
0.00429869
0.0036733
0.00307962
0.00255578
0.00215329
0.00183644
5.79551e-05
0.000120082
0.000194781
0.00013426
0.000213081
0.000185686
0.00017228
0.000156522
0.00011944
7.74397e-05
4.31725e-05
1.80145e-05
1.69528e-06
4.42402e-05
0.000131948
0.000285832
0.000449222
0.000475641
0.000796979
0.00106157
0.00116992
0.00100862
0.000848249
0.00052397
0.00046327
0.000185019
0.000131343
7.37051e-05
2.38848e-05
3.43048e-05
1.1772e-05
7.61055e-06
2.20145e-06
1.44733e-07
7.62772e-06
1.19337e-07
2.51214e-07
8.60004e-07
7.40302e-08
8.93718e-07
8.38893e-07
7.63715e-08
5.05659e-06
1.00757e-08
1.43701e-06
2.17262e-06
5.23375e-06
1.1228e-05
1.23575e-05
4.5799e-05
3.48706e-05
4.43307e-05
9.50089e-05
5.80879e-05
4.56311e-05
0.000165114
0.000280213
4.18789e-05
0.000169207
0.000342419
0.000147567
0.000258064
0.000358026
0.000849105
0.000530913
0.000777652
0.000962138
0.000903224
0.000896843
0.000619532
0.000497312
0.00126765
0.00145072
0.000601726
0.0005174
0.000800482
0.000745135
0.000690836
0.000687991
0.000658318
0.000596379
0.000752152
0.000646184
0.000625458
0.000581499
0.000575355
0.000595125
0.000468014
0.0006211
0.000566647
0.000535788
0.000466907
0.000507046
0.000420244
0.000423408
0.000498024
0.00042311
0.000322016
0.000325589
0.000282232
0.000291239
0.000297319
0.000231978
0.000278122
0.000216324
0.000186937
0.000145925
0.000146331
0.000119881
0.000102302
6.62524e-05
6.93712e-05
5.6831e-05
2.39873e-05
3.62905e-05
1.81845e-05
1.92354e-05
8.11902e-06
3.95299e-06
3.73755e-06
3.04752e-07
5.00064e-08
3.77596e-07
8.44114e-07
2.79678e-06
4.64307e-06
3.39416e-06
6.44487e-06
3.76454e-06
2.07918e-06
1.61986e-06
4.27456e-06
3.30868e-06
3.43179e-06
3.3493e-06
2.43662e-06
1.18079e-06
4.9067e-06
2.16029e-06
2.74511e-06
5.68297e-06
6.87095e-06
3.287e-06
4.27347e-06
5.74411e-06
4.56899e-06
8.26138e-06
8.53235e-06
2.22771e-06
1.20223e-05
4.85372e-06
4.51779e-07
1.03149e-05
0.00011567
0.000118216
0.000124321
0.000127215
0.00018278
3.41043e-05
0.000352183
0.0014867
0.00289306
0.000227006
0.00190484
3.9419e-05
0.000275868
0.000301946
8.64251e-05
7.14065e-05
0.000215922
0.000185693
8.52263e-05
2.99174e-06
3.19562e-05
9.49802e-05
0.000381754
0.000752367
0.000937532
0.00147135
0.00191326
0.00230084
0.00230682
0.00205825
0.00196532
0.00167898
0.0019974
0.00157394
0.00106734
0.000738436
0.000532268
0.000571195
0.000737502
0.000909718
0.000330834
2.01886e-06
8.61367e-07
9.91975e-06
2.85826e-07
2.86369e-05
2.98584e-05
3.11979e-05
6.66995e-05
9.3256e-06
1.60403e-05
1.82181e-05
9.30518e-06
2.50353e-06
3.33835e-06
8.69813e-07
3.54626e-06
1.62463e-07
1.82276e-05
2.65749e-05
1.74044e-06
7.60623e-09
1.07976e-05
2.14125e-07
4.2057e-06
0.000283914
0.000460384
0.00580374
0.0038835
0.00263465
0.00196027
0.00130304
0.000862627
0.000512261
0.000356733
0.000197214
0.000174664
7.39024e-05
0.00292336
0.00299934
0.00300276
0.00274313
0.00242143
0.0024905
0.00219448
0.00199009
0.00173679
0.00133987
0.00096792
0.000509035
0.000134551
3.32959e-06
7.35278e-05
0.000642026
0.00122744
0.000955825
0.000726896
0.00057052
0.000442314
0.000433431
0.000343482
0.000242756
0.000198019
0.000136821
6.75777e-05
4.80331e-05
2.96875e-05
1.52773e-06
1.9563e-06
6.88168e-06
7.93273e-05
5.13206e-05
5.40093e-05
5.06315e-05
6.41127e-05
0.00013786
0.000168047
0.000106722
0.000123847
9.68007e-05
8.93682e-05
0.000131473
2.114e-05
0.000115542
7.861e-05
0.000161484
0.000185813
0.000134245
0.000155707
0.000150117
0.000188664
0.000257841
0.000242184
0.000298538
0.00027149
0.000453408
0.00037976
0.000579889
0.000599494
0.000506353
0.00118444
0.00137877
0.000771309
0.000816631
0.000554178
0.000200666
0.000184907
0.000385311
0.000309927
0.000401343
0.000397928
0.000499255
0.000262347
0.000256057
0.000548071
0.000159859
0.00024789
0.000357064
0.000337339
0.00033242
0.000272222
0.000240789
0.000134392
0.000182398
0.000147909
0.000173588
0.00016694
0.000127706
0.000122213
0.000156212
0.000128158
9.79165e-05
8.07764e-05
7.21028e-05
7.99299e-05
7.61146e-05
6.65776e-05
6.46965e-05
4.99953e-05
3.96122e-05
3.46811e-05
3.16495e-05
2.80732e-05
2.71075e-05
1.38761e-05
1.23337e-05
1.10384e-05
5.60827e-06
8.48786e-07
1.93071e-07
1.96234e-06
2.96134e-07
2.02579e-11
9.38943e-07
9.33746e-07
1.45027e-07
6.09132e-06
3.15371e-06
9.71019e-06
1.75523e-05
4.8992e-06
1.47754e-07
1.45488e-06
6.77552e-07
2.722e-07
2.44376e-07
2.76638e-06
4.58791e-07
5.90894e-07
7.4634e-07
4.40128e-07
1.5015e-06
3.15607e-06
2.70771e-06
1.83272e-06
4.55001e-07
3.15975e-06
3.15358e-06
3.94204e-06
1.60623e-05
2.23385e-06
7.37653e-07
2.40439e-07
1.03214e-06
0.000107604
0.000108871
0.000110634
0.000110884
0.000111189
0.000108041
7.96649e-05
8.49039e-05
0.000215209
0.00103932
0.00267159
0.000289026
0.00464309
0.000627826
0.000453115
0.000379552
0.00437009
0.00361908
0.00243566
0.00167654
0.000930487
0.000419998
0.000328939
8.34273e-05
9.30726e-05
3.34876e-05
4.94233e-07
7.89151e-06
3.6023e-05
7.88831e-07
1.71937e-07
2.76868e-06
1.57839e-06
4.29772e-06
4.58692e-05
8.09467e-06
2.58285e-05
2.31482e-06
7.86506e-06
5.14005e-05
6.68025e-05
2.14568e-05
6.65481e-05
0.000167664
0.000106407
0.00231566
0.00134266
0.0035785
0.00240791
0.00182338
0.00136596
0.000690277
0.00124986
0.00183249
0.00201685
0.00100582
0.00063587
0.000662059
0.00017953
0.000416352
0.000175844
5.22394e-05
8.08907e-05
4.83834e-05
1.0899e-05
6.22023e-08
1.07675e-06
5.50176e-07
9.73688e-06
4.33476e-06
2.57415e-06
4.47521e-07
2.28466e-06
8.71266e-06
3.55319e-06
7.60728e-06
5.89973e-06
1.15031e-06
0.0041747
0.0020148
0.000917765
0.000423287
0.000150996
6.43427e-05
5.41399e-05
3.24354e-06
0.00731354
0.00676949
0.00626047
0.00574217
0.0050461
0.00427692
0.00375574
0.0022534
0.00180688
0.00112173
0.00050522
0.000100892
5.25796e-08
0.00017566
0.000657007
0.000608745
0.000428914
0.000363647
0.000264563
0.000270508
0.000212463
0.000154668
7.48976e-05
4.74767e-05
2.11657e-05
8.48357e-06
3.3736e-07
1.10534e-05
2.30202e-05
3.23607e-05
0.000166556
0.000139365
0.000206422
0.000210724
0.000218548
0.000236255
0.000209425
0.000251548
0.000265179
0.000258554
0.000404186
0.000263133
0.00039658
0.000404363
0.000472877
0.000569834
0.000560557
0.000653055
0.00063684
0.00058936
0.000624136
0.000706463
0.000786578
0.00072146
0.000705023
0.00091672
0.00116658
0.000745372
0.0008456
0.000799293
0.000223262
8.96556e-05
0.000150973
0.000470186
0.000439996
0.000684746
0.000911782
0.00102299
0.000593361
0.000505074
0.00112753
0.000979861
0.000542892
0.000547829
0.000480091
0.000448068
0.000421002
0.000387324
0.000445044
0.000338639
0.000417014
0.000388932
0.000480456
0.000382515
0.000404698
0.000318968
0.00037838
0.000389465
0.00033932
0.000302264
0.00028066
0.000346409
0.00036459
0.00031296
0.000350997
0.000326583
0.00030529
0.000342116
0.000256489
0.000326558
0.000225659
0.000264963
0.000220525
0.000200901
0.000211379
0.000193066
0.000175121
0.00014676
0.00010776
0.000117162
0.000104289
7.83134e-05
5.95058e-05
3.98711e-05
2.11228e-05
1.3115e-05
2.16551e-05
7.80557e-06
1.12481e-06
4.2253e-08
1.97961e-06
1.0495e-05
2.47286e-05
2.99356e-05
3.76169e-05
4.80339e-05
5.70044e-05
6.56659e-05
8.53483e-05
8.30052e-05
0.00010226
0.000107601
0.000113273
0.000122005
0.000129189
0.000129504
0.000130118
0.000139892
0.000130258
0.000132758
0.000135858
0.000135138
0.000142835
0.000144826
0.000139772
0.000134064
0.000170474
7.45174e-05
7.45335e-05
7.45353e-05
7.45356e-05
7.45436e-05
7.45293e-05
7.45338e-05
0.00143542
1.15711e-08
0.00104596
0.00516949
0.00457121
0.00415365
0.00345733
0.00283577
0.00228774
0.00149524
0.000934505
0.000672719
0.00265902
0.00361259
0.00261788
0.0022431
0.00162975
0.00117222
0.000990352
0.000521765
0.00031083
0.000332341
0.000136833
6.45065e-05
4.26026e-05
9.01861e-06
2.85291e-06
1.26491e-05
9.65774e-06
1.23274e-05
0.00209875
0.00163756
0.00115579
0.000885109
0.000569183
0.000453398
0.000232283
0.000145725
7.66115e-05
4.57079e-05
1.1262e-05
0.00225627
0.00138093
0.00111166
0.000706294
0.00034832
0.000126978
7.49732e-05
7.19774e-05
9.4994e-05
1.14579e-05
4.50814e-05
1.06672e-05
1.43885e-05
6.26192e-05
8.49758e-06
1.84524e-07
1.62948e-05
1.2299e-05
0.0032805
0.00197017
0.00101241
0.00178499
0.000812415
0.000475937
0.000267123
0.00024422
0.000105347
0.0091795
0.00831
0.0077404
0.00652119
0.00587191
0.00383127
0.00289095
0.00180553
2.38815e-05
0.000191467
8.3731e-05
7.99483e-05
5.21875e-05
4.37437e-05
4.03411e-05
2.21689e-05
7.96147e-06
8.99081e-07
6.12813e-06
2.07709e-05
4.07934e-05
0.000109211
9.85601e-05
8.49475e-05
0.000139055
0.000139912
0.000175263
0.000127757
0.00022663
0.000297814
0.000372622
0.000494959
0.000333576
0.000314395
0.000384683
0.000461921
0.000888573
0.00093466
0.000748484
0.00114533
0.000904063
0.000765126
0.000976838
0.000672747
0.000108421
0.000214262
2.23753e-06
6.82466e-06
9.85265e-05
0.000188449
0.000261902
0.000368397
0.000606014
0.000677815
0.000826316
0.000901952
0.000847601
0.000824682
0.000811158
0.000873928
0.000894141
0.000890855
0.000824344
0.000811492
0.000833878
0.000874842
0.000874931
0.000924458
0.000879409
0.00091334
0.000837261
0.000838324
0.000846475
0.000757253
0.000766951
0.000769425
0.000839734
0.000787242
0.000756099
0.000754605
0.000687448
0.000600073
0.000527891
0.000444291
0.000332542
0.000292106
0.000209625
0.000136279
8.58347e-05
4.44566e-05
1.37326e-05
2.34324e-06
1.12562e-07
5.05789e-06
1.12004e-05
2.7852e-05
4.79957e-05
5.23576e-05
8.50012e-05
7.19046e-05
8.9487e-05
0.000116808
9.08123e-05
0.000125182
0.000129515
0.000113392
0.000143435
0.000134302
0.000146585
0.000157425
0.000140234
0.00013531
0.000142736
0.000177757
0.000175946
0.000168424
0.000143073
0.000176575
7.68819e-05
0.000126211
9.0588e-05
0.000166059
6.23298e-05
6.23682e-05
6.23557e-05
6.23175e-05
6.21357e-05
6.21315e-05
0.000246671
0.000246272
0.0040416
0.00318345
0.0103743
0.00941028
0.0078202
0.00702597
0.00563987
0.00553527
0.0045888
0.00345269
0.00298795
0.00118122
0.000707078
0.000528995
0.000363252
0.000163319
8.83536e-05
5.60467e-06
2.95504e-06
3.90653e-07
1.92165e-06
3.14974e-05
9.59143e-05
3.53719e-05
3.99745e-05
0.000104571
8.64499e-05
0.000200529
6.58831e-05
6.92168e-05
1.50614e-06
2.28799e-06
0.000392947
0.000215436
0.000186305
9.76433e-05
8.35992e-06
7.15659e-09
1.97635e-06
3.67335e-06
1.77801e-05
3.67621e-06
1.85809e-05
1.11036e-05
0.00313295
0.00178181
0.00103781
0.000636987
0.000404405
0.000147225
7.11867e-05
5.1015e-05
1.21763e-05
1.58251e-05
1.75092e-05
8.01605e-07
7.66035e-07
1.07581e-07
1.14156e-07
3.65453e-06
4.68892e-06
1.2694e-05
9.13867e-06
2.61847e-06
3.43889e-06
2.90522e-05
2.62168e-05
2.231e-07
0.00714884
0.00677504
0.00589404
0.00545814
0.00471398
0.00353341
0.00279909
0.00201407
0.00111631
0.000407325
6.69391e-05
3.06105e-05
0.000246339
0.000137375
0.000126344
7.85139e-05
6.51291e-05
9.14383e-05
6.3484e-05
6.01041e-05
5.00501e-05
4.33791e-05
1.84847e-05
1.65059e-06
1.57912e-07
5.75407e-06
5.95518e-06
2.83234e-05
8.7665e-05
0.000122762
0.000124276
0.000111908
0.000158902
0.000139194
0.000197527
0.000173524
0.000170356
0.000116654
0.000111075
0.000200245
0.00021187
0.000421692
0.000396495
0.000536868
0.000649473
0.000553162
0.000700207
0.000728918
0.000958249
0.000715079
0.000817119
0.00101317
0.00109714
0.00118281
0.000942658
0.000915127
0.0010839
4.32715e-05
0.000195553
0.000344429
0.000430503
0.000487755
0.00064281
0.000680485
0.000677511
0.000609555
0.000606315
0.000750274
0.000725328
0.000637488
0.000659668
0.00066738
0.000607959
0.000606695
0.000509331
0.000455233
0.000551129
0.000471851
0.000385044
0.000355254
0.000378388
0.000382005
0.000389388
0.000394429
0.000401436
0.000359103
0.000374762
0.000340308
0.000307562
0.000300091
0.0002428
0.000252784
0.000255688
0.000242065
0.000228708
0.000185668
0.000180757
0.000165092
0.000142045
0.000141308
0.000111523
0.000103173
6.48937e-05
5.80719e-05
3.71725e-05
2.87459e-05
2.21008e-05
5.45884e-06
4.77863e-06
1.60756e-06
1.36717e-06
5.65936e-07
8.11009e-07
2.23665e-06
1.60095e-06
1.477e-06
2.74268e-06
5.55756e-06
7.73792e-06
1.23002e-05
1.08051e-05
1.9259e-05
1.74284e-05
2.0737e-05
1.97631e-05
2.61271e-05
2.9825e-05
2.73023e-05
2.91203e-05
6.75698e-05
3.0125e-05
6.88305e-05
6.93272e-05
6.95568e-05
7.01671e-05
7.09923e-05
7.19077e-05
6.58732e-05
0.000713117
0.00298938
0.00027468
0.00014065
0.000351186
0.000282631
0.000223532
0.000181332
0.00012703
1.69491e-07
3.72425e-05
0.000200212
0.000111857
0.0280487
0.0224183
0.0179396
0.0136657
0.00985365
0.00723482
0.00477668
0.00317847
0.00213422
0.00134782
0.000683357
0.000648632
0.000243973
1.09582e-05
4.93569e-06
0.000332729
0.000260638
0.000208334
0.000340596
0.00024124
0.000184537
0.000316578
0.000417517
0.000129549
0.000122331
0.000166192
0.000100236
0.000120849
0.000105929
7.24804e-05
0.000214073
0.000160184
0.000174827
0.00450123
0.00381676
0.00252973
0.00237219
0.00196435
0.00161009
0.0014915
0.00115013
0.000953137
0.000890926
0.00073151
0.000703177
0.000548314
0.000567113
0.000503222
0.000589228
0.000447844
0.000458731
0.000434047
0.000333812
0.000312539
9.56474e-05
7.26627e-05
7.66272e-05
7.98402e-05
0.000119747
0.000112471
7.37858e-05
2.70258e-06
7.29428e-05
0.000149365
0.000292316
0.000384041
0.000360564
0.000277478
3.22205e-06
6.68351e-05
0.000338134
0.00103874
0.00139209
0.000988883
0.000639277
0.00037796
0.000396591
0.00027742
0.000189674
0.000120023
6.0873e-05
8.15277e-05
5.17881e-05
3.70921e-05
9.5021e-06
4.50712e-07
4.42714e-05
7.43491e-05
0.00013004
9.28775e-05
0.000198236
0.00016994
0.000258782
0.00020219
0.000139704
0.000119551
0.000148747
0.000154612
6.9661e-05
5.85546e-05
0.000127042
0.000230973
0.000380258
0.000364008
0.000529527
0.000465443
0.000499195
0.000619325
0.000494647
0.000488681
0.000515368
0.000731778
0.000469797
0.000534987
0.000840605
0.000564373
0.000726657
0.000856927
0.000425876
0.000565871
0.000773381
0.000551532
1.85635e-05
0.000187532
0.000209225
0.000187867
0.00023516
0.000219668
0.000216471
0.000145557
0.000162249
0.000174781
9.25065e-05
8.22773e-05
0.00011772
0.000143175
0.000136095
0.000148542
0.000173783
0.000148235
0.000165986
0.000177382
0.000171184
0.000154597
9.99044e-05
9.58914e-05
8.67552e-05
8.24448e-05
8.26234e-05
9.56962e-05
9.82315e-05
7.35793e-05
6.79153e-05
5.19403e-05
4.9771e-05
4.24819e-05
4.97927e-05
3.2391e-05
2.44006e-05
4.1964e-05
2.20526e-05
2.63523e-05
2.27314e-05
2.09731e-05
9.00628e-06
8.01191e-06
1.48482e-06
3.09712e-07
9.85912e-07
4.21122e-06
1.06587e-06
1.27517e-05
5.46604e-06
7.11086e-06
2.24005e-05
1.29819e-05
1.50109e-05
4.17867e-05
4.78075e-05
2.21234e-05
3.87238e-05
2.68604e-05
1.00306e-05
9.10345e-06
1.03543e-05
8.5109e-06
9.18809e-06
5.90898e-06
1.02464e-05
4.35208e-06
7.3836e-06
7.81334e-06
2.13928e-06
4.42039e-06
5.14839e-06
6.1592e-06
6.84302e-06
2.01369e-08
7.15403e-07
9.6542e-05
9.98393e-05
0.000102001
0.000105546
0.000108238
0.000103988
7.71307e-05
7.72605e-05
0.00188718
9.22452e-05
0.00290303
0.00825359
0.00722269
0.00705598
0.00621166
0.00467398
0.00330343
0.00290005
0.00168534
0.00104716
0.000822359
0.000379409
0.000282959
0.000120567
0.000140882
9.61119e-05
3.43914e-06
1.00951e-07
1.08358e-06
8.08259e-07
1.57631e-05
1.95877e-05
2.44359e-05
0.000126255
6.8312e-06
1.71948e-05
4.43075e-06
1.95529e-05
2.22836e-05
0.000112838
6.83026e-05
7.9314e-05
0.00422882
0.00262486
0.00195517
0.00107298
0.00381226
0.00264448
0.00134001
0.00152561
0.00154494
0.0015604
0.00516451
0.00438731
0.00448438
0.00287116
0.00115707
0.000589595
0.000825006
0.000573789
0.0001304
0.00014459
7.73775e-06
5.76934e-08
0.000471555
0.000644934
0.000789815
0.000653544
0.00034982
0.000391144
0.000343457
0.000158281
0.000181951
0.00116861
0.0210131
0.0133478
0.00764113
0.00392529
0.00185327
0.000964922
0.000328195
0.000172453
7.31268e-05
0.00929511
0.00861914
0.0081455
0.00750397
0.00653147
0.00585115
0.00515793
0.00421619
0.00330424
0.00252813
0.00147588
0.000689463
0.000686235
0.000207342
7.67166e-06
0.000115035
0.00051848
0.000418727
0.000269895
0.000267793
0.000234205
0.000155953
0.0001316
6.74617e-05
3.09257e-05
2.1549e-05
2.10902e-06
4.03374e-07
3.26711e-06
2.74348e-05
5.48551e-05
0.00010954
0.000126877
0.00019434
0.000159793
0.000234333
0.000249574
0.000323918
0.000288327
0.000338817
0.00023607
0.000332502
0.000275396
0.00046236
0.000479684
0.000458682
0.000437902
0.00052132
0.000536936
0.000557224
0.000593809
0.000585334
0.000549899
0.000594805
0.000811456
0.000920948
0.00114551
0.000834909
0.000995792
0.00137654
0.000843396
0.000484608
0.000267101
0.000183174
0.000582772
0.000608067
0.000825863
0.000972432
0.00102055
0.00131711
0.00109338
0.000295792
0.000334763
0.000366953
0.000412012
0.000440504
0.000371075
0.000378432
0.00048425
0.000462988
0.000482812
0.000413016
0.000562356
0.000478895
0.000612845
0.000506668
0.000578378
0.000463835
0.000559187
0.000551815
0.000552324
0.000608089
0.000510051
0.000534375
0.000509416
0.000553855
0.000522031
0.000590553
0.000567972
0.000483464
0.000569495
0.000474273
0.000424285
0.00045609
0.00043847
0.000389661
0.0003639
0.000358058
0.000381286
0.000347818
0.000312831
0.000272613
0.000271301
0.000251834
0.000219733
0.000206123
0.000194688
0.000125626
9.76963e-05
8.19026e-05
5.72851e-05
4.55383e-05
2.75589e-05
1.63683e-05
1.11881e-05
3.09765e-06
3.19464e-06
5.01311e-07
2.4526e-06
6.45203e-06
1.22419e-05
1.79164e-05
2.73003e-05
3.03672e-05
4.16524e-05
4.73967e-05
5.67889e-05
5.72178e-05
6.21713e-05
6.84328e-05
6.9986e-05
7.97758e-05
7.80291e-05
8.64264e-05
7.51835e-05
8.48364e-05
8.79768e-05
8.80446e-05
8.51549e-05
8.43639e-05
0.000129959
8.38018e-05
7.94853e-05
7.32978e-05
7.36068e-05
7.36078e-05
7.33198e-05
7.33219e-05
7.33028e-05
0.000103662
0.00382277
0.000505102
0.000814022
0.00205831
0.00234932
0.00235575
0.00191398
0.0014394
0.0012279
0.000880433
0.000488317
0.000257346
7.98091e-05
4.80745e-05
1.38885e-07
4.80781e-05
0.000978905
0.000735014
0.000131937
0.000505282
0.000374984
0.000286602
0.000110715
1.61369e-05
1.37036e-05
2.54025e-06
3.09369e-07
2.74548e-05
2.72677e-05
3.68756e-05
0.000134481
3.68838e-05
4.79815e-05
0.000145605
8.79824e-05
0.000106538
0.00192319
0.00116396
0.00110654
0.000830037
0.000619811
0.000595418
0.000314611
0.000226047
0.000182719
8.21928e-05
0.0020605
0.00129364
0.000930501
0.000754631
0.000363345
0.000223396
0.000165616
8.50357e-05
2.08344e-05
1.06506e-05
8.80008e-06
2.28072e-06
2.17368e-06
2.14788e-06
3.27051e-06
1.12643e-06
3.95709e-06
8.75573e-06
1.93641e-08
5.86616e-06
4.7691e-05
1.0353e-06
2.41493e-06
1.56764e-07
1.35954e-05
0.00311798
0.00183977
0.000912692
0.000805516
0.000978876
0.000530057
0.000284481
0.000157654
9.38734e-05
8.02307e-05
0.00846103
0.00754007
0.00691065
0.00594225
0.0047033
0.00379152
0.00264045
0.00169425
0.00130022
0.0013676
0.00053144
1.87743e-06
3.83686e-05
0.000384474
0.000278969
0.000166683
0.00015309
0.000101415
0.000112535
7.96586e-05
6.27627e-05
5.51147e-05
2.29925e-05
3.10353e-05
1.29122e-05
5.14763e-08
5.22936e-05
2.9165e-05
2.38256e-05
3.73174e-05
6.36818e-05
9.57089e-05
0.000247912
0.000247126
0.000254453
0.000238551
0.000248125
0.000262462
0.000292585
0.000169483
0.000245884
0.00029533
0.000240625
0.00029335
0.000320038
0.000383725
0.000571759
0.000438919
0.000634402
0.000684319
0.000619853
0.000611127
0.000664556
0.000911289
0.000581514
0.00052633
0.000553571
0.000447417
9.45185e-05
1.22142e-05
0.000506774
1.29626e-05
6.8408e-05
0.000166745
0.000241292
0.000427886
0.000429251
0.000620099
0.000756273
0.000786706
0.000908361
0.000852308
0.000879661
0.000766291
0.000842886
0.000848618
0.000847766
0.000841164
0.000860921
0.000836639
0.000819837
0.000847613
0.000812985
0.00081898
0.000850035
0.000821772
0.000744741
0.000901531
0.000695941
0.0007227
0.000660533
0.000648274
0.000612251
0.000598442
0.000516206
0.000453517
0.000416405
0.0003887
0.000354198
0.00025205
0.000217336
0.00016902
0.000119572
9.22058e-05
6.24692e-05
4.1404e-05
1.89176e-05
2.05982e-06
2.06236e-07
2.75239e-06
1.92568e-05
1.78958e-05
2.78718e-05
4.451e-05
5.58212e-05
6.31607e-05
9.02819e-05
6.68601e-05
9.58052e-05
0.000112548
0.000103116
0.000130864
0.000113755
0.000137782
0.000151713
0.00011861
0.000148015
0.00013977
0.000148287
0.000160402
0.000184939
0.000149179
9.62618e-05
9.2969e-05
8.15372e-05
8.74071e-05
8.92939e-05
9.71874e-05
9.57663e-05
7.10213e-05
7.10314e-05
7.10281e-05
7.09317e-05
7.07516e-05
7.07429e-05
7.07349e-05
0.000201324
0.00133713
0.00415014
0.0096953
0.0104496
0.00900171
0.00693298
0.00712376
0.00517681
0.0045147
0.00356798
0.00236119
0.00154074
0.000849908
0.000600268
0.000219461
0.000322738
0.000213712
1.23617e-05
1.42812e-06
1.65277e-05
7.20131e-05
6.38855e-05
4.95731e-05
0.00015478
0.000134963
3.82645e-05
5.63954e-05
2.26687e-05
2.91217e-05
4.50233e-05
2.57323e-05
5.62457e-05
5.82104e-05
5.70248e-05
7.67558e-05
2.5402e-05
0.000100622
1.27417e-05
0.000255581
0.000278396
0.000174396
0.00014994
6.00302e-05
1.03711e-05
3.86964e-06
2.11738e-06
3.85938e-06
4.35682e-06
4.06915e-06
8.23974e-07
3.53296e-09
0.00296811
0.00176584
0.00111644
0.000726114
0.000333617
0.000228578
0.000109856
4.3743e-05
7.96106e-05
3.29487e-05
5.60931e-05
2.5083e-05
1.49547e-06
6.16951e-07
8.94641e-07
4.42848e-06
4.0855e-06
9.55149e-07
3.28545e-06
8.76126e-07
3.07504e-06
6.51824e-08
1.46171e-07
5.57561e-07
1.50891e-06
0.00651832
0.00616173
0.00583651
0.00504876
0.00417592
0.0030012
0.00247723
0.0013906
0.000718876
0.00030302
1.95011e-05
0.000123142
0.00033379
0.000187076
0.000143768
0.000146117
0.000123803
8.5175e-05
8.87286e-05
7.39384e-05
4.67647e-05
4.88987e-05
5.60152e-05
3.55792e-05
2.60625e-05
4.18932e-08
5.78767e-08
3.29713e-06
1.95326e-05
7.12423e-06
5.21161e-05
4.35072e-05
1.65043e-05
9.34531e-05
1.95222e-05
4.81742e-05
6.61456e-05
0.000137268
0.000137495
0.000122709
0.000102941
7.26023e-05
8.61889e-05
5.03246e-05
0.000147716
0.000167718
0.00023802
0.000204804
0.000347928
0.00040128
0.000394412
0.000441003
0.000381664
0.000545574
0.000446429
0.000344033
0.000386541
0.000355504
1.96445e-05
4.38994e-05
0.000224015
0.00015424
0.000252022
0.000269803
0.00038551
0.000553081
0.000560435
0.000634254
0.000756103
0.000712555
0.000684974
0.000630122
0.00062492
0.000597624
0.000554571
0.000607934
0.000522737
0.000544038
0.000476494
0.000567387
0.000497054
0.000507063
0.000606365
0.000499415
0.000535138
0.000482175
0.00046075
0.000386526
0.000471731
0.000417383
0.00036252
0.000294105
0.000334687
0.000297641
0.000272415
0.000249974
0.000234279
0.000181135
0.000166643
0.000136142
0.000143101
0.000119474
7.82709e-05
6.40311e-05
4.88215e-05
3.53267e-05
1.75016e-05
1.21713e-05
5.6069e-06
2.50863e-06
6.59214e-08
1.597e-06
8.47302e-07
7.78224e-06
1.16516e-05
1.50535e-05
2.29992e-05
2.83324e-05
2.80096e-05
4.11667e-05
4.18368e-05
4.39853e-05
5.28448e-05
5.94223e-05
5.72869e-05
6.87772e-05
5.50912e-05
5.8891e-05
4.99118e-05
3.72982e-05
6.84427e-05
5.53578e-05
6.22908e-05
6.30188e-05
8.15007e-05
8.29276e-05
8.33769e-05
8.37053e-05
8.51218e-05
8.48999e-05
7.49823e-05
0.000128227
0.000128715
0.00275612
0.00240195
0.00155504
0.0222669
0.024542
0.020732
0.0175089
0.01572
0.0145244
0.0124938
0.00978531
0.00704283
0.00552146
0.00318004
0.00222887
0.00142923
0.000958606
0.000445137
0.000305641
0.000156786
7.81005e-05
4.32733e-05
3.71052e-05
0.000124798
4.94441e-05
6.34303e-05
0.000103807
8.28476e-05
7.32082e-05
0.000145062
1.9716e-05
1.88644e-05
4.44129e-05
4.62775e-05
4.06124e-05
5.1331e-05
3.97051e-05
0.00011295
0.000120334
6.11251e-05
0.000150586
0.00126029
0.00174717
0.00148978
0.0014053
0.00114387
0.000997406
0.000597836
0.000541069
0.000756372
0.000566159
0.00055675
0.00060995
0.000576598
0.000441536
0.00053989
0.000520295
0.000431898
0.000474773
0.000439895
0.000396179
0.000343497
0.000447817
0.000369648
0.000317047
0.000310658
0.000273084
0.000376018
0.000286284
0.000268291
0.00026164
0.000320158
0.000271933
0.000264105
0.000193486
0.000142843
0.000289598
0.000430005
0.000406112
0.000325679
0.000200341
7.938e-05
4.08201e-05
3.3377e-06
0.000144834
0.00117596
0.00123352
0.00082318
0.000588346
0.000525092
0.000405281
0.000285164
0.000175746
0.000119053
6.15686e-05
1.59108e-05
3.62631e-05
1.46923e-05
1.74632e-06
6.74831e-07
4.1564e-07
1.86652e-05
2.00324e-05
3.48037e-05
2.20977e-05
4.89871e-06
1.96218e-05
6.40595e-06
1.3305e-06
2.50389e-08
5.41533e-06
3.95639e-05
8.10965e-05
2.97236e-05
0.000148429
0.000137822
0.000256325
0.000270505
0.000191088
0.000369767
0.000488858
0.000280644
0.000446807
0.000414959
0.0004112
0.000362409
0.000480833
0.000842998
0.000486586
0.000600828
0.000791894
0.000632208
0.000353496
0.000355021
0.00103063
0.0010081
0.000101004
0.00011147
6.52661e-05
6.35219e-05
9.20246e-05
0.000142328
0.000164915
0.000137659
0.00018638
0.000200684
0.00018896
0.000211379
0.00027554
0.000232758
0.000255205
0.000217149
0.000238068
0.000235215
0.000244411
0.000257838
0.000313108
0.000288335
0.000239689
0.000308225
0.00024463
0.000241749
0.000217619
0.000223162
0.000226849
0.000249473
0.000203779
0.000275415
0.000190766
0.000153653
0.00013346
0.00014579
0.000131453
8.95911e-05
7.05931e-05
5.74791e-05
4.73056e-05
4.3376e-05
3.9269e-05
2.70307e-05
2.79777e-05
1.66435e-05
1.76539e-05
3.54986e-06
4.99872e-06
7.9761e-06
4.35183e-07
2.3105e-06
4.25103e-09
8.12528e-07
1.50022e-06
3.19382e-06
9.27352e-06
1.3307e-05
4.32464e-06
1.39929e-05
1.61413e-05
2.0356e-05
8.14838e-06
3.0404e-05
1.16855e-05
3.18279e-05
9.90979e-06
5.8284e-06
3.49341e-05
1.30242e-05
1.5052e-05
5.86211e-06
6.08554e-06
1.4609e-05
2.59632e-05
5.55199e-06
3.82517e-05
1.32956e-05
2.31514e-06
7.76289e-05
8.02451e-05
8.0541e-05
7.69334e-05
8.06759e-05
7.74723e-05
8.19953e-05
8.27946e-05
8.7654e-05
0.00281544
0.00283642
0.00408432
6.32381e-06
0.00712324
0.00580574
0.00480783
0.00425962
0.00430024
0.00411643
0.00333166
0.00301362
0.00204038
0.00148351
0.000873001
0.000733852
0.000310478
0.00016526
0.00011396
0.000182088
5.69826e-05
6.53361e-05
1.5977e-06
1.6248e-06
5.8208e-05
9.56377e-05
1.61838e-05
5.11746e-05
0.000226345
0.000124416
0.000137658
3.21098e-05
0.000149008
0.000156702
0.000305993
0.000299615
0.00189844
0.00217625
0.00125868
0.000681877
0.00206402
0.00187331
0.000753661
0.000506443
0.000279279
0.000568376
0.000243714
0.000160902
0.000216285
6.00658e-05
3.48945e-05
3.56925e-05
2.09059e-05
3.19731e-06
1.041e-05
1.64163e-06
4.53853e-06
1.71408e-05
1.03051e-05
5.74873e-05
2.77722e-05
0.0127517
0.00790855
0.00145043
0.00540399
0.00292022
0.001756
0.000787729
0.000332673
9.8594e-05
4.29311e-05
5.29382e-05
8.73568e-06
3.1425e-06
1.24012e-05
3.41576e-07
0.00930034
0.00870944
0.00824407
0.00733811
0.00640255
0.00560375
0.00493208
0.00403885
0.00268016
0.0020824
0.00137372
0.00127137
0.000690614
0.000131374
3.07361e-06
0.000214515
0.000601534
0.000329218
0.000276574
0.000220996
0.000205499
0.000160779
0.000101602
7.37644e-05
4.40974e-05
3.99278e-05
6.47048e-06
2.22828e-06
1.04274e-06
1.95384e-05
3.48714e-05
7.79034e-05
9.92411e-05
0.000130054
0.000186793
0.000208729
0.000207361
0.000245769
0.000189168
0.000278568
0.000419939
0.000360386
0.000429747
0.000373578
0.000284505
0.000287241
0.000412181
0.000431549
0.000470113
0.000687456
0.000912196
0.000742466
0.000952305
0.000780444
0.00113858
0.000853887
0.000691381
0.0004317
0.000396319
0.000339662
0.00045237
0.000661165
0.000981375
0.000876158
0.000503387
0.000699615
0.000947984
0.00111335
0.000919399
0.000982037
0.000377516
0.000410338
0.000401129
0.000438038
0.000411972
0.000425663
0.000455088
0.000440649
0.000485426
0.000518562
0.000485869
0.000469464
0.000538842
0.000404892
0.000532994
0.000534709
0.000518277
0.000563589
0.000519163
0.000591773
0.000534441
0.000417715
0.000543077
0.000577193
0.000573335
0.000481963
0.000494113
0.000452125
0.000573501
0.000464235
0.000473209
0.000433574
0.000421893
0.00045384
0.000434593
0.000451637
0.000411336
0.000390017
0.000293786
0.000300495
0.000266839
0.00019841
0.000231918
0.000171498
0.000137257
0.000116412
0.000108997
9.05672e-05
7.66995e-05
5.0379e-05
3.27445e-05
3.48392e-05
1.20721e-05
7.55213e-06
1.3944e-06
3.95906e-11
6.66911e-07
3.52198e-06
7.4685e-06
1.05359e-05
1.70702e-05
3.31971e-05
3.86967e-05
4.56643e-05
5.16244e-05
5.8548e-05
6.52022e-05
8.54784e-05
8.34973e-05
8.76011e-05
9.41091e-05
9.52716e-05
9.53279e-05
9.65437e-05
0.000100527
0.000107093
0.000106337
0.000105076
0.000108541
0.000108648
0.000109057
0.000153812
8.03266e-05
7.94381e-05
7.94105e-05
8.04645e-05
7.95716e-05
7.95175e-05
7.71768e-05
9.26354e-05
0.0031549
0.00031147
6.54642e-05
0.00176085
0.00273248
0.00280915
0.00244778
0.00165856
0.00137996
0.000880553
0.000499917
0.00020308
0.000128143
2.79636e-05
5.7573e-06
0.00183255
0.00107222
0.000635643
0.000589372
0.000421118
0.000309809
0.000223368
9.12056e-05
2.68354e-05
1.61118e-05
2.83547e-06
6.87106e-06
7.40181e-06
2.43154e-07
6.89697e-07
2.34076e-05
3.41514e-06
3.57537e-06
6.55258e-05
1.40505e-08
0.00234294
0.00144104
0.00102384
0.000973632
0.000712502
0.000516141
0.000187582
0.000226565
4.32996e-05
1.43365e-05
0.000152327
0.000198549
7.75023e-05
0.000163129
0.000156489
0.000419245
0.000177475
0.000265917
4.82666e-05
0.000243896
0.000194617
0.000301252
0.000283935
0.000211423
0.00030237
0.000193862
0.000245845
0.000230863
0.000208636
5.53818e-05
6.33308e-05
0.00015214
0.00021643
0.000197703
0.000209775
4.72732e-05
0.000230017
0.00021749
0.000215893
2.83951e-08
7.13943e-07
1.34688e-06
0.020817
0.00135963
0.00146834
0.0015751
0.00146705
0.00115265
0.000950064
0.000842297
0.00067477
0.00021635
0.000149752
2.138e-06
8.79127e-05
0.000460002
0.00112697
0.000688704
0.000488294
0.000394291
0.000370661
0.000235744
0.000197795
9.96709e-05
6.57573e-05
3.04007e-05
3.16664e-06
3.1514e-06
4.59752e-06
8.41846e-06
6.96444e-06
4.96584e-05
4.64904e-05
0.000153734
0.000131788
0.000143623
0.00020544
0.000169709
0.000155648
0.00023873
0.00016025
0.000205747
0.000169565
0.000169676
0.000315884
0.00022889
0.000343791
0.000486273
0.000519618
0.000647011
0.000753816
0.00078392
0.000856377
0.00102728
0.000824071
0.000774813
0.000729707
0.000664435
0.000394905
0.000338223
0.000795449
0.000572142
0.000752985
0.000694749
8.44222e-05
3.74018e-06
2.84515e-06
6.31958e-05
0.000203834
0.000293458
0.000334654
0.000420426
0.00039623
0.000391033
0.000459239
0.000534594
0.000559264
0.00047746
0.000519603
0.00055199
0.000577003
0.000661682
0.000534146
0.000444042
0.000626132
0.000646579
0.000557707
0.000559809
0.000600649
0.00076212
0.000550814
0.000541718
0.000573877
0.000564946
0.000566157
0.000442757
0.000497908
0.000442872
0.000342093
0.000351219
0.000331181
0.000251583
0.000199675
0.000184413
0.000104277
7.08489e-05
5.12917e-05
1.75565e-05
6.14498e-06
1.59843e-07
5.59887e-09
1.55988e-06
1.36286e-05
3.28904e-05
2.4773e-05
5.41817e-05
6.27998e-05
5.88568e-05
7.9871e-05
6.94561e-05
9.20633e-05
0.000109917
0.000100879
0.000128819
0.000116013
0.000128928
0.000140698
0.000136737
0.000121721
0.000149028
0.00012487
8.00115e-05
6.47838e-05
6.873e-05
7.95879e-05
8.0596e-05
8.47097e-05
9.12726e-05
8.9049e-05
0.000112475
7.85405e-05
7.85503e-05
7.85576e-05
7.8537e-05
7.84531e-05
7.83169e-05
7.82504e-05
0.000239226
0.00161544
0.00211731
0.0117341
0.00829934
0.00711845
0.0087038
0.00548623
0.00532801
0.00391431
0.00300104
0.00211521
0.00151416
0.00110984
0.00040264
0.000141275
0.000127536
9.24495e-05
2.15731e-05
5.7913e-08
8.48275e-06
0.000122529
0.00011693
4.50808e-05
6.86148e-06
9.50497e-05
5.659e-05
7.65574e-05
7.3283e-05
0.000139012
0.000265276
5.65253e-05
0.000245459
7.35921e-05
6.90679e-05
6.53923e-06
6.66606e-05
0.000327003
0.000240424
0.000209318
8.71087e-05
5.82598e-05
7.13256e-06
3.07172e-05
1.14462e-05
1.36916e-05
6.43743e-07
7.0155e-06
0.00126463
0.000743722
0.000479836
0.000355992
0.000155848
9.96446e-05
6.5844e-05
2.85153e-05
2.19684e-06
9.19759e-06
4.46907e-06
4.59509e-06
1.88929e-07
8.80562e-07
1.96543e-06
1.85303e-06
4.38213e-06
1.04686e-06
2.3078e-05
1.44177e-06
9.83924e-06
6.88687e-06
5.9944e-06
1.77835e-06
1.68464e-05
0.00433812
0.00424046
0.00420171
0.00380985
0.00306866
0.0027049
0.00178636
0.00112108
0.000744649
0.000171024
1.10411e-06
0.000102678
0.000540571
0.000607168
0.000380122
0.000260227
0.000203715
0.000137455
0.000100574
5.69552e-05
3.01661e-05
5.08813e-05
7.21647e-06
3.27159e-07
3.64061e-06
1.12334e-05
3.0196e-05
7.91522e-05
0.000109751
0.00012558
0.000160739
0.000105438
9.39861e-05
0.000201369
0.00031219
0.000267125
0.000234224
0.000197314
0.000249045
0.000210987
0.000276418
0.000174662
0.000309429
0.000515099
0.000571367
0.000435325
0.00047537
0.0004866
0.0005551
0.000501245
0.000549532
0.000444996
0.000543805
0.000555335
0.000413698
8.18527e-05
0.000864176
0.000192005
0.000180226
0.000285061
0.000335751
0.000373737
0.000380797
0.000459434
0.000414211
0.000333413
0.000399629
0.000333013
0.000308117
0.00036741
0.000380049
0.000433491
0.00036633
0.000483928
0.000382025
0.000379231
0.000350914
0.000368799
0.000379816
0.000359929
0.000402179
0.000360472
0.000335366
0.000384136
0.000328059
0.00028716
0.000273519
0.000207437
0.000236862
0.000199839
0.00017661
0.000159535
0.000181767
0.000178127
0.000112291
0.000117569
8.61517e-05
9.22619e-05
6.58672e-05
4.08831e-05
4.37908e-05
9.79154e-06
1.33282e-05
5.07554e-06
2.12592e-06
1.50443e-06
1.29845e-07
1.56095e-06
2.97172e-06
1.05435e-05
1.57439e-05
1.42162e-05
3.17512e-05
3.41141e-05
4.01107e-05
5.28212e-05
5.56049e-05
6.57958e-05
6.30348e-05
7.10575e-05
7.53634e-05
7.35086e-05
7.36181e-05
7.50109e-05
9.045e-05
8.94739e-05
9.20418e-05
8.68871e-05
8.55354e-05
8.21001e-05
7.27247e-05
8.24247e-05
8.25061e-05
8.26476e-05
8.272e-05
8.30091e-05
8.34192e-05
8.33746e-05
8.03119e-05
0.0012722
0.00128119
0.000112557
0.0294308
0.0191436
0.0166043
0.0136108
0.0141108
0.0148121
0.013768
0.0126805
0.0105983
0.00845427
0.00610005
0.0044907
0.00272499
0.0018794
0.000926287
0.00052374
0.00024694
0.000149522
0.000158275
3.34433e-05
1.9367e-05
4.77659e-05
3.1367e-05
0.000118164
0.000113423
0.000158061
0.000136519
0.000123702
6.7554e-05
5.44517e-05
0.000130162
6.71876e-05
3.93705e-05
7.53491e-05
9.22797e-05
7.80421e-05
8.2111e-05
0.000104042
0.000117961
2.17484e-05
0.000119048
0.000109993
3.7722e-05
3.80137e-05
0.00159229
0.00145579
0.0012494
0.00130717
0.00129095
0.00115394
0.00119953
0.00104079
0.00102145
0.00094576
0.000821902
0.00078942
0.000699541
0.00068979
0.000532108
0.000560971
0.000679508
0.00056169
0.000489404
0.000464694
0.000430894
0.000350105
0.000408458
0.000401906
0.000285281
0.000259725
0.00023858
0.000275512
0.000457314
0.00021179
0.000208385
1.51538e-06
6.69821e-05
0.000347009
0.000824355
0.0014435
0.00132236
0.000715034
0.000719238
0.000455094
0.000265113
0.000258539
0.000187617
0.000107361
7.35647e-05
2.06109e-05
6.6021e-06
1.2066e-05
1.04728e-07
1.34394e-05
5.49898e-05
3.58886e-05
4.3306e-06
6.03857e-06
4.35763e-06
3.42278e-05
1.97535e-05
2.98547e-05
8.31626e-05
3.50588e-05
0.000112834
5.26026e-05
0.000257488
0.000276205
0.000330537
0.000342668
0.000380024
0.000334288
0.000316674
0.000409823
0.000422276
0.000588654
0.000811043
0.000633815
0.000580806
0.000492731
0.000375361
0.000634475
0.000710435
0.000758123
0.000795252
0.00100175
0.000521379
0.000479583
0.000451287
0.000380814
0.000453505
0.000372354
0.000434266
0.000410388
0.00035802
0.000366553
0.000327452
0.000268918
0.000307749
0.000297017
0.00028879
0.00026556
0.00027079
0.000280143
0.000185914
0.000259408
0.00019233
0.000234826
0.000235561
0.000222795
0.000182006
0.000183431
0.000126057
0.000102776
0.000137259
0.000121972
0.000111366
0.000139522
0.000141191
9.68776e-05
8.57357e-05
8.54486e-05
8.95484e-05
5.12509e-05
4.07096e-05
5.99814e-05
4.41097e-05
4.71131e-05
3.67213e-05
4.40743e-05
3.6415e-05
1.10017e-05
1.17599e-05
1.10368e-05
5.3165e-06
5.53345e-07
3.48966e-06
1.08563e-06
8.15056e-07
2.27784e-06
1.72116e-07
4.33553e-07
2.55744e-08
1.7251e-08
8.62202e-08
5.27284e-07
8.20019e-07
9.88596e-07
1.3969e-06
2.01866e-06
2.36257e-06
1.0561e-05
1.23107e-05
1.1173e-05
1.35744e-05
1.35157e-05
2.08557e-05
2.63432e-05
3.99296e-05
2.64192e-05
2.93932e-06
9.33865e-06
2.65284e-05
3.11562e-05
1.79638e-05
1.87605e-05
4.69914e-05
3.33939e-05
7.70881e-05
0.000141377
0.00212684
0.00206278
0.00226211
0.00241443
0.003135
0.000140971
0.000150953
0.000158941
0.000166393
0.000765453
0.0036859
0.000233907
0.00231734
0.00186566
0.00183875
0.00146911
0.000979877
0.000762879
0.000411599
8.98277e-05
2.59607e-05
1.55797e-05
1.31944e-06
2.27531e-05
1.77213e-05
1.77317e-05
2.54328e-05
7.43447e-05
9.4261e-05
0.000126452
0.000247931
0.000419596
0.000153545
0.000328978
0.000389861
0.000293018
0.000253554
0.000205498
0.000383075
0.000279376
0.000376569
0.00133713
0.000598611
0.000609489
0.00111582
0.000573309
0.000382827
0.000511391
0.000182458
0.000319606
0.000147517
5.42129e-05
3.58611e-05
1.11188e-05
1.0946e-05
3.23451e-06
3.99148e-05
1.4884e-05
1.52109e-06
3.26248e-06
3.54715e-06
7.96245e-06
1.2079e-05
6.57231e-05
5.39183e-06
1.04324e-05
1.02611e-05
1.50247e-07
3.18036e-05
2.50791e-05
9.04557e-06
6.313e-06
7.96797e-06
0.00923726
0.00591769
0.00367377
0.00166853
0.000666374
0.000323152
0.000147517
6.91863e-05
2.95926e-05
1.71331e-05
8.26923e-06
0.00603217
0.00590434
0.00539294
0.00480121
0.00420617
0.0036201
0.00308035
0.00229031
0.00168557
0.000512588
0.000193242
0.000177653
0.000227374
0.000867847
0.000802085
0.00059101
0.000482461
0.000433303
0.000387614
0.000297646
0.00020477
0.000133915
5.7223e-05
4.17059e-05
6.31198e-05
4.00156e-06
2.89665e-07
2.81622e-06
8.88501e-05
9.27367e-05
0.000137511
0.000170739
0.000190139
0.000298186
0.000235853
0.000482273
0.000419188
0.000366274
0.000490758
0.000446193
0.000333785
0.000537876
0.000353019
0.000419747
0.000401536
0.00068826
0.000922945
0.000671802
0.0005732
0.000526958
0.000309226
0.000245777
0.000568602
0.00051294
0.000793024
0.000575544
0.000585075
0.000521461
0.000704855
0.000409425
0.000937666
0.00113852
0.000283253
0.000325478
0.000274345
0.000284453
0.000267972
0.000256546
0.000328051
0.000250931
0.000328396
0.000261585
0.00028192
0.00032222
0.000287137
0.00027912
0.000273678
0.000288787
0.000279515
0.000270079
0.000247464
0.000320421
0.000246351
0.000282399
0.00021362
0.000288692
0.000284413
0.00024301
0.000281005
0.000241515
0.000271756
0.000220335
0.000271858
0.000207307
0.000198502
0.000173349
0.000137583
0.000133514
7.42096e-05
5.64419e-05
4.77474e-05
2.59585e-05
2.06971e-05
8.7507e-06
3.15248e-06
3.02362e-07
3.03906e-06
4.01938e-06
1.51421e-05
2.48187e-05
3.09999e-05
5.31979e-05
6.7691e-05
6.8519e-05
7.61735e-05
9.76134e-05
0.000107993
0.000115045
0.000125887
0.000127881
0.00013451
0.000133683
0.000142811
0.000148434
0.000152673
0.000148728
0.000151267
0.000154174
0.000148595
0.0001511
0.000155433
0.000157634
0.000161273
0.00017572
9.26855e-05
9.35351e-05
9.27581e-05
9.37423e-05
9.3463e-05
9.26818e-05
8.99214e-05
0.00100727
0.00133142
0.000978398
0.00512259
0.00492755
0.00444457
0.0040456
0.00306803
0.00239658
0.00144766
0.00108109
0.00404654
0.00323699
0.00188769
0.00147877
0.0013583
0.000864474
0.000839237
0.00061187
0.000369947
0.000162326
0.000206539
0.000116156
3.77481e-05
5.23574e-06
3.31175e-06
1.46346e-06
1.29508e-06
0.0020384
0.00118602
0.000917216
0.000745523
0.00065967
2.43323e-05
2.90239e-06
5.93673e-06
1.88882e-07
4.71372e-06
8.67052e-06
3.59351e-05
1.91196e-05
7.45344e-05
0.000101546
0.000213195
0.000202374
0.000103534
0.000203782
0.000214964
0.000264033
0.000217864
0.000262948
7.20925e-05
0.000123097
0.000243113
0.000255413
0.000243104
7.74744e-05
0.000141784
0.00030786
2.97356e-05
2.13482e-05
0.00056638
0.000721071
0.000965497
0.000802533
0.000807095
0.000736086
0.000555711
0.000368825
0.00021014
5.16774e-05
1.87482e-05
0.000189045
0.00121512
0.000960189
0.000576576
0.000413363
0.000293565
0.000199365
0.000144703
6.1099e-05
0.000114845
3.33466e-05
2.32073e-05
2.16887e-06
1.0868e-06
1.24493e-05
7.35913e-05
0.000243211
0.000209774
0.000279338
0.000260007
0.000307913
0.000358287
0.00039253
0.000476931
0.000298414
0.000384959
0.000375995
0.000758833
0.000627686
0.000832124
0.000694986
0.000564297
0.000719668
0.000825933
0.000927347
0.00116807
0.000926437
0.000650711
0.000443419
0.000508165
0.00048409
0.000112453
9.25454e-06
1.1395e-05
0.000105574
0.000212369
0.000261489
0.000306223
0.000363553
0.000380054
0.000453425
0.000497526
0.000541698
0.000612135
0.000586847
0.000634252
0.000588525
0.000540201
0.000626697
0.000453876
0.000632648
0.000604752
0.000545371
0.000534388
0.000658124
0.000608967
0.00055797
0.000572877
0.000524302
0.000562911
0.000570558
0.00052583
0.000438308
0.000410488
0.000377984
0.000325464
0.00028681
0.000269276
0.000162357
9.71895e-05
6.38422e-05
3.59394e-05
2.04605e-05
9.21219e-06
2.89772e-08
2.68181e-07
4.60269e-06
1.29027e-05
3.26008e-05
5.94897e-05
5.76663e-05
9.20543e-05
8.59671e-05
9.68489e-05
0.000120283
0.000106527
0.000144385
0.000129106
0.000139804
0.000153908
0.000170272
0.000142138
0.000180697
0.000166515
0.000182076
0.000157478
0.000180733
0.000165615
0.000181274
9.76131e-05
9.68792e-05
0.000101597
0.000147527
0.000148011
0.000159209
0.000163966
8.12505e-05
8.13022e-05
8.12912e-05
8.12808e-05
8.12524e-05
8.10199e-05
0.000683396
0.00595277
0.018938
0.0143881
0.0100666
0.00880402
0.00820577
0.00633255
0.00538265
0.00359303
0.00267123
0.00181658
0.00108979
0.000508434
0.000212341
0.000307854
0.000215516
0.000170874
1.60374e-07
6.92545e-06
8.35614e-06
1.39524e-05
2.65471e-05
1.8029e-05
1.384e-06
1.2664e-05
3.48824e-06
2.74515e-05
6.05448e-05
5.1528e-05
1.41073e-05
8.19336e-06
7.54762e-05
0.000499468
0.000344717
0.0001279
7.48791e-05
2.6781e-05
2.18441e-06
1.50736e-05
5.1467e-09
1.62733e-05
0.00148849
0.000856257
0.000614924
0.000275741
0.000176579
0.000117436
2.76221e-05
3.34353e-05
1.45483e-05
3.02336e-06
1.57123e-08
3.37457e-06
1.71974e-06
1.94401e-06
4.54339e-06
7.94211e-06
6.72807e-07
3.98576e-07
4.05322e-06
8.39863e-06
2.50169e-05
2.43216e-05
0.00471613
0.0046935
0.00448976
0.00400047
0.00364462
0.00304815
0.00227153
0.00164749
0.00115616
0.000558535
8.58057e-05
6.43526e-08
5.43709e-06
0.000458877
0.000401489
0.000273845
0.000199823
0.000107045
0.000112506
4.14427e-05
2.26596e-05
7.36894e-06
1.55173e-06
1.98922e-06
1.59045e-06
1.00206e-05
1.6866e-05
3.0776e-05
5.39174e-05
8.39662e-05
7.62847e-05
0.000126382
5.93048e-05
0.000114361
0.000291687
0.000282452
0.00024342
0.000201971
0.000190303
0.000208037
0.000124679
0.000140661
6.12937e-05
0.000226453
0.000489178
0.000487133
0.00045239
0.000432064
0.000424143
0.000455786
0.000500568
0.000761311
0.000689495
0.000582216
0.000659405
0.000581884
0.000484912
0.000557907
0.000934469
0.000137964
0.000196288
0.000227752
0.000264346
0.000349299
0.000315995
0.00032728
0.00026918
0.000432303
0.000340848
0.000377951
0.000356234
0.000380388
0.000391267
0.000443603
0.000394457
0.000382827
0.000402856
0.000431297
0.000366358
0.000383289
0.000400489
0.000398132
0.000334087
0.000331559
0.000373633
0.000433639
0.000368298
0.000416534
0.00043159
0.000392889
0.000323849
0.000333148
0.000255713
0.000304697
0.00031806
0.000281413
0.000278754
0.000225682
0.000241495
0.000161555
0.000188925
0.000157814
0.000107235
9.1311e-05
7.02791e-05
6.41655e-05
4.14209e-05
2.83415e-05
2.17129e-05
1.6546e-05
1.23427e-05
7.60922e-06
8.68837e-07
2.57547e-07
2.1055e-07
2.21419e-06
4.15904e-06
5.0204e-06
6.93232e-06
1.8238e-05
2.03166e-05
2.11264e-05
1.94218e-05
3.03418e-05
3.27371e-05
3.51516e-05
3.94504e-05
5.61412e-05
3.44551e-05
4.48185e-05
3.73579e-05
7.45552e-05
7.76913e-05
7.78085e-05
7.80386e-05
7.77825e-05
7.79648e-05
7.82716e-05
0.0022441
0.00323595
1.69418e-05
0.0151965
0.0124964
0.00886628
0.00963138
0.0113546
0.0100893
0.0104879
0.00891715
0.00744048
0.00541078
0.00399761
0.00224804
0.00145155
0.000567025
0.000451334
0.000169776
0.00010317
3.17258e-05
2.94849e-05
4.52513e-07
1.07847e-07
4.35523e-06
6.81055e-06
9.99381e-05
7.43493e-05
7.96799e-05
0.000223354
0.000174706
0.000105819
0.000145122
0.000427621
0.000337452
0.000348596
0.000294628
0.000319967
0.000273356
0.000219073
0.000228011
0.000197824
0.000172586
0.000110687
9.9526e-05
9.78742e-05
0.000119065
3.67845e-05
0.000228735
0.000230638
0.00018222
0.000144474
0.000102363
2.63903e-05
6.34669e-05
0.000198057
0.000175762
0.0001772
0.000200384
0.000781064
0.000512433
0.00038422
0.000302779
0.000187522
0.000146538
7.61522e-05
0.000786962
0.000676742
0.000452835
0.000326266
0.000216416
0.000113013
7.62667e-05
5.24226e-05
3.41924e-05
0.00291358
0.00293236
0.00292209
0.00255546
0.00191443
0.00126132
0.000706772
0.000626563
1.61493e-06
0.000133616
0.000504084
0.000706518
0.000458592
0.000329516
0.000264419
0.000167641
0.000182282
8.76825e-05
4.51376e-05
3.07938e-05
5.56345e-06
5.02517e-09
1.39209e-06
1.45705e-05
1.91094e-05
2.01542e-05
1.4166e-05
9.29761e-06
1.81591e-05
3.51925e-05
2.18899e-05
1.72629e-05
4.47129e-05
9.61584e-05
5.87179e-05
3.69172e-05
0.000106387
1.86494e-05
5.01504e-05
1.74427e-05
8.99218e-05
9.40295e-05
0.000543374
0.000196522
0.000182698
0.000325333
0.000323979
0.000515414
0.000480708
0.000420435
0.000348767
0.000584165
0.000863283
0.000915958
0.000675462
0.000745996
0.000321351
0.00061463
0.000579069
0.000504527
0.000496117
0.000472159
0.000437048
0.000429767
0.000433092
0.000346092
0.000395163
0.000342603
0.00031471
0.000370861
0.000362622
0.000354337
0.000377396
0.000329559
0.000298431
0.000308838
0.000289304
0.000250175
0.000290498
0.00021116
0.000149679
0.000193015
0.000193728
0.000181858
0.000173116
0.000149848
0.000154472
0.000150348
8.5245e-05
9.13501e-05
8.04569e-05
9.35169e-05
6.31565e-05
6.16903e-05
5.40744e-05
5.04844e-05
2.20572e-05
3.90196e-05
1.09938e-05
2.18291e-05
1.51441e-05
1.27212e-05
5.59558e-06
5.75656e-06
3.50119e-06
3.57221e-06
2.76198e-06
1.42146e-06
2.12045e-06
7.31643e-07
1.61013e-07
3.47352e-07
2.1653e-07
7.37057e-07
1.16554e-08
8.01132e-08
2.38691e-06
5.37561e-07
7.78878e-07
2.28089e-06
8.21664e-07
2.84438e-07
7.62316e-07
7.27638e-07
1.6975e-06
7.06516e-07
5.44629e-07
6.0497e-07
7.71892e-07
1.72931e-07
1.46989e-07
3.92507e-08
6.79433e-07
6.33153e-06
0.000115152
0.000117961
0.00012206
0.00012637
0.000132063
0.000139235
0.000147214
0.000152957
0.00340638
0.00480536
2.8919e-06
0.000320464
0.00356092
0.00282247
0.00299459
0.00273848
0.00240968
0.00209963
0.000961111
0.00039942
0.00017576
4.76491e-05
3.05712e-05
4.31144e-06
2.7062e-06
6.16406e-07
6.89071e-06
4.77151e-05
6.78855e-05
0.000105215
0.000106246
0.000107399
0.0001534
0.000221238
0.000330893
0.000143397
0.000256384
0.000196173
0.000143322
5.52694e-05
4.0706e-05
0.000175336
0.00204036
0.00216204
0.00157238
0.000753311
0.00204831
0.00146743
0.000823136
0.000641812
0.000319757
0.000101382
7.27329e-05
3.15733e-05
2.20022e-06
1.28929e-06
1.322e-08
6.13321e-06
1.4059e-05
4.90496e-06
1.60888e-06
1.96466e-05
2.57806e-06
1.8526e-05
1.09606e-05
1.71448e-05
2.86897e-05
1.03013e-05
1.04507e-07
5.98683e-06
2.254e-05
1.10331e-09
0.0126864
0.00701742
0.00397184
0.00262036
0.00115908
0.000559163
0.000225887
9.48093e-05
5.95661e-05
2.88897e-05
1.85159e-05
9.88796e-08
0.00794525
0.00735547
0.00685736
0.00627969
0.00546046
0.00492538
0.0041201
0.00315514
0.00193213
0.00127597
0.000461281
0.000250105
0.000224639
0.000479406
0.000355971
0.000297864
0.000213192
0.000189935
0.000144019
9.15702e-05
7.35645e-05
1.95611e-05
7.02209e-06
7.37569e-07
4.42994e-06
1.17582e-05
2.67415e-05
3.50463e-05
9.89564e-05
6.48246e-05
0.000109809
0.000196746
0.00018451
0.000161449
0.00017916
0.000278669
0.00018347
0.000328604
0.000221331
0.000325103
0.000187333
0.000296352
0.000181593
0.000252154
0.000260044
0.000203875
0.000389659
0.000368131
0.000423145
0.00041797
0.000581044
0.000441658
0.000317913
0.000423998
0.000372014
0.000358633
0.000541555
0.000395333
0.000363111
0.000422345
0.000450004
0.000346909
0.000350346
0.00037803
0.00040326
0.000319988
0.000314855
0.000391488
0.000388397
0.00029243
0.000409589
0.00036015
0.000320075
0.000400987
0.000478528
0.000364692
0.000405142
0.000358822
0.000347441
0.000333745
0.000327584
0.000423287
0.000373052
0.000320651
0.000373813
0.000388976
0.000430492
0.000471555
0.000386645
0.000411208
0.00036645
0.00033397
0.000421059
0.00032125
0.000257579
0.000274672
0.000386961
0.000375105
0.00035222
0.000265394
0.000293008
0.000343798
0.000346559
0.000278252
0.000382708
0.000280721
0.0003482
0.000328119
0.000473901
0.000304126
0.000281335
0.000343858
0.000375515
0.000263295
0.000295539
0.000266772
0.000232798
0.00020532
0.000191895
0.000165622
0.000147142
0.000125581
0.000111614
0.000100411
8.34684e-05
6.86925e-05
0.000314437
0.000162558
0.000135046
0.000205725
0.000169247
0.000144647
0.000119518
0.000100323
7.45006e-05
6.276e-05
4.97135e-05
3.95897e-05
3.06662e-05
2.57413e-05
2.46478e-05
1.82692e-05
1.52419e-05
1.3661e-05
9.82899e-06
6.70197e-06
5.22626e-06
2.84716e-06
1.51674e-06
0.000548355
0.000518814
0.000494362
0.000449931
0.000429553
0.000408309
0.00040815
0.000376746
0.000348392
0.000303154
0.000272497
0.000253277
0.000230511
0.000212362
0.000188346
0.000171925
0.000147889
0.00012529
9.57055e-05
7.9784e-05
7.52183e-05
3.29063e-05
1.48668e-05
7.53474e-06
1.1268e-05
4.97386e-06
5.67585e-07
4.20166e-06
1.79001e-06
6.55436e-06
1.13235e-05
3.1072e-05
5.13265e-05
7.84025e-05
0.000102144
7.47147e-05
0.00010427
0.000136637
0.000177284
0.000148264
5.63496e-05
2.01496e-05
1.99825e-05
1.10958e-06
6.81428e-07
1.60899e-05
1.60175e-05
2.87379e-06
1.73245e-06
2.59042e-05
6.45602e-05
2.35269e-05
3.50276e-05
0.00011626
0.000190503
9.77419e-05
6.95273e-05
0.000118621
0.000177396
0.000248165
0.000181582
0.00015372
0.000241067
0.000528725
0.000538578
0.000731577
0.000527943
0.000715113
0.000553474
0.000677178
0.000599163
0.000979259
0.000533763
0.000635024
0.000698986
0.00104277
0.000673649
0.0008934
0.00105558
0.000880292
0.00105543
0.000679655
0.00079057
0.000475783
0.000599829
0.000582614
0.000503244
0.000607594
0.000882544
0.00101898
0.000975625
0.00119871
0.000742855
0.0010416
0.00102193
0.000961313
0.000952242
0.000921831
0.000753379
0.000879779
0.000826524
0.000971391
0.000962185
0.000930985
0.000963108
0.000954367
0.000902428
0.000712263
0.000849978
0.000844896
0.000816882
0.000802477
0.00076197
0.000737314
0.00067001
0.00062445
0.000687656
0.000608993
0.000610507
0.000590873
0.000598386
0.000515617
0.000519029
0.000500035
0.000507998
0.000501408
0.000512571
0.000480527
0.000455619
0.000459579
0.000444498
0.000400195
0.000404844
0.000398085
0.000433618
0.000449832
0.000453316
0.000435677
0.000423593
0.000416963
0.000389209
0.000350449
0.000249204
0.000248425
0.000239382
0.000404883
0.000408442
0.000390971
0.000375313
0.000365463
0.000257994
0.000364796
0.000369169
0.000349607
0.000302732
0.000305157
0.000342006
0.000314906
0.00029855
0.00031244
0.000315677
0.0003024
0.000304661
0.000293121
0.000244008
0.000242468
0.000231492
0.000233948
0.000232394
0.000216608
0.000214324
0.000199957
0.000202158
0.000199957
0.000183301
0.000159532
0.000148379
0.000134062
0.00010594
0.000100702
8.75376e-05
8.94563e-05
8.12801e-05
7.804e-05
7.3992e-05
5.79355e-05
4.30748e-05
3.88849e-05
3.35486e-05
3.30586e-05
2.99108e-05
2.51651e-05
9.79211e-06
5.79492e-06
1.17262e-05
9.02751e-06
1.02684e-06
3.45278e-07
2.09936e-08
4.50371e-07
1.40467e-06
1.83896e-06
3.23423e-06
9.0633e-06
1.16985e-05
1.68382e-05
1.79009e-05
2.08788e-05
2.80063e-05
2.69623e-05
3.59715e-05
4.62039e-05
5.34307e-05
5.81836e-05
6.61095e-05
6.70795e-05
7.13518e-05
8.0885e-05
8.75662e-05
9.09383e-05
9.75644e-05
0.00010213
0.00010545
0.000110275
0.000114645
0.000124055
0.000124009
0.000125657
0.000132505
0.000135911
0.000135647
0.000155352
0.000155692
0.000167956
0.000176477
0.000174782
0.00017647
0.000183641
0.000182267
0.000191778
0.000188559
0.000189818
0.000199099
0.000196447
0.000188493
0.000199293
0.000195579
0.000195169
0.000212647
0.00020779
0.000195908
0.000212658
0.000190481
0.00018672
0.00018761
0.00020478
0.000202224
0.000198732
0.0002008
0.000195811
0.000223862
0.000227474
0.000239369
0.000218853
9.87264e-05
9.87106e-05
9.86874e-05
9.86767e-05
9.86579e-05
9.86476e-05
9.86573e-05
9.86277e-05
9.88703e-05
9.88191e-05
9.98287e-05
0.00017555
0.000175044
0.000175407
0.000965795
0.000101149
0.000117644
0.000137016
0.000114992
0.00146512
0.00127149
0.00153329
0.00135788
0.00147383
0.00130991
0.000953747
0.000824104
0.000405356
0.000331018
0.000306863
0.000118051
8.9909e-05
1.83023e-06
1.37815e-08
4.34714e-05
5.32166e-05
4.77292e-05
8.09281e-05
8.55833e-05
7.94014e-05
2.62685e-05
0.000134425
0.000141538
0.000229638
0.000233675
0.000297771
0.000299901
0.000186506
0.000183403
0.00012916
9.02598e-05
9.3051e-05
8.36509e-05
4.9992e-05
4.99771e-05
6.40876e-05
6.2778e-05
5.52616e-05
0.000105241
0.000108224
0.00010385
9.1317e-05
0.000163145
0.000120531
0.000107722
5.98967e-05
3.86657e-05
4.16185e-05
2.71331e-05
9.67211e-07
7.61012e-07
4.47133e-06
3.35586e-06
2.40878e-05
1.21828e-05
2.65902e-06
2.51762e-07
2.6333e-05
3.06828e-05
6.87995e-05
6.2746e-05
1.72916e-05
1.95343e-05
1.90556e-05
1.00819e-05
8.97064e-06
2.07694e-05
2.2233e-05
2.45485e-05
2.4299e-05
2.22661e-05
1.4237e-06
6.11148e-06
8.3035e-05
8.314e-05
4.15154e-05
6.60411e-05
0.000164268
0.00020284
0.00023671
0.000304301
0.000248096
0.000306886
0.000418048
0.000579812
0.000344468
0.000329127
0.000419298
0.000403398
0.000469544
0.000414341
0.000516055
0.000840555
0.000726966
0.000401807
0.00080655
0.00051279
0.000965707
0.000511613
0.000965508
0.000813595
0.000682657
0.00120182
0.00101722
0.000728803
0.000820327
0.000689107
0.000886251
0.000977866
0.0230407
0.0153495
0.00915087
0.00492495
0.00256971
0.001368
0.000624749
0.000302252
0.000109174
5.19449e-05
2.83777e-05
8.4564e-06
5.26938e-06
1.64248e-06
3.34922e-07
2.12945e-07
3.78623e-07
1.03069e-08
6.73525e-08
1.00118e-06
1.20312e-07
8.95771e-07
1.64441e-06
7.65999e-07
5.36445e-06
0.000113347
8.49148e-05
2.88827e-05
1.91722e-05
1.41531e-05
9.02677e-06
1.91566e-06
2.85078e-06
6.20104e-06
0.00623532
0.00585775
0.00551872
0.00518301
0.00404378
0.00364834
0.00320995
0.00298682
0.00281851
0.00271877
0.0024398
0.00221707
0.00186056
0.0017447
0.00142242
0.00114677
0.000979507
0.000936522
0.000656347
0.000568557
0.000268937
0.000283128
9.21039e-05
6.63363e-05
1.32064e-06
6.98746e-06
5.89114e-06
8.13456e-05
9.32279e-05
0.00038053
0.000419632
0.000465645
0.00111868
0.00115512
0.000776971
0.00106517
0.00114861
0.000974559
0.000996277
0.000871121
0.000592552
0.000698628
0.000551625
0.000497479
0.000380313
0.00041239
0.000414889
0.000358117
0.000375411
0.000331616
0.000274029
0.000310324
0.000213008
0.000161226
0.000184643
0.000191093
0.000132259
0.00015117
8.86641e-05
7.53705e-05
5.69728e-05
1.15421e-09
9.86101e-07
7.48681e-07
5.99061e-06
8.80895e-07
1.74215e-06
6.84585e-08
4.38888e-06
2.28361e-05
1.12864e-05
4.13674e-05
4.63901e-05
3.48442e-05
5.30277e-05
3.35514e-05
3.07819e-05
9.69736e-05
7.27724e-05
0.000138136
4.79118e-05
7.44016e-05
0.000114002
8.89327e-05
5.60338e-05
6.20004e-05
3.26253e-05
9.60417e-05
7.96646e-05
0.000177742
0.000171292
0.000122678
0.00016943
0.000176979
0.000141297
0.000308471
0.00016356
0.000204634
0.000245004
0.000249809
0.00017811
0.00013446
0.000284375
0.000454059
0.000278332
0.000291848
0.000391324
0.000477528
0.00040477
0.000570111
0.000313942
0.000501276
0.000396586
0.000508319
0.000566385
0.000318928
0.000498169
0.00066494
0.000449345
0.000568942
0.000605666
0.000496676
0.000350018
0.000535016
0.000415567
0.000160933
4.81793e-05
0.000192045
0.000325378
0.000437638
0.000531143
0.000228322
0.000328967
0.000161045
0.0002513
0.000221252
0.000299836
0.000322004
0.00048712
0.000327311
0.000438332
0.000391108
0.000532714
0.000765057
5.30337e-05
0.000944685
0.000119407
0.000145375
0.000219969
0.000236176
0.000271168
0.000206
0.000245773
0.000355148
0.000358857
0.00037793
0.000390805
0.000380114
0.000378898
0.000296245
0.000302498
0.000339289
0.000335316
0.000348079
0.000350976
0.000354771
0.000349916
0.000311161
0.000326272
0.000372907
0.000344995
0.00041291
0.000412126
0.000333794
0.000328114
0.000315307
0.0003276
0.000297327
0.000330922
0.00034272
0.00032862
0.000342225
0.00033691
0.000314871
0.000304274
0.000314995
0.00030373
0.000258335
0.000245133
0.000300066
0.000309922
0.000294806
0.000309952
0.000319275
0.000315379
0.000236451
0.000239784
0.000342521
0.000350677
0.000340187
0.000270547
0.000278931
0.000274872
0.000303465
0.000297373
0.000294732
0.00030217
0.000293917
0.00023939
0.000229082
0.000252502
0.000254887
0.000250636
0.000236503
0.000237363
0.000222653
0.000220979
0.000160271
0.000146311
0.000135103
0.000164645
0.000162223
0.00015528
0.000117104
0.000112537
0.000101261
9.20309e-05
7.7568e-05
0.000104115
0.000101754
9.29092e-05
6.9242e-05
6.55669e-05
5.63275e-05
6.46443e-05
6.2162e-05
5.10083e-05
2.56043e-05
2.03141e-05
1.848e-05
1.58136e-05
8.82214e-06
7.12011e-06
4.37865e-06
2.65322e-06
1.83773e-06
8.13633e-09
5.93429e-07
1.91585e-06
3.21001e-06
5.63816e-06
7.37426e-06
9.29128e-06
9.42832e-06
2.00641e-05
2.3208e-05
2.6351e-05
2.6048e-05
3.28877e-05
3.53174e-05
3.99133e-05
4.46537e-05
5.6067e-05
5.93942e-05
6.64901e-05
6.54429e-05
6.72576e-05
6.93602e-05
7.49295e-05
7.56622e-05
7.65092e-05
8.22655e-05
8.94134e-05
9.95145e-05
0.000102186
9.93061e-05
0.000100957
9.79927e-05
9.70265e-05
9.91244e-05
0.000110439
0.000111093
0.000123149
0.000125435
0.000130838
0.000130723
0.000135552
0.000189271
0.000178391
0.000172187
0.000165212
0.000163666
0.000159305
0.000157823
0.000158616
0.000158108
0.000156393
0.000154237
0.000154489
0.00016188
0.000163561
0.00014899
0.000146388
0.000149487
0.000149042
0.000147611
0.000145222
0.000144948
0.00014445
0.000147088
0.000159702
0.000165173
0.000152337
0.000149818
0.000151419
0.000149359
0.000176417
0.000181165
9.6311e-05
9.6329e-05
9.63315e-05
9.63161e-05
9.63335e-05
9.62959e-05
9.61911e-05
9.62007e-05
9.62142e-05
9.6292e-05
9.89269e-05
9.89621e-05
9.9426e-05
0.00391594
0.00366221
0.000635364
0.000632889
0.000713859
0.0005869
0.0017922
0.00160956
0.00168428
0.0015423
0.00141273
0.00127138
0.000867765
0.00080227
0.000705151
0.000289949
0.000232354
0.000105496
7.83434e-05
1.53378e-05
8.86566e-06
1.33276e-05
6.30327e-06
4.77468e-07
1.68112e-06
1.13206e-05
1.60585e-05
1.38202e-05
1.85282e-05
4.14904e-05
4.34423e-05
9.75718e-05
0.000100845
0.000180081
0.00017866
0.000164281
0.000161262
0.000168359
0.000167901
0.000156923
0.000127599
0.000124185
0.000226515
0.000200729
0.000112308
9.02561e-05
2.91394e-07
0.00169822
0.00135733
0.000954232
0.000739307
0.000581905
0.000447783
0.000666468
0.000509555
0.000451851
0.000336106
0.000294345
0.000229326
0.000164031
9.56362e-05
6.53015e-05
0.000103222
2.7094e-05
1.30814e-05
5.2116e-05
3.11912e-05
1.21734e-05
4.77262e-06
2.74968e-05
1.36195e-05
4.86307e-06
4.62875e-07
2.35336e-07
1.52426e-07
1.54597e-05
1.82144e-05
7.96098e-07
5.70805e-08
1.12315e-08
1.95968e-05
0.00400592
0.00331331
0.00188683
0.00144853
0.00121002
0.000881654
0.000681502
0.000998617
0.00074289
0.000619142
0.000638732
0.000461592
0.00038776
0.000268934
0.000230802
2.37568e-05
9.52289e-06
1.98083e-06
2.61143e-06
3.69478e-06
9.42659e-06
8.89796e-05
5.43381e-05
5.05021e-05
2.92266e-07
3.08685e-06
2.44633e-06
2.77341e-05
3.79867e-05
2.99165e-05
2.23896e-05
2.8512e-05
1.1954e-07
2.44591e-06
5.7306e-05
3.34502e-05
3.41002e-06
1.46838e-07
5.87952e-07
2.44415e-05
3.27087e-05
2.32568e-05
6.61739e-05
3.84612e-05
6.2983e-06
1.16986e-05
4.26381e-06
4.83325e-07
8.54521e-07
1.35515e-07
1.82439e-06
6.58441e-06
1.08835e-06
8.65473e-07
2.548e-07
0.000358412
0.00104065
0.000756672
0.000604219
1.47686e-05
0.000274062
0.00209319
0.0015006
0.00116288
0.000748688
0.000510697
0.000419049
0.000285195
0.000158236
0.000111486
0.000149135
9.11682e-05
7.24676e-05
7.77603e-05
4.83823e-05
1.19242e-05
5.78961e-06
3.33613e-06
2.98566e-07
9.87766e-07
3.19963e-06
2.68824e-07
1.20335e-06
1.07992e-05
3.66375e-06
5.9584e-06
3.02542e-06
1.11719e-06
3.84346e-06
3.48295e-06
9.3001e-07
3.54716e-06
5.37362e-07
1.14758e-06
1.31448e-06
3.34047e-06
1.11143e-05
3.28398e-06
1.01926e-05
1.97504e-05
1.38459e-05
0.00160012
0.00122265
0.00082687
0.00290427
0.00258774
0.00129167
0.00162522
0.000706567
0.000659247
0.000386134
5.58387e-05
1.40981e-06
5.22902e-05
3.40318e-05
0.00018044
7.6779e-05
9.18066e-05
9.14509e-05
6.90325e-05
8.18397e-05
5.35983e-05
4.26809e-05
5.00191e-05
3.71852e-05
2.89249e-05
3.89108e-05
5.12299e-05
3.9353e-05
4.62001e-05
3.26527e-05
2.50082e-05
2.78514e-05
3.6473e-05
1.4672e-05
2.08592e-05
1.86236e-05
1.14912e-09
7.58724e-08
2.4403e-06
3.44015e-07
5.80834e-10
7.80896e-06
2.61038e-06
1.07187e-05
6.37443e-06
1.90382e-05
3.05409e-05
4.95737e-05
3.07962e-05
4.39392e-05
8.35426e-05
7.82467e-05
8.56935e-05
4.06348e-05
6.04595e-05
9.96622e-05
0.000220306
6.2747e-05
0.000220059
0.000207168
0.000191307
0.000262331
0.000266197
0.00036511
0.000738484
0.000583341
0.000497179
0.000346586
0.000327427
0.00027372
0.000199406
0.000149122
0.000116676
7.42876e-05
4.3733e-05
2.93673e-05
1.12461e-05
4.62946e-06
1.19378e-06
2.53376e-07
6.87534e-08
1.80405e-05
3.69686e-05
4.25828e-05
5.24989e-05
8.23797e-05
0.000115772
0.000153253
0.000199646
0.000199173
0.00032052
0.000344333
0.000398151
0.000401704
0.000425538
0.000510386
0.000618861
0.000646585
0.000737136
0.000680039
0.000703215
0.000762499
0.000716708
0.00079106
0.000930214
0.00104297
0.00115376
0.00113926
0.00116342
0.00123657
0.00131496
0.00135788
0.00142906
0.00138921
0.00120718
0.00120247
0.00126786
0.00123473
0.0014681
0.00145069
0.00134968
0.00135353
0.00136469
0.00153451
0.00146578
0.00137548
0.00138743
0.00130932
0.00141375
0.00130316
0.00105593
0.001076
0.00101475
0.00114476
0.00105487
0.000942105
0.000901967
0.0010271
0.000963872
0.000837329
0.000779782
0.000729886
0.000816226
0.000730991
0.000682768
0.000705041
0.000649128
0.000745156
0.000670948
0.000597576
0.000609863
0.000566838
0.000474551
0.000470954
0.000421136
0.000523916
0.000475382
0.000431561
0.000318485
0.000304888
0.000266018
0.000299747
0.000243358
0.000199538
0.000169839
0.000159136
0.000144524
0.000106434
8.90359e-05
7.84622e-05
5.48396e-05
3.11719e-05
1.9888e-05
1.82783e-05
1.37147e-05
3.87829e-06
1.80673e-06
2.55024e-07
3.12506e-06
4.11873e-06
8.53379e-06
1.78e-05
2.40224e-05
3.78548e-05
4.36624e-05
5.50378e-05
6.64843e-05
7.65242e-05
8.1368e-05
8.97339e-05
9.2984e-05
0.000105873
0.000109638
0.000120978
0.000125749
0.000134585
0.000135504
0.000161793
0.000165417
0.000157272
0.000157974
0.000171863
0.000173371
0.000190109
0.000198378
0.000207
0.000222856
0.000222925
0.000227787
0.000171847
0.00018058
0.000180843
0.000143603
4.02107e-05
5.98298e-05
0.000609987
0.000555629
0.00161172
0.000386016
0.000280328
0.000262217
0.00062269
0.000241333
0.000147668
0.000330204
0.000543892
0.000562682
3.22599e-05
4.55311e-05
0.000490692
0.00035876
0.000315851
0.000253297
0.000178259
0.000499656
0.000389574
0.000466389
0.000366507
0.000150031
0.000119587
0.000204378
0.000197942
0.000180969
5.79628e-05
3.79997e-05
2.74263e-07
4.63852e-07
6.68076e-07
3.17216e-06
2.06885e-06
7.65451e-06
2.01842e-05
1.37971e-05
1.90877e-05
6.65523e-06
5.81647e-06
3.08541e-06
5.2895e-06
6.84172e-06
3.83223e-06
6.05546e-06
5.39255e-06
1.41353e-05
1.29364e-05
3.10823e-05
3.02121e-05
8.91839e-06
8.03716e-06
9.03301e-05
8.89903e-05
7.98219e-05
3.84567e-06
8.24143e-06
1.66102e-06
4.98062e-06
4.33919e-06
1.68597e-06
7.31104e-08
4.85854e-12
3.10147e-06
5.76438e-07
8.15978e-05
4.46221e-05
9.27075e-05
5.13393e-05
7.68811e-06
1.11505e-05
7.31142e-06
5.80608e-07
1.0092e-06
7.90899e-07
1.6209e-05
7.74332e-06
1.18782e-05
1.20707e-05
8.13721e-05
7.06298e-05
6.53455e-05
0.000133371
9.81996e-05
7.27936e-05
6.65443e-05
5.90083e-05
3.2732e-05
2.3299e-05
1.01981e-05
6.25965e-06
2.35838e-07
5.97903e-06
1.34699e-05
1.39912e-05
2.56753e-05
1.75242e-05
1.11436e-05
2.24555e-05
2.88381e-08
1.21891e-06
2.5927e-05
9.44658e-05
0.000147775
9.634e-05
9.48652e-05
0.00011409
3.22688e-05
4.4937e-05
7.10411e-05
8.79532e-05
7.3877e-05
4.99259e-05
6.1981e-05
5.53145e-05
5.99283e-05
4.00551e-05
5.3435e-05
4.95871e-05
8.8833e-05
9.14752e-05
0.000102779
5.82891e-05
7.11237e-05
9.26406e-05
0.000106757
7.11285e-05
8.18173e-05
0.000105091
0.000116808
5.69078e-05
6.52597e-05
0.000104826
0.000103423
0.00011525
0.000120533
9.16943e-05
9.65102e-05
8.63987e-05
9.01335e-05
5.33865e-05
5.64988e-05
4.80015e-05
6.96948e-05
7.07737e-05
5.18892e-05
4.10061e-05
3.97801e-05
3.71279e-05
4.17953e-05
3.93396e-05
2.19837e-05
1.99955e-05
1.65508e-05
1.14442e-05
1.02435e-05
8.78419e-06
7.67304e-06
7.18824e-06
4.23836e-06
4.54285e-07
5.88019e-07
8.91876e-07
0.000273977
0.0173313
0.015399
0.0139195
0.0118992
0.00947715
0.0123014
0.00682462
0.00805257
0.00664041
0.000277321
0.000352888
0.000612579
0.000967656
0.000776279
0.000603525
0.000750785
0.000649423
0.000756843
0.000754466
0.000751321
0.000642956
0.000559409
0.000642146
0.00052976
0.000434967
0.000369925
0.000233561
0.000170361
0.000186427
4.29873e-05
2.30306e-05
1.13596e-05
2.11449e-05
2.58264e-08
0.000173152
0.000171744
0.000694474
0.000721832
0.000432004
0.000951163
0.000985857
0.00101751
0.000962318
0.000651763
0.000558369
0.00043668
0.000447731
0.000312388
0.000268273
0.000311899
0.000267073
0.000217361
0.000140104
0.000107991
0.000102814
9.71529e-05
0.000113751
4.07512e-05
4.53937e-05
3.1093e-05
3.09244e-05
4.47159e-06
5.40223e-06
2.48961e-06
1.84891e-06
8.35949e-08
2.63914e-06
1.90704e-07
3.20547e-06
2.71771e-05
2.99078e-05
1.4907e-05
1.19886e-05
4.60627e-05
2.64899e-05
1.6738e-05
2.82006e-05
3.18853e-05
2.19645e-05
2.86441e-05
6.13473e-05
8.55545e-05
0.000122475
8.91667e-05
3.9093e-05
4.24923e-05
0.000128497
7.42289e-05
0.000184594
0.000159375
0.000268982
0.000259536
0.000171755
0.000103248
0.000142926
0.00017139
0.000224602
0.000289382
0.000385186
0.000450168
0.000390421
0.000434475
0.000551907
0.00063964
0.000367318
0.00062983
0.000461983
0.000809957
0.00052741
0.000658184
0.000752602
0.000484112
0.000687299
0.000604714
0.000857287
0.000776485
0.000847275
0.000689394
0.000840145
0.000692194
0.000781071
0.00106431
0.000722898
0.000870847
0.0006842
0.00111131
0.000731556
0.00100739
0.000621147
0.000689797
0.000886466
0.000729368
0.000720399
0.000477091
0.000487296
0.000474757
0.000593221
0.000654696
0.000832709
0.00101502
0.000945815
0.000513388
0.000460234
0.000551941
0.000953975
0.000534885
0.00080991
0.000369222
0.000355006
0.000817788
0.000400814
0.00039053
0.000391473
0.000450702
0.000446527
0.000389563
0.000403015
0.000399611
0.000348462
0.000192464
0.000406506
0.000228298
0.000227752
0.000187083
0.000195465
0.000446316
0.000247329
0.000405262
0.00023481
0.000407603
0.000407465
0.000378557
0.000381144
0.000324837
0.000185646
0.000402384
0.000254141
0.000252477
0.000386941
0.000250414
0.000336381
0.000334419
0.000285237
0.000230147
0.000293276
0.000284164
0.000252553
0.000256457
0.000234553
0.000240412
0.000230086
0.000159335
0.000164333
0.000241627
0.000245318
0.000234552
0.000228282
0.000237653
0.00023427
0.000261095
0.000260287
0.000257846
0.000258983
0.000262015
0.000246057
0.000274347
0.000282365
0.00026755
0.000237864
0.000223615
0.000218868
0.000213271
0.000170343
0.000164553
0.000194837
0.000184278
0.000213029
0.000214297
0.000201716
0.000155913
0.000153449
0.000148409
0.000160673
0.00016146
0.000155425
0.00015007
0.000132495
0.000120386
0.000103291
0.000101344
9.40936e-05
8.85453e-05
8.57365e-05
8.17865e-05
7.73206e-05
5.75702e-05
4.6955e-05
4.53465e-05
4.1247e-05
3.44388e-05
2.83946e-05
2.47021e-05
2.04256e-05
1.25241e-05
9.06218e-06
1.13182e-05
8.60887e-06
6.39498e-06
4.3357e-06
2.59531e-06
1.82434e-06
6.76515e-07
7.70404e-07
4.75362e-07
1.73978e-08
1.55975e-06
2.83084e-06
2.82786e-06
5.27064e-06
7.3161e-06
8.59752e-06
1.14811e-05
1.29114e-05
1.56161e-05
1.9984e-05
2.23525e-05
3.63541e-05
3.94885e-05
4.41804e-05
3.43669e-05
3.52597e-05
3.83436e-05
4.7731e-05
4.91043e-05
4.84918e-05
5.32748e-05
5.40459e-05
5.81817e-05
6.36545e-05
6.438e-05
6.88565e-05
7.95346e-05
8.09044e-05
8.63237e-05
8.79428e-05
9.02975e-05
0.000104764
0.00010714
9.23746e-05
9.16994e-05
9.34285e-05
9.90902e-05
0.000101
0.000102409
0.000102821
9.40125e-05
9.32221e-05
9.55544e-05
6.86649e-05
6.8881e-05
7.09811e-05
6.86618e-05
7.04154e-05
7.15103e-05
6.9056e-05
6.85777e-05
7.10479e-05
7.01107e-05
7.07495e-05
7.60425e-05
7.46431e-05
7.3817e-05
7.30883e-05
7.49883e-05
6.51887e-05
6.41524e-05
6.51971e-05
6.87021e-05
6.78117e-05
7.05934e-05
6.41046e-05
6.3147e-05
6.38272e-05
6.11333e-05
6.27486e-05
6.51811e-05
6.50017e-05
5.88307e-05
5.94552e-05
6.39961e-05
6.40345e-05
6.985e-05
7.38958e-05
5.73836e-05
6.07702e-05
5.22569e-05
5.3034e-05
5.71337e-05
5.72163e-05
5.78224e-05
0.00014159
0.000139517
0.000144006
0.000145579
0.000145357
0.000145485
0.000148529
0.000141266
0.000145736
9.81147e-05
9.7937e-05
8.75628e-05
8.79965e-05
8.67421e-05
0.000128069
0.000126958
1.01119e-05
1.99274e-06
6.23584e-05
8.00953e-05
0.0016045
0.00139448
0.00225667
0.00205386
0.00156607
0.00143574
0.00259954
0.00232072
0.000619117
0.000531866
0.00034186
0.000287559
0.000274604
0.000231041
0.000218185
8.39025e-05
6.8098e-05
0.000120973
8.10554e-05
8.16294e-06
1.17485e-05
9.69714e-06
1.3208e-05
1.53646e-05
1.10682e-05
9.91518e-05
9.49468e-05
4.79085e-05
4.66195e-05
1.42193e-06
2.07278e-08
1.21743e-09
9.30644e-05
8.48254e-05
7.00919e-05
5.73836e-05
3.8402e-06
8.35552e-06
2.3455e-05
3.63793e-05
3.57987e-05
4.15595e-06
2.01989e-05
6.42947e-06
1.42057e-05
8.87945e-05
9.18211e-05
0.000166264
0.000175333
0.000185227
1.9008e-06
1.92315e-07
7.59255e-08
6.18756e-06
1.61361e-05
1.25205e-05
3.19057e-06
8.60253e-06
7.1072e-06
1.45505e-07
5.42587e-07
1.76604e-06
6.28864e-06
1.35754e-06
1.17975e-06
1.73333e-05
2.57397e-05
4.94484e-06
7.91679e-06
7.18687e-05
8.17981e-05
7.12054e-05
4.70517e-05
4.96112e-05
8.79885e-05
8.97067e-05
6.97528e-06
8.63241e-06
3.03513e-05
3.03881e-05
3.04892e-05
3.21479e-05
2.80741e-05
7.44413e-05
7.33738e-05
6.8541e-05
7.18526e-05
6.56469e-05
5.38064e-05
6.48334e-06
4.81112e-06
3.71945e-06
8.28385e-06
5.36737e-06
4.05982e-06
3.67812e-07
2.63389e-06
2.27347e-07
9.09709e-07
4.3572e-07
4.80671e-07
4.88484e-07
3.93872e-06
1.2404e-05
2.50371e-05
4.56545e-05
2.85095e-05
5.65152e-05
5.29061e-05
8.8795e-05
0.00011618
0.000132588
0.000194399
0.000190133
9.78729e-05
0.00015808
0.000159595
0.000241093
0.000265836
0.000381885
0.000376681
0.000318783
0.000288006
0.00178
6.74504e-05
0.00164236
0.00124138
0.00097175
0.000887957
0.00111685
0.000868188
0.000782369
0.000495454
0.000363229
0.000321708
0.000308807
0.000206902
0.000194775
0.000157836
9.67222e-05
9.2279e-05
8.26523e-05
4.54946e-05
1.66234e-05
5.64547e-06
1.64196e-05
3.51456e-06
5.29871e-06
6.42253e-07
4.24671e-07
5.63878e-06
1.27347e-07
2.47899e-07
8.02943e-09
3.74116e-06
1.79068e-06
1.62705e-08
2.14588e-05
3.35882e-05
5.22133e-05
3.81644e-05
4.04381e-06
1.30591e-05
9.65797e-06
2.45743e-05
4.07834e-05
2.66253e-05
3.14879e-05
3.94888e-05
5.49109e-05
5.95463e-05
1.82572e-05
3.13024e-05
2.45629e-05
1.07693e-05
1.01157e-05
7.1182e-06
0.0373196
0.0336245
0.0300217
0.0266884
0.023419
0.0197617
0.0168013
0.0136552
0.0110012
0.00860504
0.00654696
0.00499014
0.00514419
0.00430035
0.00393287
0.00264669
0.0026062
0.0015694
0.00135396
0.000683889
0.000559585
0.000527465
4.24472e-05
0.000153754
3.17278e-08
1.97843e-06
8.75654e-06
4.31764e-07
6.92913e-06
2.45826e-06
3.96398e-06
2.37435e-06
8.11043e-06
1.12119e-05
6.08142e-06
1.10784e-06
4.42582e-06
4.23283e-06
1.84548e-06
7.14282e-06
1.06031e-05
1.37437e-05
4.27884e-06
7.65468e-06
4.40188e-06
1.05303e-05
5.64412e-06
2.80784e-05
2.36047e-05
2.76227e-05
3.09733e-05
3.5149e-05
5.73327e-05
7.52176e-05
0.000101263
0.000101337
6.52259e-05
0.000123529
0.000216106
0.000202818
0.00018323
0.000262252
0.000260139
0.000297908
0.000249955
0.000328379
0.000361552
0.000378351
0.000350301
0.000408865
0.000335865
0.0004006
0.000322802
0.000337191
0.00037645
0.000314495
0.0004274
0.000377104
0.000444023
0.000354952
0.00189381
0.00167764
0.00142416
0.00114469
0.000900708
0.00063824
0.0005402
0.000425351
0.000301644
0.000305146
0.0002185
0.000146294
7.9076e-05
7.60973e-05
3.79077e-05
8.15207e-06
1.26207e-08
1.83396e-06
1.21731e-06
5.07164e-06
1.88184e-05
2.24852e-05
3.29659e-05
4.49414e-05
6.1714e-05
8.28588e-05
0.000143364
0.000164744
0.000205637
0.000199236
0.000220623
0.00027621
0.000264496
0.000285901
0.000334421
0.000376056
0.000399964
0.000471236
0.000484238
0.000509171
0.000592404
0.000627352
0.000652667
0.000750661
0.000759969
0.000852231
0.000943504
0.000974502
0.00100106
0.00110058
0.00122522
0.00135801
0.00127644
0.00141689
0.00144719
0.00135541
0.00143338
0.00134405
0.00125224
0.00128375
0.00117597
0.00118351
0.00112602
0.00109026
0.00101988
0.00102446
0.000957627
0.00102039
0.000886092
0.000834448
0.000718312
0.000640478
0.000806682
0.00078621
0.000664074
0.000626157
0.000607558
0.000586961
0.000501548
0.000607573
0.000576737
0.000390169
0.000475632
0.000367159
0.000327472
0.000258306
0.000213223
0.000223536
0.000194444
0.000164172
0.000129257
0.000113681
0.000103329
7.45749e-05
5.47024e-05
3.39472e-05
3.52136e-05
2.97481e-05
1.48904e-05
1.33202e-05
5.13584e-06
1.11328e-06
2.97636e-08
3.59284e-07
2.57108e-06
9.0443e-06
1.34207e-05
1.91705e-05
2.41578e-05
3.25231e-05
3.8602e-05
4.42975e-05
5.62545e-05
6.65125e-05
6.92903e-05
7.74198e-05
8.27076e-05
8.48766e-05
9.48826e-05
0.000109984
0.000107227
0.000124139
0.000126348
0.000130487
0.000140836
0.000151638
0.000153676
0.00015869
0.000158177
0.000163215
0.000171531
0.000173612
0.00017418
0.000174301
0.00018338
0.000195938
0.000199397
0.000216671
0.000217828
0.00022382
0.000204449
0.000203639
0.00020821
0.000202873
0.00011486
0.000106415
0.000932633
0.00110963
0.00226177
0.000533763
0.000417329
0.000297001
0.00156557
0.0015523
0.0014192
0.0016327
0.00165622
0.00127222
0.00128287
0.000337022
5.33172e-05
2.53931e-05
0.000500717
0.000374131
0.000569476
0.000432613
0.000390498
0.000299156
0.000134671
9.129e-05
7.06456e-05
3.67925e-05
1.52511e-05
7.45224e-05
9.81e-05
0.000127294
0.000111667
0.000238896
0.000250186
2.76557e-06
8.79616e-06
9.15655e-05
0.000111053
7.81653e-06
1.76391e-05
1.3647e-05
4.69972e-05
6.29969e-05
6.06823e-05
0.000207514
0.000216134
0.000195939
0.000207794
9.78706e-05
0.000113008
0.000189433
0.000195905
0.000106029
8.27652e-05
5.06598e-05
5.37218e-05
6.84815e-05
3.39056e-05
8.23337e-05
5.3646e-05
0.000116205
7.83879e-05
6.70076e-05
4.41496e-05
3.44703e-05
8.1831e-06
4.35747e-07
3.37822e-07
1.42321e-06
1.03807e-06
2.4405e-07
1.08653e-07
1.87773e-06
1.66423e-06
2.18182e-06
7.44397e-06
6.40667e-06
4.98068e-06
1.25486e-08
1.91579e-06
2.75077e-06
5.07586e-06
2.4495e-05
1.46375e-05
6.43509e-05
0.00012806
0.00013741
0.000109824
0.000128093
0.000421768
0.000431655
0.000185759
0.000365805
0.000263578
0.000466053
0.000196942
0.000278697
0.000256688
0.00027235
0.000289567
0.000391764
0.000377082
0.000516912
0.00047836
0.000404683
0.000650695
0.000653675
0.000857627
0.000771657
0.000557955
0.000682672
0.000600111
0.000573454
0.00120666
0.00107886
0.000602887
0.000808291
0.000687968
0.00100085
0.00119476
0.000955498
0.00117511
0.00120335
0.00153686
0.00130541
0.00125258
0.00147937
0.00122661
0.00102138
0.00202472
0.00167817
0.000987144
0.00204683
0.00166277
0.000764565
0.00103682
0.000908928
0.0338636
0.0251529
0.0168563
0.010282
0.005527
0.00288479
0.00155472
0.000700531
0.000312981
0.000126465
1.97535e-05
3.89505e-06
3.65109e-06
3.09404e-05
7.26442e-06
1.32281e-06
3.56375e-06
3.6054e-07
8.0668e-06
8.64405e-06
4.24962e-06
3.71155e-06
6.61648e-07
5.73508e-06
7.91889e-07
1.5618e-09
0.000126663
0.000112228
0.000149863
7.99028e-05
5.23113e-05
4.26157e-05
1.27223e-05
1.36751e-05
1.01024e-05
4.87549e-06
7.46868e-06
9.32796e-07
1.72061e-06
7.53928e-09
1.54155e-08
9.98867e-07
5.26411e-08
4.08228e-06
6.52004e-06
1.57392e-06
0.0139328
0.0131476
0.0116441
0.00997252
0.00981438
0.00859334
0.00760003
0.00735344
0.00652677
0.0060861
0.00567507
0.00544701
0.0049524
0.00429892
0.00372694
0.00329156
0.00283513
0.00246222
0.00223073
0.001793
0.00156041
0.00142036
0.000930996
0.000781287
0.000812903
0.000332479
0.000412976
0.000247815
0.000240164
2.11332e-05
6.92036e-06
2.37935e-05
5.37933e-05
4.24325e-05
0.000244583
0.000282757
0.000334578
0.000338036
0.00019923
0.000216463
0.000254924
0.000153566
0.000130584
0.00013999
0.000126578
0.000110357
0.000109311
9.85948e-05
9.18427e-05
7.13147e-05
7.76285e-05
5.38322e-05
3.80989e-05
3.82614e-05
3.30229e-05
1.61222e-05
1.45257e-05
1.20423e-05
2.28268e-05
8.35376e-06
4.9817e-06
2.10762e-06
1.28543e-05
6.74241e-06
2.24563e-06
4.28259e-06
1.59576e-08
1.12518e-05
2.9507e-05
7.97706e-05
3.63951e-05
9.09513e-05
0.00011048
0.000113057
0.000112682
0.000139276
0.000108976
0.000105096
8.07898e-05
0.000128025
0.000193336
0.000289797
0.000134643
0.000302372
0.000339569
0.000286588
0.000315563
0.000196008
0.000311288
0.000265681
0.000323161
0.000265258
0.000275832
0.00046979
0.000337299
0.000403698
0.000393521
0.000297691
0.000327282
0.000238965
0.000344422
0.000395937
0.000601525
0.000297818
0.000443059
0.000430361
0.000618945
0.000455387
0.000780361
0.000534385
0.000752679
0.000570231
0.000521911
0.000346837
0.00037412
0.000834185
0.000678651
0.000841415
0.000543189
0.000710986
0.000871687
0.000403891
0.000512445
0.00043217
0.000549025
0.00045141
0.000575735
0.000661649
0.000605534
0.000824061
0.000500689
0.000688301
0.000531961
0.00066845
0.000762702
0.000519055
0.000640522
0.000714038
0.000558578
0.000754784
5.10769e-05
2.34659e-05
0.000620918
2.43963e-06
1.10351e-06
9.0419e-06
2.8634e-05
5.05313e-05
0.000124381
0.000151062
0.000196144
0.000184318
0.000245777
0.000386619
0.000422886
0.000486238
0.000503179
0.000538099
0.000591258
0.000570041
0.000655165
0.000641235
0.000672851
0.000667013
0.000654819
0.000656884
0.000723238
0.000749931
0.000736
0.000712966
0.000716371
0.000653875
0.000679456
0.000668995
0.000613213
0.000638024
0.000631597
0.000791359
0.000779386
0.000732485
0.000541979
0.000564801
0.000560943
0.000602632
0.000605
0.000667099
0.000618726
0.00059296
0.000564004
0.000668136
0.000684116
0.000667581
0.000545031
0.000517688
0.000504246
0.000451806
0.000446006
0.000515223
0.000508522
0.000505639
0.000508473
0.00051072
0.000515374
0.000393437
0.00038126
0.000415027
0.000408405
0.000389946
0.000373102
0.000388324
0.000376992
0.000366878
0.000258873
0.000244359
0.000273859
0.00026933
0.00025337
0.000238581
0.000233279
0.00020322
0.000196209
0.000168656
0.000147532
0.000134663
0.000131981
0.000101577
8.84323e-05
8.5114e-05
7.43018e-05
6.63659e-05
5.24231e-05
4.69469e-05
3.24372e-05
2.70147e-05
2.01266e-05
1.64024e-05
1.34542e-05
8.9488e-06
2.39041e-06
9.30351e-07
3.29085e-07
1.18521e-08
9.0717e-07
1.80311e-06
3.33108e-06
5.15235e-06
8.40735e-06
1.01699e-05
1.32536e-05
1.91664e-05
2.14283e-05
2.37482e-05
2.22013e-05
3.85227e-05
3.45606e-05
3.69117e-05
4.51957e-05
4.71751e-05
5.3324e-05
4.85593e-05
4.89521e-05
5.12763e-05
6.19744e-05
6.29115e-05
6.74719e-05
7.46026e-05
7.25629e-05
7.69911e-05
7.81121e-05
7.44817e-05
7.62802e-05
8.16316e-05
8.30544e-05
9.45825e-05
9.46443e-05
9.54618e-05
9.72043e-05
9.17801e-05
9.02554e-05
9.23792e-05
0.000109004
0.000100185
0.000180158
0.000163629
0.000105119
0.000164725
0.000158926
0.000154381
0.000149014
0.000149625
0.000147808
0.000148604
0.00013766
0.000134409
0.000142273
0.000143021
0.00014115
0.000135612
0.000134502
0.000133937
0.000132807
0.000130229
0.000132364
0.000118994
0.000151956
0.000157577
8.37894e-05
8.37888e-05
8.38015e-05
8.37076e-05
8.3663e-05
8.36595e-05
8.36588e-05
8.36802e-05
8.54638e-05
8.47228e-05
8.63505e-05
8.62302e-05
8.67994e-05
0.000460525
0.000500474
0.00263043
0.00251265
0.00223879
0.00024264
0.000198693
0.000653403
0.00047821
0.000413461
0.000136206
0.000103321
9.73881e-05
9.64225e-05
3.23668e-07
7.33281e-08
0.000199578
0.000207882
0.000191198
0.000141152
0.000151835
0.00012326
0.000125722
0.000133448
0.000110381
0.000205861
0.000215735
0.000361861
0.000354008
0.000431669
0.000413339
0.000295143
0.000279557
0.000578776
0.000421883
0.000397217
0.000405122
0.000387135
0.000338175
0.000243753
0.000322874
0.000304047
0.000266548
0.00024296
0.00022719
0.000365764
0.000338226
0.000295848
0.000159958
0.00171949
0.00132392
0.00134168
0.00108152
0.000779348
0.000601788
0.000454232
0.000408253
0.000342689
0.000252588
0.000312309
0.000223708
0.000205086
0.00017863
0.000126496
0.000103916
7.29616e-05
8.55229e-05
5.3014e-05
4.5249e-05
6.22894e-05
3.62416e-05
3.65757e-05
4.3863e-07
6.54479e-07
6.90348e-07
2.59564e-06
7.55234e-06
5.44457e-06
3.97647e-06
1.96531e-07
8.84775e-07
2.97506e-07
7.68077e-05
9.11994e-05
7.31482e-05
3.69453e-05
2.52697e-05
4.16699e-05
3.55585e-05
2.84466e-05
1.09923e-05
0.00438478
0.00290054
0.00227793
0.00175097
0.00146629
0.000937572
0.000699347
0.000283946
0.000194882
0.000220869
0.000386233
0.000281653
0.000531692
0.00038212
0.000315018
4.99414e-05
2.76648e-05
2.44739e-05
0.000164989
0.000222959
0.000152158
1.82137e-05
6.87331e-06
5.82382e-06
1.74384e-05
2.70037e-05
3.39152e-05
5.97562e-05
6.84492e-05
8.26887e-05
8.39656e-05
8.33267e-06
2.75565e-06
3.32368e-06
1.56834e-07
3.15688e-07
4.82456e-07
1.19756e-05
3.73168e-06
4.60681e-06
2.85029e-07
1.48243e-08
1.2637e-06
7.91451e-07
1.14381e-05
0.000253273
0.000211367
9.82733e-06
4.4389e-06
0.00086285
0.000645295
0.00147543
0.00165921
0.00136194
0.000983955
0.000624499
0.000423269
0.000333496
0.000358277
0.000242933
0.000109407
6.53596e-05
5.79546e-05
4.69942e-05
2.80052e-05
4.84442e-05
3.06033e-05
3.19139e-06
2.83042e-07
8.99768e-07
1.23305e-06
2.74892e-07
3.12272e-07
3.05723e-07
3.53107e-07
3.60192e-07
7.11048e-06
1.78488e-06
2.888e-06
1.7052e-05
1.07214e-05
1.87684e-07
1.68007e-07
6.17495e-06
5.23896e-06
9.96308e-07
6.05496e-07
2.09828e-06
2.65776e-06
1.06852e-05
1.05758e-06
0.000522014
0.000444621
0.000797691
0.00283222
0.00182815
0.00151623
0.00131098
0.000613821
0.000353852
5.02325e-05
2.68266e-05
7.62866e-05
1.31535e-05
0.0001543
0.000182335
0.000118203
0.000105732
5.18089e-05
6.94579e-05
6.01478e-05
6.73287e-05
4.72592e-05
3.6901e-05
4.4054e-05
5.56988e-05
4.69556e-05
3.51105e-05
4.71359e-05
2.53375e-05
3.9956e-05
3.98756e-05
1.32272e-05
2.2855e-05
2.03769e-05
3.41908e-06
1.16473e-06
8.87224e-07
2.09404e-06
1.25413e-06
5.3635e-06
1.85758e-07
3.98102e-05
1.54579e-05
2.34412e-05
2.72824e-05
5.24936e-05
6.40033e-05
4.29011e-05
7.92632e-05
2.83079e-05
5.47676e-05
8.11985e-05
0.000112971
0.000123716
7.33286e-05
0.000102913
0.000137414
9.23714e-05
0.000118889
0.000104413
0.000157579
0.000204514
0.000272747
0.000256381
0.00017457
0.000265537
0.000692703
0.00060838
0.000358608
0.000407779
0.000294921
0.000262884
0.000171904
0.000113288
8.46153e-05
5.10121e-05
1.27229e-05
1.27026e-06
4.66771e-06
4.85737e-12
6.46896e-07
3.41092e-06
1.31433e-05
2.0985e-05
4.9733e-05
7.91686e-05
9.0894e-05
0.00013232
0.000103355
0.000118708
0.000160597
0.000225318
0.000304715
0.000301102
0.000359697
0.000422313
0.000446009
0.000595431
0.000706986
0.000662519
0.000683224
0.000786377
0.00082274
0.000889552
0.000897812
0.000960656
0.00107661
0.00110356
0.00119716
0.00123445
0.00131809
0.00129454
0.00131705
0.00136949
0.0014762
0.00114473
0.00117488
0.00116109
0.00138389
0.00136656
0.00137138
0.00111488
0.00112687
0.00119252
0.00121769
0.00122282
0.00152109
0.00141969
0.00144963
0.00114975
0.00121954
0.0011598
0.00125818
0.00127394
0.00116635
0.00109957
0.0011158
0.00101954
0.00106027
0.000979145
0.000874227
0.000812719
0.000889589
0.000830816
0.000767404
0.000671412
0.000721869
0.000648204
0.000670652
0.000624367
0.000664642
0.000597017
0.000653796
0.000600053
0.000530956
0.000435262
0.000372213
0.000440076
0.000329816
0.000336033
0.000302492
0.000232914
0.000216735
0.000180897
0.000193497
0.000182017
0.000145082
9.55864e-05
8.28408e-05
5.8568e-05
5.64491e-05
2.83121e-05
1.85294e-05
1.27152e-05
4.59317e-06
2.15331e-06
2.99109e-09
5.58709e-07
1.7198e-06
4.96364e-06
8.93957e-06
1.55286e-05
2.39167e-05
2.88327e-05
3.67476e-05
4.00697e-05
4.31453e-05
4.90162e-05
6.02112e-05
6.90414e-05
7.58034e-05
7.87521e-05
8.39523e-05
9.04711e-05
9.73157e-05
0.000103207
0.000122832
0.00012631
0.000122686
0.000129584
0.000133205
0.000139146
0.000140212
0.000147519
0.0001629
0.00016489
0.000172011
0.000181
0.000183482
0.000184737
0.000186979
0.000195987
0.000197175
0.000196708
0.00022181
0.000223647
0.000232984
0.000250798
0.000253811
0.000191463
0.000192901
0.000204543
0.000204935
0.000186286
0.000176916
0.000174948
0.000238626
6.02067e-07
0.00385805
1.14433e-05
0.000137393
0.000160445
0.000146378
0.00115849
0.000481695
0.00081344
0.000782552
0.000480634
0.000521347
9.00945e-08
3.36521e-06
2.39555e-06
0.000511925
0.000368247
0.000343582
0.00187272
0.00153851
0.00137604
0.00197447
0.0017138
0.00156726
0.00187178
0.00162455
0.00151086
0.00108237
0.000900803
0.000653742
0.000560045
0.000374756
0.000339947
0.000224809
0.000200477
4.67466e-05
2.42345e-05
2.23545e-05
3.87727e-05
2.38898e-05
2.29294e-05
6.85761e-06
1.39463e-06
2.94065e-06
1.4017e-05
2.70724e-05
2.76484e-05
8.40068e-05
9.96569e-05
3.74424e-05
3.16329e-05
0.000101188
8.21029e-05
0.000220613
0.000212905
0.000178239
0.000112288
8.92468e-05
7.24112e-05
8.03229e-05
6.19293e-05
5.74379e-05
4.93844e-06
1.81762e-06
9.0938e-07
1.70504e-05
1.77443e-05
1.51569e-05
7.83155e-06
1.83138e-05
8.8685e-07
1.2344e-06
3.31607e-05
1.26673e-05
8.71241e-06
5.00252e-07
1.46882e-06
1.95848e-06
3.43544e-06
3.44488e-06
3.43102e-06
3.66829e-06
2.88228e-06
3.6237e-06
1.07603e-05
5.21188e-06
2.54683e-06
1.32009e-06
3.19143e-08
1.099e-05
2.19241e-05
2.06692e-05
5.4896e-06
1.19414e-05
1.24511e-05
2.10584e-06
2.67744e-07
1.83643e-07
1.09895e-05
2.57491e-06
7.83161e-08
1.84521e-06
1.16074e-06
3.22409e-07
9.42182e-07
8.40304e-06
1.9528e-05
1.51261e-05
3.17124e-06
5.77869e-08
1.49793e-05
2.40468e-05
2.48049e-05
3.65219e-05
0.000120131
0.000144111
0.000128965
6.10251e-05
7.0509e-05
8.06332e-05
5.55002e-05
6.79951e-05
4.2046e-05
5.72195e-05
5.3084e-05
4.9206e-05
6.00136e-05
5.59049e-05
6.69359e-05
5.95935e-05
7.34336e-05
3.9895e-05
5.4115e-05
4.79036e-05
7.46286e-05
8.49674e-05
3.04292e-05
4.21075e-05
3.6229e-05
6.93625e-05
8.17742e-05
0.000104276
0.000110185
7.84127e-05
9.23369e-05
8.54624e-05
0.000159299
0.000161243
9.44684e-05
9.48663e-05
6.94858e-05
7.89311e-05
7.04497e-05
4.76359e-05
5.14923e-05
5.54856e-05
7.58717e-05
8.04187e-05
3.71298e-05
4.09258e-05
3.21998e-05
5.6302e-05
5.65693e-05
5.38277e-05
4.92497e-05
4.40923e-05
3.04379e-05
2.54948e-05
1.12127e-05
7.31884e-06
2.43588e-05
2.25373e-05
1.64188e-05
5.58286e-06
3.16852e-06
9.99842e-06
4.61081e-05
1.2686e-05
0.0186415
0.0160125
0.0150972
0.0121976
0.0114956
0.0130303
0.0106825
0.00901682
0.000116938
0.000353701
0.000320473
0.000602437
0.000486996
0.00042163
0.000667483
0.000573915
0.000576146
0.000721124
0.000570611
0.00058124
0.000436037
0.000453683
0.000358335
0.000418385
0.000285937
0.000284871
0.000132809
3.50329e-05
2.17576e-05
3.34106e-05
1.60049e-05
2.0713e-05
0.000210839
0.00012778
0.000232165
0.000468246
0.000624619
0.00066641
0.00099651
0.00084051
0.00089445
0.000528047
0.000544099
0.000599776
0.000329679
0.000271611
0.000288104
0.000201321
0.000161737
0.000170399
0.000209505
0.000168047
0.000153977
0.000116997
0.000143073
0.000105362
7.36995e-05
0.000107685
0.000104422
4.60291e-05
5.23609e-05
4.64314e-05
2.40778e-05
1.87283e-05
3.12754e-05
4.96137e-06
6.89484e-06
6.18347e-06
3.41225e-06
2.73398e-06
1.83673e-06
1.46308e-05
1.28909e-05
3.13429e-05
5.21151e-06
3.28827e-05
4.09512e-05
2.12554e-05
3.24528e-05
1.29724e-05
4.53672e-05
0.000113107
0.000153545
0.000114239
3.83861e-05
0.000108552
0.000119582
6.71849e-05
9.51909e-05
0.000111146
0.000117054
0.000200606
0.000124692
0.000174884
8.99994e-05
0.000171041
9.93874e-05
0.000150054
0.000250652
0.000341054
0.00039501
0.000236036
0.000380523
0.000195414
0.000343561
0.000234641
0.000393139
0.000375921
0.000283655
0.000389919
0.000480827
0.000302215
0.00048547
0.000460151
0.000661633
0.000335788
0.000406619
0.000544807
0.000418525
0.000711699
0.000568145
0.000662795
0.000393958
0.000779486
0.000432754
0.000458048
0.000544954
0.00079924
0.000594489
0.000768223
0.000616852
0.000797326
0.000834904
0.00101144
0.00104532
0.000647061
0.000786497
0.000847361
0.000464949
0.000591535
0.00066292
0.000946847
0.000597577
0.00083287
0.000991067
0.000998866
0.000617759
0.000791394
0.00112171
0.000607875
0.000762052
0.000731774
0.000874875
0.000223134
0.000235371
0.000333052
0.000163995
0.000903035
0.000309784
0.00024469
0.000246898
0.000237304
0.00024056
0.000352708
0.000347466
0.000316385
0.000328352
0.000327359
0.00034608
0.000187245
0.000148453
0.000160215
0.000315671
0.000315707
0.000374339
0.000234855
0.000184398
0.000197511
0.000192574
0.000238042
0.000223842
0.000221956
0.000206952
0.000218517
0.000219562
0.000266227
0.00027582
0.000264861
0.00020303
0.000205716
0.000244109
0.000239583
0.000162644
0.000162085
0.000245381
0.000239049
0.000216153
0.000207752
0.000215305
0.000218826
0.000231695
0.000224001
0.000185293
0.000193811
0.000191714
0.000221258
0.000229416
0.000223612
0.000207923
0.000214264
0.000211493
0.000226067
0.00022626
0.000208912
0.000199706
0.000197711
0.000190187
0.000180773
0.000167958
0.000191533
0.000193839
0.000181732
0.000170576
0.000166706
0.000160567
0.000123712
0.000112602
0.000111885
0.00010634
0.000102407
0.000118579
0.000107788
8.89604e-05
8.84424e-05
6.9368e-05
6.16638e-05
5.56904e-05
4.85257e-05
3.20612e-05
2.91854e-05
2.38043e-05
1.40421e-05
1.00638e-05
1.50937e-05
1.09616e-05
1.0467e-05
8.32135e-06
5.25716e-06
8.47273e-07
9.17623e-07
2.09417e-07
6.13553e-07
1.73725e-06
3.25533e-06
4.48597e-06
7.15299e-06
9.26886e-06
1.08895e-05
1.32058e-05
1.98813e-05
2.34268e-05
2.48376e-05
2.64102e-05
2.77933e-05
2.94353e-05
3.38716e-05
4.37667e-05
3.56211e-05
5.30667e-05
5.79128e-05
6.35298e-05
6.66738e-05
6.73125e-05
7.22131e-05
7.32867e-05
7.53316e-05
7.01804e-05
7.02453e-05
7.54234e-05
7.682e-05
8.12444e-05
5.16071e-05
5.37718e-05
5.39672e-05
5.4166e-05
5.65583e-05
4.72891e-05
4.67908e-05
4.82561e-05
5.52541e-05
5.56224e-05
5.6885e-05
5.64239e-05
5.82407e-05
5.64348e-05
5.58922e-05
5.67766e-05
5.33762e-05
5.2383e-05
5.90534e-05
5.85105e-05
6.06946e-05
5.37957e-05
5.346e-05
5.67412e-05
5.69993e-05
5.02377e-05
5.02357e-05
4.4617e-05
4.39971e-05
4.45095e-05
4.92491e-05
4.96007e-05
4.23236e-05
4.44087e-05
4.2496e-05
4.22912e-05
4.36709e-05
4.75956e-05
4.76299e-05
4.86464e-05
4.85607e-05
5.21534e-05
5.1661e-05
5.26738e-05
2.3996e-05
2.51677e-05
2.53791e-05
0.000132559
0.000132084
0.000135935
0.000135931
0.000137907
0.000143398
0.000143395
0.000143695
0.000135991
0.000137422
9.58104e-05
9.57239e-05
0.000127662
9.35655e-05
9.30753e-05
9.28539e-05
