0.00283184
0.002474
0.00212369
0.00180473
0.00150473
0.00126391
0.00106343
0.000926932
0.000101265
0.000141741
0.000170005
0.000146829
0.000175647
0.000167201
0.000167031
0.000162141
0.00015226
0.000146021
0.000138688
0.000139995
0.000181431
0.000278686
0.000439028
0.000658029
0.000969436
0.00126293
0.00173003
0.00262978
0.00332188
0.00191305
0.00150186
0.000522789
0.000321808
8.61489e-05
0.00010439
9.12274e-05
3.42282e-05
1.59446e-05
5.13522e-06
2.77911e-05
0.000153947
0.000259283
0.000232755
0.000212946
0.000418311
0.000520398
0.000476112
0.00049585
0.000666154
0.00129379
0.00159058
0.00197547
0.00201809
0.00157085
0.00208146
0.0020217
0.00262434
0.00182671
0.00246393
0.00298405
0.00249007
0.00283522
0.00336462
0.00331149
0.00264102
0.00421385
0.00353397
0.002693
0.006355
0.00576295
0.00575772
0.0039794
0.00462241
0.00521328
0.00600057
0.00729709
0.00768735
0.00986143
0.0115105
0.00769761
0.00673634
0.0133364
0.0170088
0.00146404
0.00149038
0.00151447
0.00150634
0.00151941
0.00156857
0.00143412
0.00149823
0.00150573
0.00153765
0.00153308
0.00150209
0.00164771
0.00145769
0.00149901
0.001522
0.00118678
0.00153593
0.000465438
0.000462399
0.00116285
0.000378285
0.000322882
0.000257231
0.000520689
0.00034625
0.000249449
0.000897521
0.000238607
0.000893262
0.00130522
0.0022627
0.00177289
0.00238285
0.00264253
0.00446283
0.00315902
0.0033406
0.00681899
0.00322554
0.00499332
0.0034086
0.00498193
0.00519717
0.00381217
0.00520057
0.00454554
0.00476242
0.00432079
0.00495379
0.00449722
0.00340732
0.00392966
0.00372648
0.00357087
0.00358387
0.00477955
0.00360665
0.00314932
0.00298518
0.00221938
0.00102551
0.00104328
0.000127344
9.4668e-06
9.70154e-06
3.47151e-06
0.000304827
0.000668851
0.000444518
0.000872041
0.00119906
0.00103657
0.00304256
0.000588917
0.00137903
0.000199248
0.00078541
4.94614e-05
5.03334e-05
5.24582e-05
5.3455e-05
7.2427e-05
0.000270053
0.000856732
0.00246612
0.00429906
0.00416769
0.00113865
0.00533066
0.0103344
0.00765437
0.0035032
0.00316369
0.00697477
0.00752888
0.00761691
0.00616868
0.00436429
0.0033711
0.00100102
0.000442107
0.00067043
0.00182314
0.00560697
0.00848572
0.0123721
0.00769111
0.00709088
0.0062649
0.000858144
0.000676732
0.000457726
0.000315355
0.000226293
0.000245326
0.000324825
0.000409431
0.000146151
2.3467e-06
1.56479e-06
5.18127e-06
1.20175e-06
1.46509e-05
1.55538e-05
1.65124e-05
3.43685e-05
6.1733e-06
9.75711e-06
1.10664e-05
6.69705e-06
3.23777e-06
3.91294e-06
2.63391e-06
3.4868e-06
2.20272e-06
1.02893e-05
1.41922e-05
2.84639e-06
2.48513e-06
6.96043e-06
2.67773e-06
5.28975e-06
0.000139542
0.000225351
0.00277037
0.00184511
0.00124731
0.000927262
0.000615549
0.000407605
0.000242986
0.000170489
9.5647e-05
8.59369e-05
3.87408e-05
0.00138472
0.00142226
0.00142666
0.00130374
0.00115043
0.00118828
0.00105166
0.000955384
0.000840518
0.000656362
0.000481268
0.000263406
8.37265e-05
2.35893e-05
6.68473e-05
0.000379455
0.00060789
0.000950579
0.00299475
0.00614249
0.00845786
0.00849717
0.00877136
0.00716917
0.00579204
0.00418118
0.00233856
0.0018044
0.00134969
0.00027604
0.000303991
0.000214312
5.50396e-05
7.03798e-05
6.29291e-05
4.85938e-05
3.70301e-05
8.11893e-05
0.000132783
6.19765e-05
0.000112148
0.000109766
0.000166968
0.000385006
0.000256156
0.000393642
0.000533938
0.000934605
0.00111281
0.00129397
0.00200002
0.00193811
0.00261844
0.00277843
0.00501543
0.00506449
0.00586213
0.0056558
0.00993946
0.00909589
0.0120069
0.0141837
0.00827784
0.00934832
0.0116528
0.0113898
0.014195
0.0222543
0.0218487
0.0160105
0.018059
0.0147221
0.0139867
0.012137
0.00167614
0.00167991
0.0120475
0.00194749
0.00159603
0.00137707
0.00140827
0.00140859
0.00152272
0.00157396
0.00197581
0.00149636
0.00186411
0.00172424
0.00107824
0.000151972
7.75082e-05
0.00038742
7.43477e-05
0.00028616
0.000702197
0.000853941
0.000530785
0.000869422
0.00141993
0.00134203
0.00200747
0.00250495
0.00255755
0.00236813
0.00238084
0.00200676
0.00359392
0.00354181
0.003378
0.00383992
0.00340904
0.00333871
0.00373519
0.00347715
0.00368699
0.00235128
0.00379266
0.00214012
0.00216377
0.00347831
0.00201612
0.00318573
0.00237676
0.00350081
0.00226517
0.00242887
0.00248538
0.00216138
0.000702009
0.00129142
0.000998028
0.000726934
0.000619762
0.000156373
1.06171e-05
2.57642e-06
2.23541e-06
5.50742e-06
9.51772e-05
8.68861e-05
5.27375e-05
0.000847621
1.10058e-05
0.000132966
0.000135263
0.00104503
4.71662e-05
4.761e-05
4.81998e-05
4.8328e-05
4.84246e-05
4.65689e-05
3.72283e-05
3.89609e-05
0.000102744
0.000524656
0.00132067
0.000146511
0.00222906
0.000319074
0.000239932
0.000203216
0.00214145
0.00176578
0.00117333
0.000800918
0.000441455
0.000196438
0.000154269
3.90487e-05
4.40691e-05
1.6675e-05
2.45629e-06
6.52868e-06
2.05818e-05
2.41899e-06
2.33097e-06
3.88363e-06
3.10217e-06
4.45003e-06
2.43696e-05
6.24037e-06
1.46016e-05
3.5789e-06
6.23641e-06
2.66542e-05
3.38655e-05
1.24555e-05
3.37721e-05
8.17395e-05
5.22998e-05
0.00109234
0.000630252
0.00167395
0.00112148
0.000849881
0.000635992
0.00031846
0.000578173
0.00084994
0.000935677
0.000471101
0.000297802
0.00030584
8.53211e-05
0.000195414
8.2933e-05
2.59071e-05
4.05213e-05
2.57601e-05
8.41828e-06
3.35426e-06
3.8955e-06
3.77168e-06
8.27256e-06
5.7876e-06
4.8968e-06
3.87887e-06
4.84239e-06
7.62974e-06
5.25194e-06
7.07572e-06
6.33313e-06
4.33407e-06
0.00196179
0.000935536
0.000424257
0.000196981
7.19371e-05
3.33145e-05
3.00662e-05
5.89338e-06
0.00341201
0.00315966
0.00292608
0.00268917
0.00236739
0.00201332
0.00177691
0.00107579
0.000864258
0.000542247
0.000253498
6.86056e-05
3.22529e-05
0.000144763
0.000440886
0.000776702
0.00279553
0.00577107
0.00932756
0.00931173
0.0101846
0.00962189
0.0078157
0.00632094
0.00483372
0.00384559
0.00277148
0.00166271
0.00136652
0.00118318
0.000425582
0.000472259
0.000316336
0.000285689
0.000228479
0.000200018
0.000154727
0.000137321
0.000131475
0.00014405
0.000301171
0.000212431
0.000392963
0.000709476
0.00073565
0.00133417
0.00131321
0.00157098
0.00172272
0.0019733
0.00226182
0.00283843
0.00326589
0.00321972
0.00406852
0.00587655
0.00540245
0.00479894
0.00572245
0.00686792
0.00851873
0.0121617
0.0115547
0.00873525
0.0088828
0.00710921
0.00602878
0.00502639
0.00852336
0.00139111
0.0049697
0.0055685
0.00127407
0.00126147
0.00131548
0.00134222
0.00136671
0.00140545
0.001317
0.00146812
0.00133288
0.00136253
0.00124464
0.00135332
0.00131286
0.0014435
0.00133154
0.00130695
0.00137567
0.00143647
0.00144785
0.00133504
0.0012982
0.00101724
0.00130277
0.000755574
0.000398426
0.000732262
0.000150129
0.000492857
0.000313841
0.000145716
0.000247687
0.000348921
0.000186673
0.000271044
0.000373594
0.000727096
0.00160178
0.000754423
0.000832228
0.00142324
0.0018876
0.0025497
0.00373144
0.0033845
0.000899477
0.00241746
0.00389429
0.00383766
0.00418484
0.00544803
0.00664784
0.00382584
0.00263147
0.00228463
0.00175791
0.0014506
0.00294795
0.000972952
0.00183734
0.0011393
0.000769703
0.000917798
0.000835841
0.000606323
0.000409709
0.000594685
0.000106532
0.000172542
0.000260235
0.00013523
0.00055276
0.000445444
7.41281e-05
6.55763e-05
0.00238289
3.54222e-05
3.5427e-05
3.54263e-05
3.5424e-05
3.54257e-05
3.54156e-05
3.54159e-05
0.00071378
5.65515e-08
0.00052163
0.00258351
0.00230821
0.00209063
0.00173513
0.0014276
0.00115126
0.000753247
0.00047417
0.000342544
0.00130002
0.00175696
0.00126856
0.00108971
0.000790746
0.000568843
0.000482079
0.000254655
0.000152323
0.00016451
6.94064e-05
3.45122e-05
2.4284e-05
8.0443e-06
5.11606e-06
9.38593e-06
7.98175e-06
9.16414e-06
0.000982688
0.000770618
0.000541455
0.000416319
0.000266997
0.000214509
0.000110301
7.0021e-05
3.78394e-05
2.39132e-05
8.00236e-06
0.00105613
0.000647829
0.000520832
0.000330725
0.000163889
6.16878e-05
3.80146e-05
3.69591e-05
4.87961e-05
9.44536e-06
2.5673e-05
9.59974e-06
1.10941e-05
3.37428e-05
8.29891e-06
4.89868e-06
1.18513e-05
1.00913e-05
0.00154273
0.000923441
0.00047357
0.000835979
0.000377551
0.000223377
0.000127704
0.000120208
5.53376e-05
0.00430047
0.00389561
0.00363807
0.00306997
0.00277602
0.00182466
0.00138254
0.000873436
9.91934e-05
0.00019651
0.00149683
0.00374327
0.00715749
0.00970403
0.0098569
0.0103671
0.00911802
0.00689055
0.00432692
0.00320106
0.00238734
0.00136059
0.00142928
0.00150091
0.000986006
0.000882449
0.000668635
0.000724448
0.000379087
0.000264018
0.000194463
0.000234721
0.000162108
0.000196782
0.000299163
0.000655383
0.00151942
0.0019725
0.00163472
0.00271838
0.00276249
0.00262726
0.00369198
0.00648124
0.0126302
0.00688838
0.00359042
0.00313679
0.0025972
0.0022826
0.00199014
0.00189718
0.0022865
0.00190291
0.00193149
0.00187214
0.00190169
0.00190536
0.00190238
0.00183187
0.00180697
0.00179589
0.00183263
0.00182808
0.00179548
0.00175194
0.00173922
0.0016965
0.00171164
0.00167902
0.00171615
0.00170293
0.00168495
0.00174193
0.00140102
0.00103451
0.00136654
0.000735989
0.000550545
0.000564474
0.000373133
0.000353295
0.000412111
0.000593016
0.00121392
0.000765554
0.00133242
0.0019213
0.00184384
0.00200624
0.00246028
0.00155882
0.00110468
0.00105877
0.000645275
0.00201144
0.00109627
0.000824572
4.39753e-05
0.000546408
0.000103031
0.000166255
0.000227008
0.000301357
6.44131e-05
0.000186564
7.30394e-05
0.00137958
9.31934e-05
0.000137907
7.31917e-05
0.000328342
0.000254656
0.000116041
8.71487e-05
0.00018114
0.000835203
0.000109006
0.00962791
0.0157588
0.00207536
0.0169143
2.98574e-05
2.98698e-05
2.98648e-05
2.98518e-05
2.97948e-05
2.97933e-05
0.000121644
0.000121459
0.00203244
0.00161368
0.00516399
0.00471067
0.00407109
0.00367598
0.00305688
0.0028891
0.00235865
0.00174832
0.00150084
0.000592844
0.000358138
0.000266297
0.000185686
8.97201e-05
5.29465e-05
1.03905e-05
9.1209e-06
7.51735e-06
6.38153e-06
2.06028e-05
5.02852e-05
2.2121e-05
2.4235e-05
5.3988e-05
4.5457e-05
9.90234e-05
3.56893e-05
3.71913e-05
7.03102e-06
7.02341e-06
0.000192348
0.000107609
9.54567e-05
5.25337e-05
9.36944e-06
5.27497e-06
6.65788e-06
7.13899e-06
1.36173e-05
8.72157e-06
1.65222e-05
1.1239e-05
0.0014805
0.000837297
0.000487154
0.000299754
0.000193563
7.35404e-05
3.82355e-05
3.01966e-05
1.22845e-05
1.4331e-05
1.54666e-05
6.92244e-06
7.44373e-06
7.1016e-06
7.40464e-06
8.71445e-06
9.21682e-06
1.27491e-05
1.11548e-05
8.71876e-06
9.12642e-06
2.04481e-05
1.91434e-05
8.59138e-06
0.00334853
0.00318026
0.00277065
0.00257554
0.00223406
0.00167779
0.00134036
0.000971812
0.000550141
0.000222981
7.93584e-05
0.000105953
0.000161877
0.000644855
0.00221483
0.00556589
0.00674841
0.00638195
0.00796104
0.0085555
0.00843361
0.00794912
0.00684573
0.00385956
0.00271664
0.00168758
0.00170592
0.000906465
0.000380451
0.000259527
0.000265515
0.00028573
0.000179241
0.000185464
0.00013454
0.000120882
0.000110198
0.000103869
8.4006e-05
0.000118657
0.000139736
0.000694198
0.000746927
0.000852767
0.00144577
0.00133213
0.00216001
0.00215655
0.00302531
0.00315291
0.00306118
0.00293092
0.00368653
0.00433904
0.00409322
0.00424352
0.00640265
0.00297376
0.0027423
0.00250966
0.00251402
0.0024464
0.0026563
0.00254116
0.00261797
0.00273698
0.00271144
0.00240088
0.00241615
0.00255471
0.00248091
0.00243892
0.00253217
0.00250838
0.00271978
0.00285392
0.00254561
0.00271921
0.00297984
0.0030698
0.00292558
0.002875
0.00281137
0.00279755
0.00270798
0.00283072
0.0026651
0.001422
0.000638558
0.000442025
0.000138386
0.00013315
0.000134749
0.000141189
0.000162397
0.000497386
0.000472842
0.000578138
0.000877116
0.000699674
0.00137334
0.0013356
0.00288832
0.00261474
0.00379458
0.0037115
0.00370551
0.00662833
0.00481769
0.00509662
0.00371844
0.00620013
0.00459256
0.00421852
0.00551065
0.00568727
0.00553414
0.00562922
0.00517781
0.00540953
0.00379805
0.00536224
0.0039211
0.00375819
0.00286257
0.00347423
0.00340789
0.00241948
0.00224236
0.00847854
0.00122131
3.21515e-05
3.233e-05
3.24127e-05
3.26352e-05
3.29348e-05
3.32692e-05
3.10789e-05
0.000354354
0.001441
0.000122025
0.000104041
0.000229535
0.000192966
0.000160979
0.000138394
0.000106294
1.94555e-05
2.76499e-05
9.75208e-05
5.67419e-05
0.0136748
0.0108018
0.00858671
0.00647553
0.00461966
0.00336663
0.0022019
0.00145948
0.000978397
0.000616089
0.000310601
0.000302392
0.00011543
1.28132e-05
1.19722e-05
0.000167711
0.000132325
0.00010755
0.000169305
0.000122054
9.5319e-05
0.000156851
0.000204272
6.89207e-05
6.55928e-05
8.56321e-05
5.54267e-05
6.47806e-05
5.80175e-05
4.30911e-05
0.0001078
8.26587e-05
8.93521e-05
0.00213744
0.0018041
0.00118867
0.00111674
0.000923839
0.000757025
0.000701631
0.000541505
0.000448914
0.000419958
0.00034545
0.000332556
0.000259757
0.000268939
0.000239123
0.000279997
0.000213566
0.000219016
0.000207682
0.000160753
0.000150923
5.00209e-05
3.98421e-05
4.18511e-05
4.39052e-05
6.22098e-05
5.91017e-05
4.12659e-05
1.05097e-05
4.12429e-05
7.78875e-05
0.000146699
0.000193134
0.000185361
0.000146925
3.77744e-05
9.23939e-05
0.00026493
0.000739764
0.000782629
0.000957726
0.00283274
0.00558669
0.00524148
0.00532032
0.00445113
0.00337661
0.00169517
0.00195234
0.00136038
0.000920742
1.98785e-05
8.45194e-05
2.57776e-05
6.26237e-05
0.000125195
0.000114656
0.000241663
0.000247738
0.000475431
0.000481404
0.000488029
0.000572529
0.000989528
0.00118529
0.0012044
0.00150008
0.0015931
0.00343323
0.00389302
0.00496258
0.00576905
0.00603841
0.00659303
0.00659994
0.00913349
0.0095143
0.0107672
0.0107751
0.0130364
0.0150856
0.0110973
0.0144927
0.0172526
0.0150744
0.0210287
0.0176199
0.0145149
0.0168994
0.00713412
0.00334114
0.00312674
0.00324724
0.00286992
0.00292625
0.00290485
0.00341694
0.00320838
0.003048
0.00391275
0.00402245
0.00343677
0.0031162
0.00314459
0.00298926
0.00275047
0.00292068
0.00274478
0.00262925
0.00264713
0.00115894
0.000267233
0.000139762
0.000115724
5.79179e-05
8.34274e-05
0.000163695
0.000147586
7.90672e-05
8.09069e-05
0.000440959
0.000415002
0.000691924
0.000375539
0.00121804
0.00148155
0.000779795
0.00248883
0.00145296
0.00166439
0.00152638
0.00344205
0.00264854
0.00500331
0.00475844
0.00332315
0.00484609
0.00419328
0.00445984
0.00413138
0.00382565
0.00298374
0.00360564
0.00311957
0.00328834
0.00303808
0.00212801
0.00262695
0.00310122
0.00384103
0.00312542
0.00292221
0.00211751
0.00191734
0.00101054
0.00156742
0.000437996
0.000735883
0.000631992
1.96747e-05
0.000135842
0.000116247
0.000116515
7.84519e-05
0.000642068
0.00141153
4.24277e-05
4.37148e-05
4.45476e-05
4.58076e-05
4.67682e-05
4.44092e-05
3.55372e-05
3.55786e-05
0.000926713
4.52976e-05
0.00137504
0.004081
0.00356699
0.00349702
0.00306814
0.00230721
0.00160357
0.00141492
0.000811252
0.000503013
0.000396061
0.00018284
0.000139207
6.08934e-05
7.04673e-05
4.99175e-05
6.82039e-06
4.36798e-06
5.0944e-06
5.27996e-06
1.24226e-05
1.43001e-05
1.65303e-05
6.46908e-05
8.74957e-06
1.31748e-05
7.38012e-06
1.44095e-05
1.5671e-05
5.77613e-05
3.68514e-05
4.18981e-05
0.00200034
0.00123576
0.000919757
0.000504158
0.00178547
0.00123198
0.000686345
0.000774203
0.000721286
0.000729252
0.0024555
0.0021084
0.00213416
0.00135433
0.000541363
0.000276594
0.00038753
0.000269679
6.32761e-05
7.02115e-05
8.09889e-06
4.81367e-06
0.000231553
0.000311656
0.000378959
0.000316721
0.000169657
0.000191346
0.000169735
8.01557e-05
9.15821e-05
0.00055434
0.00998039
0.00619548
0.00346245
0.00174025
0.000811014
0.000426581
0.000145422
8.18262e-05
3.93933e-05
0.00434101
0.00402515
0.00380906
0.00351441
0.00305456
0.00274062
0.00242469
0.00198445
0.00156401
0.00120376
0.000708964
0.000344782
0.000341947
0.000127132
5.3326e-05
0.00015682
0.000431127
0.000515765
0.0022777
0.0029598
0.00557735
0.00785871
0.00842558
0.0065637
0.00477166
0.00391012
0.00230745
0.00191587
0.00117278
0.000576492
0.000322675
0.000170297
0.000146224
0.000109322
0.000112189
0.000108611
0.00011436
0.000187407
0.000175122
0.000218193
0.000155334
0.000426657
0.000486916
0.000654301
0.000941274
0.000969943
0.00091762
0.00139544
0.00177246
0.00193595
0.00198938
0.00261948
0.00238638
0.00336747
0.00497718
0.00536224
0.00505327
0.00432749
0.00518884
0.00767208
0.00681279
0.00508974
0.00858126
0.00973517
0.00655284
0.00717575
0.00816538
0.00575142
0.00630826
0.00618804
0.00719234
0.00248791
0.00230679
0.0021765
0.00203227
0.00194655
0.00209743
0.00205596
0.00180828
0.00183068
0.00177991
0.00189997
0.0016359
0.00174258
0.00155597
0.00167241
0.00156935
0.00171389
0.00156816
0.00156557
0.00155394
0.00148575
0.00158424
0.00154224
0.00156262
0.00149923
0.00152523
0.00144286
0.00145483
0.00154286
0.00143403
0.00153398
0.000708663
0.000908406
0.000599206
0.000246687
0.000192431
0.000189118
0.000249661
0.000183833
0.0002331
0.000424299
0.000309888
0.000367573
0.00060523
0.000597014
0.000567567
0.00204963
0.00244121
0.00226033
0.00285188
0.00251346
0.00309659
0.00318086
0.00258393
0.00342396
0.00166507
0.00434308
0.00325996
0.00289671
0.00261306
0.00205829
0.00210297
0.00120565
0.00165582
0.00111613
0.00123942
0.000560088
0.000523659
0.000587838
0.000368771
0.000703238
0.000255855
0.000475925
5.96646e-05
0.000281104
0.000208809
0.00025906
0.000119669
0.000104411
0.00338605
0.000269137
0.0001602
3.49231e-05
3.50784e-05
3.5078e-05
3.49269e-05
3.49255e-05
3.49147e-05
4.9986e-05
0.00192116
0.000240054
0.000418277
0.00104548
0.00120415
0.00123354
0.00100144
0.00074851
0.000642426
0.000462168
0.000261369
0.00014156
4.91647e-05
3.25921e-05
4.58911e-06
2.43986e-05
0.000470372
0.000354149
6.97948e-05
0.000244441
0.000182587
0.000141173
5.61945e-05
1.05694e-05
9.79093e-06
4.60125e-06
3.69808e-06
1.63206e-05
1.6107e-05
2.05413e-05
6.71347e-05
2.03129e-05
2.54391e-05
7.20116e-05
4.421e-05
5.31466e-05
0.000901637
0.000541997
0.000519724
0.00039041
0.00029272
0.000284169
0.00015055
0.000109491
8.97887e-05
4.20168e-05
0.000964945
0.000602931
0.00043101
0.000352271
0.000168591
0.000105103
7.94579e-05
4.32372e-05
1.37424e-05
9.25968e-06
8.55177e-06
5.56311e-06
5.25724e-06
5.2868e-06
5.92424e-06
5.02768e-06
6.02591e-06
8.21503e-06
4.60431e-06
7.38194e-06
2.62002e-05
5.04766e-06
5.66574e-06
5.29019e-06
1.07444e-05
0.00146451
0.000857005
0.000426452
0.000374048
0.00045733
0.00024935
0.000136642
7.88096e-05
4.97413e-05
4.47379e-05
0.00393953
0.00351468
0.00323023
0.00278337
0.00220667
0.00178738
0.00124876
0.000804819
0.000620265
0.000652455
0.000265831
6.04016e-05
9.65532e-05
0.000239902
0.000416352
0.00345227
0.00583875
0.00923654
0.00889346
0.00992169
0.00908683
0.00864597
0.00666107
0.00613988
0.00534422
0.00333535
0.00104324
0.00136835
0.00143103
0.0011232
0.000775892
0.000477923
0.000184453
0.000167296
0.00014899
0.00013723
0.000118053
0.000123559
0.000177295
9.87793e-05
0.000293667
0.000406049
0.000341099
0.000616866
0.000809732
0.00128992
0.0015076
0.00145137
0.00192666
0.00224799
0.0022625
0.00291418
0.00318883
0.00623016
0.00495953
0.00490371
0.00493198
0.00485614
0.00574961
0.00360191
0.0046781
0.00247017
0.00216331
0.00202027
0.00174657
0.00184092
0.00155259
0.00169078
0.00182664
0.00178602
0.00168694
0.00171003
0.00168039
0.00175206
0.00168011
0.00166451
0.0016531
0.00164569
0.0016224
0.00162577
0.00162552
0.00159699
0.00160812
0.001593
0.00156381
0.00156972
0.00161201
0.00150787
0.00163085
0.00159601
0.00139636
0.000902403
0.000522405
0.000439007
0.00027931
0.000347687
0.000342406
0.000308742
0.000321388
0.00115217
0.000874046
0.00106996
0.00137128
0.00109233
0.00121569
0.00109636
0.00151193
0.00285728
0.00107012
0.00163746
0.000577324
0.00109524
0.000635093
0.000545529
0.000367658
4.4361e-05
0.000106509
0.000340753
8.32004e-05
0.0003868
0.000440886
0.000128747
0.000583668
0.000342173
0.000153894
0.000303427
0.000112514
8.15941e-05
0.00080748
0.000447636
9.96208e-05
0.000169318
0.00389991
0.00589787
0.0020421
0.00173695
0.00126444
0.00174688
0.00127678
3.39286e-05
3.39297e-05
3.39282e-05
3.38939e-05
3.38361e-05
3.38323e-05
3.38287e-05
9.86695e-05
0.000666182
0.00202045
0.00478443
0.00527354
0.00453525
0.00358144
0.00381213
0.00266113
0.00228604
0.00177191
0.00116149
0.000756316
0.000415931
0.000296075
0.000111345
0.000160378
0.000108781
1.21491e-05
6.15832e-06
1.31808e-05
3.92853e-05
3.50887e-05
2.82506e-05
7.80543e-05
6.78893e-05
2.2129e-05
3.04527e-05
1.48287e-05
1.77437e-05
2.49672e-05
1.61973e-05
3.01558e-05
3.09761e-05
3.03679e-05
3.93781e-05
1.59233e-05
5.04924e-05
1.01417e-05
0.000123253
0.00013556
8.68502e-05
7.60258e-05
3.31549e-05
9.17919e-06
6.23118e-06
5.52049e-06
6.15931e-06
6.42088e-06
6.35938e-06
5.10938e-06
4.86942e-06
0.00138329
0.000818995
0.000517966
0.000338769
0.000155814
0.000109096
5.48169e-05
2.43881e-05
4.31981e-05
2.00906e-05
3.14333e-05
1.71909e-05
5.74228e-06
5.51433e-06
5.80742e-06
7.95016e-06
7.07977e-06
5.97944e-06
6.99474e-06
6.20779e-06
8.35111e-06
6.57252e-06
6.45224e-06
6.77622e-06
7.35352e-06
0.00302322
0.00286128
0.00272301
0.00236232
0.0019597
0.0014097
0.00117106
0.000664371
0.000352618
0.000164417
5.07398e-05
0.000163008
0.000260991
0.000922277
0.00349905
0.00470108
0.00685429
0.00961643
0.00936035
0.0090121
0.00795119
0.00777398
0.00700795
0.00554934
0.00488641
0.00187795
0.00199048
0.00130539
0.000725949
0.00104734
0.000385292
0.000427968
0.0006525
0.000175235
0.000485401
0.000252885
0.000167835
6.70692e-05
6.30176e-05
5.80479e-05
4.83218e-05
3.15892e-05
7.54497e-05
5.82247e-05
0.000398394
0.000550506
0.00126976
0.00167213
0.0018186
0.00203206
0.00270036
0.0029982
0.00276597
0.00410147
0.0043125
0.0042596
0.00448683
0.00598497
0.00249175
0.00227776
0.002954
0.00231643
0.00241849
0.00222378
0.00231442
0.00281678
0.00276138
0.00255471
0.00231259
0.00235687
0.0023775
0.00245417
0.00243708
0.00246744
0.00253633
0.00239335
0.00256019
0.00247966
0.00263124
0.00237427
0.00251797
0.00246449
0.00222596
0.00243198
0.00232194
0.00242664
0.0024578
0.00122928
0.00237437
0.00111715
0.000428978
0.000164588
0.000237477
0.000163816
0.000218538
0.000323393
0.000381615
0.00106662
0.00109592
0.00162037
0.000983367
0.00139168
0.0028676
0.00292341
0.00318879
0.00339337
0.00483735
0.00410696
0.00414902
0.00418731
0.00534846
0.00507415
0.00314621
0.00464017
0.00389733
0.00268927
0.00357235
0.0029559
0.00152983
0.00325322
0.00199728
0.00180098
0.00201723
0.00192697
0.00133333
0.00178815
0.00227288
0.0020969
0.00287185
0.00234885
0.00711508
0.00373459
0.00406958
0.00348492
3.82113e-05
3.87756e-05
3.89487e-05
3.90782e-05
3.96442e-05
3.95747e-05
3.55827e-05
6.19702e-05
6.21694e-05
0.00138759
0.00114054
0.000730857
0.0108055
0.0128875
0.0110145
0.00950266
0.0082794
0.00730987
0.00606753
0.00466671
0.00330634
0.00259794
0.00145776
0.00102448
0.000655703
0.000443399
0.000205857
0.000145423
8.02177e-05
4.56028e-05
3.06042e-05
2.98147e-05
7.10514e-05
3.49139e-05
4.09186e-05
5.92499e-05
4.90373e-05
4.42418e-05
7.72847e-05
1.98386e-05
1.95979e-05
3.06833e-05
3.14583e-05
2.88334e-05
3.35842e-05
2.84889e-05
6.13885e-05
6.4562e-05
3.7486e-05
7.82617e-05
0.000588264
0.000817126
0.000695956
0.00065663
0.000533904
0.000465493
0.000278917
0.00025309
0.000354219
0.000265452
0.000261369
0.000286713
0.000271387
0.000208688
0.000254802
0.000245807
0.000204846
0.000225053
0.000208871
0.000188522
0.000163956
0.000213033
0.000176137
0.000151928
0.000149183
0.000132042
0.000180019
0.000138576
0.000130456
0.000127601
0.000155029
0.000132923
0.000129571
9.67544e-05
7.41149e-05
0.000143204
0.000210907
0.000202834
0.0001688
0.000114897
6.37114e-05
4.80062e-05
4.60435e-05
0.000146924
0.000838145
0.000620834
0.00164465
0.00380032
0.00429539
0.00513924
0.00500803
0.00383662
0.0024053
0.00143423
0.000468885
0.000702106
0.000366451
0.000133228
9.46266e-05
2.32515e-05
1.16222e-05
2.37214e-05
7.49464e-05
6.09968e-05
6.33704e-05
0.000189561
0.000179815
0.000319188
0.000442419
0.000690743
0.000848474
0.000902771
0.00106568
0.00276461
0.00376417
0.00389777
0.00535379
0.00546244
0.00651933
0.00575115
0.00595881
0.00786646
0.0103309
0.00878466
0.0135685
0.0139879
0.0108512
0.0134951
0.0143341
0.0162557
0.0146006
0.0212888
0.0225225
0.0116961
0.0112026
0.00448057
0.0042292
0.00501129
0.00496329
0.0042661
0.00352095
0.00324988
0.0034641
0.00299152
0.0028535
0.00290351
0.00271964
0.0023633
0.00254271
0.00240473
0.00257309
0.00243559
0.00243983
0.00235505
0.00227618
0.00206139
0.00212755
0.00127034
0.0020259
0.000836123
0.000635179
0.000274747
0.000265323
0.000260303
0.000474443
0.000110734
0.000717471
0.000134477
0.000617758
0.000943697
0.000492486
0.000507095
0.000822648
0.00144812
0.00199078
0.0021952
0.00208423
0.0019216
0.00258866
0.00251671
0.00377364
0.00316255
0.00429628
0.00313069
0.0027972
0.00312752
0.00301854
0.00494065
0.00268455
0.00525618
0.00510133
0.00284255
0.00291094
0.00262034
0.00223281
0.00199526
0.00150895
0.00158897
0.000431196
0.0022079
0.000321296
0.00135082
0.000399742
0.00047289
0.00139594
0.00149845
0.000174749
0.000208261
0.00138722
8.95132e-05
0.000184095
0.00180815
0.00078193
2.54296e-05
3.65561e-05
3.74307e-05
3.75287e-05
3.63218e-05
3.75735e-05
3.64972e-05
3.80094e-05
3.82778e-05
4.13257e-05
0.00139893
0.00140821
0.00201415
5.9674e-06
0.00345251
0.00293881
0.00255189
0.00229801
0.00219874
0.00205919
0.00163593
0.00147383
0.000978208
0.000713617
0.000413036
0.000353455
0.00014872
8.04741e-05
5.75443e-05
9.02111e-05
3.26854e-05
3.56868e-05
6.6976e-06
7.24252e-06
3.46863e-05
5.25231e-05
1.40239e-05
3.06779e-05
0.000114382
6.4965e-05
7.11203e-05
2.06694e-05
7.65175e-05
7.97795e-05
0.00014976
0.000146862
0.000876072
0.00100608
0.000579727
0.000314397
0.000948846
0.000868306
0.000346004
0.000233445
0.000129751
0.000270177
0.00011792
7.98955e-05
0.000105524
3.35579e-05
2.21114e-05
2.1709e-05
1.51294e-05
7.35865e-06
1.04712e-05
6.85863e-06
8.06483e-06
1.33931e-05
1.02616e-05
3.18932e-05
1.82193e-05
0.00595613
0.00362284
0.000693606
0.00246184
0.00131318
0.000782726
0.000352041
0.000151805
4.83126e-05
2.51925e-05
3.21011e-05
1.16246e-05
9.20143e-06
1.48715e-05
8.79356e-06
0.00428819
0.00401996
0.00381117
0.00339358
0.00296502
0.00260327
0.00228559
0.0018756
0.00124548
0.000972396
0.000645878
0.000598792
0.000333947
9.05298e-05
6.77421e-05
0.000234502
0.00040318
0.00119973
0.00332996
0.0045412
0.00640732
0.00787469
0.00823018
0.00705959
0.0053523
0.00470712
0.00273909
0.00122719
0.0013389
0.000621178
0.000452001
0.000227328
0.000172742
0.000113678
8.82901e-05
9.38495e-05
0.000113316
0.000195186
0.000140487
0.000286883
0.000527713
0.000537798
0.00077
0.000912039
0.0010007
0.0014754
0.00187095
0.00178176
0.00241827
0.00286031
0.00329119
0.00386644
0.00456946
0.00503438
0.00762881
0.00668479
0.00699399
0.00892893
0.00575789
0.00809961
0.0052725
0.00585299
0.00476865
0.00426158
0.00725336
0.00783207
0.00582318
0.0050376
0.00915402
0.00827831
0.00207604
0.00197201
0.00197389
0.0018735
0.00191193
0.0018649
0.00179074
0.00180275
0.00170916
0.00164654
0.00168119
0.00169433
0.00158256
0.00178586
0.00156628
0.00155307
0.00156238
0.00149942
0.00153948
0.00145127
0.00150056
0.00165792
0.00146986
0.00142609
0.00142072
0.00151329
0.00148747
0.00153389
0.00138393
0.00144887
0.00127042
0.000611615
0.00045287
0.000663238
0.000443301
0.00053437
0.000276249
0.000215212
0.000544481
0.000336642
0.000517291
0.00146138
0.000428522
0.00125223
0.00175366
0.00184423
0.00137413
0.00150186
0.0014825
0.00234481
0.00281086
0.00141417
0.00359999
0.00286177
0.00365793
0.00337379
0.00283867
0.0028033
0.00223565
0.00162448
0.00172241
0.00305653
0.0020416
0.00138115
0.00106532
0.000931045
0.000855574
0.00196639
0.000620755
0.000517008
0.000546991
0.000251871
0.000233974
0.000222754
0.000227509
0.000464311
0.000266523
0.000176883
0.000225386
0.000145903
0.000142974
0.00392222
3.83666e-05
3.79216e-05
3.79064e-05
3.84324e-05
3.79849e-05
3.79545e-05
3.67682e-05
4.44824e-05
0.00158828
0.000138821
4.19749e-05
0.000910742
0.00140352
0.00145451
0.00127136
0.000860278
0.000719149
0.000465774
0.000270621
0.000115211
7.61655e-05
2.16558e-05
8.30973e-06
0.000895359
0.000524281
0.000310975
0.000289813
0.000208335
0.000154667
0.000112203
4.7871e-05
1.64351e-05
1.13763e-05
4.79964e-06
6.02465e-06
7.59516e-06
3.44882e-06
4.19872e-06
1.71595e-05
6.60155e-06
5.28975e-06
3.36751e-05
3.53788e-06
0.00110567
0.000675348
0.000479672
0.000458584
0.000336754
0.000245039
8.91735e-05
0.000109398
2.44994e-05
1.08682e-05
7.44218e-05
9.61655e-05
4.0141e-05
7.91335e-05
7.57644e-05
0.000200536
8.54018e-05
0.000127149
2.57867e-05
0.000116571
9.28648e-05
0.00014316
0.000134827
0.000100308
0.000143326
9.2163e-05
0.000116283
0.000109252
9.89e-05
2.86174e-05
3.2212e-05
7.2688e-05
0.000103038
9.39741e-05
9.96048e-05
2.48997e-05
0.000109655
0.000103404
0.000102681
4.36232e-06
5.33507e-06
4.7966e-06
0.00989442
0.000648523
0.00070082
0.00075404
0.000705264
0.000558305
0.000464268
0.00041137
0.000331787
0.000117888
8.69116e-05
2.5953e-05
8.76112e-05
0.000312573
0.000708515
0.000922492
0.00294026
0.00581392
0.00641753
0.00923759
0.00910692
0.00845408
0.00714937
0.00517368
0.0031875
0.00186345
0.00170179
0.00146622
0.00144425
0.000677955
0.000639997
0.000265236
0.000248572
0.000190994
0.000128887
0.000124355
8.4907e-05
0.000134466
8.40954e-05
0.00013219
0.000159664
0.000279392
0.000488488
0.000570087
0.000753613
0.0011666
0.00130035
0.00188669
0.00232615
0.00275101
0.00355497
0.00360433
0.00392203
0.00400472
0.00540542
0.0055374
0.00780198
0.00662977
0.018995
0.00403399
0.00356899
0.00423078
0.00700088
0.00465306
0.00432904
0.00268135
0.00254986
0.00228252
0.00211989
0.00188303
0.00192259
0.00191775
0.0017647
0.00163837
0.00159737
0.00169746
0.00162386
0.00157497
0.00153694
0.0014517
0.00156385
0.00168232
0.00145147
0.00142634
0.00149642
0.0014851
0.00143681
0.00132478
0.00146646
0.00146701
0.00142514
0.0009924
0.000788666
0.00025433
0.000400203
0.00023559
0.000538046
0.000233337
0.000194618
0.000624803
0.00103245
0.000593948
0.0020165
0.00168687
0.00123311
0.00272555
0.00196814
0.00192799
0.000885027
0.000785679
0.001683
0.000687885
0.000468614
0.000429792
0.000374213
0.000266558
3.92757e-05
0.000783009
0.000127787
0.000103122
0.000984013
0.000102347
0.000479705
0.000250164
0.000172041
6.86468e-05
0.000654278
8.58564e-05
0.000271891
0.00291057
0.00405582
0.00251225
0.00257021
0.00141843
0.00124087
0.00145752
0.000802255
0.00276651
3.72791e-05
3.72793e-05
3.72808e-05
3.72722e-05
3.72431e-05
3.72058e-05
3.71724e-05
0.000116631
0.000800116
0.00101356
0.00569264
0.00400923
0.00347518
0.00433003
0.00277772
0.00269165
0.00193018
0.00147238
0.00103022
0.000728595
0.000535233
0.000195988
7.09639e-05
6.49806e-05
4.71423e-05
1.53228e-05
5.07829e-06
8.98503e-06
6.3837e-05
6.09046e-05
2.56107e-05
7.3605e-06
4.91791e-05
3.03773e-05
3.9522e-05
3.78281e-05
6.86711e-05
0.000129099
2.95178e-05
0.000119276
3.71471e-05
3.4976e-05
6.39449e-06
3.43065e-05
0.000156537
0.000117082
0.000102759
4.44483e-05
3.15684e-05
6.70508e-06
1.8553e-05
8.83451e-06
9.81662e-06
3.88186e-06
6.66689e-06
0.000593635
0.00034799
0.000225616
0.000169068
7.52886e-05
4.96058e-05
3.44803e-05
1.71707e-05
4.60751e-06
8.29518e-06
6.21566e-06
6.10095e-06
4.64527e-06
4.74232e-06
5.18242e-06
5.22104e-06
6.31908e-06
4.9371e-06
1.4716e-05
5.3943e-06
8.85897e-06
7.57691e-06
7.25961e-06
5.53678e-06
1.21412e-05
0.00201701
0.00197446
0.00196234
0.00178908
0.00144332
0.00127985
0.000848179
0.000536645
0.000362995
9.8872e-05
3.87993e-05
0.000112548
0.000390631
0.000381887
0.000960819
0.00332167
0.0065353
0.0100916
0.0110426
0.00901202
0.00697268
0.00748267
0.00411825
0.00279516
0.00174911
0.00137511
0.000902418
0.000476222
0.000372829
0.00037834
0.000310712
0.00042958
0.000446042
0.000184456
0.000154661
0.000139977
0.000116611
0.000109221
0.000116592
0.000102548
0.000349856
0.000300278
0.000491903
0.00104838
0.00146117
0.00163748
0.00186564
0.00183675
0.00297031
0.00326963
0.0047854
0.00494952
0.00638132
0.00580785
0.00712402
0.00306165
0.00713665
0.00296936
0.0025772
0.00263998
0.00251363
0.00252732
0.00247292
0.00222236
0.0023168
0.00256127
0.0023084
0.00250803
0.00258023
0.0023329
0.00226871
0.00210306
0.00226699
0.00195522
0.00217975
0.0021666
0.00222951
0.00215343
0.00210243
0.00214008
0.00200683
0.00209978
0.00215643
0.00199602
0.00213629
0.00101255
0.000603046
0.000113815
0.000194032
0.000134499
0.000271273
0.000415068
0.000147048
0.000150727
0.00134173
0.000819292
0.00168139
0.00101381
0.00196516
0.00342993
0.00228061
0.00688118
0.00396486
0.0048235
0.00463575
0.00316639
0.005141
0.00506235
0.00380056
0.00520412
0.00511397
0.00284018
0.00595015
0.00403796
0.00421542
0.00421738
0.00277805
0.00387333
0.00219144
0.0015248
0.00140407
0.0012779
0.000800573
0.00072295
0.00232765
0.00133449
0.00143843
0.000820797
0.000804169
0.000487528
0.000166445
3.90804e-05
3.911e-05
3.9159e-05
3.91846e-05
3.93048e-05
3.94653e-05
3.94502e-05
3.78849e-05
0.00063377
0.000609996
7.08369e-05
0.0150105
0.0113629
0.00995969
0.00874443
0.00807239
0.00769099
0.00693862
0.00621426
0.00503882
0.00398838
0.00281871
0.00206166
0.00122691
0.000843665
0.000405873
0.000230495
0.00010873
6.82178e-05
7.51953e-05
1.98209e-05
1.49227e-05
3.2003e-05
2.35333e-05
6.46218e-05
6.15779e-05
8.24201e-05
7.14604e-05
6.48187e-05
3.79691e-05
3.16856e-05
6.6926e-05
3.71798e-05
2.4283e-05
4.07346e-05
4.847e-05
4.17304e-05
4.35112e-05
5.36153e-05
5.98469e-05
1.58475e-05
6.02512e-05
5.59783e-05
2.27799e-05
2.29675e-05
0.000741319
0.000676934
0.000580181
0.000608101
0.000601134
0.000536994
0.000558935
0.000484458
0.000476047
0.000441048
0.000383045
0.000368219
0.000326275
0.000322226
0.000248265
0.000262342
0.000318689
0.00026338
0.000229703
0.000218429
0.000202879
0.000165298
0.000193047
0.000190309
0.000135888
0.000124284
0.000115183
0.000133752
0.000222051
0.000109544
0.000110594
2.53061e-05
7.28372e-05
0.000242907
0.000533467
0.000754339
0.000655602
0.0029476
0.00310145
0.00632885
0.00737987
0.0069075
0.00588612
0.00412267
0.00323584
0.00160773
0.0010402
0.00117122
0.000490228
0.000186623
5.07227e-05
5.52322e-05
0.000167366
3.57718e-05
1.43314e-06
3.93847e-05
1.53145e-05
6.22208e-05
0.000315755
0.000360986
0.000558598
0.000820954
0.0024289
0.00266817
0.00294966
0.00340386
0.00418939
0.0051613
0.00555337
0.00763491
0.00758172
0.0103992
0.00936553
0.0113292
0.00990776
0.0135231
0.018445
0.0136261
0.0128103
0.0136573
0.0119379
0.0101589
0.00191921
0.00198854
0.00203872
0.00220536
0.00200857
0.00220529
0.00203076
0.00207725
0.00221134
0.00215945
0.00227151
0.00250456
0.00231404
0.00235405
0.0023763
0.00244883
0.00243918
0.00238552
0.00287753
0.00243759
0.00280686
0.00254393
0.00253306
0.0025357
0.0021672
0.00221794
0.000493873
0.000958216
0.000996926
0.000398414
0.000366913
0.000681998
0.000537642
5.04898e-05
8.70731e-05
7.94221e-05
5.4955e-05
0.000822728
0.00107581
0.00035984
0.000932802
0.000750092
0.00121851
0.000637061
0.00082071
0.0035021
0.00274516
0.00279219
0.0040683
0.00667801
0.00377831
0.00475982
0.00443389
0.00294104
0.00430746
0.00336462
0.00367261
0.00361505
0.00330186
0.00323343
0.00238335
0.00165546
0.00138967
0.00102721
0.000510612
4.54979e-05
6.27262e-06
0.000387716
0.000582374
0.00190254
0.00362007
0.00734561
0.0097005
0.0135233
0.0106658
0.00876176
0.00821982
0.00741423
0.00886188
0.00804481
0.00867292
0.00510986
0.0071964
0.00917001
0.00327653
0.00319495
0.00345458
0.0036517
0.0045678
5.82113e-05
6.1436e-05
6.39914e-05
6.63791e-05
0.000353363
0.00184131
0.000122567
0.00108788
0.000890551
0.00087814
0.000702044
0.000459876
0.000350876
0.00018708
3.89353e-05
1.17262e-05
7.95871e-06
2.65918e-06
1.62027e-05
1.31064e-05
1.30671e-05
1.63545e-05
4.10701e-05
5.0392e-05
6.57048e-05
0.000124459
0.000207864
7.77761e-05
0.00016166
0.000189734
0.000143123
0.000124094
0.000100557
0.000186833
0.000135005
0.000180973
0.000608401
0.000269153
0.000275452
0.000505875
0.000254645
0.000169533
0.000231443
8.18636e-05
0.000145507
6.72454e-05
2.55897e-05
1.74682e-05
6.13534e-06
6.22543e-06
2.74392e-06
1.91825e-05
8.03369e-06
2.01783e-06
2.81532e-06
3.133e-06
5.15092e-06
7.0623e-06
3.26015e-05
3.9522e-06
6.217e-06
5.98261e-06
1.52811e-06
1.62835e-05
1.29739e-05
5.41056e-06
4.20374e-06
4.93699e-06
0.00427238
0.00268764
0.00165278
0.000738788
0.000290037
0.000141569
6.52847e-05
3.16753e-05
1.45282e-05
9.44438e-06
5.64026e-06
0.00276605
0.00271441
0.00247897
0.00220652
0.00193391
0.00166604
0.00142202
0.00105656
0.000778355
0.000236816
9.16681e-05
0.000120353
0.000148868
0.000505245
0.000764019
0.00292519
0.00647532
0.00925595
0.0104495
0.0134648
0.0141409
0.0128773
0.00960218
0.00842398
0.00913891
0.00528968
0.00405755
0.00364055
0.00166517
0.00162607
0.00142176
0.0012254
0.0011087
0.000754594
0.000855487
0.000521865
0.000459799
0.000475889
0.000339658
0.000288655
0.000212323
0.000270465
0.000203181
0.000211245
0.000283222
0.00146967
0.0015775
0.00215562
0.00271903
0.00359335
0.00444546
0.00453181
0.00215522
0.00212595
0.00222661
0.00310852
0.00382967
0.00517935
0.00618268
0.00760401
0.00477557
0.00366293
0.00144106
0.00134569
0.00143911
0.0014057
0.00143202
0.00144908
0.00129311
0.00144213
0.00127519
0.00139666
0.00134242
0.00126024
0.00131486
0.00132247
0.00132476
0.00128677
0.00129615
0.00130689
0.00134773
0.00120157
0.00133328
0.00124998
0.00139939
0.00122322
0.00122353
0.00122626
0.00121484
0.000681788
0.00101422
0.000198966
0.00075538
0.00011222
0.000110529
0.000209419
0.000625274
0.000495497
0.00265474
0.00290307
0.00264008
0.00410024
0.00327457
0.00442668
0.00466101
0.00732611
0.00650441
0.0038345
0.0056855
0.0049564
0.00351522
0.00525076
0.00420604
0.00168639
0.00124126
0.00247902
0.00182349
0.00127815
0.00126031
0.000694216
0.000757304
0.000297088
0.000536854
0.00059945
0.000483342
0.000158514
0.00023259
0.000395234
0.000141283
0.000240003
0.00030028
0.000287366
0.000550158
0.000972875
4.39517e-05
4.43729e-05
4.39862e-05
4.44758e-05
4.43342e-05
4.39447e-05
4.25532e-05
0.000499867
0.000683005
0.00050383
0.00257231
0.00248424
0.00228733
0.00206645
0.0015544
0.00121571
0.00073919
0.000556051
0.00198151
0.00158698
0.000924382
0.000724721
0.00066792
0.000425545
0.000414034
0.000303478
0.000184803
8.28114e-05
0.000105272
6.07876e-05
2.20118e-05
5.52092e-06
4.79788e-06
3.37275e-06
3.60882e-06
0.000955683
0.000554283
0.000429287
0.000349994
0.000312168
1.48285e-05
4.88446e-06
6.27846e-06
3.45388e-06
5.37384e-06
7.18717e-06
1.98651e-05
1.19345e-05
3.76345e-05
5.02709e-05
0.000102392
9.7005e-05
5.02273e-05
9.74175e-05
0.000102453
0.000125515
0.000103574
0.000124712
3.59759e-05
5.98159e-05
0.000114636
0.000120352
0.000114582
3.79506e-05
6.76304e-05
0.000144781
1.61887e-05
1.2535e-05
0.000265306
0.000338453
0.000455837
0.000379534
0.000383061
0.000351787
0.000268291
0.00018298
0.000109971
3.81889e-05
3.39147e-05
0.000134592
0.000621238
0.000716497
0.00354838
0.00749338
0.00986513
0.0103514
0.00980824
0.00778459
0.00843647
0.00595954
0.00513082
0.00229284
0.00313484
0.00170877
0.000831769
0.000393171
0.000411834
0.000347547
0.000322063
0.000257307
0.000219426
0.000212473
0.000227223
0.000141651
0.000302219
0.000365072
0.000822049
0.000925055
0.00150535
0.00174824
0.00200526
0.00223749
0.00267354
0.00312564
0.00385053
0.00460397
0.00559097
0.00648618
0.00742335
0.0291369
0.00737104
0.00433136
0.00326153
0.00283834
0.00241529
0.00221654
0.00203674
0.00186089
0.00180872
0.00165656
0.00158095
0.00151691
0.0014393
0.00145348
0.00140516
0.00143425
0.00147272
0.00138587
0.00156289
0.00136466
0.00137808
0.00142174
0.00142375
0.00131638
0.00134269
0.00137552
0.00135418
0.00115309
0.00121492
0.000956098
0.000438563
0.000260387
0.000247247
0.000269051
0.000402755
0.000449906
0.000336268
0.00197835
0.00315243
0.00267466
0.00251366
0.00168615
0.00140858
0.0036192
0.000967709
0.00141275
0.00126307
0.000931791
0.00101603
0.000819685
0.000135347
0.000584591
9.16962e-05
0.000176718
0.00074607
7.29627e-05
0.000620191
0.000308037
0.000142693
0.000187699
0.000547933
8.89e-05
0.000321418
0.000111187
0.000745637
0.000432965
0.00100594
9.85283e-05
0.00681707
0.00424281
0.00270789
0.00811806
0.00385584
0.00311866
0.00404684
3.84229e-05
3.84399e-05
3.84349e-05
3.84301e-05
3.84182e-05
3.83502e-05
0.000336497
0.00294237
0.00929127
0.00711342
0.00506675
0.00442268
0.00415256
0.00314082
0.00264198
0.00175627
0.0013023
0.000884019
0.000528846
0.000246062
0.000103377
0.00015195
0.000108417
8.44969e-05
4.16378e-06
7.36626e-06
8.01216e-06
1.06191e-05
1.64874e-05
1.24112e-05
5.37856e-06
9.97897e-06
6.06416e-06
1.67858e-05
3.21513e-05
2.78152e-05
1.061e-05
7.67691e-06
3.93049e-05
0.00024075
0.000167599
6.3585e-05
3.88465e-05
1.61651e-05
4.55639e-06
1.12851e-05
3.76727e-06
1.14379e-05
0.000706062
0.000407277
0.000293636
0.000132365
8.64845e-05
5.96884e-05
1.729e-05
2.07017e-05
1.19135e-05
6.46057e-06
4.786e-06
6.93356e-06
5.60119e-06
5.95807e-06
7.15653e-06
8.65535e-06
5.83506e-06
5.81226e-06
7.12641e-06
9.20033e-06
1.65918e-05
1.62696e-05
0.00220813
0.00220151
0.00211002
0.00188386
0.00172206
0.0014452
0.00108052
0.00078924
0.000561884
0.000280552
6.77742e-05
4.1693e-05
5.13308e-05
0.000231064
0.000339284
0.00163983
0.00439792
0.0103064
0.0101094
0.00816565
0.00624633
0.00438625
0.00323517
0.00325854
0.00197951
0.00141622
0.00116957
0.000890129
0.000638424
0.000454236
0.000494753
0.000304668
0.000553673
0.00030032
0.000164107
0.000152425
0.000137084
0.000117137
0.000108069
9.77312e-05
5.90996e-05
8.06559e-05
3.67149e-05
0.000336595
0.00101441
0.00150289
0.0014949
0.00164092
0.0023085
0.00255308
0.00326627
0.00443978
0.00428516
0.00447692
0.00505611
0.00575667
0.00696878
0.00693388
0.00514344
0.00346674
0.00325416
0.00294217
0.0032068
0.00273871
0.0028516
0.00276339
0.00301619
0.00233241
0.0026056
0.00244322
0.00249093
0.00238196
0.00232231
0.00215811
0.00226761
0.00228064
0.00219996
0.00210537
0.00226351
0.00219026
0.00212154
0.00210937
0.00228147
0.00226665
0.00211459
0.00194744
0.00209097
0.00195061
0.00190121
0.0019737
0.000956966
0.000847049
0.000147891
0.000429427
0.000493686
0.000196026
0.000169833
0.00024385
0.000151845
0.0010423
0.000380912
0.000787248
0.00222333
0.00246998
0.00316969
0.00286252
0.00406719
0.00482113
0.00451843
0.00429035
0.00399992
0.00440177
0.00617338
0.00497547
0.00550876
0.00602257
0.0049378
0.00408277
0.00390455
0.00642249
0.00466295
0.00328723
0.00226559
0.00342434
0.00276004
0.00258137
0.00271207
0.0045497
0.000826282
0.00164951
0.000689032
5.14662e-05
3.65465e-05
3.65881e-05
3.66676e-05
3.65768e-05
3.66405e-05
3.67507e-05
0.00112214
0.00156466
1.78745e-05
0.00789311
0.00803102
0.00705375
0.00622702
0.00608289
0.00537066
0.00516684
0.00435466
0.00354949
0.00250835
0.001841
0.00100768
0.000645555
0.000242723
0.000198232
7.41342e-05
4.72302e-05
1.73733e-05
1.77062e-05
6.17246e-06
5.82575e-06
8.29739e-06
9.35447e-06
5.46829e-05
4.1397e-05
4.28976e-05
0.000109984
8.65439e-05
5.37884e-05
7.21396e-05
0.000202021
0.000159289
0.000164888
0.000139718
0.000151915
0.000129986
0.00010459
0.000108935
9.4675e-05
8.29411e-05
5.42957e-05
4.92071e-05
4.8561e-05
5.83736e-05
2.1067e-05
0.000109941
0.000110728
8.77555e-05
7.00521e-05
5.05734e-05
1.64538e-05
3.29502e-05
9.52594e-05
8.46249e-05
8.52075e-05
9.63135e-05
0.000376223
0.000247645
0.000187401
0.000149643
9.44327e-05
7.5607e-05
4.13891e-05
0.000374155
0.000326205
0.000219555
0.00016054
0.000108908
5.97521e-05
4.27715e-05
3.18779e-05
2.35008e-05
0.00135879
0.00136989
0.00136999
0.0012012
0.000910827
0.000606848
0.000349993
0.000311875
4.89619e-05
0.000157309
0.000407479
0.000507102
0.000740195
0.0030946
0.00559963
0.00799
0.00753288
0.00663778
0.0046036
0.00384726
0.00221659
0.00133915
0.00162951
0.000528195
0.000474927
0.000445308
0.000482303
0.00053451
0.000369417
0.000200782
0.000194023
0.000163165
8.94956e-05
4.26161e-05
3.0425e-05
1.56361e-05
0.000126818
7.99167e-05
0.000147707
0.000185595
0.000447963
0.00138079
0.00394956
0.00250495
0.00289416
0.00298086
0.00555765
0.00542803
0.00594125
0.00943832
0.010999
0.0114426
0.00958662
0.00868951
0.0124554
0.0145515
0.0229628
0.0153547
0.00213412
0.00226872
0.00226817
0.00230256
0.00237378
0.00236992
0.00233737
0.00259979
0.00239976
0.00255858
0.0026435
0.0024027
0.00240655
0.00241
0.00231188
0.00245323
0.00255572
0.00248598
0.00196876
0.000886074
0.00150705
0.000217286
0.000260496
0.000111961
0.000108854
9.69555e-05
0.000116409
0.000278338
0.000216221
0.000235203
0.00197119
0.00145728
0.00178312
0.00106155
0.0024277
0.00223529
0.00249822
0.00243445
0.0055158
0.00260471
0.00678
0.00355033
0.0041858
0.00410905
0.00553119
0.00462712
0.00482999
0.00409433
0.00387453
0.00396959
0.00299744
0.00340104
0.00353596
0.00273295
0.00246572
0.00388594
0.0022439
0.00205832
0.00330106
0.00171812
0.00153331
0.00183825
0.00095886
0.000494683
0.000544416
0.000354682
0.000407733
0.000116699
3.69594e-05
4.16543e-06
4.37721e-07
0.000129335
0.000303241
0.000477128
0.00155587
0.00377924
4.89594e-05
4.98833e-05
5.118e-05
5.25742e-05
5.44092e-05
5.67263e-05
5.92792e-05
6.11141e-05
0.00164779
0.00234343
8.35962e-06
0.000196455
0.0019723
0.00170207
0.00173911
0.00140819
0.00124218
0.00106891
0.000472629
0.000197323
8.72887e-05
2.73e-05
1.92834e-05
6.8758e-06
7.01137e-06
5.77797e-06
9.0521e-06
2.86077e-05
3.79999e-05
5.5671e-05
5.58104e-05
5.65362e-05
7.75321e-05
0.000110936
0.000162319
7.19019e-05
0.000125535
9.65598e-05
7.15461e-05
2.97802e-05
2.31029e-05
8.57448e-05
0.000956262
0.00101412
0.000736794
0.000354384
0.000953099
0.000682064
0.000384427
0.000300134
0.000149272
4.86983e-05
3.65305e-05
1.81728e-05
5.16787e-06
4.62231e-06
4.47429e-06
7.71697e-06
1.17513e-05
7.454e-06
5.56879e-06
1.47493e-05
6.33033e-06
1.48355e-05
1.13408e-05
1.29579e-05
1.82432e-05
9.80659e-06
5.51139e-06
8.06671e-06
1.53434e-05
5.98755e-06
0.00594717
0.00323066
0.00180279
0.00118043
0.000518381
0.00025263
0.000105975
4.87222e-05
3.46073e-05
2.13932e-05
1.73969e-05
8.11791e-06
0.00367693
0.00340336
0.00317529
0.00291058
0.00253207
0.00229088
0.00192108
0.00147269
0.000910804
0.000603646
0.000232995
0.000139847
0.000236683
0.000422409
0.00230191
0.00465476
0.00720518
0.00774084
0.00790945
0.00625751
0.00547921
0.00273706
0.00186948
0.000840334
0.000603595
0.000430769
0.000286227
0.000230751
7.43796e-05
0.000106581
5.70178e-05
9.36094e-05
9.31248e-05
8.50035e-05
0.00011144
0.000351394
0.000178053
0.000566665
0.000541046
0.00106562
0.000772315
0.000915641
0.00119158
0.00125612
0.00197548
0.00223962
0.00195033
0.00147176
0.00167614
0.00131027
0.00213398
0.00172598
0.00126239
0.00134751
0.00107304
0.00104026
0.00141093
0.000941928
0.00117726
0.00126831
0.000929652
0.000814102
0.000855937
0.00067799
0.00084095
0.000538688
0.000646421
0.000805173
0.000949834
0.00056978
0.00070149
0.000648586
0.000503577
0.000612276
0.000821003
0.000472714
0.000566492
0.000529272
0.000571925
0.000343987
0.000403545
0.000559948
0.000539083
0.000292069
0.000454
0.000614429
0.000568534
0.000357861
0.000316254
0.000432097
0.00025008
0.000300286
0.000356539
0.000231615
0.000213304
0.00015904
0.000419671
0.000323181
0.000226641
0.000261947
0.000177121
0.000208302
0.000253945
0.000173695
0.000352228
0.000154076
0.000245108
0.000240402
0.000380724
0.000247793
0.000253001
0.000240159
0.000216895
0.00012744
0.000224431
0.00020827
0.00018915
0.000174265
0.000166428
0.000152779
0.000151547
0.000139123
0.000131786
0.00012303
0.000113454
0.000101157
0.000237519
0.000158353
0.000142997
0.000180033
0.000161358
0.000157972
0.000139831
0.000126553
0.000119245
0.000106355
9.86877e-05
9.81944e-05
9.26222e-05
9.0846e-05
7.74887e-05
7.35179e-05
7.29461e-05
8.09055e-05
6.97518e-05
6.80922e-05
7.18431e-05
7.19446e-05
7.05847e-05
0.000291079
0.00027936
0.000269011
0.00026127
0.000252939
0.000245748
0.000234168
0.000224786
0.000214916
0.000207446
0.00020879
0.000204565
0.000192909
0.000190618
0.000194919
0.000198594
0.000190984
0.00017846
0.00018912
0.000190382
0.000217514
0.000211513
0.000302572
0.000326169
0.000334189
0.000365999
0.000418522
0.000467334
0.000506157
0.000581794
0.000839226
0.00118256
0.00137777
0.00160622
0.00197092
0.00220865
0.0025829
0.00382998
0.00452213
0.00400191
0.00428301
0.00286722
0.000999509
0.00055016
0.000989697
0.000559384
0.000220587
0.00129957
0.00198718
0.00134675
0.000638787
0.00127859
0.00139591
0.000321403
0.000218705
0.000504783
0.00103004
0.000570732
0.000599225
0.000401325
0.00122347
0.00145657
0.00106911
0.000548789
0.00121192
0.00108921
0.000874137
0.000828715
0.00226286
0.00171503
0.00186408
0.00148245
0.0028489
0.00235591
0.00248434
0.00156625
0.00314902
0.00395662
0.00314133
0.00330964
0.0027784
0.00545475
0.00434314
0.00765266
0.00591705
0.00592628
0.00654123
0.0050491
0.0030525
0.000898137
0.000887382
0.000935758
0.00394447
0.000884799
0.000878064
0.000863492
0.00085927
0.000851513
0.000830836
0.000840089
0.00083083
0.000851155
0.000846862
0.000838559
0.000842341
0.00083818
0.000826211
0.000803842
0.000813426
0.000810285
0.000804197
0.000800092
0.000793602
0.00078931
0.000784634
0.000783367
0.000779826
0.000779042
0.000776331
0.000775245
0.000771986
0.000781232
0.000777731
0.00077914
0.000774429
0.000773175
0.000767964
0.00077281
0.000777284
0.000773193
0.00077523
0.00079044
0.000785263
0.000785293
0.000767497
0.000759289
0.000755551
0.000758368
0.000759872
0.000759642
0.000768552
0.000786598
0.000423389
0.00038
0.000268647
0.000750069
0.000746036
0.000750536
0.000755006
0.000757201
0.00033412
0.000752617
0.000747566
0.000755142
0.000747607
0.00072316
0.000750762
0.000765421
0.000524623
0.000685831
0.000681358
0.000498501
0.000516648
0.000376559
0.000127885
0.000126951
0.00013057
0.000123698
0.000122704
0.000147028
0.000144864
0.000199276
0.00015896
0.000156503
0.000246835
0.000497068
0.000625138
0.000853411
0.00162321
0.00158435
0.00191226
0.00149207
0.0016437
0.00146994
0.00143216
0.00211264
0.00289949
0.00280983
0.00281327
0.00239499
0.00231828
0.00239004
0.00476999
0.00518847
0.00234904
0.00246306
0.00534552
0.00507036
0.00533529
0.00502313
0.00495368
0.00401344
0.00394264
0.00524012
0.00481673
0.00487423
0.00390275
0.00354457
0.00387713
0.0023309
0.00302342
0.00400116
0.00399127
0.00346754
0.00323479
0.00194058
0.00182726
0.00220958
0.00205357
0.00174997
0.00158729
0.00152856
0.00136057
0.00100895
0.00106144
0.0013017
0.00100472
0.000865114
0.000909091
0.000136605
0.000158609
0.000296201
0.000295319
0.000177646
9.27151e-05
9.9636e-05
0.000108059
0.000103072
8.98132e-05
0.000159522
0.000117211
9.56591e-05
0.000118221
0.000100711
0.000212508
0.000216187
0.000146808
0.000117863
0.000514632
0.000402227
0.000104459
0.000449005
0.000214473
0.000144487
0.000100685
0.000112398
0.000100613
0.000120794
0.00043761
0.000239618
0.000263402
0.000329841
0.000118477
0.00213904
4.66348e-05
4.66272e-05
4.66176e-05
4.66114e-05
4.6603e-05
4.65973e-05
4.65977e-05
4.65859e-05
4.66615e-05
4.66428e-05
4.69756e-05
8.44566e-05
8.39973e-05
8.4178e-05
0.000493522
3.7312e-05
4.49834e-05
5.40698e-05
4.50694e-05
0.000768711
0.000669293
0.000801998
0.000712519
0.000771326
0.000687944
0.000504551
0.000438135
0.000222173
0.000183373
0.000170314
7.01581e-05
5.49817e-05
4.49892e-06
2.71509e-06
1.92181e-05
2.37562e-05
2.14631e-05
3.67522e-05
3.91372e-05
3.64624e-05
1.26172e-05
6.27459e-05
6.63957e-05
0.000108538
0.000110807
0.000141893
0.000143303
8.87112e-05
8.75273e-05
6.18229e-05
4.35471e-05
4.51447e-05
4.07143e-05
2.47362e-05
2.49345e-05
3.14754e-05
3.09805e-05
2.74355e-05
5.14898e-05
5.27737e-05
5.07898e-05
4.47712e-05
7.9696e-05
5.86376e-05
5.24767e-05
2.96512e-05
1.93247e-05
2.07514e-05
1.38071e-05
1.96377e-06
1.87662e-06
3.28993e-06
2.82755e-06
1.25112e-05
6.79541e-06
3.12728e-06
1.51544e-06
1.55956e-05
1.77742e-05
3.68774e-05
3.3772e-05
1.07115e-05
1.18153e-05
1.15581e-05
6.786e-06
6.10011e-06
1.19882e-05
1.27288e-05
1.38191e-05
1.36668e-05
1.26388e-05
1.9486e-06
4.27424e-06
4.26384e-05
4.26172e-05
2.17255e-05
3.36121e-05
8.17169e-05
0.000100346
0.000116781
0.00014919
0.00012123
0.000149293
0.000203534
0.00028059
0.000167665
0.000158591
0.000201447
0.00019398
0.000225277
0.000198123
0.000246178
0.000399215
0.000345132
0.000190206
0.000380512
0.000243163
0.000456225
0.000240744
0.000453282
0.000381734
0.000322099
0.000565123
0.000478117
0.000343187
0.000385548
0.000322238
0.000414028
0.000456869
0.0108965
0.0071001
0.00412724
0.00217237
0.00111513
0.000589878
0.000266721
0.000129221
4.6741e-05
2.36297e-05
1.42714e-05
5.9371e-06
4.66373e-06
3.23344e-06
2.69511e-06
2.72465e-06
2.85804e-06
2.68366e-06
2.73831e-06
3.38323e-06
2.9536e-06
3.14991e-06
3.47974e-06
3.08229e-06
5.11263e-06
5.4933e-05
4.15055e-05
1.56211e-05
1.12563e-05
9.02989e-06
6.74884e-06
3.67036e-06
4.09272e-06
5.54734e-06
0.00290551
0.00273038
0.00257564
0.00242083
0.00187919
0.00169522
0.00149006
0.00138764
0.00131284
0.00127096
0.00114502
0.00104005
0.0008718
0.000817713
0.000669635
0.000544
0.000463959
0.000443525
0.000313769
0.00027103
0.000131874
0.000139002
5.04743e-05
3.81304e-05
1.17755e-05
1.58235e-05
1.19361e-05
5.63077e-05
6.39533e-05
0.000216781
0.000239914
0.00026345
0.00061629
0.000642383
0.000438783
0.000681144
0.000614363
0.000873791
0.000876834
0.000711158
0.00276438
0.00251668
0.00527121
0.00542614
0.00866726
0.00866687
0.00797879
0.00961528
0.00954343
0.0107934
0.0119301
0.0109548
0.0121216
0.0114698
0.0110046
0.0105036
0.00954926
0.00962311
0.00799112
0.00736583
0.00652569
0.00288343
0.00311875
0.00243702
0.00341144
0.00276907
0.00197093
0.00234294
0.00168271
0.00108983
0.00132475
0.00079963
0.000743444
0.000821304
0.000628944
0.000771114
0.000766868
0.000354646
0.000390142
0.000219737
0.000479257
0.00033789
0.00021619
0.000217888
0.000221713
0.000245789
0.00031045
9.27988e-05
9.76113e-05
8.45533e-05
8.37678e-05
7.10669e-05
8.04856e-05
8.36387e-05
6.73874e-05
0.000244104
0.000128206
0.000206337
0.000206162
0.000239526
0.000212057
0.000252731
0.0005687
0.000803065
0.000578378
0.000574965
0.000606407
0.000822677
0.00111465
0.00125815
0.00102529
0.00123582
0.00134352
0.00125929
0.00141349
0.00151444
0.00182611
0.00178532
0.00171396
0.00154895
0.00162106
0.00189998
0.00225474
0.00167807
0.00117598
0.000854563
0.00190712
0.00111781
0.00159504
0.0013122
0.00162737
0.0015536
0.00128705
0.00278159
0.00212055
0.00331309
0.00257156
0.00259857
0.00138732
0.00349881
0.0026656
0.0039366
0.00322748
0.00209298
0.00125848
0.00257355
0.001342
0.00132602
0.00144694
0.00139668
0.00140984
0.00122695
0.00124458
0.00146358
0.00144637
0.0014042
0.00137498
0.00138136
0.00137397
0.00151868
0.00149343
0.00140958
0.00140716
0.00137471
0.00136092
0.00134587
0.00134505
0.00140448
0.0013669
0.0012844
0.00131817
0.0012188
0.00121284
0.00131147
0.00131282
0.00132615
0.00129695
0.00134235
0.00127514
0.00124961
0.00126337
0.00123488
0.00123564
0.00126304
0.00127333
0.00124787
0.00125893
0.0013393
0.0013613
0.00124147
0.00121821
0.00123591
0.00120338
0.00118265
0.00118155
0.00132343
0.00130757
0.00112421
0.00110864
0.00111532
0.00121441
0.00119273
0.00119281
0.00113977
0.00114303
0.00114058
0.00112365
0.00100152
0.000246398
0.000170181
0.000350062
0.000347016
0.000296419
0.000191926
0.000191116
0.00013016
0.000127557
0.000478332
0.000638888
0.00076346
0.000194737
0.000190123
0.000215893
0.000823894
0.000796804
0.000954296
0.00105893
0.00145761
0.000346625
0.000336361
0.000437978
0.00108155
0.00104118
0.00125032
0.000643376
0.000620542
0.000937011
0.00277794
0.00290149
0.00241882
0.00229487
0.00306825
0.00278434
0.00271959
0.0027238
0.00234673
0.00409653
0.00428555
0.00422193
0.00384825
0.00368205
0.00314549
0.00283254
0.0019199
0.00345097
0.00301473
0.00263964
0.00162558
0.00183042
0.00160167
0.00146925
0.00138809
0.00213551
0.00181183
0.0017345
0.000981124
0.000846838
0.000623856
0.000728312
0.000574641
0.000510724
0.000583608
0.000710734
0.00111299
0.000994318
0.000399626
0.000421766
0.000114821
0.000120187
0.000126204
0.000254659
0.000263402
0.000558934
0.000575624
0.00032571
0.00030384
0.000348843
0.00253323
0.00148968
0.000794018
0.000466971
0.000249527
0.000157263
0.000122522
0.000101385
7.7287e-05
7.89247e-05
7.53977e-05
7.58139e-05
0.000180546
0.000213858
0.000174802
0.000102118
7.96634e-05
7.83019e-05
8.33204e-05
7.11634e-05
0.000137302
0.000136995
0.000140397
0.000534631
0.000637234
9.69172e-05
7.94873e-05
7.42095e-05
0.000151965
0.00257536
0.00197513
4.5243e-05
4.52495e-05
4.52484e-05
4.52418e-05
4.52536e-05
4.52306e-05
4.51934e-05
4.51952e-05
4.51985e-05
4.52367e-05
4.61712e-05
4.61714e-05
4.63381e-05
0.00195819
0.00183093
0.000295812
0.000295171
0.000379407
0.000313861
0.000935261
0.000843093
0.000906502
0.000834149
0.000757716
0.00068573
0.000462126
0.000429654
0.000380465
0.000161729
0.000131917
6.44622e-05
5.01482e-05
1.4967e-05
1.13661e-05
1.40818e-05
1.01091e-05
5.16033e-06
5.64687e-06
9.30041e-06
1.15594e-05
1.0607e-05
1.29047e-05
2.32595e-05
2.44496e-05
4.97364e-05
5.15819e-05
8.98532e-05
8.95532e-05
8.24388e-05
8.13277e-05
8.46015e-05
8.48185e-05
7.98176e-05
6.5484e-05
6.42244e-05
0.000114237
0.000102041
5.8679e-05
4.68808e-05
2.65664e-06
0.000832897
0.000666286
0.00046784
0.00036316
0.000285741
0.000220655
0.00032888
0.000252401
0.000224049
0.000167682
0.000147148
0.00011431
8.27265e-05
4.89704e-05
3.44001e-05
5.32182e-05
1.57953e-05
9.06252e-06
2.88957e-05
1.87037e-05
8.92614e-06
5.31308e-06
1.6962e-05
1.01688e-05
5.69464e-06
3.43587e-06
3.28766e-06
2.90888e-06
9.99362e-06
1.12994e-05
3.5983e-06
3.1415e-06
3.19039e-06
1.19869e-05
0.00190241
0.00157019
0.000893664
0.000685413
0.000572249
0.000417572
0.000323324
0.000474301
0.00035321
0.000294684
0.000300821
0.000217845
0.000183531
0.000128045
0.000110509
1.38051e-05
7.80755e-06
4.38237e-06
4.73633e-06
5.24047e-06
7.97783e-06
4.53871e-05
2.91156e-05
2.74563e-05
4.20158e-06
5.41662e-06
5.13419e-06
1.6696e-05
2.14697e-05
1.76144e-05
1.4036e-05
1.68704e-05
3.59699e-06
4.65591e-06
3.11091e-05
1.98286e-05
5.34652e-06
3.75545e-06
4.04143e-06
1.49622e-05
1.87979e-05
1.43466e-05
3.43055e-05
2.24063e-05
6.64256e-06
9.10584e-06
5.79775e-06
3.94536e-06
4.17723e-06
3.74717e-06
4.51102e-06
6.95769e-06
4.28564e-06
4.17249e-06
3.83909e-06
0.000173419
0.000494239
0.000359715
0.000287635
1.10239e-05
0.000135642
0.000991008
0.000709484
0.000549776
0.000353041
0.000241652
0.000199705
0.000137373
7.73574e-05
5.61891e-05
7.52096e-05
4.80849e-05
3.94563e-05
4.25631e-05
2.88692e-05
1.09453e-05
8.24043e-06
7.01629e-06
5.60291e-06
6.05431e-06
7.33999e-06
5.89621e-06
6.52668e-06
1.18797e-05
8.33812e-06
9.70497e-06
8.40303e-06
6.64226e-06
7.82814e-06
7.70362e-06
6.84728e-06
7.94817e-06
6.89752e-06
7.74159e-06
8.19468e-06
9.50407e-06
1.41645e-05
9.99388e-06
1.3499e-05
1.89317e-05
1.56908e-05
0.000765606
0.000586786
0.000397104
0.00140209
0.00124984
0.000637611
0.000793008
0.000362839
0.000340342
0.000215986
8.19977e-05
7.82471e-05
8.06743e-05
0.000127972
9.55043e-05
0.00168424
0.00167052
0.00129241
0.0022403
0.00222154
0.00510587
0.0063639
0.00627359
0.00700135
0.00824842
0.00798041
0.00705143
0.00810028
0.00769183
0.0085494
0.00899321
0.00859093
0.00788557
0.00726737
0.00722133
0.0063932
0.00384318
0.0036363
0.00451731
0.00303412
0.00300839
0.00188943
0.00223582
0.00153305
0.00161138
0.00109821
0.000810194
0.000530258
0.00070082
0.000504637
0.000256394
0.000253488
0.000183589
0.000323371
0.000185256
8.44287e-05
0.000116078
8.86987e-05
0.000127155
0.000157861
0.0001518
0.000278023
0.000192321
0.000406874
0.00149374
0.00146935
0.0014024
0.0013814
0.0012605
0.00116671
0.00117464
0.00117202
0.0010939
0.00111559
0.00112506
0.00106348
0.00110273
0.00108964
0.00103931
0.00106492
0.000969821
0.00115579
0.0011845
0.00113616
0.00110315
0.00117989
0.00124101
0.00129736
0.00135311
0.00126982
0.00152167
0.00148455
0.00155188
0.00150101
0.00146975
0.00160366
0.00177366
0.00173756
0.0018549
0.00166392
0.0016374
0.00170234
0.00157971
0.00165548
0.00186199
0.0019838
0.00209541
0.00202217
0.00199413
0.00206611
0.0021355
0.00214808
0.00223604
0.00223495
0.0023223
0.00230391
0.00224032
0.00224065
0.00211068
0.00209976
0.00212211
0.00210316
0.00208147
0.00201187
0.00201463
0.00202804
0.00200815
0.00202163
0.00196938
0.00199286
0.00211554
0.00208252
0.00211028
0.00200393
0.00204396
0.0021169
0.00213647
0.00201152
0.00204337
0.00214797
0.00219821
0.00224609
0.00211312
0.0022024
0.00225311
0.00219735
0.00226483
0.00210008
0.00218645
0.00127121
0.00124524
0.0007526
0.000261212
0.000259633
0.000243823
0.000530292
0.000290099
0.000225836
0.00080898
0.000760038
0.00107045
0.000417626
0.000951511
0.00149716
0.00182387
0.00158741
0.00153677
0.00242432
0.00248885
0.00225201
0.00291201
0.00400693
0.0040798
0.00271693
0.00235117
0.00353095
0.0029782
0.00418713
0.00444135
0.00286791
0.00284647
0.00331527
0.00285248
0.00342555
0.00259066
0.00239732
0.00249487
0.00218495
0.00165849
0.00143691
0.00113092
0.00145849
0.00121748
0.00138204
0.00126889
0.00125123
0.000944067
0.00296424
0.00245706
0.000803542
0.000717828
0.0014153
0.00123793
0.00249243
0.0027124
0.00348854
0.00542198
0.00528139
0.00551024
0.00245284
0.00227872
0.00211666
0.000156069
0.0200318
0.0170708
0.00450972
0.00419276
0.000937369
0.000234662
0.000175939
0.000164602
0.000350949
0.000103442
6.21651e-05
0.000146823
0.000248333
0.000257673
1.33867e-05
1.91334e-05
0.000271199
0.000202358
0.000179119
0.000145525
0.00010618
0.000275246
0.00021884
0.000259032
0.000207779
9.23728e-05
7.62033e-05
0.000122868
0.000119069
0.000110114
4.35338e-05
3.29251e-05
9.4609e-06
9.11922e-06
8.96531e-06
9.78385e-06
9.47903e-06
1.11827e-05
1.66299e-05
1.99199e-05
2.29635e-05
1.61365e-05
1.56113e-05
1.39633e-05
1.52072e-05
1.62736e-05
1.50813e-05
1.63614e-05
1.22549e-05
1.61028e-05
1.55625e-05
2.31123e-05
2.27336e-05
1.35464e-05
1.32786e-05
5.0124e-05
4.94441e-05
4.50349e-05
1.09188e-05
1.30051e-05
1.01314e-05
1.16238e-05
1.12071e-05
1.01324e-05
1.00722e-05
1.01061e-05
1.04121e-05
9.42251e-06
4.60251e-05
2.82948e-05
5.10623e-05
3.11617e-05
1.08834e-05
1.24887e-05
1.07923e-05
8.34035e-06
8.77627e-06
8.63941e-06
1.6614e-05
1.227e-05
1.43398e-05
1.45249e-05
5.0188e-05
4.51129e-05
4.27726e-05
7.59959e-05
5.91343e-05
4.66647e-05
4.36535e-05
3.91329e-05
2.63846e-05
2.16972e-05
1.52907e-05
1.33927e-05
1.01168e-05
1.16688e-05
1.52083e-05
1.54794e-05
2.09401e-05
1.72592e-05
1.44568e-05
1.97119e-05
1.03793e-05
1.0844e-05
2.10198e-05
5.3041e-05
7.85586e-05
5.41293e-05
5.34159e-05
6.2599e-05
2.46938e-05
3.07457e-05
4.2553e-05
5.06376e-05
4.39788e-05
3.29023e-05
3.86904e-05
3.53898e-05
3.7852e-05
2.87873e-05
3.51873e-05
3.33255e-05
5.12498e-05
5.27328e-05
5.83252e-05
3.76434e-05
4.38843e-05
5.3507e-05
6.04394e-05
4.40737e-05
4.93758e-05
5.98422e-05
6.57045e-05
3.824e-05
4.25223e-05
6.0446e-05
6.01994e-05
6.55403e-05
6.83965e-05
5.48379e-05
5.7537e-05
5.26128e-05
5.48203e-05
3.73906e-05
3.93108e-05
3.52804e-05
4.50223e-05
4.59997e-05
3.71862e-05
3.27684e-05
3.20207e-05
3.13615e-05
3.335e-05
3.27512e-05
2.49138e-05
2.45634e-05
2.29948e-05
2.06223e-05
2.04477e-05
1.98001e-05
1.91347e-05
1.87625e-05
1.77053e-05
1.78053e-05
1.71099e-05
1.74596e-05
0.000152684
0.00845805
0.00747125
0.00672494
0.00572303
0.00454248
0.0058924
0.00323552
0.003813
0.00313414
0.000149118
0.000184509
0.000307567
0.000476735
0.000384557
0.000301738
0.000372403
0.000323807
0.000376884
0.000375101
0.00037659
0.000324615
0.000288253
0.000327539
0.000277894
0.000232469
0.000201893
0.000142071
0.000113314
0.000119077
6.24274e-05
5.64163e-05
7.4477e-05
8.55846e-05
5.75075e-05
0.000199038
0.000204629
0.000580124
0.000617227
0.00040172
0.000604463
0.00064544
0.000758432
0.000574879
0.000688511
0.00100609
0.00205523
0.00187477
0.00354855
0.00388451
0.00340088
0.00370248
0.00407684
0.00364179
0.00324081
0.00266361
0.00259302
0.00199192
0.000900792
0.000824975
0.000692077
0.000579878
0.000129692
0.000139166
7.14833e-05
4.52677e-05
1.53546e-06
5.35482e-05
2.58247e-06
8.59697e-06
0.000118738
0.000140119
0.000122458
5.93331e-05
0.000239118
0.00016866
0.000152404
0.000238767
0.000303243
0.000301689
0.000418872
0.00051629
0.00066822
0.000795382
0.000835514
0.000592693
0.000744574
0.00104917
0.00108589
0.00118436
0.00132159
0.00215133
0.00241909
0.00137348
0.00124372
0.00153885
0.00182348
0.00210738
0.00236384
0.00225934
0.00250504
0.0023078
0.00245837
0.00232721
0.00258972
0.00291922
0.00351126
0.00305849
0.00379281
0.00367233
0.00338275
0.00369667
0.00373932
0.00380161
0.00484066
0.00495871
0.00546613
0.00428802
0.00539073
0.00526649
0.00538196
0.00569398
0.00517383
0.00576112
0.00502287
0.00619354
0.00631917
0.00807805
0.00549663
0.00672353
0.00690032
0.00668014
0.00754631
0.00928817
0.0115739
0.0110918
0.0111075
0.0090572
0.00913806
0.00731188
0.00617901
0.00780605
0.0126414
0.0131942
0.0111435
0.0059539
0.0104787
0.00680858
0.0131562
0.013023
0.0060016
0.00143187
0.00143778
0.00142733
0.00133882
0.00133599
0.00140349
0.00137536
0.00137104
0.00144487
0.00183734
0.00133409
0.00167373
0.0016624
0.00180123
0.00175286
0.00124362
0.00155536
0.00127484
0.00156996
0.00125636
0.00125
0.00127845
0.00126821
0.00134632
0.00167307
0.00121832
0.00143774
0.00143204
0.00121377
0.00141908
0.00126741
0.00126385
0.0013277
0.00143535
0.00129036
0.00130029
0.001353
0.00133795
0.00137987
0.00135602
0.00137374
0.00159677
0.0015652
0.00131916
0.00130187
0.00131847
0.00132501
0.0012953
0.001295
0.00123205
0.00122481
0.00122229
0.00121424
0.00120084
0.00122507
0.00116679
0.00114767
0.00116618
0.00121639
0.00124145
0.00118288
0.00103932
0.000204646
0.000160946
0.000455238
0.000310072
0.000653663
0.000647496
0.000417391
8.99831e-05
8.81864e-05
9.41819e-05
8.73719e-05
8.76155e-05
8.69513e-05
8.57357e-05
0.000186504
0.000280338
0.000539649
0.000527871
0.00061343
0.000763302
0.000686661
0.000762681
0.000837636
0.0015939
0.00196401
0.00184633
0.00176927
0.00200627
0.00236973
0.00225621
0.00234324
0.00334504
0.00336371
0.00237355
0.00234614
0.00267176
0.00248206
0.00255981
0.00227354
0.00261148
0.00226201
0.002144
0.00238445
0.00398669
0.00400884
0.00293347
0.00343136
0.00331763
0.00305833
0.00299369
0.00274573
0.00254935
0.00278576
0.00263509
0.00450702
0.00399159
0.00348411
0.00127746
0.00116502
0.00108862
0.00170003
0.00152213
0.000986341
0.00114488
0.0010368
0.00101288
0.00114609
0.00103396
0.00101276
0.00160341
0.00140865
0.00135416
0.00111467
0.00112772
0.00209193
0.00190358
0.00044187
0.00042427
0.000365027
0.000569577
0.000660464
0.000492766
0.000523667
0.000535164
0.000510963
0.000472196
0.00244018
0.00217065
0.001936
0.00156288
0.00158426
0.00151459
0.00125245
0.00110215
0.00107318
0.000855042
0.000826596
0.00100266
0.000822412
0.000665658
0.000570172
0.000568402
0.000154886
0.000127065
0.00013397
0.000207039
0.000166369
0.000218836
6.30319e-05
4.82758e-05
5.24857e-05
3.18306e-05
3.73043e-05
5.34203e-05
4.1779e-05
5.22139e-05
5.84625e-05
3.3133e-05
3.22495e-05
4.48695e-05
5.95311e-05
0.000211471
0.000182399
0.000469712
0.000533701
0.000382627
0.000500278
0.00041443
6.25889e-05
6.1764e-05
6.35286e-05
6.41638e-05
6.40771e-05
6.4144e-05
6.53183e-05
6.25035e-05
6.42596e-05
4.56172e-05
4.55332e-05
4.02515e-05
4.05528e-05
3.99543e-05
6.04987e-05
6.00851e-05
6.28552e-06
1.54385e-06
2.34331e-05
3.15469e-05
0.000865399
0.000757094
0.00123011
0.00112693
0.000898454
0.000832519
0.00138976
0.00124764
0.000355391
0.000309944
0.000205404
0.00017697
0.000170133
0.000147406
0.000140549
6.41296e-05
5.60053e-05
8.02086e-05
5.86544e-05
1.27372e-05
1.46401e-05
1.38863e-05
1.59741e-05
1.74923e-05
1.58248e-05
5.52919e-05
5.40501e-05
2.89219e-05
2.89511e-05
8.81655e-06
7.51357e-06
7.58391e-06
5.39403e-05
5.07439e-05
4.44079e-05
3.90663e-05
6.61844e-06
8.63254e-06
1.95044e-05
2.63417e-05
2.59577e-05
8.02944e-06
1.69274e-05
8.17443e-06
1.17625e-05
4.67026e-05
4.86037e-05
8.44143e-05
8.93508e-05
9.47247e-05
5.86279e-06
4.44613e-06
4.46468e-06
6.30079e-06
1.08872e-05
9.295e-06
5.42042e-06
7.976e-06
9.4609e-06
5.38182e-06
5.67196e-06
6.07074e-06
1.01481e-05
7.5248e-06
7.41074e-06
1.33648e-05
1.76273e-05
8.61462e-06
1.03078e-05
4.02083e-05
4.54196e-05
4.02034e-05
2.86545e-05
3.03465e-05
4.88728e-05
5.02051e-05
1.05444e-05
1.17207e-05
2.15529e-05
2.20504e-05
2.20269e-05
2.3305e-05
2.12653e-05
4.30953e-05
4.3087e-05
4.1286e-05
4.28664e-05
4.03755e-05
3.4419e-05
1.18572e-05
1.16086e-05
1.10864e-05
1.31735e-05
1.22934e-05
1.16604e-05
1.08213e-05
1.27708e-05
1.11641e-05
1.23355e-05
1.15005e-05
1.22902e-05
1.23136e-05
1.4591e-05
1.97735e-05
2.69792e-05
3.86869e-05
2.94347e-05
4.51178e-05
4.34323e-05
6.33046e-05
7.89705e-05
8.82937e-05
0.000122458
0.000120938
7.0388e-05
0.000103617
0.000104995
0.000150021
0.00016495
0.00022969
0.000228403
0.000197843
0.000179471
0.000903505
6.17358e-05
0.000836096
0.000633166
0.000497904
0.000455189
0.000570458
0.000446045
0.000402519
0.000257984
0.000191594
0.000170379
0.000163432
0.000112275
0.00010606
8.73446e-05
5.65064e-05
5.422e-05
4.89585e-05
3.01247e-05
1.48535e-05
9.18102e-06
1.51233e-05
8.28834e-06
9.3725e-06
6.34524e-06
6.05677e-06
1.01524e-05
7.00505e-06
7.13336e-06
6.81408e-06
8.27741e-06
7.57101e-06
7.20785e-06
1.64274e-05
2.2272e-05
3.11915e-05
2.46453e-05
9.51553e-06
1.36662e-05
1.21958e-05
1.84897e-05
2.6258e-05
1.97412e-05
2.17958e-05
2.58154e-05
3.31249e-05
3.56572e-05
1.65692e-05
2.28558e-05
1.97577e-05
1.35074e-05
1.34241e-05
1.123e-05
0.0186285
0.0166818
0.0147346
0.0129754
0.0112609
0.00940464
0.00790707
0.00636255
0.00506385
0.00392568
0.00294486
0.0022344
0.0025784
0.00216012
0.00197511
0.00134745
0.00132362
0.000820946
0.000714164
0.000396222
0.000337781
0.000321217
0.000132842
0.000160771
3.78742e-05
4.58967e-05
9.83687e-05
0.000502999
0.0029776
0.00294392
0.00253438
0.00364226
0.00613653
0.00735195
0.00721257
0.0054616
0.00803853
0.00849687
0.0078978
0.00826362
0.00735428
0.00631248
0.00640394
0.0058974
0.00562199
0.0047362
0.00453802
0.00300657
0.00306496
0.00255712
0.00238789
0.00191667
0.00128184
0.000887754
0.000576593
0.000551484
0.000870204
0.000325614
0.00014838
0.000150555
0.000164829
0.000122508
0.000121656
0.000134983
0.000113756
0.000156732
0.00018577
0.00019941
0.000178818
0.000240606
0.000182458
0.000308271
0.000175133
0.000220985
0.000292332
0.000281191
0.000423039
0.000367154
0.000514468
0.000365691
0.00367601
0.00324679
0.00306325
0.00286885
0.00271329
0.00268536
0.00241822
0.00234064
0.00226267
0.00198372
0.00191055
0.00202278
0.00202074
0.00171949
0.00171458
0.00190133
0.00195656
0.00154607
0.00161152
0.00152992
0.00160709
0.00150017
0.00143758
0.0014269
0.00144311
0.00142702
0.00163772
0.00158161
0.00164719
0.00152473
0.0014825
0.0015927
0.00147332
0.0014392
0.00152084
0.00158744
0.00155293
0.00167697
0.00164541
0.00161292
0.0017524
0.00176185
0.00172993
0.00188647
0.00185507
0.00195693
0.00204924
0.00204667
0.00201355
0.00214751
0.00230593
0.00246426
0.00264845
0.00251761
0.00247547
0.00250833
0.00243542
0.00246719
0.00250919
0.00246096
0.00252292
0.00248939
0.00251687
0.00252629
0.00257696
0.00254415
0.00259855
0.00249459
0.00264043
0.00269174
0.00287666
0.00302482
0.00264249
0.00264832
0.00286035
0.00291803
0.00240311
0.00173582
0.00066207
0.00162692
0.00109022
0.000260833
0.000348266
0.000333754
0.000506397
0.00120446
0.00179908
0.00113438
0.00143202
0.00176988
0.00243758
0.00228466
0.00207375
0.00278833
0.00322523
0.00408755
0.00255185
0.00224059
0.00308093
0.00217621
0.00291925
0.00320231
0.00318053
0.00288363
0.00311569
0.00368244
0.00322125
0.00280139
0.00246106
0.00264592
0.00227544
0.00205764
0.00208192
0.00234945
0.00171045
0.00189377
0.00165367
0.00137483
0.00155834
0.00194771
0.00122041
0.00209061
0.00178254
0.00147452
0.00183778
0.00281798
0.00247548
0.00223578
0.00153088
0.00187375
0.00219643
0.00219013
0.00141764
0.00133066
0.00191904
0.00315926
0.00346173
0.00699011
0.00660052
0.00689301
0.00168587
0.00165304
0.00191156
0.00101389
0.00787392
0.00636923
0.00518717
0.00443177
0.00129438
0.000232702
0.000259306
0.000193145
0.000731225
0.000725812
0.000662897
0.000773022
0.000784692
0.000594102
0.00060001
0.000149437
4.51695e-05
2.84047e-05
0.000294817
0.000227719
0.000333463
0.000261696
0.000238937
0.000190907
9.84612e-05
7.51717e-05
6.33151e-05
4.42272e-05
1.96615e-05
4.34367e-05
5.443e-05
6.81762e-05
6.11872e-05
0.000119752
0.000125667
1.79124e-05
2.03229e-05
5.44183e-05
6.38286e-05
2.05024e-05
2.47466e-05
2.32998e-05
3.67435e-05
4.43915e-05
4.32346e-05
0.000109388
0.000114066
0.000104144
0.000110349
5.89855e-05
6.66246e-05
0.000101852
0.000105447
6.31017e-05
5.18972e-05
3.71261e-05
3.86696e-05
4.55754e-05
2.91414e-05
5.12799e-05
3.73556e-05
6.64697e-05
4.79699e-05
4.26313e-05
3.22644e-05
2.76743e-05
1.53462e-05
1.45266e-05
1.47089e-05
1.46957e-05
1.44038e-05
1.29616e-05
1.31702e-05
1.40419e-05
1.39111e-05
1.43412e-05
1.78822e-05
1.73162e-05
1.64357e-05
1.18957e-05
1.30579e-05
1.36888e-05
1.49616e-05
2.51002e-05
1.98937e-05
4.53089e-05
8.03393e-05
8.50988e-05
6.85675e-05
7.77214e-05
0.000229325
0.000234321
0.000108088
0.000197542
0.000147852
0.000247732
0.000112577
0.000152858
0.000142184
0.000149808
0.000158349
0.000208454
0.000200984
0.000269297
0.000250868
0.000213407
0.000332908
0.000335539
0.000434526
0.000393049
0.000285785
0.000346117
0.000306257
0.000294322
0.0006003
0.000539191
0.000308851
0.00040805
0.000349721
0.000504716
0.000599163
0.000477651
0.000583356
0.000601343
0.000761788
0.00065031
0.000627016
0.000736488
0.000610043
0.000510226
0.000991379
0.000825575
0.000494043
0.0010018
0.000818148
0.000385718
0.000516681
0.000460685
0.0170931
0.0123109
0.00801194
0.00474841
0.00250395
0.00130186
0.000718307
0.000340448
0.000170906
8.99275e-05
3.90107e-05
3.2398e-05
3.3309e-05
5.26616e-05
4.02277e-05
3.26741e-05
3.33808e-05
3.31816e-05
3.4249e-05
3.4363e-05
3.26841e-05
3.75373e-05
3.60468e-05
4.13681e-05
3.84231e-05
3.76733e-05
9.19116e-05
8.38414e-05
0.000100383
6.89516e-05
5.59197e-05
5.15747e-05
4.0428e-05
4.07672e-05
3.90404e-05
3.70267e-05
3.79163e-05
3.71708e-05
4.29018e-05
4.10525e-05
4.16395e-05
4.1315e-05
4.2282e-05
4.01499e-05
4.09311e-05
4.03234e-05
0.0066075
0.00623576
0.00551516
0.00471396
0.00464892
0.00406515
0.00359199
0.00348523
0.00309109
0.00288262
0.00269811
0.00259078
0.00236489
0.00205235
0.00178923
0.00158134
0.00137255
0.00119334
0.00108213
0.000881995
0.000770643
0.000703386
0.000481875
0.000411679
0.000423921
0.000214448
0.000246548
0.000177159
0.000172692
0.000102629
0.000106836
0.000104059
0.000192742
0.000179638
0.000363116
0.000410882
0.000203361
0.000177117
0.000826505
0.000806948
0.00096827
0.00295981
0.00267857
0.00318151
0.00369809
0.00391554
0.00392438
0.00377355
0.00384145
0.00377207
0.00311775
0.00296088
0.00246232
0.00212203
0.00148698
0.000870788
0.00078017
0.000575364
0.00056969
0.000284031
0.000152188
0.000145642
0.000408779
0.000170133
1.71906e-06
2.22761e-05
2.62618e-06
7.77874e-05
0.000244088
0.000488782
0.00027776
0.000522099
0.000650126
0.00068118
0.00066263
0.00077067
0.000616644
0.000757549
0.000745228
0.000792271
0.000876045
0.00117077
0.000877327
0.00128814
0.00137086
0.00148565
0.00129644
0.00126595
0.00151425
0.001457
0.00166976
0.00167691
0.00196857
0.00249605
0.00248128
0.00277417
0.00247559
0.00282988
0.00250144
0.0024045
0.00310964
0.00355352
0.00383462
0.00289166
0.0030179
0.00359932
0.00368676
0.00417631
0.00427349
0.00488483
0.00433012
0.00474206
0.00317628
0.00321995
0.00328104
0.00459316
0.00389261
0.00362989
0.00329722
0.00381718
0.00353059
0.00241516
0.0022386
0.00261216
0.00239952
0.00259705
0.00237643
0.0026971
0.0034053
0.00350544
0.00322577
0.00319391
0.00331482
0.00293333
0.00328078
0.00381099
0.00331701
0.00357264
0.0043677
0.00402887
0.00410505
0.00374473
0.00416561
0.00331073
0.00318815
0.00293608
0.00286453
0.00267351
0.00282373
0.00261009
0.0025477
0.00227836
0.00226386
0.00248842
0.00235718
0.00235027
0.00224115
0.00214937
0.00214104
0.00198483
0.00204901
0.00205107
0.00198902
0.00197933
0.00197832
0.00195895
0.00186267
0.00182095
0.00182023
0.00182939
0.00181172
0.00186784
0.0018228
0.00182003
0.001875
0.00182782
0.00182093
0.00165267
0.00165015
0.00167643
0.00189103
0.0018405
0.00183085
0.0017593
0.00174309
0.00166096
0.00170051
0.00171798
0.00174268
0.00161222
0.00158687
0.0015903
0.00171686
0.00174351
0.00175008
0.00182677
0.00182324
0.00169297
0.00169025
0.00168118
0.00166481
0.00164877
0.00163053
0.000725829
0.000533687
0.000824343
0.000668266
0.000469222
0.000328704
0.000423843
0.000329308
0.000267775
0.000487291
0.000539086
0.000216027
0.000209684
0.000254311
0.000308745
0.000296903
0.000529574
0.000489064
0.000816164
0.00105858
0.00113752
0.000902251
0.00163943
0.00178028
0.00142425
0.00153627
0.00150091
0.0018692
0.00173413
0.00231994
0.00210246
0.00225481
0.00196027
0.00178068
0.00184464
0.00289362
0.00273898
0.00229241
0.00239857
0.0024222
0.00209317
0.00181441
0.00171
0.00170888
0.00145109
0.00129517
0.00158124
0.00130014
0.00091606
0.000516914
0.00176233
0.000789858
0.000721355
0.000974749
0.000809981
0.000831496
0.000303157
0.000271085
0.00023831
0.000514063
0.000442842
0.00044238
0.000607479
0.000377128
0.000335091
0.000321808
0.000109385
0.000168411
0.000222181
0.000265778
0.00046688
0.000379789
0.00015532
0.000213975
5.43876e-05
6.08312e-05
7.39015e-05
7.27612e-05
0.00021184
0.00275583
0.00232336
0.000511873
0.000813461
0.000518175
0.000390372
0.000218823
8.79142e-05
7.70096e-05
8.20305e-05
0.000184745
0.000105168
9.07209e-05
0.000112548
6.99443e-05
6.79347e-05
6.84523e-05
7.554e-05
7.92543e-05
0.00014328
0.000174327
6.4505e-05
0.0023053
0.00169376
3.94342e-05
3.94329e-05
3.94339e-05
3.94012e-05
3.93854e-05
3.93846e-05
3.93834e-05
3.93948e-05
4.00243e-05
3.9752e-05
4.03366e-05
4.03028e-05
4.05096e-05
0.000220489
0.000240163
0.00123781
0.00118311
0.00105232
0.000154236
0.000130173
0.000394935
0.000290897
0.00025654
9.63842e-05
7.80706e-05
7.45344e-05
7.46098e-05
1.16467e-05
1.07925e-05
9.25432e-05
9.69763e-05
8.96245e-05
6.68992e-05
7.23067e-05
5.9616e-05
6.12117e-05
6.52222e-05
5.4827e-05
9.91899e-05
0.000104352
0.000173988
0.000170852
0.000208274
0.000200063
0.00014337
0.000136418
0.000281437
0.000205719
0.000194401
0.0001983
0.000190229
0.000166404
0.000120606
0.000159698
0.000151136
0.000132795
0.000121131
0.000113847
0.00018187
0.000169043
0.000148106
8.13754e-05
0.000852933
0.000656082
0.000665432
0.000537331
0.000387883
0.000300603
0.000228008
0.000205157
0.000172601
0.000128387
0.000158935
0.000115287
0.00010601
9.27063e-05
6.70694e-05
5.53439e-05
4.02023e-05
4.71442e-05
3.10405e-05
2.71024e-05
3.54594e-05
2.25766e-05
2.2796e-05
3.97795e-06
3.9402e-06
3.94808e-06
4.53302e-06
6.85404e-06
5.87698e-06
5.9931e-06
4.00647e-06
4.55014e-06
4.08141e-06
4.00105e-05
4.68752e-05
3.81397e-05
2.07947e-05
1.52173e-05
2.29773e-05
2.00266e-05
1.66141e-05
8.47223e-06
0.00209872
0.00138405
0.00108565
0.000833622
0.000697736
0.000446668
0.000333581
0.000135251
9.36647e-05
0.000106932
0.00018816
0.00013848
0.00025547
0.000184601
0.000152838
2.80196e-05
1.75368e-05
1.60966e-05
8.15861e-05
0.000110701
7.7128e-05
1.25845e-05
7.37376e-06
6.92444e-06
1.26465e-05
1.73794e-05
2.05767e-05
3.26404e-05
3.66571e-05
4.31671e-05
4.37245e-05
8.36007e-06
5.75345e-06
6.12943e-06
4.58052e-06
4.69859e-06
4.72557e-06
1.05403e-05
6.54363e-06
7.05492e-06
4.86824e-06
4.70971e-06
5.21466e-06
5.02412e-06
1.08603e-05
0.000126466
0.000106398
1.02393e-05
7.69139e-06
0.00041421
0.000310876
0.000704632
0.000789689
0.000647125
0.000467935
0.000296482
0.000202264
0.000160693
0.000174715
0.000120641
5.62742e-05
3.59798e-05
3.29315e-05
2.8065e-05
1.94164e-05
3.03533e-05
2.20702e-05
7.78056e-06
6.4599e-06
6.876e-06
7.21944e-06
6.88836e-06
6.83517e-06
7.17081e-06
6.89344e-06
7.09726e-06
1.18412e-05
9.05376e-06
9.80608e-06
1.75403e-05
1.45928e-05
7.88797e-06
8.12449e-06
1.25206e-05
1.24537e-05
8.89566e-06
9.67907e-06
1.12082e-05
1.1597e-05
1.65827e-05
1.062e-05
0.000259786
0.000223932
0.000391639
0.00137149
0.000897312
0.000748919
0.000649938
0.000325488
0.000208324
8.8381e-05
8.49496e-05
9.60011e-05
0.000116512
0.000119488
0.000126968
0.001251
0.0012878
0.00421407
0.00414052
0.00396759
0.00502348
0.00613961
0.00726286
0.00708257
0.00654537
0.00724065
0.00689616
0.00621173
0.0066025
0.00640515
0.00594753
0.00501445
0.00510173
0.00455011
0.00369397
0.00294768
0.00257076
0.00167483
0.00168402
0.00119912
0.00169662
0.00040277
0.000702917
0.000508301
0.000415885
0.000195221
0.000159577
0.000238026
8.64369e-05
0.000224531
7.65634e-05
5.14613e-05
5.8307e-05
6.53381e-05
3.19672e-05
6.49579e-05
9.16287e-05
4.78605e-05
9.4442e-05
0.000122693
0.000186971
0.00032446
0.000421631
0.00049458
0.000364932
0.000578484
0.00193528
0.0017905
0.00191782
0.00153711
0.00150384
0.0013973
0.0014023
0.00143427
0.00133486
0.00134051
0.00149035
0.00148225
0.00125416
0.0012867
0.00123525
0.00117987
0.00122642
0.00117793
0.00129972
0.001349
0.00131165
0.00140391
0.00119318
0.00116116
0.00125272
0.00138565
0.00152275
0.00141498
0.00148367
0.00158154
0.00154831
0.00185731
0.0019947
0.00179115
0.00176091
0.00190637
0.00187782
0.00194056
0.00188133
0.00193851
0.00207998
0.00204726
0.0021519
0.00215874
0.00223501
0.00212607
0.00209878
0.00213826
0.00225208
0.00246146
0.00241095
0.00239835
0.00223273
0.00222206
0.00220089
0.00234695
0.00231485
0.0022436
0.00220732
0.00218447
0.0020423
0.00205726
0.00203177
0.00215607
0.00209516
0.0021124
0.0020411
0.00201784
0.00205606
0.00208049
0.0020522
0.0021029
0.0020545
0.00209944
0.00218213
0.00223441
0.00212633
0.00217079
0.00223063
0.00235682
0.00225178
0.0023512
0.00228868
0.00146014
0.00171714
0.00088525
0.00130856
0.000749015
0.000350353
0.000296034
0.000555472
0.000229861
0.000723583
0.00049155
0.000660197
0.00149784
0.00138447
0.00178548
0.000985374
0.000907209
0.00143901
0.00278963
0.00250478
0.00304931
0.002076
0.00361625
0.00339265
0.00294121
0.00347598
0.00289723
0.00350543
0.00277167
0.0022185
0.00214736
0.00190036
0.00206974
0.00225243
0.00169228
0.00169599
0.00113217
0.000870081
0.000768861
0.00100278
0.00114714
0.000959439
0.000741992
0.000615291
0.000730416
0.000699826
0.000763022
0.00170016
0.00135021
0.000549436
0.000583646
0.000632414
0.000631348
0.000546164
0.0006684
0.00145675
0.00124323
0.00129092
0.00148985
0.001394
0.00100227
0.0010154
0.00152305
0.00137054
0.000886265
0.00380791
0.00346856
0.0042378
0.00768792
0.00852778
0.00272758
0.00271399
0.00369927
0.00347681
0.000696787
0.000174613
0.000189846
0.00829711
0.0182635
0.00212953
3.99709e-06
5.2001e-05
6.27275e-05
5.74836e-05
0.000548128
0.000248575
0.00041822
0.000402376
0.000218203
0.000237759
3.55114e-06
2.45407e-06
2.36671e-06
0.000286458
0.000210157
0.000195998
0.000991367
0.000820172
0.000735737
0.00105715
0.00092344
0.000848063
0.00102576
0.000898576
0.000841292
0.000601075
0.000507845
0.000374093
0.00032651
0.000227612
0.000209254
0.000147276
0.000134673
4.72637e-05
3.49849e-05
3.39373e-05
4.42442e-05
3.61078e-05
3.56838e-05
2.45167e-05
2.12983e-05
2.23944e-05
2.20511e-05
2.74606e-05
2.78731e-05
5.18835e-05
5.92804e-05
3.15311e-05
2.90024e-05
5.98644e-05
5.08016e-05
0.000115307
0.000111516
9.48918e-05
6.36344e-05
5.26388e-05
4.47337e-05
4.83641e-05
3.96218e-05
3.74329e-05
1.52934e-05
1.40164e-05
1.3838e-05
1.93443e-05
1.96546e-05
1.84882e-05
2.0277e-05
2.58297e-05
1.39674e-05
1.47347e-05
2.66033e-05
1.69942e-05
1.5313e-05
1.30159e-05
1.38915e-05
1.43027e-05
1.51148e-05
1.51792e-05
1.3615e-05
1.5449e-05
1.50244e-05
1.55905e-05
1.92435e-05
1.34387e-05
1.22203e-05
1.18109e-05
1.17025e-05
1.75578e-05
2.4242e-05
2.3852e-05
1.43702e-05
1.7639e-05
1.80449e-05
1.26278e-05
1.14911e-05
1.14836e-05
1.94052e-05
1.5129e-05
1.22508e-05
1.28493e-05
1.26437e-05
1.39764e-05
1.39962e-05
1.51839e-05
2.03525e-05
1.83607e-05
1.57977e-05
1.41215e-05
1.93365e-05
2.36652e-05
2.44462e-05
3.00033e-05
6.81508e-05
7.96346e-05
7.22686e-05
3.98018e-05
4.43814e-05
4.93658e-05
3.75912e-05
4.36971e-05
3.17496e-05
3.89584e-05
3.69272e-05
3.50798e-05
4.03814e-05
3.83518e-05
4.37829e-05
4.01327e-05
4.68974e-05
3.17806e-05
3.86039e-05
3.5672e-05
4.74678e-05
5.263e-05
2.82862e-05
3.39236e-05
3.12104e-05
4.55393e-05
5.17203e-05
6.19112e-05
6.50608e-05
5.01736e-05
5.7098e-05
5.37022e-05
8.81604e-05
8.94867e-05
5.80375e-05
5.8689e-05
4.6798e-05
5.16944e-05
4.75897e-05
3.69407e-05
3.92368e-05
4.17134e-05
5.09539e-05
5.35821e-05
3.38347e-05
3.617e-05
3.22078e-05
4.2688e-05
4.3312e-05
4.27284e-05
4.03923e-05
3.87663e-05
3.23425e-05
3.09672e-05
2.5484e-05
2.49548e-05
3.12415e-05
3.03371e-05
2.77258e-05
2.35845e-05
2.19339e-05
2.54663e-05
3.98975e-05
2.48607e-05
0.00916795
0.00785808
0.00738661
0.00595194
0.00559748
0.00632718
0.00516351
0.00433238
7.67028e-05
0.000189924
0.000173363
0.000308453
0.000252721
0.000221025
0.000339644
0.000294384
0.000294419
0.000366084
0.000293566
0.000302358
0.000232732
0.000245343
0.000200249
0.000228111
0.000170588
0.00016919
0.000106118
7.29005e-05
6.9555e-05
7.12838e-05
9.92368e-05
0.000105304
0.000267856
0.000202429
0.000292266
0.000476165
0.000605305
0.000661897
0.000824375
0.000453148
0.000592097
0.000623442
0.000603989
0.000440662
0.00220554
0.00282393
0.00265034
0.00359555
0.0039234
0.00361296
0.00294252
0.00279423
0.00305907
0.00253962
0.0024169
0.00191683
0.001635
0.00187784
0.00155374
0.000730179
0.000769341
0.000556905
0.000321193
0.000189589
0.000248383
3.53607e-05
1.35084e-05
8.59507e-05
7.57943e-05
7.89657e-05
0.000111625
0.000231008
0.000254085
0.000377139
0.000184581
0.000581522
0.00054312
0.000422467
0.000546369
0.000334701
0.000759271
0.00106541
0.00119272
0.00127455
0.00102067
0.00137574
0.00154524
0.00139272
0.0016678
0.00135641
0.00162663
0.00200626
0.00226659
0.00210677
0.00241167
0.00206707
0.00194871
0.00244386
0.00309467
0.00291473
0.00315085
0.00328181
0.00346671
0.00261448
0.002905
0.00343978
0.00370723
0.00365616
0.00455949
0.00411162
0.00462923
0.00409681
0.00432032
0.00503181
0.00500043
0.00572086
0.0061596
0.00501909
0.00576547
0.00599901
0.0070072
0.00567077
0.00756308
0.00649041
0.00790287
0.00773931
0.00618657
0.00607661
0.0070285
0.00614364
0.00657079
0.00587144
0.00950732
0.00801261
0.0078166
0.0071335
0.00597228
0.00606737
0.00891883
0.0071969
0.00741697
0.00521506
0.00839033
0.00883125
0.00724843
0.00693149
0.00767508
0.00635406
0.00481171
0.00943322
0.00757433
0.00810258
0.00668176
0.00204779
0.00197917
0.00168785
0.00227912
0.00635365
0.00165854
0.00183421
0.00181189
0.00182872
0.00180275
0.00150213
0.00150254
0.00155522
0.00151932
0.00151022
0.00146285
0.00187722
0.00205991
0.00197563
0.00147531
0.00146613
0.00135063
0.00161807
0.00178778
0.00172104
0.00172646
0.0015651
0.00159114
0.00158519
0.00162514
0.00157544
0.00156045
0.00142252
0.00139235
0.0014085
0.00157091
0.0015514
0.00143016
0.00143022
0.00168082
0.00167124
0.00138602
0.0013934
0.00144726
0.00146065
0.00143047
0.00141184
0.00136818
0.00137753
0.0014268
0.00139041
0.00116791
0.00135245
0.00132416
0.00127796
0.000888068
0.000870254
0.000739568
0.000907544
0.000900329
0.000537708
0.000319817
0.000319065
0.000231037
0.000129044
9.53307e-05
0.000194374
0.00019267
0.000121516
9.43274e-05
9.34864e-05
9.31816e-05
0.000454566
0.000550143
0.000550657
0.000526494
0.000521066
0.000197039
0.000330874
0.000632878
0.000577604
0.00126798
0.00149626
0.00153989
0.00166341
0.00270604
0.00260424
0.00273773
0.00392881
0.00417022
0.00239775
0.00244708
0.00228207
0.00214244
0.00239493
0.00381225
0.00341753
0.00363214
0.00509935
0.00516936
0.00517475
0.00478115
0.00468467
0.00446862
0.00389405
0.00373023
0.00441826
0.00422281
0.00321116
0.00283086
0.00231896
0.00208533
0.00204194
0.00280301
0.00127834
0.0030037
0.00296132
0.00283075
0.0025809
0.00193052
0.00203872
0.00159983
0.00150326
0.000756057
0.000699696
0.00278314
0.00245094
0.00221764
0.00253441
0.00249027
0.00207974
0.00185025
0.00171795
0.000823546
0.000736048
0.000693037
0.0010246
0.000961524
0.000958194
0.000783204
0.000822182
0.000647238
0.000552409
0.000505713
0.000291398
0.000233522
0.000455426
0.000374526
0.000404887
0.000133655
0.000109262
0.000165396
0.000139642
2.84661e-05
2.5237e-05
5.30622e-05
7.39083e-05
5.86253e-05
2.45744e-05
2.75273e-05
0.00013077
0.000119992
0.000190251
0.000259011
0.000184729
9.01304e-05
0.000143737
0.000106419
5.35017e-05
5.01437e-05
7.87422e-05
0.000133688
0.00192138
0.00198894
0.00224557
5.7143e-05
5.69706e-05
5.83495e-05
5.83534e-05
5.90578e-05
6.10184e-05
6.10237e-05
6.11253e-05
5.81076e-05
5.8684e-05
4.37911e-05
4.3744e-05
5.51705e-05
4.29663e-05
4.26862e-05
4.2606e-05
