0.000440145
0.000357328
0.000364445
0.0003315
0.000297704
0.000292923
0.000268265
0.000275328
8.6179e-05
0.000101761
8.65031e-05
0.000104692
8.65241e-05
0.000102458
0.000123336
0.000136781
0.000166885
0.000212221
0.000254016
0.000306189
0.000479956
0.000737414
0.00111589
0.00159924
0.00232416
0.00311746
0.00413451
0.00638245
0.00815869
0.0050871
0.00428556
0.00196349
0.00126253
0.000494416
0.00014724
8.9336e-05
0.00011933
0.000300404
0.000266395
0.000528167
0.000933089
0.00136202
0.00110519
0.00120155
0.00181044
0.00207146
0.00198005
0.00204469
0.00250409
0.00407402
0.00467006
0.00569552
0.00580285
0.00457283
0.00571369
0.0054799
0.00683287
0.00473317
0.00625295
0.00734776
0.00595631
0.0069027
0.00812093
0.00744526
0.00551554
0.00994264
0.00790785
0.00543972
0.0139995
0.0123491
0.0120079
0.00673041
0.00912501
0.00966418
0.0108381
0.013785
0.0146788
0.0199801
0.0236953
0.0138223
0.0113705
0.0267362
0.0325551
0.00125796
0.00131784
0.00141852
0.00142687
0.00148006
0.00158497
0.00134214
0.00150866
0.00154785
0.00163291
0.00164677
0.00160978
0.00190401
0.00156186
0.00166557
0.00173191
0.00121628
0.00179616
0.000181316
0.0001794
0.00120753
8.70709e-05
0.000675083
0.000458335
0.00131698
0.000812064
0.00049436
0.00241144
0.000504628
0.00245091
0.00356693
0.00602807
0.00490031
0.00650696
0.00725517
0.0118601
0.00885115
0.00946053
0.0182926
0.00962121
0.0143533
0.0105268
0.0148682
0.01576
0.0123801
0.0163962
0.0149367
0.015837
0.0148506
0.0168339
0.0158106
0.0127238
0.0143307
0.0134615
0.0126729
0.012393
0.0155371
0.0122604
0.0108905
0.0100154
0.00744421
0.00365194
0.00332819
0.000613927
0.000119846
9.22056e-05
1.49992e-05
0.000466563
0.00121593
0.000782374
0.00167783
0.00238887
0.00206563
0.00639604
0.00115179
0.00285843
0.000299392
0.00196692
4.84127e-10
5.67248e-10
7.91547e-10
9.23536e-10
7.89923e-09
0.000486498
0.00129232
0.00329
0.00547373
0.00811334
9.36294e-05
0.0082831
0.0146598
0.00980483
0.00463052
0.00440251
0.00943485
0.0102983
0.0102936
0.00794823
0.00510501
0.00358035
0.000385637
7.35418e-05
0.00161551
0.00446626
0.0131895
0.0193957
0.0271414
0.0174558
0.0160961
0.0141216
6.55556e-07
7.19028e-07
5.75561e-07
5.13076e-07
4.92187e-07
7.9738e-07
1.39055e-06
2.08771e-06
1.78233e-06
1.61083e-06
1.9884e-06
2.57324e-06
2.28068e-06
3.2738e-06
3.54686e-06
3.84092e-06
4.67314e-06
3.96266e-06
4.41391e-06
4.74999e-06
4.73841e-06
4.58839e-06
5.00543e-06
4.99851e-06
4.56443e-06
5.09025e-06
4.36461e-06
4.29364e-06
5.06994e-06
5.74859e-06
4.95412e-06
6.12702e-06
6.74953e-06
8.03766e-06
9.97023e-06
3.34837e-05
2.59327e-05
2.14612e-05
2.01338e-05
1.7647e-05
1.58695e-05
1.42427e-05
1.37339e-05
1.25098e-05
1.30478e-05
1.1976e-05
4.13064e-06
4.15385e-06
4.43794e-06
4.62984e-06
4.95577e-06
4.91249e-06
6.18842e-06
6.59808e-06
8.19214e-06
1.13659e-05
1.55104e-05
2.50837e-05
4.51262e-05
7.53441e-05
0.000130519
0.000300522
0.000177247
0.000482331
0.00357147
0.00824828
0.0115934
0.011515
0.0118978
0.00984126
0.00806063
0.00611727
0.0039683
0.00322101
0.00255491
0.00105321
0.000990048
0.000820562
0.000428072
0.000402252
0.000267055
0.000118316
5.72274e-05
1.01903e-06
3.61767e-05
9.11761e-06
9.63137e-05
0.000187691
0.000418886
0.000900625
0.00117448
0.00100792
0.00164681
0.00231651
0.00268122
0.00345403
0.00516788
0.00503962
0.00653331
0.00658732
0.0119633
0.0118182
0.0137569
0.0125386
0.0223504
0.0197696
0.0260312
0.030972
0.0160883
0.0173687
0.0248526
0.0238661
0.0304171
0.0478572
0.0468356
0.03388
0.0376959
0.0308267
0.0293667
0.025015
0.00263489
0.00264556
0.024121
0.00339623
0.0024835
0.00179804
0.00184921
0.0018582
0.00208872
0.00229557
0.00349363
0.00230925
0.00326141
0.00297766
0.0017041
8.54421e-05
6.1343e-07
0.000438655
9.071e-07
0.000681983
0.00171566
0.00210001
0.00136399
0.00224235
0.00361505
0.00347655
0.00509361
0.00632087
0.00652283
0.00614965
0.00625615
0.00542282
0.00929319
0.00930573
0.00903584
0.010261
0.00928874
0.00926584
0.0104238
0.00992477
0.0105899
0.0073033
0.011112
0.0069261
0.00709831
0.0105939
0.00687814
0.0101159
0.00789029
0.00992035
0.00646345
0.00676241
0.0068632
0.00602317
0.002244
0.00369283
0.00292357
0.00219379
0.00185968
0.000581201
9.48695e-05
8.98458e-06
3.35008e-05
4.45482e-05
0.000116533
0.000105583
4.64715e-05
0.00149666
6.75082e-05
0.000421385
0.000406582
0.00258027
1.9713e-10
2.15367e-10
2.47608e-10
2.44673e-10
2.5167e-10
3.87442e-10
1.60115e-11
3.53731e-11
7.84182e-11
3.56768e-08
8.41581e-07
8.42899e-06
2.32648e-05
1.92347e-05
2.85318e-05
2.81156e-05
8.66236e-05
6.45389e-05
2.98575e-05
1.95872e-05
1.32585e-05
8.72475e-06
8.49739e-06
6.22795e-06
6.60922e-06
5.88428e-06
4.46793e-06
4.49965e-06
4.01171e-06
5.16925e-06
5.0661e-06
5.67474e-06
5.0837e-06
5.0672e-06
4.62192e-06
5.16689e-06
5.16243e-06
5.74903e-06
6.10242e-06
4.92969e-06
4.84901e-06
5.05366e-06
4.6287e-06
4.11587e-06
4.61426e-06
1.40805e-05
1.0551e-05
1.65548e-05
1.34863e-05
1.31006e-05
1.21735e-05
9.07508e-06
1.11338e-05
1.37569e-05
1.52625e-05
1.46445e-05
1.3018e-05
1.1681e-05
1.01609e-05
1.20808e-05
9.89465e-06
8.32422e-06
9.6871e-06
9.53039e-06
8.81558e-06
8.00245e-06
8.33352e-06
8.49107e-06
9.1779e-06
9.11432e-06
8.973e-06
8.70259e-06
8.98977e-06
8.36673e-06
8.51241e-06
8.31983e-06
8.57222e-06
9.09726e-06
3.67623e-05
2.41989e-05
1.8434e-05
1.56975e-05
1.30065e-05
1.23401e-05
1.34195e-05
1.11494e-05
2.38526e-06
2.50873e-06
2.81068e-06
3.11364e-06
3.73544e-06
4.85969e-06
5.77391e-06
1.19958e-05
1.44563e-05
2.2237e-05
3.82416e-05
7.1477e-05
0.000117463
0.000220483
0.000434785
0.000497362
0.00369165
0.00827243
0.0137373
0.0134653
0.0147034
0.0138821
0.0117879
0.00969982
0.00789641
0.00653297
0.00512171
0.00345748
0.0028245
0.0023581
0.00126119
0.0012709
0.000737539
0.000585996
0.000331237
0.000241227
7.95089e-05
2.65111e-05
4.99755e-05
0.000132662
0.000267514
0.000387411
0.000560067
0.00144574
0.00130138
0.00257638
0.00256524
0.00293681
0.00338472
0.00417449
0.00478118
0.00592315
0.00670292
0.00681209
0.00884371
0.0123289
0.0105725
0.0104323
0.0122232
0.0148684
0.0197918
0.0276571
0.0260657
0.019479
0.0197981
0.0154465
0.0125949
0.010167
0.0185542
0.00198258
0.00956219
0.0111258
0.00173195
0.0017083
0.00185866
0.00193446
0.00200422
0.00209447
0.00190279
0.00224661
0.00195693
0.00203021
0.00175598
0.00202429
0.00194323
0.00223001
0.00199585
0.00194722
0.00210709
0.0022457
0.00227702
0.00204207
0.00196602
0.00146948
0.00198624
0.000983382
0.000356445
0.000930325
6.81346e-05
0.000502261
0.000532623
6.47798e-08
0.00038686
0.00066446
0.000256923
0.00050202
0.000781573
0.00166125
0.00371583
0.00181976
0.00204352
0.00346889
0.00461672
0.00623018
0.00908632
0.00848858
0.00267974
0.00648588
0.010212
0.01035
0.0115428
0.0150753
0.0187201
0.0121096
0.00915104
0.00829767
0.00679912
0.00582295
0.0100582
0.00424307
0.00663727
0.00444641
0.00313543
0.00341001
0.00301656
0.00223251
0.0015313
0.0019616
0.00036571
0.000556701
0.000785015
0.000357595
0.00150469
0.00120561
7.89532e-05
2.14404e-05
0.00568957
1.01066e-11
1.0158e-11
1.01862e-11
1.02268e-11
1.02641e-11
1.03142e-11
1.03466e-11
8.65348e-10
1.74423e-07
3.43491e-06
6.68152e-05
0.000116912
9.20828e-05
6.23824e-05
5.75178e-05
4.39948e-05
2.68178e-05
2.02006e-05
1.68553e-05
2.85424e-05
3.92962e-05
2.83029e-05
3.0131e-05
2.46231e-05
2.11017e-05
2.14149e-05
1.60659e-05
1.35073e-05
1.5662e-05
1.24063e-05
1.11492e-05
1.11e-05
1.01029e-05
9.92184e-06
8.33088e-06
8.61494e-06
8.22168e-06
1.95191e-05
2.0534e-05
1.72226e-05
1.70847e-05
1.4578e-05
1.49404e-05
1.25777e-05
1.16757e-05
1.06203e-05
1.03707e-05
9.32393e-06
2.44987e-05
2.19234e-05
2.06716e-05
1.80044e-05
1.5243e-05
1.324e-05
1.27511e-05
1.2971e-05
1.44694e-05
1.22269e-05
1.38515e-05
1.30384e-05
1.06953e-05
9.25956e-06
1.14963e-05
1.28866e-05
1.11348e-05
1.1806e-05
3.95675e-05
3.19381e-05
2.48701e-05
3.41997e-05
2.39703e-05
2.20882e-05
2.04242e-05
2.31062e-05
2.08477e-05
3.38633e-06
4.08575e-06
4.51545e-06
6.24118e-06
7.29553e-06
1.56828e-05
2.20123e-05
3.66121e-05
0.000346149
0.000436936
0.00184345
0.00512439
0.0101997
0.0134962
0.0138165
0.014393
0.0127984
0.0097931
0.00670788
0.00506207
0.0040313
0.00248485
0.00232854
0.00232498
0.00147876
0.00114933
0.00083217
0.000710571
0.000297679
0.000131999
2.78321e-06
3.19279e-06
2.02102e-05
0.00045919
0.000649168
0.00160749
0.00264891
0.00371697
0.00345963
0.00497723
0.00590813
0.00602982
0.00799251
0.0154928
0.0301973
0.0166798
0.00808438
0.00713403
0.00559358
0.00475079
0.00399218
0.00363709
0.00412715
0.00325628
0.00312701
0.0028895
0.00298127
0.00302794
0.00302406
0.00286228
0.00269498
0.00266236
0.00281238
0.00283368
0.00273835
0.00259902
0.00256271
0.00240866
0.002482
0.00237456
0.00251075
0.00247849
0.00243276
0.00262069
0.0019389
0.00121621
0.00180407
0.000613539
0.000281635
0.000307939
1.83181e-05
0.000107988
0.000334186
0.000848719
0.00235493
0.00148074
0.00288476
0.00438954
0.00444387
0.00507081
0.00644652
0.00458422
0.00359463
0.00354039
0.00244037
0.00611673
0.0037689
0.00303416
0.000120289
0.00174096
0.000304917
0.000324809
0.000684324
0.000669442
1.74406e-05
0.000446085
3.99625e-06
0.00333176
1.06278e-05
0.000166514
3.81817e-05
0.000775622
0.00057531
6.62432e-05
2.75005e-07
0.00022612
0.00197899
4.2391e-05
0.0257559
0.0411393
0.00718727
0.0435312
1.40709e-11
1.42134e-11
1.41957e-11
1.40827e-11
1.33899e-11
1.33835e-11
1.13378e-10
1.12997e-10
8.22681e-09
4.42981e-06
5.10714e-05
0.000141061
0.00056324
0.000573821
0.000737558
0.000453777
0.000283008
0.000148582
0.000116243
4.47918e-05
3.61364e-05
3.00159e-05
2.84769e-05
2.6683e-05
2.53559e-05
1.99199e-05
2.00784e-05
1.94339e-05
1.46703e-05
1.62323e-05
1.32265e-05
1.52622e-05
1.55422e-05
1.34632e-05
1.39084e-05
1.09993e-05
1.41775e-05
1.41216e-05
1.75694e-05
1.65732e-05
2.51802e-05
2.20181e-05
2.35817e-05
2.09066e-05
1.64946e-05
1.4948e-05
1.6398e-05
1.46741e-05
1.36196e-05
1.88762e-05
2.05973e-05
1.68007e-05
5.78992e-05
4.15323e-05
3.34586e-05
2.88043e-05
2.76644e-05
2.27189e-05
2.04983e-05
2.1435e-05
1.99794e-05
2.07465e-05
2.14288e-05
1.80866e-05
1.99769e-05
1.96637e-05
2.04386e-05
1.94056e-05
1.95037e-05
1.88788e-05
1.91675e-05
2.09488e-05
2.10224e-05
1.95251e-05
1.95064e-05
2.33945e-05
5.83263e-06
6.44972e-06
8.49265e-06
9.53418e-06
1.22251e-05
1.8556e-05
2.54526e-05
3.63333e-05
6.1833e-05
0.000114994
0.000197157
0.000371362
0.000276106
0.000538931
0.00265067
0.00744861
0.00910688
0.00835092
0.0105741
0.0111072
0.0107739
0.0100554
0.0088837
0.00524363
0.00391564
0.00279603
0.00255967
0.00161327
0.000851586
0.000662009
0.000524063
0.000452566
0.000218603
0.00017174
0.000103788
3.58414e-05
1.44721e-05
4.05522e-07
5.81917e-06
0.000268913
0.000325984
0.00142733
0.00171153
0.00145807
0.00272277
0.00281855
0.00451284
0.00441724
0.00583131
0.0071753
0.00655076
0.00551113
0.00716404
0.00853394
0.00886386
0.00937668
0.0140419
0.00586416
0.00504432
0.00433944
0.00426061
0.00408232
0.00431988
0.00407719
0.00421724
0.004487
0.00444749
0.00375485
0.00380194
0.00411845
0.00397698
0.00390099
0.00411841
0.00406697
0.00454499
0.00484291
0.00421067
0.004715
0.00542978
0.0056293
0.00537927
0.00526688
0.00512884
0.00477001
0.00460996
0.00517951
0.00483886
0.00239979
0.000881856
0.000506885
4.26979e-05
3.06387e-06
1.80796e-06
5.8519e-05
0.000133686
0.000964465
0.000928399
0.00118832
0.00189195
0.0015175
0.0030821
0.00304294
0.00655959
0.00604835
0.00879569
0.00874537
0.00889039
0.0157146
0.0118313
0.0127049
0.00965284
0.0157237
0.012136
0.0113911
0.0146779
0.0151159
0.0148121
0.0151311
0.0140851
0.0146885
0.0107006
0.0144605
0.0108472
0.0103766
0.00806377
0.00945106
0.00918448
0.00665665
0.00611713
0.0205555
0.00344601
6.0202e-11
6.41607e-11
6.60517e-11
7.10266e-11
7.82664e-11
8.67216e-11
4.08288e-11
1.17843e-09
4.22698e-07
1.47529e-05
5.81937e-05
0.000101378
0.00010088
9.96778e-05
0.000100196
9.22631e-05
5.19388e-05
3.92093e-05
2.67874e-05
2.6017e-05
0.000808039
0.000501238
0.000417736
0.000291107
0.000194993
0.000149454
0.000103805
8.30439e-05
6.94823e-05
5.61028e-05
4.19926e-05
4.79217e-05
3.55042e-05
2.76892e-05
2.47538e-05
2.02556e-05
2.40346e-05
2.50426e-05
2.01871e-05
2.24347e-05
2.40178e-05
1.95831e-05
1.67856e-05
2.51285e-05
2.54692e-05
2.32595e-05
2.61388e-05
2.51746e-05
2.60676e-05
2.82411e-05
2.10854e-05
2.34273e-05
2.21017e-05
1.36942e-05
1.10588e-05
1.41027e-05
1.16299e-05
1.24999e-05
1.2873e-05
1.30963e-05
1.29123e-05
1.3651e-05
1.38868e-05
1.39878e-05
1.36864e-05
1.51785e-05
1.47938e-05
1.53981e-05
1.46152e-05
1.69093e-05
1.63405e-05
1.63952e-05
1.69797e-05
1.59029e-05
1.86787e-05
2.01733e-05
2.05065e-05
2.23989e-05
2.10292e-05
2.1701e-05
2.18586e-05
2.61333e-05
2.24437e-05
2.51269e-05
2.6256e-05
2.95793e-05
3.6276e-05
4.17754e-05
0.000139423
0.000256114
0.000450836
0.00100561
0.000751128
0.000157089
0.00230597
0.00568316
0.00511578
0.00500514
0.00407644
0.0031331
0.00142562
0.00160351
0.00113508
0.000662254
3.46289e-05
5.08217e-05
3.91976e-06
1.39555e-05
2.18046e-05
0.000106172
0.00012449
0.00021809
0.00054216
0.000782378
0.0011648
0.00161532
0.00277948
0.00337125
0.00424491
0.00528987
0.00488007
0.0092945
0.00954031
0.0125101
0.0136361
0.0147572
0.0160158
0.0154368
0.0223821
0.0233489
0.0261932
0.0252008
0.0316477
0.0359588
0.0255563
0.0343817
0.03985
0.0342879
0.0487423
0.0404304
0.0324621
0.0382559
0.0164206
0.00606147
0.00565118
0.00588482
0.00519513
0.00533719
0.00533672
0.00660094
0.00617556
0.00596392
0.00798883
0.0082058
0.00700268
0.00632098
0.00634896
0.00597771
0.00546597
0.00578801
0.00538661
0.00516722
0.00513714
0.00210219
0.000451424
0.000183449
0.000159742
2.99298e-05
8.43241e-05
0.000236683
0.000195417
7.04255e-05
7.61361e-05
0.000842262
0.000809895
0.00143759
0.000794962
0.0026704
0.00327497
0.0018822
0.0058051
0.00352726
0.00407529
0.00380541
0.0082819
0.00653822
0.0120701
0.0116591
0.00822184
0.0119814
0.0108535
0.0114036
0.0110227
0.0104126
0.00829015
0.0100636
0.00892595
0.00929706
0.00872648
0.00649448
0.00777719
0.00890097
0.00973253
0.00791034
0.00741212
0.00536474
0.00485337
0.0026367
0.00385473
0.00118624
0.00183082
0.00153923
6.49263e-05
0.000336137
0.000262895
0.000244614
0.000145237
0.00147496
0.00322098
3.01571e-10
3.45035e-10
3.80038e-10
4.76225e-10
5.58821e-10
8.48451e-10
5.50065e-11
5.61945e-11
1.26904e-07
2.75892e-06
8.53233e-06
0.000216738
0.000193956
0.000240686
0.000202156
0.000151617
6.78737e-05
7.54295e-05
3.78752e-05
2.86849e-05
2.70732e-05
1.95128e-05
2.0225e-05
1.61248e-05
1.65291e-05
1.62588e-05
1.39569e-05
1.14082e-05
1.12387e-05
1.22572e-05
1.13189e-05
1.19448e-05
1.18239e-05
9.54239e-06
1.42523e-05
1.28266e-05
1.35216e-05
1.35213e-05
1.3518e-05
1.11529e-05
1.11601e-05
1.19994e-05
5.10167e-05
3.65851e-05
3.27435e-05
2.54105e-05
4.77152e-05
3.77498e-05
6.13263e-05
5.22471e-05
2.70003e-05
2.8696e-05
5.23664e-06
1.04059e-05
5.86516e-06
5.08462e-06
7.42586e-06
8.23707e-06
7.17897e-06
7.86922e-06
1.0676e-05
9.54381e-06
1.23643e-05
1.20332e-05
1.96409e-05
2.04229e-05
2.17149e-05
2.30268e-05
1.78532e-05
2.05037e-05
2.1325e-05
1.73536e-05
1.81725e-05
2.82069e-05
0.000406419
0.000224039
0.000123143
7.09865e-05
4.70397e-05
3.99488e-05
2.84879e-05
2.74759e-05
2.51829e-05
3.92978e-06
4.20991e-06
4.37818e-06
4.93026e-06
5.54536e-06
6.42465e-06
7.9552e-06
1.05547e-05
1.51673e-05
2.09607e-05
3.66443e-05
6.55588e-05
6.32537e-05
0.000111006
0.000191296
0.000374734
0.000657942
0.000203821
0.00270966
0.00364106
0.00717594
0.0105422
0.0111985
0.0085751
0.00648345
0.00530608
0.00336345
0.00275272
0.00199554
0.00109829
0.000836324
0.000497098
0.000400574
0.000174291
0.000182178
5.80971e-05
7.67514e-06
3.28313e-05
7.81397e-05
7.98993e-05
0.000175885
0.00075431
0.00120487
0.000963756
0.00173493
0.00191802
0.0018655
0.00288801
0.00387489
0.00425139
0.00426433
0.00597297
0.00553199
0.0078683
0.0109967
0.0115503
0.0100582
0.00946529
0.0109972
0.0155688
0.0153933
0.0125116
0.0209364
0.0235329
0.0154021
0.0166783
0.0182539
0.0124403
0.0135654
0.0125105
0.0153538
0.00440515
0.00405586
0.00379741
0.00349298
0.00331935
0.00365434
0.00357049
0.00300972
0.00306728
0.00294958
0.00322777
0.00260191
0.00287123
0.00239451
0.00271135
0.00244378
0.00281366
0.00244701
0.00244376
0.00241631
0.00223369
0.00250076
0.00240002
0.00245199
0.00228956
0.00236308
0.00214651
0.00218605
0.00242343
0.00214273
0.00241162
0.000863229
0.00121281
0.000641734
4.91844e-05
1.82542e-06
2.47723e-06
5.75715e-05
1.32011e-05
0.000206621
0.00071191
0.000457052
0.000624584
0.00122465
0.00124341
0.00120978
0.0046246
0.00559793
0.0053107
0.00677113
0.00614746
0.00763593
0.008024
0.00681749
0.00901555
0.00490642
0.0116612
0.00932269
0.00864706
0.00810738
0.00676902
0.00695665
0.00448612
0.00571106
0.00413943
0.00440735
0.00233004
0.00210909
0.00220138
0.00146174
0.00234535
0.00098596
0.00155863
0.000234516
0.000902633
0.000649472
0.000781889
0.000357734
0.000293811
0.00813211
0.000276229
0.00013649
1.24589e-11
1.25477e-11
1.25705e-11
1.26017e-11
1.26501e-11
1.26798e-11
2.10867e-11
6.41081e-09
5.78398e-07
1.11778e-05
3.92907e-05
8.26605e-05
0.000156229
0.000116877
6.94884e-05
6.68637e-05
4.75317e-05
3.22523e-05
2.31316e-05
1.66784e-05
1.60821e-05
1.17327e-05
8.90374e-06
1.84013e-05
1.73069e-05
1.44643e-05
1.62997e-05
1.55997e-05
1.55302e-05
1.2376e-05
9.57256e-06
9.95609e-06
9.55632e-06
9.50767e-06
7.64687e-06
7.90873e-06
7.80549e-06
6.02562e-06
7.80687e-06
7.6389e-06
5.86668e-06
6.625e-06
6.07875e-06
1.96676e-05
1.4901e-05
1.72336e-05
1.62908e-05
1.57631e-05
1.78625e-05
1.46288e-05
1.42509e-05
1.44303e-05
1.25879e-05
2.87131e-05
2.28413e-05
1.9372e-05
2.01099e-05
1.54714e-05
1.46277e-05
1.46189e-05
1.42738e-05
1.29913e-05
1.2888e-05
1.30287e-05
1.27087e-05
1.11994e-05
1.22634e-05
1.25556e-05
1.25909e-05
1.11048e-05
1.08234e-05
1.26454e-05
1.31302e-05
1.07236e-05
1.2621e-05
1.25841e-05
1.40907e-05
1.24504e-05
4.59016e-05
3.32983e-05
2.71016e-05
2.50872e-05
2.97551e-05
2.57526e-05
2.35124e-05
2.22748e-05
2.14794e-05
2.28709e-05
4.06064e-06
4.9847e-06
5.57744e-06
7.07286e-06
1.02268e-05
1.38687e-05
2.17743e-05
3.42197e-05
4.17195e-05
3.74559e-05
7.23099e-05
0.000232558
0.00029605
0.000270679
0.000196996
0.0046308
0.00805365
0.0129319
0.0122253
0.0136253
0.0122661
0.0116537
0.00909785
0.00798466
0.00739584
0.00489043
0.00201703
0.0023158
0.00222249
0.00172319
0.00117225
0.000564923
0.00016361
9.81718e-05
4.14215e-05
1.76846e-05
6.49694e-06
6.18685e-05
0.00025916
0.000352524
0.000919479
0.00111872
0.00109944
0.00180193
0.00227938
0.0034042
0.0032827
0.0036336
0.00417802
0.00484456
0.00512529
0.00680469
0.00730152
0.0137082
0.0118106
0.0118172
0.0117654
0.0118528
0.0138473
0.00848234
0.0111282
0.00556255
0.00472755
0.00422813
0.00347955
0.00340694
0.00277536
0.00281491
0.0029136
0.00276293
0.00241193
0.00251342
0.00241271
0.00265356
0.00243518
0.00239163
0.00237131
0.0023608
0.00228489
0.00231933
0.00232832
0.00224363
0.00228488
0.0022525
0.00216491
0.00220289
0.00235288
0.00200728
0.00241268
0.00233111
0.00199548
0.001046
0.000352155
0.000209083
3.55591e-05
0.000284752
0.000326022
0.000291829
0.000373102
0.00236806
0.00184515
0.00239203
0.00318159
0.00267943
0.00309206
0.00293457
0.00405516
0.00748852
0.00340058
0.00495309
0.00199727
0.00363621
0.00234248
0.00193268
0.00132089
0.000156721
0.000200377
0.00105214
0.000139579
0.00084723
0.00122268
0.0001077
0.00144092
0.000769464
0.000145968
0.000763427
0.00011729
1.21587e-05
0.00180841
0.00103264
1.05487e-05
0.000361734
0.0110148
0.016742
0.00684436
0.00587802
0.00443461
0.00564601
0.00427935
1.50031e-11
1.50827e-11
1.50891e-11
1.48344e-11
1.42073e-11
1.42044e-11
1.42062e-11
7.03607e-11
1.27511e-09
2.07056e-06
5.28589e-05
0.000429141
0.000374032
0.000535586
0.00100703
0.000385034
0.000257124
0.000130463
7.20355e-05
5.15237e-05
3.42236e-05
3.18185e-05
2.29239e-05
2.58228e-05
2.4561e-05
1.77524e-05
1.4378e-05
1.31353e-05
1.10039e-05
1.12414e-05
1.08701e-05
8.77765e-06
9.21531e-06
1.12973e-05
1.07561e-05
1.21234e-05
1.18999e-05
1.16073e-05
1.25625e-05
1.10041e-05
1.10259e-05
1.10778e-05
1.07398e-05
1.25985e-05
1.01052e-05
1.20936e-05
1.64639e-05
1.82918e-05
1.72857e-05
1.77939e-05
1.57e-05
1.33086e-05
1.30198e-05
1.30526e-05
1.17317e-05
1.19323e-05
1.22879e-05
1.31302e-05
1.35005e-05
3.86508e-05
2.99015e-05
2.60664e-05
2.42088e-05
1.90972e-05
1.89231e-05
1.73446e-05
1.56858e-05
1.90682e-05
1.6258e-05
1.76573e-05
1.70127e-05
1.48358e-05
1.50433e-05
1.54423e-05
1.66768e-05
1.42698e-05
1.55721e-05
1.5394e-05
1.63354e-05
1.87471e-05
1.81186e-05
1.78142e-05
1.81804e-05
1.85914e-05
4.57467e-06
4.39676e-06
6.3435e-06
8.2217e-06
1.10431e-05
1.73591e-05
2.15652e-05
3.90627e-05
6.31164e-05
9.66123e-05
0.000173591
0.00038492
0.000405893
0.000932597
0.00471343
0.00641244
0.00949407
0.0132777
0.0126809
0.0121148
0.0108202
0.0105526
0.0092821
0.00741741
0.00671081
0.0031956
0.00321379
0.00225352
0.00149563
0.001756
0.000793397
0.000760423
0.000795598
0.000271508
0.000470515
0.000242478
0.000139335
5.59981e-07
2.84965e-06
4.14769e-06
2.10973e-05
0.000112877
0.000415134
0.000519044
0.001357
0.00174489
0.00350965
0.00477615
0.00447292
0.0048024
0.00656721
0.00712253
0.00680286
0.00941409
0.0103313
0.0105924
0.0109455
0.0145075
0.00480309
0.00434718
0.00543548
0.00433377
0.00442296
0.00403956
0.00407883
0.00483014
0.00472136
0.00426864
0.003705
0.00381042
0.00388454
0.00406926
0.00405165
0.00412073
0.00429756
0.00396302
0.00435267
0.00417784
0.00449263
0.00394862
0.00425125
0.00414531
0.00362182
0.00409749
0.00386802
0.00408461
0.0041659
0.0018417
0.00400454
0.00162318
0.000388167
4.72365e-05
7.45707e-05
4.51727e-05
0.000236026
0.000529873
0.000693396
0.00232746
0.00244157
0.00368953
0.00228331
0.00328382
0.00672738
0.00697296
0.00770696
0.00830677
0.0118273
0.0103357
0.0106126
0.0109705
0.0139317
0.0135663
0.00908855
0.012931
0.011251
0.00821525
0.0105708
0.00900696
0.00517079
0.00968905
0.00636185
0.00577787
0.00625079
0.00591932
0.00428449
0.00536698
0.00661335
0.00608372
0.00781514
0.00620495
0.0170795
0.00919243
0.00983855
0.00837664
6.7785e-11
7.59133e-11
7.88803e-11
8.09525e-11
8.97182e-11
8.72905e-11
3.97624e-11
8.42775e-11
8.66858e-11
7.88947e-09
7.38813e-07
8.29584e-07
0.00017361
0.00402883
0.00393442
0.00410254
0.00275793
0.00143897
0.000653066
0.000382633
0.000230175
0.00022779
0.000110021
9.81224e-05
7.88229e-05
7.03904e-05
5.08334e-05
4.81543e-05
4.41947e-05
4.07739e-05
3.90129e-05
2.67277e-05
2.34585e-05
2.84792e-05
2.68559e-05
2.4492e-05
2.52817e-05
2.55522e-05
2.1401e-05
2.99482e-05
3.05249e-05
2.79178e-05
2.78002e-05
2.79184e-05
2.72996e-05
2.8602e-05
2.33258e-05
2.27157e-05
2.59574e-05
2.10874e-05
1.50905e-05
1.15833e-05
1.23924e-05
1.22309e-05
1.34513e-05
1.41038e-05
1.88482e-05
1.9322e-05
1.51844e-05
1.75872e-05
1.73733e-05
1.58357e-05
1.58507e-05
1.74472e-05
1.55773e-05
1.55383e-05
1.61615e-05
1.52214e-05
1.54392e-05
1.59947e-05
1.73675e-05
1.48428e-05
1.78451e-05
1.90721e-05
1.92299e-05
2.02659e-05
1.80391e-05
2.08127e-05
2.0874e-05
2.10634e-05
2.02757e-05
2.18397e-05
2.23062e-05
2.20921e-05
2.54468e-05
2.58288e-05
2.65032e-05
3.31419e-05
4.3416e-05
6.18817e-05
8.95061e-05
0.000100853
0.000169329
0.000307225
0.00105206
7.56667e-05
0.00100798
0.00354363
0.00422036
0.00517079
0.00500186
0.00384091
0.00226506
0.0014758
0.000469348
0.00055948
0.000299308
0.000121818
7.84317e-05
5.0793e-06
4.24604e-06
4.78622e-05
0.000149696
0.000208031
0.000476233
0.000794541
0.000986257
0.00170546
0.00229233
0.00284953
0.00278131
0.00250852
0.00359189
0.00719447
0.00995052
0.00942029
0.0130584
0.0139207
0.0153812
0.0128858
0.0146593
0.0183411
0.0243465
0.0207866
0.031987
0.0323639
0.0237371
0.0312348
0.0326259
0.0361544
0.0330687
0.0483183
0.050339
0.0247927
0.0238569
0.00975746
0.00910835
0.0117729
0.0114071
0.00959807
0.00757246
0.00690464
0.00747444
0.00616958
0.00582519
0.00584849
0.00543305
0.0046345
0.00496699
0.00465609
0.00499655
0.00467821
0.00447177
0.00447936
0.00423839
0.00363386
0.00375945
0.00211081
0.00353667
0.00126909
0.00088644
0.000242576
0.00021585
0.000201976
0.000570447
1.64991e-06
0.000993792
0.000116965
0.00134302
0.00211825
0.00108307
0.00110795
0.00171967
0.00313965
0.00442172
0.00494075
0.00480164
0.0045143
0.00608377
0.00612853
0.00913459
0.00790764
0.0104215
0.0079643
0.00741099
0.00808791
0.00814073
0.0129031
0.00740348
0.0139843
0.0138089
0.00820756
0.00847222
0.00790805
0.00689444
0.00629349
0.00496862
0.00521856
0.00177961
0.00674153
0.00140729
0.00438349
0.00169406
0.0017918
0.00434348
0.00457693
0.000878749
0.000956294
0.00410716
0.000502611
0.000793003
0.00507799
0.00237166
1.0435e-08
2.28477e-11
3.4281e-11
3.5835e-11
2.03728e-11
3.65447e-11
2.24884e-11
4.43366e-11
4.93181e-11
2.94375e-11
5.84802e-09
6.27437e-09
6.67104e-07
8.43578e-06
0.000152278
0.000434631
0.00068312
0.000706512
0.000399836
0.000278977
0.000160014
0.000141265
7.07029e-05
6.11414e-05
3.69662e-05
4.10723e-05
2.62994e-05
2.20751e-05
2.14078e-05
2.43257e-05
2.12399e-05
2.03322e-05
1.65e-05
1.56921e-05
1.25083e-05
1.13069e-05
1.43143e-05
1.16822e-05
9.1875e-06
1.05998e-05
1.00482e-05
1.28174e-05
9.08842e-06
8.98096e-06
8.26289e-06
7.81067e-06
2.52882e-05
2.89626e-05
2.26131e-05
1.89319e-05
2.76887e-05
3.17289e-05
2.05249e-05
1.89337e-05
1.67805e-05
2.52069e-05
2.03007e-05
1.94539e-05
2.04849e-05
1.80216e-05
1.76167e-05
1.66595e-05
1.64091e-05
1.51142e-05
1.40426e-05
1.63465e-05
1.63199e-05
1.2972e-05
1.39935e-05
1.27874e-05
1.42143e-05
0.000179416
0.000107384
8.0163e-06
8.4116e-05
5.63557e-05
4.21067e-05
3.26225e-05
2.72166e-05
2.20693e-05
2.12051e-05
2.41182e-05
2.18496e-05
2.16207e-05
2.47125e-05
2.32996e-05
3.96276e-06
4.66997e-06
4.36618e-06
5.17363e-06
6.4972e-06
8.00233e-06
8.53808e-06
1.13771e-05
1.99402e-05
2.59423e-05
3.81775e-05
3.86095e-05
5.93506e-05
0.000122422
0.00023663
0.00044318
0.000445806
0.0011862
0.00426933
0.00615287
0.00871125
0.0108611
0.0113342
0.00976832
0.00753451
0.0065366
0.00439171
0.00245144
0.00244675
0.00147962
0.00110324
0.00065706
0.000486578
0.000193583
4.2856e-05
7.32282e-06
6.10498e-05
0.000229338
0.000239539
0.00041566
0.000636438
0.000889593
0.0013032
0.00195498
0.00262003
0.00394203
0.00445056
0.00414233
0.00565479
0.00591756
0.00618418
0.0082844
0.00924837
0.0110464
0.0158863
0.014746
0.0160154
0.0211316
0.0140365
0.0193827
0.0126616
0.013355
0.00993798
0.00908743
0.0168346
0.0175696
0.0124509
0.0102514
0.0196304
0.0175336
0.00374759
0.00349967
0.00351055
0.00327009
0.00335727
0.00324346
0.0030678
0.00309109
0.00286846
0.00271022
0.00280703
0.00283428
0.00255558
0.00305725
0.00251339
0.00247923
0.00250523
0.0023306
0.0024478
0.00220906
0.00234662
0.00274475
0.00227928
0.0021629
0.00214823
0.00239797
0.00233173
0.00245455
0.00206729
0.00228185
0.00192788
0.000686521
0.000396942
0.000761498
0.000363992
0.000516368
8.53702e-05
7.54097e-06
0.000914684
0.000458334
0.000915952
0.00307507
0.000789224
0.00270005
0.00388253
0.00417621
0.0031934
0.00355143
0.00358175
0.00563654
0.006829
0.00371209
0.00894898
0.00744124
0.00953959
0.00910153
0.00804337
0.00816083
0.00687385
0.00537189
0.00568863
0.00927948
0.00673677
0.00490822
0.00394758
0.00346832
0.00315392
0.00608475
0.00232715
0.00191901
0.0019085
0.000943012
0.000836804
0.00075511
0.000716592
0.00133895
0.000780607
0.000504122
0.00061439
0.000367513
0.00034485
0.00925027
1.44165e-11
1.41993e-11
1.42212e-11
1.45314e-11
1.43168e-11
1.4358e-11
1.39014e-11
1.80434e-11
3.4598e-09
4.18747e-07
2.79865e-06
1.72597e-05
5.07675e-05
9.5771e-05
8.9813e-05
4.27026e-05
4.06558e-05
3.10579e-05
2.3081e-05
1.50345e-05
1.44765e-05
1.12997e-05
1.00274e-05
2.41589e-05
1.76058e-05
1.37464e-05
1.49782e-05
1.4043e-05
1.36e-05
1.26187e-05
1.07614e-05
9.47531e-06
9.49691e-06
9.06086e-06
7.47515e-06
1.00967e-05
9.05355e-06
1.00253e-05
1.30247e-05
1.20398e-05
1.01415e-05
7.54533e-06
9.53994e-06
2.7708e-05
2.0238e-05
1.8244e-05
1.99651e-05
1.89701e-05
1.79746e-05
1.31249e-05
1.51874e-05
9.35225e-06
1.08718e-05
9.49276e-06
8.62457e-06
8.80934e-06
9.07425e-06
9.40527e-06
6.34041e-06
8.69421e-06
7.473e-06
9.32708e-06
7.59851e-06
8.53158e-06
7.2292e-06
7.3443e-06
8.39536e-06
7.19496e-06
8.37248e-06
8.01216e-06
8.17716e-06
8.39441e-06
8.8906e-06
9.09662e-06
9.23303e-06
7.93915e-06
8.55813e-06
8.49617e-06
9.47448e-06
7.69097e-06
8.29515e-06
8.33174e-06
1.14418e-05
1.25085e-05
1.13301e-05
0.000353786
7.81563e-06
8.57455e-06
8.87165e-06
1.07069e-05
1.51056e-05
1.87687e-05
1.91097e-05
2.2158e-05
4.53019e-05
5.1116e-05
9.53355e-05
0.000176442
0.000345625
0.000625997
0.000565367
0.00359671
0.00775143
0.00856881
0.0126771
0.0122972
0.0117643
0.010177
0.00762492
0.00540702
0.00350568
0.00317726
0.00264455
0.00245482
0.00125069
0.00105537
0.000605703
0.000408295
0.000232956
7.57404e-05
6.03906e-05
1.6951e-07
0.000136289
0.000173524
0.000247743
0.000533322
0.00102181
0.00111083
0.00175656
0.00182839
0.00246367
0.00272346
0.00384891
0.00463442
0.00566085
0.00748173
0.00702792
0.00862465
0.00905231
0.0127034
0.0132674
0.0195202
0.0168869
0.0638604
0.00922186
0.00761973
0.00931834
0.0185308
0.0116141
0.0109913
0.00614976
0.00551546
0.00473197
0.00427451
0.00361478
0.00365994
0.00364016
0.00321828
0.00285351
0.00271133
0.00297653
0.00277501
0.00258123
0.00246525
0.00220485
0.00255037
0.00285243
0.002212
0.00213539
0.00235378
0.0023097
0.00217301
0.00181932
0.00225446
0.00224756
0.00214504
0.00130039
0.000902938
5.708e-05
0.000225829
1.70601e-06
0.000822383
0.000137174
5.46425e-05
0.00112109
0.0021685
0.00126041
0.00451091
0.00394035
0.00308871
0.00670748
0.00526918
0.00540871
0.00301754
0.0027912
0.00515537
0.00245055
0.00195989
0.00154195
0.00131988
0.00102824
1.25678e-05
0.00223953
0.000337743
0.000168199
0.00262607
4.54332e-05
0.00119848
0.0005916
0.000186353
4.30115e-06
0.0015947
2.02979e-05
0.000650507
0.00836035
0.0120104
0.00808394
0.00822818
0.00501261
0.00440867
0.00491991
0.00297512
0.00814253
1.3608e-11
1.36838e-11
1.37254e-11
1.37086e-11
1.35262e-11
1.30602e-11
1.30536e-11
7.08202e-11
1.30504e-09
9.26897e-07
3.18945e-05
2.42919e-05
5.88912e-05
0.000309143
0.000300447
0.000306531
0.000119266
8.63211e-05
5.68892e-05
3.81516e-05
3.48186e-05
2.25875e-05
1.7056e-05
1.74252e-05
1.54511e-05
1.47873e-05
1.26276e-05
1.14217e-05
7.80711e-06
7.41403e-06
9.11818e-06
9.88447e-06
7.74598e-06
8.86185e-06
8.59358e-06
8.63789e-06
7.50673e-06
5.83124e-06
8.41397e-06
5.71068e-06
7.84217e-06
7.91291e-06
9.09252e-06
7.04869e-06
1.29284e-05
1.32006e-05
1.34208e-05
1.15061e-05
1.17703e-05
9.67185e-06
1.12843e-05
7.95811e-06
8.10084e-06
9.38912e-06
8.64519e-06
1.98735e-05
1.62509e-05
1.50535e-05
1.50094e-05
1.27339e-05
1.23484e-05
1.2366e-05
1.17106e-05
1.01385e-05
1.12037e-05
1.12068e-05
1.01353e-05
1.18125e-05
1.13599e-05
1.12133e-05
1.14822e-05
1.13232e-05
1.17096e-05
1.02384e-05
1.24805e-05
1.15164e-05
1.16876e-05
1.19651e-05
1.24222e-05
1.17682e-05
4.24953e-06
4.51942e-06
4.65289e-06
6.4338e-06
8.81709e-06
1.05416e-05
1.71871e-05
2.65391e-05
3.57716e-05
7.22571e-05
0.00014479
0.000227493
0.000446269
0.000344693
0.000904045
0.00459648
0.00954635
0.0148973
0.0163458
0.0135924
0.011064
0.0112939
0.00722178
0.00542344
0.00393064
0.00325032
0.0025028
0.00175627
0.00149937
0.00127978
0.0010236
0.000997381
0.000917238
0.000273877
8.86889e-05
6.87981e-05
7.8886e-06
9.62481e-06
1.69155e-05
8.14516e-05
0.000858306
0.00110342
0.00119122
0.00206
0.00300539
0.00404015
0.00450062
0.00438436
0.00707051
0.00803158
0.011557
0.0122938
0.0152881
0.013884
0.0173008
0.00624477
0.0159546
0.00588127
0.00510815
0.00509365
0.00477239
0.00468671
0.0045789
0.00398688
0.00422903
0.00477396
0.00420211
0.00462303
0.00476941
0.00422544
0.00409139
0.00370605
0.00406552
0.0033569
0.00383648
0.00380722
0.00396003
0.00379354
0.00367481
0.00374657
0.00345376
0.003652
0.00377044
0.00344441
0.00377193
0.00160614
0.000822265
1.94943e-05
9.4647e-05
9.5502e-05
0.000461479
0.000820022
0.000167063
0.000184883
0.00298233
0.00183634
0.00381279
0.00235706
0.00456232
0.00793195
0.00546732
0.0158974
0.00960491
0.011722
0.0115091
0.00821766
0.0131008
0.0131741
0.0103306
0.0139422
0.0140093
0.00848484
0.016438
0.0118197
0.0123717
0.012407
0.0086621
0.0114626
0.00701465
0.00508353
0.00464018
0.00421269
0.00279585
0.0024924
0.00659289
0.00399371
0.00419045
0.00253104
0.00243157
0.00153947
0.000592345
2.86911e-11
2.89837e-11
2.95337e-11
2.98184e-11
3.04946e-11
3.16888e-11
3.15258e-11
3.11044e-11
1.699e-09
4.26299e-07
1.35247e-05
0.00306707
0.00848077
0.00732432
0.00777578
0.00443201
0.00202304
0.0012831
0.000749937
0.00032749
0.000265048
0.00014527
0.000118427
7.1558e-05
6.0793e-05
3.89881e-05
3.39048e-05
2.73906e-05
2.5671e-05
2.80568e-05
2.21157e-05
2.23357e-05
1.73196e-05
1.83792e-05
1.50369e-05
1.50732e-05
1.32955e-05
1.34636e-05
1.35531e-05
1.52071e-05
1.57653e-05
1.31143e-05
1.46652e-05
1.60806e-05
1.44783e-05
1.37801e-05
1.39973e-05
1.36906e-05
1.28552e-05
1.27129e-05
1.65857e-05
1.27734e-05
1.26916e-05
1.55192e-05
1.56707e-05
8.15135e-06
8.51314e-06
9.14159e-06
8.53907e-06
8.27945e-06
8.63372e-06
8.24242e-06
8.79818e-06
8.58107e-06
8.61937e-06
9.15299e-06
9.16407e-06
9.62582e-06
9.43428e-06
1.08588e-05
1.03006e-05
9.28521e-06
1.01445e-05
1.07082e-05
1.09398e-05
1.12929e-05
1.23875e-05
1.16149e-05
1.16552e-05
1.34359e-05
1.40397e-05
1.62999e-05
1.83505e-05
1.79913e-05
3.0472e-05
3.49172e-05
8.85935e-05
0.000156475
0.000291141
0.00051619
0.000361509
7.1238e-05
0.00308897
0.00321045
0.00771358
0.00916514
0.00845313
0.00722057
0.00520133
0.0042795
0.00243155
0.0018092
0.00170779
0.000954295
0.000498009
0.000130902
7.25862e-05
0.000131218
5.8042e-06
0.000194947
0.000262151
0.000202716
0.000414674
0.00103523
0.00157717
0.00163668
0.00291766
0.00605162
0.00660065
0.0070587
0.00819673
0.0100218
0.0127042
0.0137635
0.0182888
0.0181126
0.0239323
0.0206852
0.025916
0.0228944
0.0312788
0.0422675
0.0309033
0.0288294
0.0297656
0.0262646
0.0214293
0.00288539
0.00303906
0.00315063
0.00349508
0.00310995
0.00351556
0.00317699
0.00328291
0.00356202
0.00347437
0.00370636
0.00416415
0.00381735
0.00390965
0.00396795
0.00411955
0.00412381
0.00403714
0.0049737
0.00416986
0.00488624
0.00441462
0.00441399
0.00441589
0.0037449
0.00382925
0.000650761
0.00192693
0.00180154
0.000590527
0.00058203
0.00111536
0.000778597
1.32927e-05
0.000153604
0.000128372
4.73175e-05
0.00187724
0.00260435
0.000822867
0.00213384
0.00176867
0.00288107
0.00158252
0.00204215
0.00811185
0.0064783
0.00657894
0.00943014
0.0152062
0.00882459
0.0110133
0.0103045
0.00699096
0.0100013
0.00784781
0.00850849
0.00835787
0.00760552
0.00731582
0.00523255
0.00354139
0.0029321
0.00210201
0.000972623
3.05633e-05
8.55563e-06
0.0010584
0.00150795
0.00450052
0.00809608
0.0157019
0.0199468
0.0276261
0.021511
0.0172973
0.0161043
0.0144634
0.0177643
0.0161132
0.0173778
0.0099181
0.0142146
0.0182802
0.00422232
0.00412675
0.00443509
0.0046683
0.00574146
1.18967e-09
1.93054e-09
2.76056e-09
3.7346e-09
3.44093e-09
3.64433e-08
3.41266e-06
4.83983e-05
6.53854e-05
7.01508e-05
6.03371e-05
3.29805e-05
2.26182e-05
1.62107e-05
9.33337e-06
7.75876e-06
7.64723e-06
6.49234e-06
5.1878e-06
5.38692e-06
4.98236e-06
5.43654e-06
4.31771e-06
4.12195e-06
3.8366e-06
3.15695e-06
2.4703e-06
3.26387e-06
2.66938e-06
2.53637e-06
2.6432e-06
2.62938e-06
2.73693e-06
2.05542e-06
2.42628e-06
2.18924e-06
6.95972e-06
5.11664e-06
5.39277e-06
6.50601e-06
4.67177e-06
4.30011e-06
5.23899e-06
4.24889e-06
4.99659e-06
4.43936e-06
4.2056e-06
4.16514e-06
3.80759e-06
3.90453e-06
3.7193e-06
4.05286e-06
3.93208e-06
3.67068e-06
3.7408e-06
3.57087e-06
3.52746e-06
3.41639e-06
2.766e-06
3.22557e-06
3.27981e-06
3.53784e-06
3.71454e-06
2.98341e-06
3.09138e-06
3.46277e-06
3.45105e-06
3.46521e-06
2.9239e-05
1.86309e-05
1.47679e-05
9.72229e-06
6.85695e-06
6.18315e-06
5.63356e-06
5.40658e-06
5.17462e-06
5.25761e-06
5.25518e-06
1.23579e-06
1.16044e-06
1.27957e-06
1.49987e-06
1.80642e-06
2.2115e-06
2.78117e-06
4.00866e-06
5.57643e-06
1.49596e-05
2.31895e-05
9.40987e-05
0.000105834
0.000228454
0.00043438
0.00415414
0.0101556
0.0146764
0.0166783
0.021485
0.0227474
0.021224
0.0169798
0.0152769
0.0155876
0.0106686
0.00875118
0.00788886
0.00473982
0.00451923
0.00366331
0.00314212
0.00279782
0.00177091
0.00187369
0.00121659
0.00078656
0.000788157
0.000322287
0.000155622
2.6024e-05
5.83235e-05
0.0002852
0.00010545
0.000464807
0.00310179
0.00273987
0.00490417
0.00654333
0.00872377
0.0111683
0.0114381
0.0050857
0.00512671
0.0046842
0.00727631
0.0088906
0.0120313
0.0138217
0.0174487
0.010128
0.00720839
0.00253486
0.00230835
0.00252906
0.0024466
0.00251108
0.0025438
0.00218315
0.00252653
0.00213636
0.00241427
0.00229317
0.00209865
0.00222232
0.00223473
0.00224297
0.00214957
0.00217616
0.00220053
0.00229826
0.00195869
0.00226658
0.00208261
0.00241481
0.00202186
0.0020236
0.00205382
0.00201008
0.00100852
0.00162181
0.000121383
0.00111657
2.17541e-07
2.3065e-05
0.000305467
0.00127671
0.00101062
0.00578027
0.00639935
0.00595597
0.0092682
0.00761318
0.0103418
0.0111058
0.0174168
0.0160524
0.0102246
0.0150129
0.0137464
0.0105375
0.0153274
0.0130746
0.00634444
0.0049592
0.00839612
0.00649849
0.00479012
0.00456226
0.00273043
0.00276552
0.001212
0.00183146
0.00192026
0.00151196
0.000475823
0.000666242
0.00109843
0.000342928
0.00061337
0.000748315
0.000693385
0.00137128
0.00236682
1.25613e-11
1.27591e-11
1.26181e-11
1.2826e-11
1.28121e-11
1.26773e-11
1.22737e-11
4.2295e-10
2.77795e-06
2.62444e-06
3.47969e-05
6.70822e-05
0.000187838
0.000126455
4.67266e-05
3.35901e-05
1.94916e-05
1.80666e-05
2.66914e-05
2.58406e-05
1.56565e-05
1.46668e-05
1.67634e-05
1.32016e-05
1.47514e-05
1.38867e-05
1.1779e-05
9.45884e-06
1.10464e-05
9.98203e-06
8.62213e-06
7.44042e-06
7.80401e-06
7.15334e-06
7.54317e-06
1.59574e-05
1.27184e-05
1.23583e-05
1.24102e-05
1.35303e-05
9.23316e-06
9.04951e-06
9.10554e-06
8.75159e-06
8.15993e-06
8.10484e-06
7.10841e-06
8.27806e-06
7.08185e-06
6.66891e-06
5.97788e-06
6.10312e-06
7.52084e-06
6.17128e-06
6.15454e-06
5.76632e-06
6.10902e-06
5.78964e-06
6.48234e-06
5.96881e-06
6.29215e-06
6.24758e-06
6.33632e-06
7.19532e-06
6.82211e-06
6.25683e-06
7.85217e-06
8.74925e-06
6.68419e-06
6.84815e-06
7.01287e-06
9.06535e-06
9.3082e-06
1.12285e-05
1.49738e-05
2.17967e-05
3.02133e-05
4.7803e-05
9.49698e-05
0.000165327
0.000188919
0.000162857
0.00455589
0.0104146
0.0140411
0.0146056
0.0139236
0.011637
0.0119277
0.00923072
0.00802437
0.0046966
0.00527202
0.00341832
0.00217888
0.0013963
0.00127719
0.00107243
0.000787322
0.000454294
0.000233009
0.000154178
3.70716e-05
1.21115e-05
0.000497922
0.000767708
0.000981879
0.00170363
0.00268987
0.00388305
0.00512362
0.00517376
0.00597633
0.00683133
0.00789853
0.0106976
0.0141061
0.0168731
0.0188009
0.0926682
0.0207114
0.0110389
0.0079211
0.00653459
0.00527623
0.00466662
0.00413168
0.00363249
0.0034514
0.00301164
0.00276793
0.00256048
0.00230878
0.00232906
0.00217257
0.00225952
0.00236371
0.00209992
0.00258811
0.00203498
0.00206727
0.0022087
0.00221723
0.00188871
0.00196109
0.00208054
0.00202274
0.00166126
0.00175314
0.00124227
0.000274935
8.71657e-05
9.02045e-05
0.00020096
0.000586309
0.000754254
0.000534097
0.00435596
0.00716384
0.00637924
0.00627321
0.00455341
0.00405108
0.00970524
0.00338197
0.00465988
0.00435331
0.0033674
0.00344959
0.00299754
0.000565107
0.00189148
0.000299756
0.000400446
0.00208285
1.02358e-07
0.00156505
0.000774928
0.000247974
0.000212385
0.0012948
3.58016e-07
0.000645689
3.56238e-05
0.00181053
0.000701438
0.00227779
6.75601e-06
0.0182335
0.0122976
0.00838634
0.0218585
0.0113164
0.00924587
0.0115536
1.52201e-11
1.53711e-11
1.53738e-11
1.53799e-11
1.53516e-11
1.45863e-11
3.64619e-10
3.50599e-06
5.45151e-05
0.000169216
0.000348626
0.000305003
0.000399261
0.000153643
9.45747e-05
5.85194e-05
4.67879e-05
3.62037e-05
2.61756e-05
1.78182e-05
1.34847e-05
1.76311e-05
1.73678e-05
1.47465e-05
1.0636e-05
9.44154e-06
9.55802e-06
9.48489e-06
9.01459e-06
9.74865e-06
1.20632e-05
1.03598e-05
1.16078e-05
9.58944e-06
9.02638e-06
9.31737e-06
1.09082e-05
9.80014e-06
7.84645e-06
1.75068e-05
1.66383e-05
1.30434e-05
1.24495e-05
1.13262e-05
1.00403e-05
1.16925e-05
1.00578e-05
8.68677e-06
2.55491e-05
2.18502e-05
2.07482e-05
1.63314e-05
1.56617e-05
1.57177e-05
1.35101e-05
1.45535e-05
1.41403e-05
1.35653e-05
1.26556e-05
1.41442e-05
1.24171e-05
1.31772e-05
1.31574e-05
1.29216e-05
1.44485e-05
1.46927e-05
1.37419e-05
1.40141e-05
1.29283e-05
1.30593e-05
4.71164e-06
4.91057e-06
5.34741e-06
6.73738e-06
7.81505e-06
1.0238e-05
1.49768e-05
2.15715e-05
3.03552e-05
5.04375e-05
0.000104018
0.000160934
0.000185455
5.08577e-05
7.01673e-05
0.0019526
0.0061783
0.0148909
0.0144584
0.0119688
0.00948628
0.00710643
0.00570372
0.00547315
0.00379738
0.00289553
0.00248469
0.0020024
0.00154014
0.00117627
0.00102036
0.000722982
0.000973217
0.000577781
0.0002854
0.00017793
0.000101483
2.87156e-05
1.11836e-05
5.89478e-05
7.73212e-05
0.000298485
0.000412247
0.00103839
0.00209258
0.0035171
0.00365164
0.00415219
0.00599905
0.00650927
0.00816352
0.010104
0.010009
0.0108692
0.0119889
0.0138981
0.0169771
0.0166203
0.011272
0.00677846
0.00630486
0.00565702
0.00615333
0.00513308
0.00532318
0.00514508
0.00566866
0.00420634
0.00483928
0.00446235
0.00456456
0.00432309
0.00419942
0.00381347
0.00405621
0.00406128
0.00388694
0.00367655
0.00402434
0.00386857
0.00372315
0.00367619
0.00404595
0.00402231
0.00369246
0.00331834
0.00364587
0.00333357
0.00322027
0.00337629
0.00145213
0.00121637
8.50433e-06
0.000452325
0.000556924
5.79674e-05
1.93291e-05
0.000338668
9.29021e-05
0.00219833
0.000718262
0.00168017
0.00491279
0.00552536
0.00715164
0.00657836
0.00934131
0.0111949
0.0106793
0.0103396
0.00983702
0.0109563
0.0152312
0.0126806
0.0141843
0.0156731
0.0133014
0.0114009
0.0110984
0.0174869
0.0133129
0.00989624
0.00723075
0.0102301
0.00849707
0.00797953
0.0082529
0.012839
0.00308244
0.00524045
0.00254072
1.7873e-05
2.54332e-11
2.58437e-11
2.66935e-11
2.5836e-11
2.64938e-11
2.75413e-11
3.33478e-09
4.48275e-07
1.45363e-05
0.00173941
0.00686194
0.00893875
0.00498116
0.00199064
0.00170481
0.000628106
0.000501703
0.000281855
0.00012637
0.000103244
5.43075e-05
4.32836e-05
2.57686e-05
2.70314e-05
2.06963e-05
1.97883e-05
1.73459e-05
1.82982e-05
1.41968e-05
1.52961e-05
1.40497e-05
1.37788e-05
9.86571e-06
1.02442e-05
1.12923e-05
9.57435e-06
9.95045e-06
1.11488e-05
1.00784e-05
9.03468e-06
9.92606e-06
9.31022e-06
9.54815e-06
8.8171e-06
9.08639e-06
9.53037e-06
9.08818e-06
9.46538e-06
9.68235e-06
1.07357e-05
1.10463e-05
1.09005e-05
1.03908e-05
1.30077e-05
8.51941e-06
8.36575e-06
9.00736e-06
9.59143e-06
1.03138e-05
1.32884e-05
1.17774e-05
9.04808e-06
9.52992e-06
9.58872e-06
8.82413e-06
2.26784e-05
1.98857e-05
1.94003e-05
1.95862e-05
1.78222e-05
1.80141e-05
1.59877e-05
2.43377e-05
2.71839e-05
2.43491e-05
2.37057e-05
2.24975e-05
2.02763e-05
1.99252e-05
1.98339e-05
1.96863e-05
7.76055e-06
8.56899e-06
9.24432e-06
1.15833e-05
1.99089e-05
3.10185e-05
4.94865e-05
5.13575e-05
0.000177803
0.000335946
0.000582021
0.000624261
0.000456043
0.00381944
0.00736033
0.0107144
0.00996648
0.00889214
0.00626302
0.00541249
0.00355088
0.00234614
0.00242899
0.00121118
0.000961663
0.000851162
0.000697433
0.000727956
0.00049925
0.00023456
0.000124057
6.22513e-05
3.97205e-05
2.45233e-05
1.63237e-05
0.00011144
0.000407876
0.00073
0.000802706
0.00116975
0.00160322
0.00429442
0.00863076
0.00669699
0.00772919
0.00726261
0.0134702
0.0123688
0.013727
0.0218902
0.0255302
0.0256872
0.020682
0.0185483
0.0275744
0.0317748
0.0501545
0.0333854
0.00300842
0.00327358
0.00327819
0.00336606
0.00351271
0.00352512
0.00347993
0.00397868
0.00363732
0.00394401
0.00412026
0.00370106
0.0037252
0.00375139
0.00358007
0.00386276
0.00406614
0.00395575
0.00301768
0.00110571
0.0021978
7.86564e-05
0.000659199
1.09181e-06
3.04737e-06
7.25687e-05
0.000181291
0.00069812
0.00052064
0.000579027
0.00483625
0.00365732
0.00444498
0.00274569
0.00598419
0.00556621
0.00620496
0.00608895
0.0132005
0.00656752
0.0162095
0.00888756
0.0104104
0.0102767
0.0136173
0.0115999
0.0121193
0.0104326
0.00991479
0.0101879
0.00789356
0.00881524
0.0091152
0.00719929
0.00652287
0.0098533
0.00589808
0.0053926
0.00828736
0.00447438
0.00397298
0.00462207
0.00250879
0.00133851
0.00142023
0.000920594
0.00100093
0.000301281
9.74146e-05
9.9949e-06
8.27487e-08
0.000310719
0.000738668
0.00115413
0.00364348
0.00864256
9.23588e-10
1.10345e-09
1.45763e-09
1.8767e-09
2.56367e-09
3.6521e-09
5.27233e-09
6.72328e-09
4.10536e-08
1.42614e-06
1.45709e-05
6.91773e-05
0.00062087
0.000816637
0.00072479
0.000226714
0.000209642
0.000157962
4.85988e-05
2.96191e-05
2.07369e-05
1.70483e-05
1.61461e-05
1.37037e-05
1.4963e-05
1.29177e-05
1.26868e-05
1.1135e-05
1.08427e-05
9.81579e-06
9.87698e-06
8.91174e-06
9.23429e-06
7.13732e-06
6.68561e-06
8.79614e-06
7.38442e-06
7.89377e-06
8.08543e-06
1.08657e-05
1.02235e-05
8.71294e-06
2.59167e-05
2.92006e-05
2.59063e-05
2.04658e-05
2.86561e-05
2.55207e-05
2.21843e-05
2.09305e-05
1.66323e-05
1.33468e-05
1.34337e-05
1.27429e-05
1.15419e-05
1.10817e-05
1.14704e-05
1.29497e-05
1.37809e-05
1.34147e-05
1.19754e-05
1.44743e-05
1.3256e-05
1.53675e-05
1.53873e-05
1.21414e-05
1.23195e-05
1.24944e-05
1.37764e-05
1.34116e-05
1.18036e-05
1.49211e-05
0.000154033
8.94028e-05
5.96715e-05
4.772e-05
3.3877e-05
2.84591e-05
2.47345e-05
2.26465e-05
2.31649e-05
2.29164e-05
2.35867e-05
2.06927e-05
4.06635e-06
4.33065e-06
4.63578e-06
5.14762e-06
6.39306e-06
7.3714e-06
9.5894e-06
1.36528e-05
2.55168e-05
3.65109e-05
7.19239e-05
9.32896e-05
0.000424617
0.000623173
0.00275336
0.00618426
0.0100015
0.0106633
0.0109413
0.00874687
0.00781078
0.00438948
0.00323316
0.00181027
0.00142715
0.00109821
0.000727086
0.000534534
0.000176424
0.000186644
3.93546e-05
8.36133e-06
1.24753e-06
2.22636e-05
5.97368e-05
0.000460667
0.000288174
0.000912668
0.00133928
0.00240375
0.00223796
0.00212531
0.00348007
0.00331039
0.00521196
0.00614353
0.00456336
0.0034062
0.00373036
0.00279772
0.00431885
0.00384182
0.00311746
0.00293561
0.00240868
0.00237579
0.00269884
0.00199484
0.00274817
0.0027801
0.00179576
0.00183964
0.0019423
0.00136449
0.00172928
0.00116583
0.0014836
0.00167166
0.00206772
0.00133868
0.0013408
0.00134837
0.001066
0.00112847
0.00145859
0.00085597
0.00100037
0.0010291
0.00117613
0.000575568
0.000760438
0.000931603
0.00101097
0.000455958
0.000775508
0.00116418
0.000935837
0.00028939
0.00036901
0.000626991
0.000226968
0.000447163
0.000399708
0.0002729
0.000365283
0.000140197
0.00063895
0.00040573
0.000182971
0.000484078
0.000155396
0.000142394
0.000268267
0.000173806
0.000454344
9.9187e-05
0.000234465
0.000262774
0.0003303
0.00033621
0.000399799
0.000226343
9.93472e-05
2.64526e-05
0.000130014
0.000127811
0.00012441
0.000122887
0.000122058
0.000121269
0.000135857
0.000132807
0.00013246
0.000127279
0.000125032
0.000116192
0.000167448
0.000147307
0.000142868
0.000155976
0.000152636
0.000167924
0.000155478
0.000147224
0.000154757
0.000141001
0.000137605
0.000144777
0.000141683
0.000142479
0.00011998
0.000117733
0.00011914
0.000134647
0.000117643
0.000116868
0.000124521
0.000126042
0.000124344
7.17449e-05
7.44908e-05
7.59651e-05
9.55304e-05
9.76525e-05
0.000101425
8.51298e-05
9.48825e-05
0.000101896
0.000127643
0.000156933
0.000167
0.000167799
0.00018086
0.00021324
0.000237442
0.000249004
0.000249565
0.000306655
0.000329116
0.000392512
0.000440427
0.000678768
0.00074955
0.000759287
0.000849204
0.00100245
0.00112623
0.00121645
0.00140474
0.00203204
0.00286962
0.00333976
0.00388343
0.00475107
0.00532294
0.00619828
0.00909582
0.0106563
0.00945446
0.0102644
0.00720003
0.0029338
0.00182512
0.0028752
0.00176272
0.000859856
0.00356795
0.00508476
0.00355071
0.00178827
0.00337113
0.00359486
0.000864948
0.000443742
0.00134902
0.00263648
0.00145143
0.00139656
0.000783322
0.00280523
0.00337229
0.00232782
0.000628176
0.00207185
0.00145365
0.00136097
0.000936677
0.00432404
0.00292047
0.00339398
0.0018851
0.00562979
0.00439518
0.00455183
0.00199528
0.00601945
0.00729852
0.00531151
0.00600439
0.00458663
0.0107799
0.00824896
0.0152869
0.0114916
0.0115042
0.0132687
0.00997502
0.00527272
0.000586776
0.000603704
0.000506037
0.00713134
0.000548936
0.000554624
0.000579602
0.000579803
0.000592352
0.000693406
0.000607726
0.000634286
0.000555259
0.000555312
0.000567561
0.000548447
0.000548305
0.000571018
0.000687142
0.00059495
0.000593516
0.000606793
0.000612449
0.000633382
0.000645528
0.00069218
0.000725058
0.000670618
0.000730788
0.000725143
0.000740148
0.00072994
0.000807152
0.000799014
0.000817743
0.000806434
0.000809379
0.00079406
0.000826084
0.000855023
0.000845511
0.000862449
0.000921042
0.000909505
0.000917278
0.000864804
0.000839918
0.000830925
0.000850972
0.000863508
0.000867893
0.000905529
0.000963298
0.000397252
0.000327144
0.000158834
0.000866752
0.000857051
0.000877083
0.000896253
0.000906978
0.000253642
0.000903006
0.000893619
0.000920096
0.000937827
0.000893297
0.000926166
0.000967704
0.000552809
0.000831016
0.000820824
0.00051018
0.000542862
0.000311
1.80936e-05
1.81066e-05
6.72456e-05
2.92033e-05
2.91552e-05
0.000149084
0.00014785
0.000320801
0.000208171
0.000206674
0.000469848
0.00110591
0.0014266
0.00197934
0.00375456
0.00370019
0.00446888
0.00355185
0.0039304
0.00355826
0.00350263
0.00509119
0.00691272
0.00677649
0.00684426
0.00595372
0.00583428
0.00605425
0.0115941
0.012698
0.00621913
0.00656093
0.0134376
0.0129917
0.0138192
0.0132988
0.0133587
0.0112739
0.0112857
0.0147646
0.0139928
0.0144417
0.0121829
0.0114474
0.0125767
0.00849324
0.0105933
0.013495
0.0137025
0.0124241
0.0119296
0.00816043
0.00777797
0.00892606
0.00841824
0.00739772
0.00679659
0.00648031
0.00581396
0.00455732
0.00456718
0.00515623
0.00410234
0.00353104
0.00352874
0.000750889
0.000769427
0.00114269
0.00106723
0.000558334
0.000123884
0.000146882
0.00015812
8.85219e-07
1.55643e-05
9.56948e-05
3.02411e-05
6.334e-07
4.07375e-05
6.85713e-06
0.000255095
0.000297019
0.000133651
6.36593e-05
0.00111662
0.000848779
3.8932e-05
0.00100461
0.000345408
0.000162716
3.81693e-05
6.82018e-05
1.57169e-05
8.31757e-05
0.000916481
0.000423508
0.000205168
0.000375588
1.29897e-05
0.00490564
9.7907e-12
9.79991e-12
9.78788e-12
9.80915e-12
9.80916e-12
9.82756e-12
9.88613e-12
9.86523e-12
1.03286e-11
1.02714e-11
1.19317e-11
2.45378e-11
2.69286e-11
2.70194e-11
5.52879e-09
1.16519e-06
1.17148e-06
1.16337e-06
1.1926e-06
1.78593e-05
1.75814e-05
2.95036e-05
2.90363e-05
3.72223e-05
3.64114e-05
2.44509e-05
2.39662e-05
1.47431e-05
1.45654e-05
1.45833e-05
9.40912e-06
9.43334e-06
6.10913e-06
6.07454e-06
4.2422e-06
4.24762e-06
4.26642e-06
4.00651e-06
4.0879e-06
4.10308e-06
5.16721e-06
3.94055e-06
3.99205e-06
3.21203e-06
3.26144e-06
2.85013e-06
2.90563e-06
3.29657e-06
3.40747e-06
3.94318e-06
4.49891e-06
4.61948e-06
4.6479e-06
4.9971e-06
5.17926e-06
4.60607e-06
4.67223e-06
4.71502e-06
4.05913e-06
3.75042e-06
3.79968e-06
3.84311e-06
3.21699e-06
3.0965e-06
3.11984e-06
3.77179e-06
3.71674e-06
3.6166e-06
3.63962e-06
4.6044e-06
4.57386e-06
3.94113e-06
4.02591e-06
3.60408e-06
3.53843e-06
4.25223e-06
4.00749e-06
4.99247e-06
5.01086e-06
4.969e-06
4.96378e-06
4.59112e-06
4.58002e-06
4.61188e-06
4.10447e-06
3.86207e-06
3.87849e-06
3.95004e-06
3.90128e-06
3.89896e-06
3.90042e-06
3.2258e-06
3.25109e-06
4.29977e-06
4.30163e-06
3.65699e-06
3.72003e-06
4.36676e-06
4.52489e-06
4.75201e-06
4.92338e-06
4.47162e-06
4.63706e-06
5.42264e-06
5.79325e-06
5.357e-06
4.71988e-06
5.00757e-06
5.1427e-06
5.37955e-06
5.07304e-06
5.38632e-06
6.11078e-06
5.99412e-06
4.98845e-06
5.92058e-06
5.73379e-06
6.88816e-06
5.53643e-06
6.59638e-06
6.4184e-06
6.81652e-06
8.19229e-06
8.01778e-06
7.65428e-06
8.03698e-06
7.34756e-06
8.05242e-06
8.62998e-06
0.000158032
8.7044e-05
4.58514e-05
2.68293e-05
1.79006e-05
1.3993e-05
1.08583e-05
9.32212e-06
7.83996e-06
7.52084e-06
7.40217e-06
7.06053e-06
6.9117e-06
6.85749e-06
6.75511e-06
6.88402e-06
7.0095e-06
6.93985e-06
7.00463e-06
7.46867e-06
7.45145e-06
7.03189e-06
6.98519e-06
7.0486e-06
6.54856e-06
5.7182e-06
5.93237e-06
6.62116e-06
6.78823e-06
6.80484e-06
6.98509e-06
7.35446e-06
7.30146e-06
6.87815e-06
1.8591e-06
1.9565e-06
1.79192e-06
1.95126e-06
2.47433e-06
2.55752e-06
2.67279e-06
2.6128e-06
2.92533e-06
3.04639e-06
3.62697e-06
3.67867e-06
4.19099e-06
4.09853e-06
5.269e-06
6.74318e-06
7.20776e-06
6.998e-06
9.41581e-06
9.70533e-06
1.51688e-05
1.44968e-05
2.18958e-05
2.32255e-05
3.92973e-05
4.30659e-05
3.22386e-05
6.06155e-05
6.48498e-05
0.000111535
0.000123531
0.000130755
0.000247142
0.00027323
0.00020997
0.000132013
1.28403e-05
0.000452261
0.000430544
0.00030587
0.00382617
0.00325176
0.00785257
0.00821338
0.0136119
0.0134171
0.0123398
0.0150092
0.0147302
0.0166715
0.0183947
0.0167
0.0187003
0.0178353
0.0168635
0.0159585
0.0147476
0.0147529
0.0126196
0.0117935
0.010705
0.00598261
0.00618205
0.00505574
0.00638753
0.00532181
0.00428338
0.00465378
0.00355272
0.00275305
0.00284616
0.00214484
0.00188428
0.00193231
0.00141016
0.00172149
0.00168472
0.000871508
0.000769623
0.000474649
0.000875133
0.000658856
0.000416292
0.000320329
0.000217899
0.000317097
0.000335621
3.61523e-05
3.89867e-05
1.12559e-06
6.28202e-06
5.97453e-06
8.22215e-06
2.4306e-06
2.58025e-05
0.000175488
0.000239369
0.000376278
0.000243842
0.000335373
0.0004937
0.000800814
0.00119756
0.00125903
0.00126401
0.00120862
0.000961665
0.0012733
0.00231221
0.00213244
0.00242941
0.00233396
0.00299326
0.00239999
0.00262161
0.00374016
0.00391931
0.00328781
0.00382949
0.00303545
0.00311777
0.00417195
0.00551266
0.00351059
0.00260638
0.00252226
0.00552239
0.00307962
0.00387647
0.00284914
0.00336643
0.00402337
0.00307428
0.00708254
0.00526707
0.00808096
0.00615275
0.00613981
0.00287466
0.00813996
0.00596709
0.0089242
0.00699357
0.00387969
0.00224038
0.004585
0.00232306
0.00227012
0.00242264
0.00231826
0.00231537
0.00205803
0.00204945
0.00234681
0.00230985
0.00221798
0.00215089
0.00217573
0.00215986
0.0024977
0.00244514
0.0022643
0.00226013
0.00219942
0.00216819
0.0021363
0.00213527
0.00228353
0.0022001
0.00200923
0.00209064
0.00185512
0.00184037
0.00209231
0.00209586
0.00213667
0.00206999
0.00218209
0.00203108
0.00197037
0.00201066
0.00195125
0.00195313
0.00201785
0.00204581
0.00198672
0.00201982
0.00220938
0.00225683
0.00199878
0.00194388
0.00199212
0.00192505
0.00187475
0.00187861
0.0022099
0.00217543
0.00175153
0.00171124
0.00173449
0.00198284
0.00193184
0.00193832
0.00181781
0.00182454
0.00182504
0.00178321
0.00155699
0.000181489
5.90508e-05
0.000356456
0.000347104
0.000259759
8.97378e-05
8.65726e-05
6.10883e-06
4.19381e-06
0.000923989
0.00130246
0.00160044
0.00029734
0.000293212
0.000364958
0.0017785
0.00173992
0.00210865
0.00236077
0.00327434
0.000772518
0.00075894
0.00101052
0.00249763
0.00243437
0.00292731
0.00156284
0.00152698
0.00227688
0.00643856
0.00678657
0.00576462
0.00555246
0.00736516
0.00681016
0.00672152
0.00681874
0.00601784
0.0101762
0.0107741
0.0107921
0.0100818
0.00983306
0.00867436
0.00802668
0.00581203
0.00974114
0.00878624
0.0079365
0.00533671
0.00590213
0.00531019
0.00495
0.00471637
0.00671405
0.00586056
0.00563053
0.0035197
0.00308325
0.00237217
0.00261034
0.00211262
0.00187528
0.00202353
0.00231654
0.00333333
0.00298925
0.00133237
0.00135682
0.000390759
0.000388501
0.000380238
0.000706189
0.000714454
0.00143297
0.00146813
0.000796682
0.000735136
0.000828523
0.00583987
0.00353695
0.00191551
0.00109994
0.00053838
0.000273148
0.000168395
0.000101264
3.74651e-06
1.72802e-05
1.03475e-06
5.79778e-08
0.0001974
0.000286295
0.000217203
6.48955e-05
1.66726e-05
1.19115e-05
2.74359e-05
1.32857e-07
0.000166628
0.00017413
0.000179032
0.00107535
0.00134028
2.71912e-05
4.38508e-06
2.85351e-06
0.000220959
0.00578381
0.00454757
1.59506e-11
1.60021e-11
1.60479e-11
1.60483e-11
1.60311e-11
1.60913e-11
1.58968e-11
1.59531e-11
1.60159e-11
1.60595e-11
2.1499e-11
2.17842e-11
2.28199e-11
5.31441e-09
5.45432e-09
9.23785e-07
9.5759e-07
1.47592e-05
1.46874e-05
6.69561e-05
6.66841e-05
0.000138955
0.000136308
0.000107248
0.000104954
4.77632e-05
5.05757e-05
5.0879e-05
2.60938e-05
2.57805e-05
1.97225e-05
1.97316e-05
1.49452e-05
1.52521e-05
1.61259e-05
1.62534e-05
1.38561e-05
1.41917e-05
1.29232e-05
1.31346e-05
1.32345e-05
1.34799e-05
1.20163e-05
1.24694e-05
1.01197e-05
1.03626e-05
8.79888e-06
9.09867e-06
8.97338e-06
9.27614e-06
8.77107e-06
9.10418e-06
9.5199e-06
9.8896e-06
1.03141e-05
8.27798e-06
8.86974e-06
1.04496e-05
9.51081e-06
6.41265e-06
1.27962e-05
1.20385e-05
9.78671e-06
9.30982e-06
8.53968e-06
8.29123e-06
1.11919e-05
1.07137e-05
1.06322e-05
1.02222e-05
1.01015e-05
8.90269e-06
8.66933e-06
7.68525e-06
7.60333e-06
8.50419e-06
7.22068e-06
7.14624e-06
8.78489e-06
8.6718e-06
7.75375e-06
7.67154e-06
8.86936e-06
8.76476e-06
8.39537e-06
8.22593e-06
8.1647e-06
7.39143e-06
6.54872e-06
6.56982e-06
8.2329e-06
8.11103e-06
8.25107e-06
6.5535e-06
2.27986e-05
2.10411e-05
1.65192e-05
1.51698e-05
1.45925e-05
1.37363e-05
1.31973e-05
1.61228e-05
1.50461e-05
1.46416e-05
1.33603e-05
1.2576e-05
1.2416e-05
1.1776e-05
1.17591e-05
9.2491e-06
9.59041e-06
9.319e-06
9.46817e-06
8.42084e-06
8.24363e-06
1.10573e-05
1.06874e-05
1.08221e-05
1.03643e-05
1.01413e-05
1.01956e-05
8.45303e-06
8.29772e-06
8.4266e-06
8.4531e-06
8.39976e-06
9.17603e-06
8.96941e-06
1.10565e-05
1.08047e-05
9.85319e-06
9.5958e-06
9.79333e-06
8.50004e-06
8.36105e-06
8.58739e-06
8.39961e-06
1.09854e-05
9.66777e-06
9.5496e-06
9.91949e-06
9.67653e-06
9.80835e-06
9.54104e-06
9.43975e-06
1.0096e-05
9.8225e-06
9.80082e-06
9.67681e-06
1.4003e-05
1.83774e-05
1.69555e-05
1.62844e-05
1.0224e-05
1.66775e-05
2.92892e-05
2.58606e-05
2.42584e-05
2.03269e-05
1.87188e-05
1.88178e-05
1.78427e-05
1.56699e-05
1.55217e-05
1.75774e-05
1.68007e-05
1.66823e-05
1.76141e-05
1.72541e-05
1.50304e-05
1.49699e-05
1.46655e-05
1.43293e-05
1.4709e-05
1.53639e-05
1.50105e-05
1.55081e-05
1.73697e-05
1.69465e-05
1.75842e-05
1.7724e-05
1.57131e-05
1.54353e-05
1.5584e-05
1.6478e-05
1.61809e-05
1.70448e-05
1.8255e-05
1.90417e-05
1.97973e-05
2.17586e-05
2.09549e-05
2.15999e-05
2.3475e-05
2.27643e-05
4.99521e-05
4.76662e-05
4.04877e-05
3.07119e-05
3.26784e-05
6.43546e-05
4.89112e-05
9.11545e-05
9.14323e-05
0.000119285
0.000210012
0.000286914
0.000210689
0.000401949
3.48742e-05
0.00218927
0.0021249
0.00156918
0.0030242
0.0029476
0.00736612
0.00929595
0.00906547
0.0102439
0.0121201
0.0115281
0.0100311
0.0115922
0.0108004
0.0122459
0.0129142
0.0122109
0.0110096
0.0102668
0.0100818
0.0088008
0.00563008
0.00518234
0.00658684
0.00458365
0.00434061
0.00328104
0.00361782
0.00255934
0.0024281
0.00189243
0.0015189
0.000968412
0.00111601
0.000810543
0.000511104
0.000435651
0.000230649
0.000318868
0.000145309
2.74866e-05
1.64084e-05
1.08723e-05
4.31214e-05
0.000185834
0.000224455
0.000371098
0.000107434
0.000386705
0.00236503
0.00246452
0.0024136
0.00250004
0.00227859
0.00213331
0.0022157
0.00225696
0.00212219
0.00220013
0.00224115
0.00212418
0.00221274
0.00219072
0.00208624
0.00213241
0.00194856
0.00227552
0.00230142
0.00220189
0.00212375
0.00223874
0.00231914
0.00238602
0.00243894
0.00227913
0.00262775
0.00252942
0.00260595
0.00251149
0.0024232
0.00259503
0.0028126
0.00271338
0.00284984
0.00254406
0.0024669
0.0025343
0.00235159
0.00241768
0.00267619
0.00279178
0.00289091
0.00277419
0.00269449
0.00276324
0.00281922
0.00280287
0.00290028
0.0029373
0.00327567
0.0032461
0.00306277
0.0030934
0.00263268
0.00262757
0.00276893
0.00272534
0.00267256
0.00238373
0.00244984
0.0025619
0.0025121
0.00261456
0.00241512
0.00255886
0.00302259
0.00294275
0.00305732
0.00273806
0.0028986
0.00314456
0.00321927
0.00286741
0.00298211
0.00329964
0.00344431
0.00358251
0.00325207
0.0034985
0.00364969
0.00352233
0.00370791
0.00331491
0.00354118
0.00181985
0.00175593
0.000844401
1.64669e-05
1.68695e-05
7.67364e-05
0.000458437
6.26868e-05
1.55173e-05
0.00144762
0.00137475
0.00209704
0.000639196
0.00188761
0.00312676
0.00390682
0.00344909
0.00339757
0.00542615
0.00566224
0.00522894
0.0067878
0.00934549
0.00969226
0.00671857
0.00598331
0.00884957
0.0077098
0.0106729
0.0114832
0.00786514
0.00790124
0.0091017
0.00803073
0.00945671
0.00740698
0.00685253
0.0070424
0.00618537
0.00479676
0.00413361
0.00329305
0.00401356
0.00336523
0.00367985
0.00336117
0.00324368
0.00247102
0.00710178
0.0059352
0.00203882
0.00180978
0.00340051
0.00297676
0.00577086
0.00622461
0.00792958
0.0120812
0.0118351
0.0123093
0.00589564
0.00543124
0.00501783
5.66858e-05
0.0423313
0.0361614
0.00961961
0.00892179
0.000222474
3.03687e-05
2.94503e-05
3.0013e-05
3.46014e-05
4.90092e-06
5.20313e-06
3.48184e-06
2.50715e-06
2.50059e-06
7.02583e-06
7.05182e-06
2.94479e-05
2.83259e-05
2.80912e-05
2.67467e-05
2.61646e-05
4.34211e-05
4.28779e-05
4.95594e-05
4.85123e-05
3.50916e-05
3.45197e-05
4.46749e-05
4.4797e-05
4.49764e-05
3.48355e-05
3.43578e-05
2.64278e-05
2.63841e-05
2.57994e-05
2.54878e-05
2.58363e-05
2.38439e-05
2.32125e-05
3.51613e-05
3.62115e-05
3.54433e-05
3.53799e-05
3.50268e-05
3.53031e-05
3.60949e-05
3.725e-05
3.76468e-05
2.92604e-05
2.87515e-05
2.87482e-05
2.55147e-05
2.55948e-05
2.81892e-05
2.86034e-05
2.0118e-05
2.00966e-05
2.01504e-05
2.73762e-05
2.75477e-05
2.7974e-05
2.79003e-05
2.75088e-05
2.79282e-05
2.96731e-05
2.99386e-05
2.67499e-05
2.72774e-05
1.92647e-05
1.98293e-05
1.80483e-05
1.85327e-05
2.14978e-05
2.13265e-05
2.18328e-05
2.41784e-05
2.47268e-05
2.46465e-05
2.61296e-05
2.54284e-05
2.56817e-05
2.59349e-05
3.17508e-05
3.20423e-05
3.26004e-05
3.44153e-05
3.44016e-05
3.38133e-05
3.38868e-05
3.19837e-05
3.14446e-05
3.10137e-05
3.06067e-05
3.05692e-05
2.95025e-05
2.58835e-05
2.57021e-05
2.58104e-05
2.53684e-05
2.61927e-05
2.70417e-05
2.65772e-05
3.05886e-05
3.04211e-05
2.52885e-05
2.15315e-05
2.09129e-05
2.29413e-05
2.30731e-05
2.28724e-05
2.81933e-05
2.82168e-05
2.56241e-05
2.5459e-05
2.59282e-05
2.74997e-05
2.75068e-05
2.71505e-05
2.80234e-05
2.96645e-05
2.9584e-05
2.95241e-05
2.59204e-05
2.66582e-05
2.70321e-05
3.00374e-05
3.01282e-05
2.73038e-05
2.74831e-05
3.07497e-05
3.10538e-05
2.80823e-05
2.84449e-05
3.43642e-05
3.50316e-05
3.02577e-05
3.15966e-05
3.00554e-05
3.07309e-05
3.28384e-05
3.37656e-05
3.40192e-05
3.50721e-05
3.75463e-05
3.881e-05
3.94124e-05
3.61515e-05
3.75259e-05
3.94545e-05
4.28303e-05
4.24128e-05
4.47689e-05
4.36592e-05
4.59205e-05
4.90092e-05
5.15683e-05
5.22238e-05
5.28616e-05
5.46713e-05
5.50271e-05
5.45657e-05
5.40541e-05
5.55708e-05
6.21089e-05
5.83521e-05
5.8998e-05
4.54266e-05
0.000508563
0.00041538
0.000379141
0.000323523
0.000267204
0.000411199
0.00020202
0.000256281
0.0002281
3.17313e-05
2.91722e-05
2.79416e-05
2.62487e-05
2.87214e-05
3.15655e-05
3.26286e-05
3.39712e-05
3.7633e-05
3.51186e-05
4.20111e-05
4.43157e-05
5.48549e-05
4.96836e-05
6.23366e-05
6.68811e-05
7.13628e-05
9.50456e-05
0.0001044
9.6848e-05
0.00015238
0.000165784
0.000270593
0.00029375
0.000222505
0.000465807
0.000483855
0.000966631
0.00105122
0.000769247
0.00078361
0.000885496
0.00118613
0.000733303
0.000103912
0.000414172
0.00156957
0.00134903
0.00322793
0.00354823
0.00306295
0.00330716
0.00380663
0.00333929
0.00300946
0.00231731
0.00230379
0.00145629
0.000619348
0.000496591
0.000490476
0.000352565
5.99395e-05
6.45479e-05
1.85687e-05
2.58357e-06
1.30578e-05
4.68798e-06
1.8735e-06
4.15496e-05
0.000146107
0.000198334
0.00035676
0.000148356
0.000379822
0.00037922
0.000472696
0.000627694
0.000815868
0.000971541
0.00128629
0.00120043
0.00144834
0.00153181
0.00197436
0.00180474
0.00226075
0.00230625
0.00296877
0.00232115
0.00292696
0.00447469
0.00530631
0.00310378
0.00333531
0.00385942
0.00445874
0.00487784
0.00517699
0.00439462
0.00475186
0.0045953
0.00480847
0.00399538
0.00435231
0.00654946
0.00678798
0.00650842
0.00686388
0.00788331
0.00659042
0.00704098
0.00847439
0.00771016
0.0107856
0.0100045
0.0116937
0.00854369
0.0120477
0.0111459
0.0121436
0.0125843
0.0102411
0.0131229
0.0107602
0.0144158
0.0131141
0.0187905
0.0116431
0.0160232
0.016188
0.0149974
0.0175581
0.0215646
0.0273177
0.0261133
0.0260717
0.0211352
0.0210922
0.0164945
0.0134268
0.0172748
0.0287706
0.0298652
0.0250811
0.0129848
0.0237154
0.0150676
0.029514
0.0291216
0.0129828
0.00232827
0.00235003
0.00232185
0.00209484
0.00208698
0.00226696
0.00219587
0.0021926
0.00236729
0.00360902
0.00210997
0.00326549
0.00323659
0.00354212
0.00341609
0.00188366
0.00296094
0.00197444
0.00299086
0.00193346
0.00191684
0.00200097
0.00197491
0.00216951
0.00321819
0.00186396
0.00267599
0.00266333
0.0018705
0.00262836
0.00201674
0.00200698
0.00227977
0.00266061
0.00225188
0.00226963
0.00246445
0.00239999
0.00251578
0.0024671
0.00249879
0.00299729
0.00292127
0.00236222
0.00233131
0.00237336
0.00239407
0.00231724
0.00231978
0.00215041
0.00215313
0.00215032
0.00211852
0.00209543
0.00215708
0.0019984
0.00194631
0.00199572
0.00212113
0.00217343
0.00206584
0.00180185
0.000197334
0.000122196
0.000653009
0.000385477
0.00102093
0.00101194
0.000575771
1.88532e-05
1.71088e-05
3.96572e-05
4.29072e-07
6.67225e-07
1.41444e-05
1.77784e-05
0.000279029
0.000497805
0.00107659
0.00106351
0.00125903
0.00160685
0.00144639
0.00163109
0.0018122
0.00346429
0.00427502
0.00406184
0.00391383
0.00445173
0.00528409
0.00506301
0.00528654
0.00752396
0.00761357
0.00551447
0.00548766
0.00628131
0.00588784
0.00611006
0.00551018
0.00633557
0.00561598
0.00539962
0.00600073
0.00974065
0.00991357
0.00751697
0.00877547
0.00860615
0.00808924
0.00801658
0.00750115
0.00708792
0.00773428
0.00743233
0.0121005
0.0109801
0.00982777
0.00420759
0.00388948
0.00366123
0.00526704
0.00478909
0.00332997
0.00372553
0.00340335
0.00330202
0.00361952
0.00328786
0.00319147
0.00468119
0.00415432
0.00397575
0.00332148
0.00331586
0.00568282
0.00519183
0.00142394
0.00133941
0.00114036
0.00165068
0.00185368
0.00139285
0.00144663
0.00145665
0.00137313
0.00125508
0.00538538
0.00477387
0.00427978
0.00342466
0.0034335
0.00325147
0.00262595
0.0022722
0.00222274
0.00175383
0.00166174
0.00204747
0.00163325
0.00129725
0.00107115
0.00107611
0.000225233
0.000159496
0.000175186
0.000314976
0.000222734
0.000326601
3.81856e-05
1.27293e-05
1.91526e-05
3.51506e-07
6.75095e-07
1.43163e-05
1.39039e-06
0.000113259
0.00014078
2.86633e-06
2.21215e-05
3.70023e-07
7.55988e-06
0.000579006
0.000510744
0.00124848
0.00142277
0.00104221
0.00134466
0.00111832
4.20909e-10
3.92383e-10
4.60984e-10
4.845e-10
4.81311e-10
4.81237e-10
5.38078e-10
4.13308e-10
4.84314e-10
4.98443e-11
4.96911e-11
5.68401e-11
4.98386e-11
5.32265e-11
6.24582e-11
5.80214e-11
3.24384e-08
3.40308e-08
4.89581e-06
5.07897e-06
8.73836e-05
8.70718e-05
0.000193006
0.000193201
0.000248962
0.000252049
0.000167685
0.000164247
8.4158e-05
8.48488e-05
6.55589e-05
6.69541e-05
6.76112e-05
6.93636e-05
6.95819e-05
5.07051e-05
5.31493e-05
3.68424e-05
3.6665e-05
2.91999e-05
3.03416e-05
3.06566e-05
3.23529e-05
3.4034e-05
3.48575e-05
2.6383e-05
2.80008e-05
2.26113e-05
2.40344e-05
2.09299e-05
2.12111e-05
2.1341e-05
2.79404e-05
2.99835e-05
3.26037e-05
3.54505e-05
1.53692e-05
1.57988e-05
1.55624e-05
1.56333e-05
1.58058e-05
1.41026e-05
1.43192e-05
1.6118e-05
1.62953e-05
1.39723e-05
1.46415e-05
1.26426e-05
1.30933e-05
1.35278e-05
1.24168e-05
1.23813e-05
1.24765e-05
1.06761e-05
1.06726e-05
1.08375e-05
1.1807e-05
1.209e-05
1.52501e-05
1.53289e-05
1.4952e-05
1.54622e-05
1.93004e-05
1.95316e-05
1.94998e-05
1.5076e-05
1.54519e-05
1.86849e-05
1.94664e-05
1.45318e-05
1.49706e-05
1.51618e-05
1.6437e-05
1.73799e-05
1.549e-05
1.63538e-05
2.19759e-05
2.31083e-05
1.97802e-05
2.10723e-05
2.0907e-05
2.20813e-05
2.2265e-05
1.77823e-05
1.88605e-05
2.02881e-05
2.00288e-05
2.15617e-05
2.2084e-05
2.82076e-05
3.06049e-05
3.09004e-05
2.97584e-05
3.23361e-05
3.26981e-05
3.83491e-05
4.29257e-05
4.01262e-05
4.55281e-05
4.12814e-05
4.65154e-05
4.65664e-05
5.02462e-05
5.69433e-05
6.12558e-05
7.05779e-05
6.63435e-05
7.79533e-05
7.80681e-05
9.11413e-05
9.90136e-05
0.000106392
0.000125978
0.000127495
0.000105149
0.000124799
0.00012768
0.000152713
0.000162948
0.000198241
0.000202201
0.000191163
0.000184538
2.12758e-05
0.00012767
2.47426e-05
2.01091e-05
1.91637e-05
1.9282e-05
2.53673e-05
2.4185e-05
2.40178e-05
2.03079e-05
1.95617e-05
1.93476e-05
1.92658e-05
1.85487e-05
1.87878e-05
1.85288e-05
1.79491e-05
1.81615e-05
1.75555e-05
1.71107e-05
1.56295e-05
1.5618e-05
1.66931e-05
1.62915e-05
1.67105e-05
1.5422e-05
1.54764e-05
1.83407e-05
1.7964e-05
1.81095e-05
1.78044e-05
1.74887e-05
1.79363e-05
1.88711e-05
1.68802e-05
1.69772e-05
1.68135e-05
1.74262e-05
2.04933e-05
2.02846e-05
2.0646e-05
1.83045e-05
1.81641e-05
1.90348e-05
1.81801e-05
1.86031e-05
1.80878e-05
1.88584e-05
2.14379e-05
2.14059e-05
2.18506e-05
2.29147e-05
2.35596e-05
2.13518e-05
0.00226901
0.00197505
0.00148729
0.00119796
0.000928145
0.000734023
0.000583132
0.000473958
0.00036391
0.000299449
0.000217806
0.000189291
3.13245e-05
3.7962e-05
3.89015e-05
6.45908e-05
6.02315e-05
0.000100544
0.00010903
0.000173701
0.00019076
0.000190678
0.000404398
0.000298943
0.000228529
0.000261212
0.000418394
0.000505148
0.00422929
0.00413545
0.00352873
0.00519023
0.00905676
0.0109312
0.010625
0.00787118
0.0117826
0.0124273
0.0114394
0.0122001
0.0110458
0.00965505
0.00932127
0.00878505
0.00819169
0.00717933
0.00661499
0.00506322
0.00506361
0.00428019
0.00418081
0.00332549
0.00258349
0.00189384
0.00138653
0.00135795
0.00170653
0.00070474
0.000457409
0.000393569
0.000410659
0.000137091
0.000133158
6.88618e-05
3.36701e-05
2.45182e-05
7.08248e-06
4.6988e-06
4.29321e-06
2.26174e-06
3.43619e-06
0.000123269
8.04497e-06
7.36467e-05
0.000152702
0.000317998
0.000348107
0.000363778
0.000551079
0.000450655
0.00737733
0.00639957
0.00614535
0.0058756
0.00567388
0.00579628
0.00520094
0.00509432
0.00497522
0.00431587
0.00418652
0.00449742
0.00450145
0.00380155
0.00378513
0.00419383
0.00427141
0.00337425
0.00348122
0.00327631
0.00340278
0.00316115
0.00299663
0.0029502
0.00295473
0.00287797
0.00322929
0.00307403
0.00315406
0.00290892
0.00278593
0.00294037
0.00270985
0.00260616
0.00271242
0.0028001
0.00269472
0.00286123
0.00278356
0.00268272
0.0028674
0.00284588
0.00274821
0.0029512
0.00288299
0.00297721
0.00305445
0.00301835
0.0029205
0.00307933
0.00325665
0.0034247
0.00383985
0.00346659
0.00335096
0.0035039
0.00329671
0.00343401
0.00360409
0.00347561
0.00369864
0.00364379
0.00374262
0.00379284
0.00394741
0.00388532
0.00404313
0.00380755
0.00419388
0.00433198
0.00479615
0.00513961
0.00428547
0.00430976
0.00482885
0.00496665
0.00399042
0.0027014
0.000704074
0.002481
0.00146297
0.000161837
0.000150199
0.000374215
0.000812396
0.00243104
0.00380491
0.00237944
0.00310029
0.00390183
0.00546533
0.00518687
0.00480083
0.00648086
0.00757763
0.00967109
0.00628295
0.00565922
0.00769549
0.00566051
0.00750801
0.00826617
0.00833674
0.00771193
0.00835732
0.00977366
0.00873964
0.00772919
0.00689883
0.00733769
0.00638554
0.00580316
0.00575665
0.00635206
0.00473611
0.00512577
0.00447836
0.00375288
0.00412007
0.0049434
0.00319464
0.00516415
0.00442589
0.00365976
0.00444529
0.00664869
0.00586006
0.00527366
0.00364509
0.0044033
0.00508189
0.00505531
0.00328432
0.00307858
0.00435919
0.00703619
0.00768366
0.0151926
0.014352
0.0149208
0.00375594
0.00367833
0.00422093
0.00223438
0.0152836
0.0124565
0.0111314
0.00917141
0.000313893
7.18255e-06
6.36567e-05
6.12454e-05
2.63777e-06
2.61861e-06
2.65703e-06
1.10832e-06
1.11791e-06
2.64905e-06
2.66312e-06
7.51837e-06
2.94602e-05
2.91588e-05
7.39551e-05
7.1539e-05
9.15088e-05
8.89125e-05
8.82748e-05
8.69469e-05
6.78494e-05
6.76449e-05
6.6083e-05
6.42848e-05
4.21605e-05
3.39575e-05
3.36885e-05
3.33649e-05
3.37462e-05
2.73047e-05
2.8003e-05
5.15394e-05
5.16776e-05
3.94523e-05
3.95497e-05
5.34393e-05
5.32688e-05
5.41832e-05
4.81151e-05
4.82311e-05
4.78234e-05
3.31741e-05
3.41373e-05
3.35549e-05
3.43632e-05
4.04938e-05
4.11823e-05
3.46955e-05
3.55538e-05
4.02372e-05
4.03871e-05
4.25752e-05
4.26804e-05
4.18155e-05
4.24527e-05
3.82784e-05
3.8185e-05
3.37521e-05
3.35934e-05
3.41013e-05
3.62885e-05
3.64647e-05
3.68749e-05
4.45249e-05
4.53727e-05
4.31243e-05
4.29197e-05
4.03626e-05
4.11847e-05
4.02301e-05
4.02093e-05
4.07006e-05
4.31603e-05
4.31111e-05
4.27023e-05
3.68448e-05
3.70792e-05
3.76923e-05
3.7899e-05
3.8853e-05
3.81392e-05
4.00853e-05
5.02099e-05
5.08097e-05
4.29043e-05
4.35855e-05
6.41227e-05
6.52276e-05
5.01383e-05
5.49871e-05
5.54229e-05
5.98717e-05
4.91084e-05
5.11385e-05
5.14e-05
5.19072e-05
5.28385e-05
5.54017e-05
5.50344e-05
5.84012e-05
5.91234e-05
5.51367e-05
6.0243e-05
6.34584e-05
6.84166e-05
6.83727e-05
5.81834e-05
6.14459e-05
6.06853e-05
6.26128e-05
7.69634e-05
7.70861e-05
6.69229e-05
7.26815e-05
7.04495e-05
8.62944e-05
9.43963e-05
7.95063e-05
8.63908e-05
9.66238e-05
0.000107405
0.000103782
0.000108483
0.000118162
0.000104619
9.81041e-05
0.000129023
0.000123291
0.000103853
0.000138891
0.000131335
9.89506e-05
0.000110759
0.000117089
0.00481802
0.00249329
0.00128577
0.000663643
0.00038051
0.000253567
0.000203384
0.000158516
0.000133793
0.000119453
9.71102e-05
9.2999e-05
9.49999e-05
0.000114573
0.000108515
9.3119e-05
9.18897e-05
9.6412e-05
8.83041e-05
8.80295e-05
8.96608e-05
0.000104783
0.000104146
0.000112433
0.000110246
0.000108912
9.00158e-05
8.71301e-05
8.40913e-05
8.97414e-05
9.00072e-05
9.0765e-05
9.95284e-05
9.89416e-05
9.88245e-05
0.000100244
9.89814e-05
0.00010571
0.000120133
0.000116947
0.000118582
0.000116024
0.00012005
0.000108792
0.000107521
0.000112703
1.36059e-05
1.41247e-05
1.51296e-05
1.66048e-05
1.71913e-05
1.8807e-05
1.9991e-05
2.12331e-05
2.24841e-05
2.13756e-05
2.51627e-05
2.30656e-05
2.73377e-05
3.04711e-05
3.82747e-05
4.12777e-05
5.05601e-05
5.48085e-05
5.6253e-05
7.22991e-05
7.73328e-05
7.89561e-05
0.000115561
0.00012526
0.000115276
0.00019514
0.000169444
0.000209613
0.000206997
0.000350757
0.00039001
0.000347024
0.000631417
0.000605173
0.000927799
0.00102717
1.72087e-05
6.64977e-05
0.000531994
0.000483458
0.000576724
0.0029314
0.00273259
0.00319568
0.00371174
0.00389567
0.00399986
0.00367326
0.00380069
0.00376965
0.00288803
0.00286121
0.00240788
0.00200356
0.00128626
0.000754381
0.000681118
0.000464373
0.000329927
0.000162334
5.67478e-05
0.000108037
0.000286189
7.24996e-05
3.42641e-06
5.48041e-05
5.88161e-06
0.000124679
0.00038138
0.000554424
0.000422172
0.000591957
0.000819288
0.000908791
0.000884188
0.00101789
0.000832468
0.0012863
0.00151227
0.00124944
0.00110388
0.00144803
0.00152048
0.00172083
0.00180924
0.00232362
0.00176775
0.00232078
0.00237217
0.0024824
0.00277478
0.00313984
0.00389441
0.00429981
0.00497403
0.00541195
0.00474893
0.00631636
0.00530082
0.00569241
0.00689881
0.00779388
0.00747802
0.00681168
0.00631095
0.00794869
0.0072552
0.00941844
0.00813694
0.0109195
0.00853598
0.0105161
0.00683278
0.00794025
0.0079736
0.00911842
0.00812213
0.00683997
0.00735936
0.00796254
0.00664375
0.0058718
0.00491829
0.00629653
0.00523355
0.00620959
0.00511427
0.0056186
0.00768783
0.00709627
0.00773281
0.00691569
0.00786209
0.00638866
0.00693444
0.0091803
0.00751959
0.00790241
0.0103942
0.0089041
0.00846195
0.00777296
0.00978008
0.00685162
0.00661125
0.00607306
0.00591008
0.0054792
0.0056874
0.00521265
0.00503628
0.00450934
0.00439331
0.00467773
0.00436098
0.00427814
0.00404378
0.00380795
0.00373261
0.00344182
0.0034657
0.00347463
0.00330595
0.00328966
0.00329867
0.00324483
0.00299085
0.00287001
0.00287997
0.00291908
0.00287034
0.00304238
0.00291896
0.00292313
0.00308518
0.00295969
0.00295277
0.00246598
0.00246402
0.00255133
0.00314747
0.00302142
0.00300905
0.00283139
0.00279017
0.00257787
0.00269188
0.00275348
0.00282048
0.00247145
0.0024011
0.00242441
0.00277825
0.00284775
0.0028779
0.00306809
0.00306114
0.0027508
0.00274659
0.00273782
0.00269824
0.00267045
0.00262584
0.000961237
0.000600415
0.00113277
0.000834094
0.000472903
0.000222673
0.000388478
0.000220128
0.00011619
0.000798906
0.00093804
0.000191316
0.000185652
0.000309633
0.000454887
0.000440845
0.000997485
0.000919749
0.00168246
0.002245
0.00245618
0.00195597
0.00363313
0.00399688
0.00324441
0.00354237
0.00350672
0.00438439
0.00413913
0.00551263
0.00508007
0.00550182
0.00488404
0.00453364
0.00473219
0.00724062
0.00699357
0.00603225
0.00637043
0.0064861
0.00577174
0.00513419
0.00492087
0.00494193
0.0043214
0.00392333
0.00464961
0.00394068
0.00291593
0.00181984
0.00499723
0.00251518
0.00230491
0.00291943
0.00247009
0.00248116
0.00104611
0.000927694
0.000799576
0.00148603
0.00128659
0.00125382
0.001641
0.00105384
0.000914175
0.000868307
0.000287981
0.000440629
0.000557988
0.000662817
0.00111813
0.000911229
0.000335551
0.000479563
5.24644e-05
7.38015e-05
0.000103929
3.3524e-05
0.000425988
0.00700087
0.00608916
0.0010023
0.0022442
0.00144017
0.00106766
0.000547628
0.000107439
4.77526e-05
2.34346e-06
0.000332489
0.000124582
2.39529e-05
7.17896e-05
9.91049e-08
3.72015e-06
5.04816e-06
2.33186e-05
3.6192e-05
0.000205724
0.00028324
3.42227e-05
0.00518709
0.0039081
2.19965e-11
2.20355e-11
2.21602e-11
2.18746e-11
2.1752e-11
2.17518e-11
2.17885e-11
2.18049e-11
2.73508e-11
2.52497e-11
3.03486e-11
2.9761e-11
3.1604e-11
2.58237e-08
2.64267e-08
1.45249e-06
1.47122e-06
1.54086e-06
3.76533e-05
3.81133e-05
0.000117504
8.23189e-05
8.16443e-05
4.28944e-05
4.25756e-05
4.28419e-05
4.55439e-05
2.67791e-05
2.69827e-05
1.32371e-05
1.33488e-05
1.33613e-05
1.39387e-05
1.40839e-05
1.4867e-05
1.52073e-05
1.53976e-05
1.58736e-05
1.30225e-05
1.31272e-05
1.04074e-05
1.06863e-05
9.26748e-06
9.56552e-06
1.07854e-05
1.11944e-05
7.54058e-06
8.96252e-06
9.35206e-06
8.9122e-06
9.24814e-06
9.48747e-06
1.05245e-05
9.60921e-06
1.00262e-05
1.02507e-05
1.01954e-05
1.05305e-05
8.47772e-06
8.92682e-06
9.15174e-06
1.10189e-05
1.46236e-05
1.24072e-05
1.43186e-05
1.37397e-05
1.20503e-05
1.15713e-05
1.10723e-05
1.10892e-05
1.07822e-05
1.04626e-05
1.25314e-05
1.2074e-05
1.21621e-05
1.19319e-05
1.16608e-05
1.09139e-05
1.08065e-05
1.21288e-05
1.18087e-05
1.17029e-05
1.20237e-05
1.17174e-05
1.19189e-05
9.70244e-06
9.50117e-06
9.47812e-06
8.58205e-06
8.43764e-06
8.55455e-06
1.03202e-05
1.00974e-05
1.05407e-05
1.02946e-05
7.26701e-06
7.1787e-06
7.36544e-06
8.11861e-06
8.19701e-06
7.52216e-06
7.55855e-06
7.68394e-06
8.65839e-06
3.20679e-05
2.42442e-05
2.21652e-05
2.01634e-05
1.93964e-05
1.70185e-05
1.59204e-05
1.1884e-05
1.13702e-05
1.24248e-05
1.62965e-05
1.56834e-05
1.6966e-05
1.60399e-05
1.56801e-05
1.31087e-05
1.27279e-05
1.27572e-05
1.40539e-05
1.63867e-05
1.57405e-05
1.20276e-05
1.16908e-05
1.16809e-05
1.25228e-05
1.16246e-05
1.15222e-05
1.03714e-05
1.0244e-05
1.10653e-05
1.11729e-05
1.20265e-05
1.18445e-05
1.2068e-05
1.176e-05
1.18738e-05
1.16223e-05
1.28403e-05
1.24973e-05
1.27097e-05
1.22848e-05
1.21884e-05
1.19101e-05
1.20088e-05
1.38277e-05
1.76729e-05
1.74106e-05
1.43214e-05
1.427e-05
2.33997e-05
2.21347e-05
3.12046e-05
3.35346e-05
3.13244e-05
2.85025e-05
2.38166e-05
2.20655e-05
2.15817e-05
2.43634e-05
2.32234e-05
1.91218e-05
1.8361e-05
1.86256e-05
1.86341e-05
1.8357e-05
2.08893e-05
2.07149e-05
1.71638e-05
1.67754e-05
1.71798e-05
1.76097e-05
1.77268e-05
1.73711e-05
1.83288e-05
1.74973e-05
1.79904e-05
2.14555e-05
2.0943e-05
2.14837e-05
2.37161e-05
2.38577e-05
2.01282e-05
2.0706e-05
2.41147e-05
2.49214e-05
2.15966e-05
2.38039e-05
2.55537e-05
2.58906e-05
2.8384e-05
2.55744e-05
4.05389e-05
4.15045e-05
5.05459e-05
3.21809e-05
5.1541e-05
5.85125e-05
6.31594e-05
0.000106
0.000139184
0.000238179
0.000264435
0.000218811
0.000398536
7.28685e-07
6.47273e-08
0.00141956
0.00149244
0.005954
0.00572727
0.00551836
0.00697016
0.00871346
0.0103848
0.00999875
0.00907727
0.00988266
0.00927008
0.00812097
0.00893991
0.00851054
0.00778686
0.00673158
0.0066937
0.00588426
0.00517574
0.00409938
0.00347481
0.00247969
0.00245817
0.00175548
0.00238477
0.000812616
0.00110212
0.000804623
0.00063651
0.000304032
0.00030968
0.000383011
0.000110549
0.000210783
3.30734e-05
1.55098e-05
4.48914e-05
3.69986e-05
2.4859e-05
0.000115377
8.41061e-05
7.14314e-05
0.000167423
0.000347662
0.000322638
0.000543498
0.000538307
0.000823179
0.000836606
0.00103664
0.00335024
0.00313831
0.00362187
0.00280063
0.00282901
0.00264593
0.00272869
0.00284695
0.00266303
0.00270071
0.0030269
0.00300115
0.00255189
0.00260886
0.00250381
0.00238062
0.00245674
0.00234335
0.00254666
0.00260423
0.00251867
0.0026531
0.00227383
0.00218743
0.00232022
0.00250601
0.00268171
0.00247361
0.00254029
0.00266797
0.00257573
0.00302819
0.00317482
0.00282778
0.00275037
0.00292876
0.00282997
0.00288599
0.0027634
0.00281262
0.00296758
0.00287496
0.00298617
0.00296818
0.00303309
0.00284635
0.00276808
0.00279524
0.00290707
0.00361674
0.00349761
0.00349364
0.00297392
0.00296523
0.00291492
0.00343407
0.00335895
0.00317589
0.00307849
0.0030343
0.0024764
0.00259755
0.00251637
0.00304096
0.00285952
0.00295116
0.00272
0.00265552
0.00283381
0.00294459
0.00287785
0.00306948
0.00293716
0.00310255
0.00335772
0.00351145
0.003235
0.00337897
0.00355086
0.00388469
0.00363941
0.0038964
0.00375619
0.00217686
0.0026546
0.00108321
0.00185793
0.000813637
0.000122083
0.000177728
0.000816383
1.37947e-05
0.00124159
0.000740488
0.0011574
0.00304481
0.0028508
0.00377571
0.0020604
0.00192712
0.00315527
0.00619134
0.00567096
0.00696375
0.00487771
0.00844278
0.00807089
0.00719658
0.00856615
0.0073789
0.00891377
0.00730216
0.00606823
0.00593285
0.00534779
0.00578671
0.00625628
0.00486368
0.00485145
0.00338591
0.00266899
0.00233836
0.00285797
0.00317613
0.00265527
0.00208196
0.00171145
0.00196802
0.00184664
0.00197801
0.00413988
0.00333059
0.00139834
0.00144097
0.00154709
0.00151264
0.00130343
0.00156462
0.00334379
0.00287161
0.00295614
0.00337504
0.0031685
0.00226791
0.00229722
0.00341872
0.00308216
0.00197502
0.00833271
0.00762092
0.00924333
0.0165112
0.0183376
0.00629544
0.00621689
0.00831438
0.00778581
0.00160658
0.000320973
0.000354036
0.0181734
0.0394295
0.000353632
7.76201e-06
4.55574e-06
4.49383e-06
4.50039e-06
3.23112e-07
4.2868e-08
5.03964e-08
5.06945e-08
7.49865e-07
7.60036e-07
6.82397e-06
6.62592e-06
6.72006e-06
2.32374e-05
2.23072e-05
2.27364e-05
8.68335e-05
8.2546e-05
8.09155e-05
0.000149696
0.000144187
0.000143096
0.000219997
0.000211358
0.000213197
0.000144043
0.000138527
0.000112822
0.000112302
9.69419e-05
9.61419e-05
8.58697e-05
8.59039e-05
6.1169e-05
5.97119e-05
5.98876e-05
6.51378e-05
6.4096e-05
6.45909e-05
5.74594e-05
5.69622e-05
5.76871e-05
4.50009e-05
4.30533e-05
4.34305e-05
3.47798e-05
3.45496e-05
4.05076e-05
4.1104e-05
3.36827e-05
3.38958e-05
2.55216e-05
2.55202e-05
2.62087e-05
2.83971e-05
2.87259e-05
2.94172e-05
2.88492e-05
2.9174e-05
2.90694e-05
3.7998e-05
3.83943e-05
3.90281e-05
3.28807e-05
3.2812e-05
3.30113e-05
4.66001e-05
4.75704e-05
3.9408e-05
4.07111e-05
3.09619e-05
3.17805e-05
3.24673e-05
3.71921e-05
3.81248e-05
3.85958e-05
3.88439e-05
3.90188e-05
3.48507e-05
3.94697e-05
3.93728e-05
3.99351e-05
4.04708e-05
3.16464e-05
3.19165e-05
3.24923e-05
3.40378e-05
3.58345e-05
3.95181e-05
4.00793e-05
3.43783e-05
3.49699e-05
3.53827e-05
3.39373e-05
3.30051e-05
3.3108e-05
4.05543e-05
4.00107e-05
3.54409e-05
3.46484e-05
3.50206e-05
3.98816e-05
3.92074e-05
3.20927e-05
3.14227e-05
3.19147e-05
4.10378e-05
4.06912e-05
3.51727e-05
3.51122e-05
3.64764e-05
3.62867e-05
2.84088e-05
2.80739e-05
2.8211e-05
2.99537e-05
3.00326e-05
3.04424e-05
3.18029e-05
3.21029e-05
3.40533e-05
3.37269e-05
3.36308e-05
3.37289e-05
3.40309e-05
3.39027e-05
3.42428e-05
3.39399e-05
3.41599e-05
3.77929e-05
3.76562e-05
3.78934e-05
3.40954e-05
3.45467e-05
4.13661e-05
4.13849e-05
4.18025e-05
3.6132e-05
3.65513e-05
3.39358e-05
3.47478e-05
3.69562e-05
3.72756e-05
3.72257e-05
3.13004e-05
3.23563e-05
3.7041e-05
3.8448e-05
4.04233e-05
4.11845e-05
4.14761e-05
4.33799e-05
4.47128e-05
4.64006e-05
4.36706e-05
4.48415e-05
5.05906e-05
5.22324e-05
5.35252e-05
4.86294e-05
5.03137e-05
5.30207e-05
5.29819e-05
5.63717e-05
5.78913e-05
6.20001e-05
6.81383e-05
7.38396e-05
6.5593e-05
6.57755e-05
6.75833e-05
7.22348e-05
6.9992e-05
7.15161e-05
4.81656e-05
6.35472e-05
0.000626831
0.000564948
0.00055879
0.000463463
0.000470216
0.000582922
0.000484423
0.000403021
4.62594e-05
4.14943e-05
4.13122e-05
3.84216e-05
4.10897e-05
4.21382e-05
4.12085e-05
4.28115e-05
3.9387e-05
4.25443e-05
4.63e-05
5.57962e-05
6.10529e-05
7.12331e-05
7.73404e-05
7.15278e-05
9.58007e-05
9.31901e-05
0.000136547
0.00019996
0.000212444
0.000195409
0.000352513
0.000366547
0.000649071
0.000550516
0.000700955
0.000976548
0.00117888
0.00130488
0.0014641
0.00052299
0.000950933
0.000100156
7.39175e-05
1.04416e-07
0.00170348
0.00244047
0.00215016
0.00331449
0.00372835
0.00327681
0.00234755
0.00218258
0.00258024
0.00204185
0.00183295
0.00138325
0.00123987
0.00137999
0.00103701
0.000423258
0.000444411
0.000260853
0.000152559
5.61673e-05
5.8811e-05
1.12489e-06
2.35484e-05
0.000128432
0.000164636
0.000198083
0.000347939
0.00042679
0.000541993
0.000623243
0.000519906
0.00122714
0.00102212
0.00097637
0.00118559
0.000889615
0.00166049
0.00184107
0.00191308
0.00245904
0.00264543
0.00284648
0.00324239
0.00341309
0.00389097
0.00290957
0.00363009
0.00400189
0.00537996
0.00455196
0.00621755
0.00456101
0.00493078
0.00582025
0.00677831
0.00579422
0.00614618
0.00755043
0.00713853
0.0062264
0.00603648
0.00818249
0.00789562
0.00793223
0.010858
0.00912412
0.0099727
0.0097444
0.00930555
0.0112751
0.0102546
0.0137953
0.014509
0.0110685
0.0135837
0.0127937
0.0159494
0.0123702
0.018156
0.0139541
0.0188139
0.018322
0.0143293
0.013098
0.0161667
0.0134668
0.0150552
0.0127935
0.0210818
0.0171194
0.0166115
0.0163422
0.0132365
0.0132823
0.0208137
0.0165676
0.0168379
0.011053
0.0191195
0.0194744
0.0155498
0.0148234
0.0173519
0.0139986
0.00975192
0.0210826
0.0166765
0.017509
0.0140167
0.00389376
0.00373104
0.00284133
0.00457407
0.0129919
0.00279677
0.00318651
0.00313896
0.00318832
0.00313298
0.00247852
0.00247655
0.00260529
0.00252315
0.0025103
0.00240917
0.00370562
0.00410826
0.00390594
0.00245013
0.00242721
0.00218051
0.00308973
0.0034823
0.00331796
0.00333088
0.00288417
0.00301382
0.00300131
0.00306422
0.00294229
0.00291088
0.00260442
0.00252213
0.0025521
0.00293375
0.00288037
0.00259604
0.00262104
0.00317487
0.0031444
0.00251409
0.00252313
0.00263151
0.00268137
0.00259311
0.00254391
0.00245015
0.00249116
0.00261448
0.00252659
0.00208854
0.00241067
0.00234028
0.00225504
0.00150905
0.00146173
0.00120756
0.001523
0.00152073
0.000820232
0.000392768
0.000398915
0.000235408
4.78655e-05
3.29697e-06
0.000156612
0.000149195
3.23197e-05
3.93827e-07
1.36078e-05
2.07424e-05
0.000865769
0.00107682
0.0010975
0.00104688
0.00104356
0.000325423
0.000639492
0.00130966
0.00120348
0.00273119
0.00325051
0.00336097
0.00364299
0.00590272
0.00573757
0.006064
0.00869774
0.0093038
0.00551313
0.00564467
0.00534827
0.00506855
0.00567209
0.0088751
0.00812696
0.00870162
0.0121055
0.0124195
0.0125976
0.0118568
0.0117763
0.0114235
0.0101983
0.00992514
0.0116977
0.011365
0.00899835
0.00812344
0.00687815
0.00630571
0.00620915
0.00817035
0.0042203
0.0086742
0.00858703
0.00826492
0.00761991
0.0059197
0.00615664
0.00496917
0.00466023
0.00259912
0.00238637
0.00758604
0.00673296
0.0061291
0.00630622
0.00614313
0.00517556
0.00458776
0.00427326
0.00212047
0.00186587
0.00175481
0.00251326
0.00231602
0.00225833
0.00184481
0.00188676
0.00144457
0.00119667
0.00109461
0.000618779
0.000466256
0.000933419
0.000731567
0.00079853
0.000221582
0.000157146
0.000256163
0.000192393
9.40179e-07
1.97209e-06
0.000107089
0.000175473
0.000130235
1.02571e-05
2.94356e-05
0.000335138
0.000320972
0.00051282
0.000704941
0.00050601
0.000245221
0.000401135
0.000292064
0.000125592
0.000115872
0.000204128
0.000362362
0.00461139
0.00480403
0.00542313
4.69046e-10
4.59809e-10
5.48471e-10
5.47684e-10
5.98689e-10
7.5607e-10
7.54886e-10
7.66697e-10
6.19458e-10
6.41389e-10
5.43203e-11
5.46045e-11
4.16185e-10
4.54863e-11
4.76036e-11
4.67399e-11
