0.000184489
0.000187627
0.000225633
0.000239992
0.000248118
0.000272166
0.000276625
0.00030585
0.000132481
0.000165221
0.000152263
0.000178943
0.000160926
0.000192145
0.00023984
0.000274141
0.000344103
0.000441236
0.000543826
0.000663974
0.00104599
0.00158654
0.002338
0.00328529
0.00459538
0.00586941
0.00763096
0.0110749
0.0135637
0.00971173
0.00858717
0.00514084
0.00391035
0.00215004
0.00119623
0.000851313
0.000712737
0.0011613
0.000913147
0.00131834
0.00156721
0.00225459
0.00166744
0.00207426
0.00279446
0.00307045
0.00305519
0.00318338
0.00374059
0.00549812
0.00594077
0.00737941
0.00759324
0.005844
0.0070261
0.00661724
0.00808507
0.00535787
0.00713066
0.00821894
0.00632562
0.00762048
0.0090378
0.00751951
0.00504312
0.0110506
0.00804668
0.00482986
0.014552
0.0122883
0.0115474
0.00494663
0.00817571
0.00806994
0.00882827
0.0119594
0.0129699
0.0192402
0.0235126
0.0114134
0.00871324
0.0253997
0.0279992
0.000899841
0.000944319
0.00102325
0.00104148
0.00108753
0.0011605
0.00102392
0.00114158
0.00117811
0.00124311
0.00126304
0.0012508
0.00144997
0.00123951
0.0013162
0.00136943
0.000891544
0.00142944
6.8626e-05
6.9591e-05
0.000925029
2.00689e-05
0.00101121
0.000735331
0.00180664
0.00119288
0.000790871
0.0031294
0.000814046
0.00319721
0.0045326
0.00743556
0.00618287
0.00812007
0.00908082
0.0145842
0.0112185
0.0120898
0.0228037
0.0127197
0.018723
0.0143308
0.0200147
0.0215481
0.0176777
0.0232857
0.0218554
0.023614
0.0227377
0.0258855
0.0251504
0.0210535
0.0237627
0.0220993
0.0206014
0.0199934
0.0245
0.0201243
0.0183221
0.016914
0.0130574
0.00729493
0.00697308
0.00223966
0.00106264
0.00101171
0.000654109
8.86945e-06
0.000283013
9.82703e-05
0.000598051
0.000999924
0.000830943
0.00456104
0.000299867
0.00164777
8.65573e-05
0.00361589
2.68595e-09
3.14723e-09
4.36938e-09
5.08128e-09
3.84995e-08
0.000494937
0.00130818
0.00332172
0.00552229
0.00833614
0.000265825
0.00484663
0.00778695
0.00473569
0.00244631
0.00249643
0.00494754
0.00537008
0.00506311
0.00340968
0.00168767
0.00089473
7.30046e-05
0.00128298
0.00428716
0.00837819
0.0188007
0.0257527
0.0335659
0.0230547
0.0213522
0.0187363
3.01688e-06
3.11487e-06
2.45737e-06
2.15494e-06
2.03467e-06
3.08056e-06
4.95007e-06
6.9684e-06
5.85977e-06
5.05751e-06
6.07878e-06
7.67042e-06
6.93183e-06
9.53861e-06
1.02507e-05
1.10045e-05
1.30667e-05
1.13247e-05
1.24514e-05
1.32827e-05
1.32675e-05
1.29269e-05
1.39221e-05
1.39224e-05
1.28762e-05
1.41647e-05
1.24097e-05
1.2248e-05
1.42042e-05
1.58119e-05
1.39253e-05
1.66897e-05
1.8222e-05
2.22181e-05
2.67711e-05
9.02633e-05
6.84108e-05
5.54689e-05
5.06981e-05
4.39393e-05
3.92668e-05
3.51325e-05
3.37758e-05
3.09486e-05
3.20842e-05
2.95994e-05
1.05655e-05
1.09448e-05
1.20615e-05
1.27335e-05
1.3685e-05
1.40895e-05
1.81692e-05
1.95877e-05
2.50842e-05
3.56809e-05
4.93508e-05
8.01923e-05
0.000140195
0.000229617
0.000381263
0.000818327
0.000773814
1.79978e-05
0.00143766
0.00419235
0.006332
0.00625619
0.00669796
0.00586692
0.00498911
0.00411442
0.00319228
0.00276483
0.00236135
0.00165636
0.00147405
0.00136094
0.00125272
0.000989701
0.000672143
0.000312683
0.000210266
6.74513e-05
1.00091e-05
1.23496e-05
1.7063e-05
0.000114997
0.000379739
0.000808257
0.00170442
0.000987677
0.00191507
0.00232491
0.00265568
0.00379076
0.00565066
0.00555304
0.00704376
0.00678673
0.0127859
0.0123642
0.0146361
0.0125215
0.0233057
0.0197437
0.0262681
0.0318932
0.014269
0.0145401
0.0248464
0.0232234
0.0306419
0.0496318
0.0483274
0.0334372
0.0363424
0.0298049
0.0285515
0.0235056
0.00235508
0.00236359
0.021505
0.00304792
0.00222065
0.00158256
0.00162032
0.00163013
0.0018026
0.0019932
0.00312772
0.00199313
0.00294173
0.00272013
0.00148521
3.33868e-05
8.11441e-06
0.000323484
1.96263e-05
0.000921799
0.00214129
0.00260127
0.00175974
0.00278696
0.00437146
0.00423758
0.00611823
0.00756929
0.00786212
0.00750072
0.00768283
0.0067783
0.0113644
0.0114636
0.0112382
0.0128649
0.0121443
0.0123095
0.0134416
0.0131734
0.0141771
0.0106412
0.01525
0.0100846
0.0110735
0.0150974
0.0111632
0.0158807
0.0120647
0.0130035
0.00853578
0.00890586
0.00907265
0.00806875
0.00328237
0.00515963
0.00418966
0.00325106
0.00282513
0.00106924
0.000293941
0.000100274
0.000168704
0.000206862
2.45992e-05
2.11597e-05
1.77936e-06
0.00129117
0.000206856
0.000761867
0.000752345
0.00368917
1.02617e-09
1.12233e-09
1.29344e-09
1.27537e-09
1.31263e-09
2.12991e-09
6.42219e-11
1.67896e-10
4.57092e-10
2.12957e-07
3.5133e-06
2.30619e-05
6.11337e-05
4.59535e-05
6.48053e-05
6.4202e-05
0.000178839
0.000137366
7.06272e-05
4.89301e-05
3.45306e-05
2.39297e-05
2.32347e-05
1.76044e-05
1.84922e-05
1.66516e-05
1.3103e-05
1.30865e-05
1.18321e-05
1.4815e-05
1.45268e-05
1.58622e-05
1.45649e-05
1.45012e-05
1.33066e-05
1.47285e-05
1.46508e-05
1.61464e-05
1.69179e-05
1.41039e-05
1.3908e-05
1.45076e-05
1.34137e-05
1.20988e-05
1.33794e-05
4.05423e-05
3.04271e-05
4.84448e-05
3.87105e-05
3.62832e-05
3.31389e-05
2.50334e-05
3.06096e-05
3.72291e-05
4.05386e-05
3.66139e-05
3.26258e-05
3.03882e-05
2.57821e-05
3.08043e-05
2.56974e-05
2.20129e-05
2.50713e-05
2.46793e-05
2.29858e-05
2.11706e-05
2.2037e-05
2.24073e-05
2.4164e-05
2.39652e-05
2.36943e-05
2.29116e-05
2.34269e-05
2.21116e-05
2.25882e-05
2.21205e-05
2.26813e-05
2.39206e-05
0.000101201
6.39439e-05
4.6794e-05
3.90186e-05
3.25798e-05
3.09371e-05
3.32303e-05
2.84063e-05
6.15405e-06
6.67589e-06
7.76276e-06
8.9027e-06
1.0974e-05
1.47419e-05
1.81771e-05
3.84756e-05
4.61666e-05
7.06633e-05
0.000119837
0.000215763
0.000345128
0.000615759
0.00112087
3.02609e-05
0.00165857
0.00448206
0.00812897
0.00782691
0.00877438
0.00849999
0.00790211
0.00672008
0.00594919
0.00518449
0.00448149
0.0034903
0.00290561
0.00239909
0.00205522
0.00189226
0.00123307
0.00096859
0.000535389
0.000419534
0.000107201
5.76435e-05
5.07181e-05
0.000163537
0.000185182
0.000501782
0.000516694
0.00154849
0.00125538
0.00251858
0.0025453
0.0027844
0.00334056
0.00436845
0.00498686
0.00607701
0.00676487
0.00709208
0.00941583
0.0126465
0.0101731
0.0111803
0.0128755
0.0158974
0.0231883
0.032163
0.0302006
0.0216818
0.0220798
0.016697
0.0131032
0.0103152
0.0202672
0.00194157
0.00908425
0.0109228
0.00171407
0.00169906
0.00182729
0.00189374
0.00195579
0.0020265
0.00187586
0.00215297
0.0019223
0.00198134
0.00175975
0.0019805
0.00191914
0.00214433
0.00195874
0.00192061
0.00204971
0.00216231
0.0021749
0.00199975
0.00193901
0.00141715
0.00195479
0.000952163
0.000332812
0.000910396
8.66521e-05
0.000482974
0.000596451
1.35805e-06
0.000441324
0.000748079
0.000306
0.000580194
0.000892057
0.00186318
0.00411942
0.00208818
0.00235858
0.0039657
0.00529706
0.00718351
0.0105371
0.0100893
0.00350671
0.00808803
0.012704
0.0132865
0.0151945
0.0202864
0.0259868
0.018577
0.015386
0.0148823
0.0132662
0.0121925
0.0191692
0.010271
0.0145077
0.0109386
0.00853335
0.008808
0.00789
0.0061255
0.00453069
0.00511686
0.00171937
0.00194735
0.00222435
0.00127204
0.00313592
0.00257166
0.000460902
0.000224851
0.00862377
3.67477e-11
3.70759e-11
3.72544e-11
3.75071e-11
3.77399e-11
3.80479e-11
3.82472e-11
7.48574e-09
1.30718e-06
1.83833e-05
0.000222605
0.000345483
0.00028003
0.000198757
0.000181432
0.000142745
9.24103e-05
7.12184e-05
6.04135e-05
0.00010337
0.000139192
0.00010257
0.000104963
8.62643e-05
7.38956e-05
7.33894e-05
5.61618e-05
4.77655e-05
5.34686e-05
4.32483e-05
3.90763e-05
3.85964e-05
3.52759e-05
3.45465e-05
2.94727e-05
3.02832e-05
2.91421e-05
7.37589e-05
7.34282e-05
6.16342e-05
5.9436e-05
5.08809e-05
5.09482e-05
4.32722e-05
4.02098e-05
3.67881e-05
3.5758e-05
3.24404e-05
8.66692e-05
7.43823e-05
6.94238e-05
6.01256e-05
5.0767e-05
4.39298e-05
4.22846e-05
4.29992e-05
4.71933e-05
4.0343e-05
4.53598e-05
4.26867e-05
3.55295e-05
3.13076e-05
3.79521e-05
4.22736e-05
3.70563e-05
3.8897e-05
0.000140179
0.000108357
8.22422e-05
0.000110344
7.75163e-05
7.00212e-05
6.43205e-05
7.0812e-05
6.4323e-05
1.07996e-05
1.34331e-05
1.54653e-05
2.18416e-05
2.6517e-05
5.7918e-05
8.12165e-05
0.000134409
0.00104645
0.00137604
0.000426021
0.00200073
0.00487008
0.00661781
0.00686914
0.00736201
0.00682003
0.00535248
0.00414926
0.00323107
0.00280186
0.00196886
0.00161399
0.00149571
0.00096692
0.000617562
0.000453118
0.000213413
9.53241e-05
4.01392e-05
8.92945e-06
7.96025e-06
0.000149893
0.00110182
0.00124921
0.00248698
0.00286189
0.00407432
0.00421859
0.00513804
0.00685411
0.00740717
0.00915627
0.0188819
0.0376795
0.0189526
0.0095178
0.00847216
0.00659414
0.00562366
0.00476647
0.00434011
0.00474526
0.0038705
0.0037068
0.00343206
0.00350116
0.00356075
0.00354293
0.00342389
0.00316215
0.00311658
0.00327453
0.00330902
0.00320369
0.00305199
0.00300432
0.0028302
0.00290265
0.00278495
0.00290823
0.00286791
0.00281718
0.00298867
0.00225534
0.00147003
0.00213004
0.000800898
0.000408872
0.000442409
5.76182e-05
5.39291e-05
0.000239723
0.000717459
0.00220098
0.00138363
0.00284938
0.00452791
0.004781
0.00573308
0.0077056
0.00606826
0.00530316
0.00567718
0.00448088
0.00999964
0.00741546
0.00627844
0.00117809
0.00364783
0.00117079
0.00110153
0.00141417
0.00146446
0.000181221
0.000830833
2.02435e-05
0.00455527
1.39219e-05
0.000378376
0.000114627
0.00113425
0.000938976
8.45745e-06
1.72268e-05
0.000203871
0.00236895
1.17454e-05
0.0305472
0.0519521
0.0102375
0.0579291
5.18302e-11
5.26822e-11
5.25775e-11
5.19036e-11
4.74273e-11
4.73736e-11
8.64839e-10
8.58369e-10
8.57461e-08
3.03779e-05
0.000235762
0.000502556
0.00151073
0.00149933
0.00177285
0.0011654
0.000758224
0.000428183
0.000345835
0.000147161
0.000119353
0.000101734
9.53198e-05
8.73246e-05
8.25364e-05
6.63159e-05
6.65663e-05
6.46751e-05
5.20475e-05
5.44192e-05
4.56958e-05
5.19759e-05
5.25621e-05
4.61961e-05
4.75764e-05
3.8841e-05
4.84992e-05
4.82761e-05
5.91788e-05
5.6562e-05
8.80052e-05
7.66593e-05
7.9696e-05
7.1099e-05
5.70868e-05
5.20975e-05
5.61349e-05
5.06683e-05
4.72711e-05
6.23916e-05
6.76678e-05
5.5686e-05
0.000203577
0.000143947
0.000113878
9.69108e-05
9.08221e-05
7.49263e-05
6.8167e-05
7.01455e-05
6.54959e-05
6.79326e-05
7.00038e-05
6.01639e-05
6.56517e-05
6.46413e-05
6.67157e-05
6.38253e-05
6.41272e-05
6.2205e-05
6.32437e-05
6.81779e-05
6.83888e-05
6.34463e-05
6.36684e-05
7.50264e-05
1.93447e-05
2.21115e-05
2.96337e-05
3.43951e-05
4.52348e-05
6.80072e-05
9.52452e-05
0.000135154
0.00022406
0.000397218
0.000652442
0.00114557
0.00121466
1.27425e-06
0.000617811
0.00296412
0.0038516
0.00328987
0.00454655
0.00476685
0.00463526
0.00431952
0.00413391
0.00264332
0.00214144
0.00180104
0.00148065
0.00115677
0.000835567
0.000786439
0.000526702
0.00035943
0.000187654
9.28326e-05
0.000102259
6.40855e-06
3.28358e-07
7.77404e-05
0.000167541
0.000592525
0.000659057
0.00171211
0.00216749
0.00150207
0.0028015
0.00318343
0.00485589
0.00469001
0.00577978
0.0081024
0.00706827
0.0053894
0.00710579
0.00849012
0.0095853
0.0103101
0.0151664
0.00673878
0.00568176
0.00485654
0.00474847
0.00455467
0.00475395
0.00450891
0.00461915
0.00484146
0.00478932
0.00413981
0.0041685
0.00443422
0.00430138
0.00422534
0.00440575
0.00434034
0.00475781
0.00500843
0.00444828
0.00496128
0.0056795
0.005837
0.00563648
0.0055138
0.00537169
0.00482657
0.00467722
0.00536328
0.00503106
0.0024979
0.000915001
0.000526675
4.92542e-05
4.31389e-06
2.74755e-06
6.67085e-05
0.000148857
0.00105204
0.0010209
0.00131171
0.0020938
0.00169967
0.00344702
0.0034389
0.00741681
0.00694181
0.0101754
0.0102886
0.0106245
0.0188805
0.0146663
0.0160308
0.0126119
0.0204663
0.0164062
0.0158168
0.0195684
0.0199597
0.0198055
0.0205575
0.0195144
0.0206154
0.0155299
0.0206149
0.0158671
0.0153356
0.0121984
0.0140798
0.0137244
0.0101994
0.00939657
0.0287477
0.00559506
2.88392e-10
3.1038e-10
3.20892e-10
3.48573e-10
3.88931e-10
4.36123e-10
1.81469e-10
8.80314e-09
2.50026e-06
5.81928e-05
0.000187981
0.000301554
0.000301232
0.000299176
0.000301522
0.000281754
0.000173981
0.000137814
9.99665e-05
9.60181e-05
0.00292439
0.00185259
0.0015063
0.00104891
0.00070165
0.000526967
0.000361759
0.000280715
0.000229147
0.00018354
0.000138559
0.000151915
0.000115112
8.96303e-05
8.04396e-05
6.40728e-05
7.43541e-05
7.796e-05
6.52721e-05
7.20158e-05
7.68065e-05
6.45583e-05
5.671e-05
8.06011e-05
8.16425e-05
7.55722e-05
8.3783e-05
8.10589e-05
8.35371e-05
8.95817e-05
6.96196e-05
7.611e-05
7.25738e-05
4.97695e-05
3.93553e-05
4.79582e-05
4.04593e-05
4.32967e-05
4.45662e-05
4.55555e-05
4.50692e-05
4.75075e-05
4.84457e-05
4.89087e-05
4.81678e-05
5.28449e-05
5.18618e-05
5.38543e-05
5.17231e-05
5.88907e-05
5.73602e-05
5.76986e-05
5.94789e-05
5.62114e-05
6.44708e-05
6.89392e-05
6.9987e-05
7.57233e-05
7.19087e-05
7.40473e-05
7.43877e-05
8.64887e-05
7.6242e-05
8.55721e-05
9.19113e-05
0.000106417
0.000132379
0.000151306
0.000490192
0.000859464
0.00143505
0.00287473
0.00287144
0.000396363
0.000124981
0.00122584
0.000972757
0.000999705
0.000829993
0.000701517
0.000239056
0.000247019
0.000184102
5.68228e-05
1.92678e-05
2.96449e-07
5.29202e-08
4.70739e-08
4.82363e-06
5.72234e-05
1.54746e-05
9.28614e-05
0.000304828
0.000632483
0.00126438
0.00194558
0.00331444
0.00405244
0.00588812
0.00739905
0.00619401
0.0108983
0.0103521
0.013945
0.0144386
0.0160981
0.0174215
0.016262
0.0247791
0.0259623
0.029039
0.0268995
0.0354517
0.0398056
0.0270355
0.0380167
0.0430933
0.0362348
0.0540047
0.04356
0.0335025
0.0403548
0.0166566
0.00608274
0.00571344
0.00588655
0.0053115
0.00543181
0.00543889
0.00665539
0.0062702
0.00615246
0.00803417
0.00819691
0.00717022
0.00656068
0.00654466
0.00617466
0.00570915
0.00594528
0.00555977
0.00537273
0.00528286
0.00213394
0.000452996
0.000179468
0.000161691
2.83489e-05
0.000102018
0.000242116
0.00020041
7.98511e-05
8.54875e-05
0.00092975
0.000906461
0.00161679
0.000920904
0.00303282
0.00375132
0.00221501
0.00666863
0.00415605
0.00481829
0.00455508
0.00974302
0.00786832
0.0144036
0.0141896
0.0106551
0.0154612
0.0139518
0.0155808
0.0147402
0.0142037
0.0125215
0.014208
0.0129566
0.0147939
0.0142528
0.0100804
0.0124425
0.0131152
0.0124382
0.0101609
0.00961492
0.00700971
0.00639509
0.00356799
0.0051167
0.0016895
0.00251878
0.00213746
0.000137299
0.000527273
0.000424092
0.000399692
0.000260688
0.00156792
0.00357857
1.55613e-09
1.77019e-09
1.94308e-09
2.42241e-09
2.82848e-09
4.36538e-09
2.64837e-10
2.71272e-10
7.49246e-07
1.18318e-05
3.74061e-05
0.000567721
0.00050622
0.000605639
0.000513603
0.000387295
0.000193488
0.000207281
0.000113828
8.81187e-05
8.28667e-05
6.17052e-05
6.27073e-05
5.13244e-05
5.25403e-05
5.1426e-05
4.42282e-05
3.75771e-05
3.69303e-05
3.95572e-05
3.6755e-05
3.83238e-05
3.79906e-05
3.14098e-05
4.45173e-05
4.07805e-05
4.28519e-05
4.25823e-05
4.2587e-05
3.59307e-05
3.62094e-05
3.83708e-05
0.000166822
0.000119352
0.000104996
8.10384e-05
0.000153369
0.000120529
0.000226256
0.000195123
8.55435e-05
8.94638e-05
1.79077e-05
3.80874e-05
2.06369e-05
1.67133e-05
2.30557e-05
2.55844e-05
2.28218e-05
2.495e-05
3.30378e-05
3.02193e-05
3.83479e-05
3.80131e-05
6.12521e-05
6.42708e-05
6.82145e-05
7.02378e-05
5.5843e-05
6.2352e-05
6.38878e-05
5.30594e-05
5.52806e-05
8.64321e-05
0.00129326
0.000723628
0.000396475
0.000222556
0.000140792
0.000113328
8.12815e-05
7.72921e-05
7.1392e-05
1.11292e-05
1.22879e-05
1.32679e-05
1.54702e-05
1.74003e-05
2.06538e-05
2.64632e-05
3.53629e-05
5.19779e-05
7.267e-05
0.000123947
0.000217669
0.000208936
0.000355586
0.000588457
0.00107173
0.00176366
4.42604e-05
0.000750168
0.00115766
0.00287295
0.00491836
0.00533396
0.00422417
0.00347224
0.00284391
0.00202053
0.00162605
0.00146639
0.000954063
0.000984749
0.000762594
0.000652878
0.000385075
0.000318492
0.000184971
5.59442e-05
9.79754e-07
4.29312e-05
2.31378e-05
0.000218371
0.000821166
0.00157717
0.000848094
0.00173653
0.00202251
0.0020232
0.00306733
0.00423626
0.00465163
0.00458037
0.00667246
0.00629382
0.00893777
0.0118257
0.0121439
0.00988452
0.0101785
0.0114687
0.0154951
0.0170465
0.0151091
0.0255371
0.0287007
0.0178645
0.0191726
0.0201667
0.0133641
0.0145035
0.0126426
0.0163521
0.00463789
0.00431203
0.00406601
0.00377649
0.00361476
0.00389063
0.00380017
0.00328441
0.00332381
0.0032052
0.00343682
0.00287081
0.00310283
0.00266179
0.0029472
0.00269229
0.00301742
0.00267558
0.00266474
0.00263187
0.00245902
0.00269329
0.00259831
0.0026341
0.00248037
0.00254071
0.00234066
0.00237176
0.00258096
0.00232381
0.00256125
0.000934295
0.00130704
0.000705299
6.24913e-05
4.02758e-07
7.73647e-07
7.08942e-05
9.13539e-06
0.000196614
0.00071245
0.000457519
0.000634933
0.0012686
0.00130366
0.00128353
0.00493092
0.00604961
0.0058359
0.00754405
0.00699865
0.00882763
0.00949072
0.00833712
0.0111802
0.00653915
0.0150597
0.0127562
0.0124115
0.0122247
0.0109005
0.0116241
0.00839251
0.0104682
0.00834416
0.00889653
0.00556989
0.00512786
0.00520236
0.00381654
0.00521243
0.00276839
0.0036582
0.00103957
0.00223252
0.00171557
0.00183375
0.00101501
0.000831081
0.0120989
6.78247e-05
2.32493e-05
4.48103e-11
4.54364e-11
4.55763e-11
4.56783e-11
4.59663e-11
4.61388e-11
9.6219e-11
4.98344e-08
3.39485e-06
4.56391e-05
0.000131003
0.000241356
0.000408634
0.000313807
0.000199695
0.000191039
0.000141721
0.000100574
7.52843e-05
5.63784e-05
5.42079e-05
4.0992e-05
3.20771e-05
6.85995e-05
6.33611e-05
5.00442e-05
5.83769e-05
5.51698e-05
5.39822e-05
4.37242e-05
3.46217e-05
3.54681e-05
3.38999e-05
3.33109e-05
2.75125e-05
2.81778e-05
2.7742e-05
2.21117e-05
2.76682e-05
2.70795e-05
2.15459e-05
2.39323e-05
2.22699e-05
7.42086e-05
5.62403e-05
6.17694e-05
5.7364e-05
5.44945e-05
5.96e-05
4.93942e-05
4.7733e-05
4.78579e-05
4.22147e-05
9.8577e-05
7.79921e-05
6.65027e-05
6.6913e-05
5.23411e-05
4.90111e-05
4.85226e-05
4.68076e-05
4.2666e-05
4.23349e-05
4.28429e-05
4.18905e-05
3.76261e-05
4.11107e-05
4.20124e-05
4.1977e-05
3.76204e-05
3.67266e-05
4.19566e-05
4.25751e-05
3.58003e-05
4.20065e-05
4.1805e-05
4.60403e-05
4.10117e-05
0.000161724
0.000115089
8.94734e-05
8.30314e-05
9.54441e-05
8.11895e-05
7.33194e-05
6.91468e-05
6.67958e-05
7.03407e-05
1.28707e-05
1.63269e-05
1.89752e-05
2.46829e-05
3.6114e-05
5.01477e-05
7.83282e-05
0.000120642
0.000145332
0.000132439
0.000245579
0.000714881
0.000884941
0.0010935
2.73527e-05
0.00182146
0.00365858
0.00657051
0.00602105
0.00699436
0.00626659
0.00599242
0.00490928
0.00391582
0.00409739
0.00298519
0.00179285
0.00175358
0.00151331
0.00117614
0.000821336
0.00031385
0.000202331
0.000103875
3.44867e-05
4.2744e-06
3.92779e-05
0.000151874
0.000452156
0.000905873
0.00160334
0.00174128
0.00188023
0.00270586
0.0032626
0.00451629
0.00377038
0.0046287
0.00470639
0.00538454
0.00593208
0.0079844
0.00841364
0.0149859
0.014001
0.0141989
0.0140192
0.0144808
0.016155
0.0102665
0.0134561
0.0067352
0.00569868
0.00505668
0.00418027
0.00401937
0.00333627
0.00332899
0.00339061
0.00320274
0.00282312
0.00292649
0.00281222
0.00303871
0.00281877
0.00276798
0.0027485
0.00273486
0.0026476
0.00268519
0.00268564
0.00259768
0.00262331
0.00259166
0.00250204
0.00253754
0.00267653
0.00233854
0.002708
0.00263312
0.00225551
0.00123019
0.00045611
0.000289723
1.41027e-05
0.000223901
0.000265861
0.00024035
0.000322044
0.00232558
0.0018392
0.00245651
0.00335836
0.00293408
0.00350442
0.00347373
0.00494362
0.00935267
0.00489933
0.00727787
0.00388653
0.00618924
0.00462918
0.00420562
0.0032197
0.000899469
0.000903334
0.00204511
0.000567452
0.00168228
0.00216087
3.82192e-06
0.0021718
0.00141086
3.4305e-05
0.00111806
0.000285911
1.01729e-08
0.00247414
0.0016645
1.09623e-05
0.000593809
0.0138047
0.0215757
0.00960595
0.00860176
0.00680381
0.0085314
0.00669871
5.4133e-11
5.45834e-11
5.46215e-11
5.31596e-11
4.9225e-11
4.92011e-11
4.92153e-11
4.33367e-10
1.16648e-08
1.70942e-05
0.000218037
0.00122456
0.00105471
0.00135035
0.00236823
0.000954338
0.000664138
0.00036705
0.000215625
0.000157622
0.00010874
0.000100043
7.37674e-05
8.24715e-05
7.78727e-05
5.7098e-05
4.75615e-05
4.37202e-05
3.73238e-05
3.80176e-05
3.73172e-05
3.07284e-05
3.19339e-05
3.83528e-05
3.66386e-05
4.06798e-05
3.99472e-05
3.88744e-05
4.16328e-05
3.71949e-05
3.71848e-05
3.73054e-05
3.61585e-05
4.1626e-05
3.42823e-05
4.07396e-05
5.82183e-05
6.26638e-05
5.8443e-05
5.91523e-05
5.2326e-05
4.49751e-05
4.38613e-05
4.37865e-05
3.96026e-05
4.00734e-05
4.09875e-05
4.33837e-05
4.46193e-05
0.000140532
0.000105001
8.8319e-05
7.95393e-05
6.30527e-05
6.14388e-05
5.61848e-05
5.12104e-05
6.0341e-05
5.30094e-05
5.72212e-05
5.50031e-05
4.8768e-05
4.92827e-05
5.04551e-05
5.39455e-05
4.70011e-05
5.05379e-05
4.99881e-05
5.26473e-05
5.94416e-05
5.75964e-05
5.68217e-05
5.76578e-05
5.85638e-05
1.42544e-05
1.40468e-05
2.15086e-05
2.86569e-05
3.92071e-05
6.10918e-05
7.74942e-05
0.000138081
0.000217159
0.000323102
0.000553409
0.00111213
0.00127184
0.000108166
0.00188931
0.00277473
0.00451588
0.0068018
0.00639089
0.00617786
0.00578749
0.00561558
0.00473527
0.00389842
0.00369602
0.00234273
0.00222287
0.00170359
0.00137842
0.00129919
0.000794998
0.000654706
0.000391583
0.000273226
0.000147705
9.41214e-05
5.29173e-05
6.65539e-07
1.59562e-05
3.03798e-05
0.00010691
0.000413544
0.000942813
0.00131402
0.00209699
0.00254424
0.0045458
0.00633499
0.00526732
0.00546926
0.00763594
0.00811736
0.00801225
0.0104036
0.0119091
0.0126927
0.0128957
0.0171044
0.00544217
0.0049305
0.00590092
0.00486073
0.00490588
0.00452016
0.00451719
0.00516056
0.00504143
0.00461449
0.00408675
0.00415714
0.00422178
0.00436946
0.00434902
0.00438846
0.00454081
0.00421557
0.00455099
0.00438069
0.00462356
0.00414724
0.0043821
0.00428122
0.00381892
0.00422684
0.00402317
0.00418519
0.00425031
0.00184082
0.0040993
0.00165114
0.000387564
5.80907e-05
6.92642e-05
5.65708e-05
0.000271042
0.000598666
0.000783083
0.00258505
0.00273919
0.00415418
0.00263265
0.00378977
0.00772964
0.00813268
0.00911574
0.00998394
0.0143374
0.0129014
0.013576
0.0143327
0.0185388
0.0186786
0.0132164
0.0188375
0.0171258
0.0134372
0.0169537
0.0151097
0.00969884
0.0162995
0.0115814
0.0106141
0.0113538
0.0108438
0.00818663
0.00979042
0.0107305
0.00994354
0.0115004
0.00869162
0.0227238
0.0125121
0.0133239
0.0113822
3.24606e-10
3.68983e-10
3.85097e-10
3.96409e-10
4.44384e-10
4.31554e-10
1.71353e-10
4.58381e-10
4.74423e-10
5.86202e-08
4.21834e-06
4.68371e-06
0.000865851
0.0122014
0.0104546
0.0096771
0.00632034
0.00344491
0.00169309
0.00103058
0.000638537
0.000603731
0.000312016
0.000272105
0.000219451
0.000194996
0.000145389
0.000137798
0.00012664
0.000117744
0.000113349
8.00529e-05
7.10289e-05
8.457e-05
8.0932e-05
7.48471e-05
7.72987e-05
7.82809e-05
6.72533e-05
9.02892e-05
9.17151e-05
8.47241e-05
8.4423e-05
8.49218e-05
8.31169e-05
8.64804e-05
7.24222e-05
7.07809e-05
7.95396e-05
6.63146e-05
4.5686e-05
3.63556e-05
3.89384e-05
3.87939e-05
4.24812e-05
4.45409e-05
5.75994e-05
5.90865e-05
4.81215e-05
5.48403e-05
5.43995e-05
5.03626e-05
5.05417e-05
5.512e-05
5.00174e-05
5.00131e-05
5.19265e-05
4.93615e-05
5.00726e-05
5.17197e-05
5.56047e-05
4.86222e-05
5.71134e-05
6.06496e-05
6.12375e-05
6.4246e-05
5.82803e-05
6.62085e-05
6.65309e-05
6.72546e-05
6.54339e-05
7.00505e-05
7.16446e-05
7.07779e-05
8.03549e-05
8.35544e-05
8.84639e-05
0.000112085
0.00014835
0.000212962
0.000306997
0.00033764
0.0005507
0.000951473
0.00281597
0.00119714
1.16004e-06
0.000563159
0.000840993
0.00125159
0.00133319
0.00112545
0.000593755
0.000484785
0.000147338
9.53274e-05
5.59488e-05
3.12626e-05
1.55056e-05
3.06707e-06
1.19052e-07
4.65274e-05
0.000134711
0.000269895
0.000882017
0.00115672
0.00165139
0.00290582
0.00394255
0.0043271
0.00362154
0.00289862
0.00482733
0.00810476
0.0114832
0.0100426
0.0141601
0.0157759
0.0162737
0.0129628
0.0161524
0.0193401
0.0262168
0.0223985
0.0350063
0.0347386
0.0238144
0.0336635
0.0346227
0.037567
0.0351188
0.052747
0.0535382
0.0242214
0.0234811
0.0100784
0.00944057
0.0125007
0.0120304
0.0102654
0.00814992
0.0074746
0.00804687
0.0066401
0.00627547
0.00620545
0.00580207
0.00505643
0.00528365
0.00498145
0.00524576
0.00493111
0.00456999
0.00470353
0.00442251
0.00377349
0.00385831
0.00212835
0.00364022
0.00127947
0.000890027
0.000234941
0.000207594
0.000194166
0.000572621
3.6826e-06
0.00100976
0.000135936
0.00148072
0.00233228
0.00121622
0.0012433
0.00188332
0.00346375
0.00492718
0.00556515
0.00548481
0.00522996
0.00707977
0.00721208
0.0107447
0.00944435
0.0126389
0.00990521
0.00926432
0.010452
0.0104424
0.0163732
0.0102539
0.0182358
0.0183695
0.0121996
0.0128122
0.0114927
0.0108945
0.0102107
0.00861344
0.00824791
0.00425512
0.010167
0.00357126
0.00688757
0.0031232
0.00407663
0.00672315
0.00704798
0.00177689
0.00185698
0.00621773
0.00153312
0.00147162
0.00817557
0.00366135
4.9711e-05
8.88295e-11
1.44834e-10
1.52445e-10
7.66247e-11
1.55917e-10
8.70635e-11
1.94097e-10
2.18498e-10
1.26176e-10
4.07333e-08
4.39139e-08
3.43812e-06
3.01389e-05
0.000443051
0.00102631
0.00146807
0.00147984
0.000905313
0.000663642
0.00040478
0.00036114
0.000196917
0.000169326
0.000109002
0.000116492
7.84791e-05
6.67937e-05
6.43777e-05
7.19486e-05
6.28306e-05
6.08664e-05
5.00585e-05
4.75368e-05
3.87225e-05
3.5429e-05
4.36021e-05
3.66789e-05
2.93959e-05
3.33753e-05
3.19002e-05
3.95354e-05
2.93624e-05
2.90188e-05
2.67059e-05
2.55248e-05
8.62096e-05
9.65766e-05
7.42216e-05
6.09325e-05
9.10026e-05
9.86781e-05
6.43973e-05
5.86815e-05
5.17447e-05
7.3271e-05
5.95347e-05
5.68987e-05
6.01017e-05
5.25914e-05
5.13785e-05
4.95081e-05
4.86829e-05
4.42346e-05
4.16872e-05
4.80991e-05
4.84136e-05
3.93684e-05
4.19317e-05
3.82692e-05
4.20604e-05
0.000612197
0.000365191
2.31282e-05
0.000277148
0.000176601
0.000127309
9.40502e-05
7.69213e-05
6.30387e-05
6.06149e-05
6.77571e-05
6.20588e-05
6.17707e-05
6.94591e-05
6.57778e-05
1.08529e-05
1.33986e-05
1.28712e-05
1.56288e-05
2.01906e-05
2.57287e-05
2.71486e-05
3.68181e-05
6.40879e-05
8.43121e-05
0.000123139
0.000124834
0.000189737
0.000369096
0.000671051
0.0011784
0.00141167
0.000189729
0.00164481
0.00276316
0.00418425
0.00558246
0.00620256
0.00551242
0.00444643
0.00378489
0.00313892
0.00225201
0.00206571
0.00163655
0.00129298
0.000976935
0.000787258
0.000332881
0.000136287
5.71004e-05
4.4885e-05
0.000204317
0.000310217
0.000383882
0.000432511
0.000815143
0.00116988
0.00209936
0.00324944
0.00492296
0.00505637
0.0046351
0.00632761
0.00594741
0.0056934
0.00857434
0.00907926
0.011696
0.0159729
0.0157374
0.017798
0.024574
0.0167334
0.0229263
0.0148869
0.0149169
0.0102006
0.0095879
0.0193641
0.019489
0.0131789
0.0104074
0.0206726
0.0182376
0.00413048
0.00386821
0.00386066
0.00361387
0.00367094
0.00354522
0.00336884
0.00336904
0.00315571
0.00299713
0.00307998
0.00308671
0.00282552
0.00326679
0.00276095
0.00271912
0.00273291
0.0025576
0.00266197
0.002436
0.00255194
0.00290291
0.00248125
0.00237023
0.00234742
0.00256493
0.00249567
0.00260073
0.00225094
0.00242862
0.00206572
0.000754469
0.000445829
0.000836959
0.00041167
0.000576619
0.00010726
1.40076e-05
0.000896354
0.000444966
0.000916563
0.003164
0.000811451
0.00281789
0.0041066
0.00448188
0.00348331
0.00392309
0.00401797
0.00636284
0.00782748
0.00444812
0.0105722
0.00910565
0.0118686
0.0117595
0.0108656
0.0114265
0.0102175
0.00855284
0.00929864
0.0147368
0.0116927
0.00938361
0.00808173
0.00741735
0.00693329
0.0116347
0.00566987
0.00482131
0.0046663
0.00280125
0.00241436
0.00211611
0.00193996
0.00288241
0.00186971
0.00130278
0.00142546
0.000946483
0.000852205
0.013269
5.40418e-11
5.27502e-11
5.28841e-11
5.4735e-11
5.34607e-11
5.37071e-11
5.06922e-11
7.50117e-11
2.6242e-08
2.51299e-06
1.36255e-05
6.56089e-05
0.000161293
0.000271498
0.000253695
0.00013354
0.000126327
9.85396e-05
7.54112e-05
5.19156e-05
4.96919e-05
3.98242e-05
3.57663e-05
8.74879e-05
6.45277e-05
5.09612e-05
5.3814e-05
4.99971e-05
4.78794e-05
4.45023e-05
3.82126e-05
3.38224e-05
3.36273e-05
3.20216e-05
2.70155e-05
3.49197e-05
3.16116e-05
3.44225e-05
4.29836e-05
3.99459e-05
3.44251e-05
2.66183e-05
3.31571e-05
9.94743e-05
7.32274e-05
6.48992e-05
6.88167e-05
6.43055e-05
6.0271e-05
4.51464e-05
5.07803e-05
3.11431e-05
3.55841e-05
3.07967e-05
2.8496e-05
2.98819e-05
2.99723e-05
3.0933e-05
2.20188e-05
2.90978e-05
2.5561e-05
3.17751e-05
2.59969e-05
2.868e-05
2.48575e-05
2.52352e-05
2.83182e-05
2.48156e-05
2.83691e-05
2.72427e-05
2.77646e-05
2.84536e-05
3.05922e-05
3.1059e-05
3.09516e-05
2.72298e-05
2.90226e-05
2.88559e-05
3.22555e-05
2.6583e-05
2.83504e-05
2.84973e-05
3.84125e-05
4.13747e-05
3.79579e-05
0.00142104
2.68599e-05
2.9974e-05
3.18295e-05
3.9064e-05
5.54643e-05
6.95771e-05
7.03182e-05
8.11793e-05
0.000161784
0.000180652
0.000322098
0.00056288
0.00102359
0.00176473
9.98729e-06
0.00125451
0.00345267
0.00388185
0.00645954
0.00624242
0.00655432
0.00593097
0.00470424
0.00397738
0.00291735
0.00263147
0.00213223
0.00185462
0.0011021
0.000827609
0.000827239
0.00043438
0.000223805
9.8566e-05
4.52447e-05
2.19652e-05
0.000212493
0.0004081
0.00044001
0.000992981
0.00175045
0.00142201
0.00258645
0.00230167
0.00272544
0.00297401
0.00402003
0.00470237
0.00585078
0.00780014
0.00689623
0.00931817
0.0100121
0.0144503
0.0153747
0.0237224
0.0208971
0.081026
0.0110944
0.00869741
0.0108366
0.0265251
0.0159723
0.0148665
0.00806433
0.00699629
0.00593805
0.00530851
0.00449661
0.00443069
0.00435557
0.00386601
0.00344999
0.00325744
0.00348464
0.00326106
0.00299699
0.00285958
0.00258981
0.00292195
0.00318484
0.00254967
0.00246513
0.00266959
0.00260328
0.00246395
0.0021378
0.00251911
0.0024923
0.00239759
0.00148811
0.0010593
3.10688e-05
0.000301131
5.03065e-07
0.000734205
9.96713e-05
2.71178e-05
0.00102837
0.00214396
0.00126088
0.00465868
0.0041921
0.00343408
0.00763487
0.00640641
0.00697892
0.0043925
0.00433047
0.00785144
0.0047836
0.00392238
0.0036452
0.00320819
0.00251538
0.000389274
0.00388185
0.00107586
0.000657197
0.00415977
1.43719e-05
0.00197635
0.00117792
5.41355e-05
2.60786e-06
0.00212704
3.79817e-08
0.000933752
0.0104919
0.015343
0.0110291
0.0116479
0.00767955
0.00698239
0.00777612
0.00508465
0.0123629
4.82474e-11
4.86663e-11
4.88969e-11
4.8804e-11
4.77857e-11
4.49383e-11
4.49009e-11
4.19501e-10
1.09506e-08
6.67107e-06
0.000141379
0.000103202
0.000194427
0.000809638
0.00071406
0.000727931
0.000312947
0.000231873
0.000159176
0.000112655
0.000101923
6.78165e-05
5.24363e-05
5.33454e-05
4.85279e-05
4.55524e-05
3.9424e-05
3.61027e-05
2.59247e-05
2.49933e-05
2.98421e-05
3.25557e-05
2.59126e-05
2.8986e-05
2.81031e-05
2.82422e-05
2.49272e-05
2.00663e-05
2.77709e-05
1.97584e-05
2.60703e-05
2.62583e-05
3.01814e-05
2.40705e-05
4.48767e-05
4.44019e-05
4.44477e-05
3.82451e-05
3.83762e-05
3.21424e-05
3.66784e-05
2.67573e-05
2.70338e-05
3.07181e-05
2.85872e-05
6.86605e-05
5.53379e-05
5.00493e-05
4.87731e-05
4.14234e-05
3.98997e-05
3.95673e-05
3.74758e-05
3.30021e-05
3.59916e-05
3.59087e-05
3.25338e-05
3.71751e-05
3.59582e-05
3.56399e-05
3.63781e-05
3.59292e-05
3.71841e-05
3.29037e-05
3.90138e-05
3.63991e-05
3.69866e-05
3.77154e-05
3.91161e-05
3.69161e-05
1.31049e-05
1.42864e-05
1.51904e-05
2.19159e-05
3.02465e-05
3.71898e-05
5.99658e-05
9.14359e-05
0.000123705
0.000237293
0.000447279
0.000669779
0.00120998
0.00109469
0.000136754
0.00208828
0.00513847
0.00867767
0.00982733
0.00865851
0.00757334
0.00720485
0.00555506
0.00463101
0.00385015
0.0033566
0.00295716
0.00259956
0.00241988
0.00195592
0.00165843
0.00118899
0.000979191
0.000393077
0.000234269
0.000139055
7.61972e-06
1.48315e-06
2.99854e-05
0.000183721
0.00125817
0.00195279
0.00163081
0.00223966
0.0032757
0.0049939
0.00544373
0.00527405
0.0083314
0.00970401
0.0137033
0.0149964
0.0180369
0.0163702
0.0208317
0.00738447
0.0176061
0.00684584
0.00601769
0.00592029
0.00554324
0.00535207
0.00521998
0.00459814
0.0048191
0.00529799
0.00472168
0.00506522
0.00516164
0.00463101
0.00449062
0.0041047
0.004406
0.00373868
0.00413181
0.00408704
0.00421846
0.00405193
0.00392454
0.00396488
0.00369007
0.0038474
0.00393514
0.00365124
0.00394332
0.00168568
0.000866649
2.00626e-05
0.00010068
0.000100479
0.000491152
0.000878767
0.000183861
0.000204576
0.00322773
0.00201338
0.00418748
0.00263454
0.00509843
0.00890946
0.00627011
0.0181853
0.0113158
0.0140087
0.0140616
0.0104484
0.0165911
0.0171225
0.014057
0.0191203
0.0197162
0.0128747
0.0238889
0.0182914
0.0192915
0.0199575
0.0149801
0.0189685
0.0126108
0.00993418
0.00914239
0.00818578
0.00587545
0.00523586
0.0111424
0.00730806
0.00740748
0.00477879
0.00444653
0.00299205
0.00136598
1.23487e-10
1.25123e-10
1.28182e-10
1.29765e-10
1.33567e-10
1.40214e-10
1.39323e-10
1.34995e-10
1.24304e-08
2.46129e-06
5.35571e-05
0.0100703
0.0197243
0.014951
0.0139561
0.00805154
0.00394026
0.00256817
0.0015787
0.000755811
0.000608988
0.000353319
0.000287365
0.000181563
0.000154872
0.000104307
9.14293e-05
7.59232e-05
7.19079e-05
7.80322e-05
6.35121e-05
6.41206e-05
5.01699e-05
5.33356e-05
4.48441e-05
4.52129e-05
4.08453e-05
4.15125e-05
4.18892e-05
4.64549e-05
4.79815e-05
4.08391e-05
4.52128e-05
4.89622e-05
4.46212e-05
4.27389e-05
4.3395e-05
4.2577e-05
4.02938e-05
3.97501e-05
5.02495e-05
3.98351e-05
3.96954e-05
4.72891e-05
4.76227e-05
2.47106e-05
2.58772e-05
2.7773e-05
2.63415e-05
2.58108e-05
2.69459e-05
2.60111e-05
2.76941e-05
2.72397e-05
2.74864e-05
2.90996e-05
2.92563e-05
3.06648e-05
3.02527e-05
3.43304e-05
3.29088e-05
3.02054e-05
3.27559e-05
3.44627e-05
3.52577e-05
3.63965e-05
3.96006e-05
3.76332e-05
3.79179e-05
4.30567e-05
4.49367e-05
5.19153e-05
5.91101e-05
6.08636e-05
0.000100711
0.000118627
0.00029228
0.000497043
0.000869046
0.00144499
0.00152738
0.000895019
0.000773422
0.000779428
0.00305461
0.00414411
0.00374671
0.00332928
0.00259865
0.0023235
0.00160818
0.00140566
0.00109068
0.000855202
0.000613983
0.000249682
8.1299e-05
3.21876e-05
0.000125255
0.000649938
0.000510824
0.000492878
0.000785009
0.00138254
0.00249604
0.0020345
0.00417102
0.0067427
0.00732881
0.00763691
0.00894376
0.0109172
0.0142897
0.0156423
0.0202896
0.0200727
0.0257439
0.0213134
0.0278682
0.0248713
0.0344693
0.046882
0.0334202
0.0309148
0.0303878
0.027298
0.0211287
0.00312897
0.00326593
0.00336513
0.00366864
0.00332783
0.00368794
0.00339074
0.00348638
0.0037337
0.00364951
0.00385383
0.00426095
0.00395663
0.00405063
0.00410804
0.00423145
0.00426566
0.00419684
0.00498876
0.0043151
0.00493894
0.00455318
0.00456592
0.00452568
0.00380841
0.00386386
0.000614813
0.00222313
0.00200786
0.000654629
0.000671067
0.00121766
0.000806291
1.73873e-05
0.000174821
0.000143306
5.30192e-05
0.00203999
0.00302871
0.000896117
0.00233538
0.00197708
0.0032634
0.00185622
0.00242417
0.00934954
0.00758975
0.00767831
0.0109422
0.0175846
0.0103428
0.0129089
0.0121555
0.00836908
0.0118927
0.00939321
0.0102135
0.01009
0.00923857
0.00892321
0.00647745
0.00449439
0.00379255
0.00282143
0.00144115
0.000210558
3.8406e-05
0.000586282
0.000904193
0.00342446
0.00626928
0.0126984
0.0156979
0.022658
0.0167984
0.0127999
0.0117622
0.0103633
0.0137172
0.012295
0.0135836
0.00670419
0.0107281
0.0147213
0.00424255
0.00414663
0.00445602
0.00469007
0.00576731
4.68097e-09
7.23492e-09
9.9533e-09
1.30151e-08
2.13769e-08
2.14362e-07
1.14509e-05
0.000132206
0.00016427
0.000174734
0.000149786
8.73896e-05
6.33646e-05
4.64529e-05
2.829e-05
2.37978e-05
2.3245e-05
2.01075e-05
1.62835e-05
1.67267e-05
1.57129e-05
1.6619e-05
1.36345e-05
1.30336e-05
1.21961e-05
1.02276e-05
8.24045e-06
1.05976e-05
8.79762e-06
8.37814e-06
8.73189e-06
8.72112e-06
9.04238e-06
7.04151e-06
8.11108e-06
7.39386e-06
2.49204e-05
1.79777e-05
1.85421e-05
2.25357e-05
1.63581e-05
1.47708e-05
1.73205e-05
1.38879e-05
1.61033e-05
1.41852e-05
1.32129e-05
1.30355e-05
1.2021e-05
1.22738e-05
1.17526e-05
1.29332e-05
1.24496e-05
1.16462e-05
1.18744e-05
1.12124e-05
1.10695e-05
1.0788e-05
8.96575e-06
1.04362e-05
1.04979e-05
1.11107e-05
1.17517e-05
9.65948e-06
9.95402e-06
1.0968e-05
1.09835e-05
1.09976e-05
0.000110938
7.01162e-05
5.14205e-05
3.18316e-05
2.1637e-05
1.8863e-05
1.70554e-05
1.63264e-05
1.57154e-05
1.59459e-05
1.59696e-05
3.52008e-06
3.44e-06
3.88995e-06
4.669e-06
5.76364e-06
7.2246e-06
9.38039e-06
1.36368e-05
1.91784e-05
5.06993e-05
7.70972e-05
0.000282713
0.000313563
0.000623237
6.81288e-05
0.00237138
0.00662108
0.00980233
0.0112924
0.0148253
0.0161415
0.0156851
0.013687
0.0126424
0.0120102
0.00983965
0.00861665
0.0078294
0.00606921
0.00570804
0.00451371
0.00394794
0.00353179
0.00238341
0.00225032
0.00210622
0.00114187
0.00101864
0.000502092
0.00018641
1.56234e-07
8.43337e-05
0.000640043
0.000238839
0.000853002
0.00386925
0.00298069
0.00616732
0.00841755
0.0111425
0.0146399
0.0150744
0.00654132
0.00670274
0.00554849
0.00908945
0.0109219
0.0146426
0.0161517
0.0208904
0.0113905
0.00778881
0.00289377
0.00265801
0.00285264
0.00275352
0.00280215
0.00281248
0.00246534
0.00276944
0.00239446
0.00263515
0.00251524
0.00232613
0.00242564
0.00242344
0.0024243
0.00232625
0.00234614
0.00235992
0.00244415
0.00213023
0.00240214
0.00223455
0.0025221
0.00216689
0.00216309
0.00216365
0.00214385
0.00108371
0.00173159
0.000142128
0.00120417
1.00811e-07
1.72123e-05
0.000292856
0.0012816
0.00101879
0.00600249
0.00671921
0.00634082
0.00998321
0.00834682
0.0114862
0.0125716
0.0200172
0.019088
0.0128348
0.0191147
0.0183962
0.015074
0.0221886
0.0203873
0.0116609
0.00992503
0.015511
0.0130874
0.010535
0.0102043
0.0069704
0.00681414
0.00379472
0.00471942
0.0046589
0.00378028
0.00168142
0.00188996
0.00248553
0.00105263
0.00144077
0.00160092
0.00145638
0.00240427
0.00385412
4.93989e-11
5.06312e-11
4.97595e-11
5.10476e-11
5.09702e-11
5.01347e-11
4.73576e-11
3.08843e-09
1.38273e-05
1.2745e-05
0.000118796
0.000203091
0.000479693
0.000338092
0.000142466
0.00010615
6.55091e-05
6.04783e-05
9.64255e-05
9.07378e-05
5.71403e-05
5.2883e-05
5.81894e-05
4.65734e-05
5.07134e-05
4.74474e-05
4.07063e-05
3.33157e-05
3.79378e-05
3.45343e-05
3.02025e-05
2.64888e-05
2.7466e-05
2.53498e-05
2.67357e-05
6.09333e-05
4.77911e-05
4.54079e-05
4.46392e-05
4.71679e-05
3.14169e-05
3.05397e-05
3.09305e-05
2.97962e-05
2.79501e-05
2.77731e-05
2.47865e-05
2.81511e-05
2.4501e-05
2.32696e-05
2.09657e-05
2.1378e-05
2.5667e-05
2.1635e-05
2.15829e-05
2.03951e-05
2.14969e-05
2.05093e-05
2.31254e-05
2.14271e-05
2.20178e-05
2.19049e-05
2.22199e-05
2.5152e-05
2.38826e-05
2.19999e-05
2.73394e-05
2.99275e-05
2.34285e-05
2.42934e-05
2.55818e-05
3.29143e-05
3.42472e-05
4.18054e-05
5.57418e-05
8.15495e-05
0.000112591
0.000174467
0.000327348
0.00054038
0.00096543
4.64033e-05
0.00180601
0.00507052
0.00741028
0.00784221
0.00766825
0.00703788
0.00654329
0.00584389
0.00512794
0.00401807
0.0036668
0.0028806
0.00240761
0.00226949
0.00186442
0.00175074
0.00114026
0.000673489
0.000374151
0.000275178
0.000110341
6.39929e-05
0.000818057
0.00125663
0.000938537
0.00206717
0.00294307
0.00478961
0.00681278
0.00640039
0.00712854
0.00793448
0.00864136
0.0127193
0.0178083
0.0219104
0.0238247
0.112238
0.0338602
0.0162296
0.0109813
0.00865174
0.00683405
0.00590959
0.00514669
0.00449575
0.00420675
0.0036764
0.00336267
0.00310443
0.00281534
0.00279543
0.0026187
0.0026855
0.00276437
0.00248815
0.00293948
0.0023945
0.00240528
0.00254083
0.00253883
0.0022106
0.00225833
0.00238049
0.00231826
0.00190758
0.00201954
0.00147054
0.000374149
5.02443e-05
5.13473e-05
0.000149127
0.000506632
0.000674091
0.000475113
0.00434401
0.00737621
0.0067563
0.00686771
0.00521852
0.00487107
0.0117452
0.00476152
0.00666945
0.00670759
0.00598051
0.00666585
0.0058633
0.00222058
0.00399066
0.00120884
0.00130263
0.00356833
0.000175418
0.00256442
0.00150998
0.000664061
6.43373e-05
0.00177759
2.96845e-05
0.000970156
3.03995e-06
0.00233564
0.000574391
0.00282583
2.0571e-06
0.021478
0.015319
0.0110916
0.0290298
0.0162635
0.0138749
0.0168732
5.82195e-11
5.91033e-11
5.91188e-11
5.91545e-11
5.89889e-11
5.41844e-11
2.90341e-09
2.19464e-05
0.000248323
0.000574717
0.000969096
0.000841552
0.00105117
0.000443255
0.000290152
0.000184153
0.000147915
0.000115376
8.52769e-05
6.00099e-05
4.64635e-05
5.79744e-05
5.65665e-05
4.97422e-05
3.61504e-05
3.25574e-05
3.28694e-05
3.25749e-05
3.11417e-05
3.32456e-05
4.03554e-05
3.50647e-05
3.86378e-05
3.28723e-05
3.09574e-05
3.18337e-05
3.65894e-05
3.39659e-05
2.77304e-05
6.11248e-05
5.71791e-05
4.5429e-05
4.30469e-05
3.92063e-05
3.50009e-05
3.97822e-05
3.4757e-05
3.03868e-05
8.87444e-05
7.39271e-05
6.89789e-05
5.48121e-05
5.20994e-05
5.15961e-05
4.47196e-05
4.76308e-05
4.62735e-05
4.44951e-05
4.20072e-05
4.62623e-05
4.13152e-05
4.32571e-05
4.31404e-05
4.24999e-05
4.68709e-05
4.76421e-05
4.50395e-05
4.55083e-05
4.23789e-05
4.277e-05
1.52979e-05
1.63923e-05
1.8296e-05
2.34875e-05
2.78834e-05
3.70238e-05
5.40135e-05
7.78635e-05
0.000110443
0.000177544
0.000346374
0.000516061
0.000584105
0.000552936
9.14135e-05
0.000520059
0.00279487
0.00811585
0.00776763
0.00701296
0.00584404
0.00473572
0.00416193
0.00378707
0.00302371
0.00246538
0.0022005
0.00188579
0.00157434
0.00132465
0.000940957
0.000840895
0.00073927
0.000554844
0.000600298
0.000351599
0.000144948
8.67741e-06
2.18592e-07
0.000198606
0.000418517
0.000881238
0.00146518
0.00184328
0.0025384
0.00443813
0.00474648
0.00548937
0.00792687
0.00844675
0.0103394
0.0117286
0.0119021
0.013357
0.0144018
0.0169546
0.0209137
0.0201544
0.0126618
0.00789184
0.00732088
0.0065929
0.00702073
0.00594635
0.0060231
0.00580943
0.00624142
0.00483119
0.00541861
0.00500937
0.00506978
0.00481184
0.00467551
0.00427747
0.00447573
0.00443817
0.00425985
0.00404836
0.00434356
0.0041868
0.00404225
0.00396773
0.00427959
0.0042476
0.00393691
0.00358598
0.00387158
0.00357861
0.00346378
0.00358623
0.00155086
0.00130099
1.20439e-05
0.000494373
0.000607169
6.94306e-05
2.49415e-05
0.000337812
8.94154e-05
0.00228103
0.000742651
0.00176152
0.00521957
0.00592855
0.0077527
0.00721416
0.0103427
0.0125444
0.0121554
0.0119543
0.0115659
0.0130241
0.018319
0.0156954
0.0178274
0.0200594
0.0176584
0.0155776
0.0154308
0.0240146
0.0191918
0.0150077
0.0114702
0.0157978
0.0136065
0.0129107
0.0133034
0.0198082
0.00587949
0.00901987
0.00491568
5.45305e-05
1.01583e-10
1.03651e-10
1.07897e-10
1.03612e-10
1.06906e-10
1.12149e-10
2.11616e-08
2.11479e-06
4.59173e-05
0.00393962
0.0125824
0.0141341
0.00809268
0.00357613
0.00300735
0.00125694
0.00100542
0.00059842
0.000293695
0.000239752
0.000134566
0.000108723
6.84798e-05
7.09557e-05
5.60798e-05
5.39838e-05
4.81584e-05
5.05629e-05
4.06655e-05
4.35304e-05
4.04893e-05
3.99454e-05
2.98544e-05
3.09798e-05
3.33102e-05
2.84924e-05
2.96841e-05
3.29273e-05
3.02315e-05
2.6547e-05
2.89439e-05
2.75685e-05
2.83487e-05
2.65714e-05
2.73613e-05
2.86092e-05
2.75128e-05
2.84948e-05
2.9098e-05
3.18875e-05
3.26571e-05
3.23171e-05
3.09627e-05
3.76881e-05
2.59875e-05
2.55786e-05
2.72699e-05
2.88062e-05
3.07283e-05
3.82863e-05
3.44098e-05
2.72484e-05
2.84716e-05
2.86022e-05
2.66886e-05
6.86274e-05
5.98564e-05
5.74492e-05
5.69748e-05
5.18488e-05
5.17663e-05
4.63893e-05
7.12195e-05
7.63242e-05
6.82991e-05
6.57627e-05
6.21325e-05
5.62543e-05
5.50842e-05
5.46107e-05
5.40642e-05
2.18666e-05
2.48277e-05
2.77267e-05
3.54027e-05
6.35918e-05
9.91608e-05
0.000157291
0.00016223
0.000519085
0.000924457
0.00150273
0.00168705
1.91709e-06
0.00137993
0.00332146
0.00550468
0.00496614
0.00491355
0.00366093
0.00335424
0.00265167
0.0019761
0.00169039
0.00136697
0.00100834
0.000856371
0.000522324
0.000492552
0.0003546
0.000164424
2.13279e-05
1.26191e-07
6.68187e-06
4.36179e-05
8.13126e-05
0.00038041
0.000617046
0.00165459
0.00149271
0.00234297
0.00238295
0.00591168
0.00883362
0.00824018
0.00956435
0.00824937
0.0154497
0.0133129
0.0150402
0.0244325
0.0287917
0.027823
0.0213564
0.0189597
0.0296435
0.0337128
0.0539266
0.0351124
0.00294597
0.00315499
0.00315356
0.00322767
0.0033448
0.00335668
0.00332103
0.00372026
0.00345272
0.00369834
0.00384145
0.00351219
0.00353394
0.00355807
0.00342237
0.0036518
0.00381624
0.00373219
0.00280668
0.000953503
0.00203208
3.67872e-05
0.000875514
1.6213e-05
2.15425e-05
0.000133616
0.000275617
0.000899081
0.000686907
0.000755695
0.00559397
0.00428488
0.00518583
0.00326919
0.00694451
0.00649663
0.00724418
0.00715002
0.0152925
0.00778284
0.0189376
0.0106153
0.0124609
0.0123843
0.0163998
0.0141689
0.0149019
0.0129912
0.0124362
0.0128958
0.0101807
0.0113492
0.0117892
0.00948457
0.00867683
0.012923
0.00796909
0.00734464
0.0110958
0.00622459
0.00558396
0.00644552
0.0036761
0.00208862
0.00219604
0.00149967
0.0016132
0.000594493
0.000259096
7.67559e-05
3.10986e-05
0.000194304
0.000584601
0.00100289
0.0036406
0.00919576
3.58188e-09
4.21356e-09
5.41603e-09
6.79884e-09
8.98581e-09
1.23081e-08
1.70179e-08
2.10711e-08
2.57464e-07
5.98049e-06
4.16211e-05
0.000159657
0.00115698
0.00142938
0.00129433
0.00046976
0.000434331
0.000338521
0.000121424
7.80694e-05
5.72517e-05
4.77077e-05
4.54321e-05
3.93335e-05
4.20474e-05
3.70715e-05
3.62591e-05
3.21535e-05
3.13296e-05
2.87301e-05
2.88722e-05
2.65773e-05
2.71589e-05
2.18741e-05
2.05186e-05
2.61344e-05
2.24049e-05
2.37986e-05
2.44057e-05
3.14829e-05
3.00369e-05
2.59132e-05
7.90035e-05
8.67093e-05
7.57421e-05
5.8896e-05
8.38738e-05
7.3445e-05
6.23923e-05
5.85617e-05
4.72034e-05
3.83001e-05
3.82326e-05
3.62403e-05
3.29641e-05
3.19666e-05
3.27165e-05
3.64333e-05
3.85618e-05
3.7567e-05
3.39031e-05
4.04528e-05
3.73276e-05
4.24635e-05
4.23747e-05
3.40803e-05
3.43259e-05
3.51477e-05
3.84926e-05
3.73401e-05
3.34962e-05
4.1106e-05
0.000474435
0.000267935
0.000171394
0.000131338
8.98529e-05
7.38419e-05
6.37827e-05
5.87808e-05
6.00148e-05
5.95483e-05
6.12074e-05
5.47334e-05
1.06597e-05
1.16553e-05
1.28583e-05
1.46794e-05
1.86282e-05
2.22091e-05
2.9576e-05
4.23212e-05
8.08211e-05
0.000112823
0.000218981
0.000277701
0.00109874
0.00153695
0.000912197
0.00278933
0.00523054
0.00567702
0.00610697
0.00516408
0.0047985
0.0032395
0.00262572
0.00186674
0.00161201
0.00134551
0.000942357
0.000679903
0.000395566
0.000260139
0.000102888
0.000130763
2.34795e-05
3.06531e-06
2.33581e-05
0.000331722
0.000292925
0.000766759
0.00160439
0.00261675
0.00297073
0.0023899
0.0046521
0.00409225
0.00645384
0.00790577
0.005116
0.00381364
0.0040385
0.002958
0.00429682
0.00419125
0.00374753
0.00319106
0.00272137
0.00273339
0.00264446
0.00219529
0.00322412
0.00309937
0.00185974
0.00218049
0.00230562
0.00152708
0.00192422
0.00142525
0.00184577
0.00189783
0.00239784
0.00173146
0.00147176
0.00159302
0.0013284
0.00124549
0.00149953
0.000991985
0.00110101
0.00122714
0.00143662
0.00070354
0.000951454
0.00100133
0.00118998
0.000577883
0.000900453
0.0013549
0.00101044
0.000222164
0.000397798
0.000681332
0.000249193
0.000566703
0.000402973
0.000357728
0.000565384
0.000221975
0.000731771
0.000462537
0.000210706
0.000714166
0.000226116
0.000165343
0.000321851
0.00026539
0.000510731
0.000156529
0.000276717
0.000332674
0.000277371
0.000458283
0.000570584
0.00027214
9.49092e-05
5.71315e-05
0.000205286
0.000202892
0.000198524
0.000196844
0.000196604
0.000195732
0.00021639
0.0002123
0.000212273
0.000205611
0.000202488
0.000190127
0.000281071
0.000243499
0.000236379
0.00026183
0.00025559
0.000277023
0.000257979
0.000245389
0.000254616
0.000234531
0.000229016
0.000238847
0.000233895
0.000235045
0.000203274
0.000199581
0.000201704
0.000224412
0.000199481
0.000198014
0.000209108
0.000210746
0.00020799
0.000122804
0.000127971
0.000131334
0.000162575
0.000167178
0.000173058
0.000151124
0.000169699
0.000184102
0.000230066
0.000279761
0.000298259
0.000303659
0.000327133
0.000383422
0.000425272
0.000449866
0.000456948
0.000558834
0.000600688
0.000703882
0.000804664
0.00120202
0.00132295
0.0013301
0.00148013
0.00174747
0.00194951
0.00207539
0.00236966
0.00329373
0.00449782
0.0051537
0.00589547
0.00703337
0.00770749
0.00880288
0.012276
0.0140545
0.0125782
0.0133137
0.00966028
0.00456781
0.00302223
0.00423446
0.00269879
0.00151425
0.00509852
0.00670149
0.00470561
0.00245986
0.00447064
0.00465266
0.0011914
0.000567171
0.00180273
0.00337434
0.00186308
0.00168055
0.000876505
0.00324951
0.00393823
0.00259426
0.000447734
0.00187155
0.00105446
0.00119184
0.000616887
0.0042394
0.00262133
0.003237
0.00129933
0.00572296
0.00427736
0.00435664
0.00141217
0.00596907
0.00694125
0.0047142
0.00570782
0.00405224
0.0108925
0.00803315
0.0150789
0.0109547
0.0109231
0.0136918
0.0100067
0.00464123
0.000616815
0.000631861
0.000547945
0.00625563
0.000584354
0.000590717
0.000613537
0.000613548
0.000625896
0.000717088
0.000639732
0.000662631
0.000595076
0.000594646
0.00060666
0.00058964
0.00058892
0.000610309
0.000716483
0.000634618
0.000632552
0.000645263
0.000650993
0.000668681
0.00067864
0.00072107
0.000748638
0.000700314
0.000752756
0.000746752
0.000760535
0.000751529
0.000816088
0.000807892
0.00082465
0.000815952
0.000817157
0.000804383
0.000830317
0.000856282
0.0008469
0.000861976
0.000910432
0.000899406
0.000906767
0.000864151
0.000842608
0.000833571
0.000851188
0.000861323
0.000863484
0.000895607
0.000941565
0.000359827
0.000292691
0.000133353
0.000860037
0.000850438
0.000865509
0.000880309
0.000887752
0.000226587
0.000885017
0.000877965
0.000898121
0.000901602
0.00085821
0.000905726
0.00093623
0.000524413
0.000802569
0.000792796
0.000485895
0.000519881
0.000291117
2.63761e-05
2.66753e-05
8.4118e-05
4.01315e-05
4.04266e-05
0.000176681
0.000176212
0.000365969
0.000243453
0.000243025
0.000530172
0.00121309
0.00156008
0.00215499
0.00404678
0.00400683
0.00484058
0.00388294
0.00430615
0.00392327
0.00388176
0.00561195
0.00760426
0.00750283
0.00762178
0.0066988
0.00660949
0.00689379
0.013044
0.0143801
0.00729153
0.0077333
0.0155451
0.0152162
0.0163522
0.0159845
0.0162752
0.0140705
0.0142859
0.0187339
0.0181455
0.0190952
0.0166494
0.0160524
0.0179037
0.012973
0.0161192
0.0204108
0.0212629
0.020088
0.0200633
0.0151816
0.0149216
0.0170771
0.0167605
0.0154541
0.0148612
0.0145149
0.0135175
0.0115835
0.0115623
0.0126732
0.0106627
0.00947508
0.00941207
0.00396647
0.00370536
0.00463418
0.0041372
0.00293627
0.00155029
0.00138073
0.00123811
0.000370023
0.000471818
3.40861e-05
6.0122e-05
0.000120398
1.70053e-05
3.95476e-05
0.00010008
0.00014232
5.52249e-05
2.10434e-05
0.00100759
0.000843856
3.76762e-05
0.00109343
0.000452726
0.000239776
7.03702e-05
9.34393e-05
2.80138e-05
0.000122817
0.00116557
0.000606212
0.000214152
0.000439249
7.57324e-06
0.00588897
3.52831e-11
3.53515e-11
3.52613e-11
3.54175e-11
3.54176e-11
3.55441e-11
3.59231e-11
3.57908e-11
3.84585e-11
3.81465e-11
4.67251e-11
1.22836e-10
1.37949e-10
1.38515e-10
3.84642e-08
5.53254e-06
5.50726e-06
5.43114e-06
5.52337e-06
5.92661e-05
5.80658e-05
9.02861e-05
8.86154e-05
0.000109332
0.00010682
7.55247e-05
7.3971e-05
4.84773e-05
4.78755e-05
4.77849e-05
3.25147e-05
3.25377e-05
2.22063e-05
2.20865e-05
1.60819e-05
1.6106e-05
1.6146e-05
1.52997e-05
1.56009e-05
1.56432e-05
1.92066e-05
1.51997e-05
1.54322e-05
1.27071e-05
1.29347e-05
1.14783e-05
1.17371e-05
1.30936e-05
1.35509e-05
1.55121e-05
1.75356e-05
1.80581e-05
1.81519e-05
1.93054e-05
2.0041e-05
1.79501e-05
1.8231e-05
1.83742e-05
1.61197e-05
1.49417e-05
1.51559e-05
1.53077e-05
1.30925e-05
1.25146e-05
1.25983e-05
1.5021e-05
1.47024e-05
1.43473e-05
1.43622e-05
1.77133e-05
1.75861e-05
1.52998e-05
1.56012e-05
1.42178e-05
1.38829e-05
1.62183e-05
1.54486e-05
1.86239e-05
1.86338e-05
1.82931e-05
1.82614e-05
1.71453e-05
1.70725e-05
1.71682e-05
1.54303e-05
1.4574e-05
1.45667e-05
1.47926e-05
1.46027e-05
1.45796e-05
1.45746e-05
1.23161e-05
1.23732e-05
1.57864e-05
1.57697e-05
1.36502e-05
1.38342e-05
1.59082e-05
1.63954e-05
1.70931e-05
1.76384e-05
1.61939e-05
1.6732e-05
1.91686e-05
2.04248e-05
1.8852e-05
1.69515e-05
1.79096e-05
1.82676e-05
1.90451e-05
1.80755e-05
1.91397e-05
2.1761e-05
2.12331e-05
1.78002e-05
2.12138e-05
2.01025e-05
2.42488e-05
1.9593e-05
2.35217e-05
2.27189e-05
2.3498e-05
2.85018e-05
2.76326e-05
2.5968e-05
2.73025e-05
2.52158e-05
2.76959e-05
2.95382e-05
0.000647441
0.000373293
0.000200999
0.00011335
7.04602e-05
5.0787e-05
3.74253e-05
3.12114e-05
2.61093e-05
2.48473e-05
2.44131e-05
2.33634e-05
2.30677e-05
2.28687e-05
2.26027e-05
2.29665e-05
2.33689e-05
2.31367e-05
2.33213e-05
2.47128e-05
2.46094e-05
2.34337e-05
2.32814e-05
2.35222e-05
2.20659e-05
1.87767e-05
1.96319e-05
2.19486e-05
2.2527e-05
2.26646e-05
2.31966e-05
2.43475e-05
2.41393e-05
2.29694e-05
5.53272e-06
5.96177e-06
5.59253e-06
6.22792e-06
7.75338e-06
8.09369e-06
8.49434e-06
8.41124e-06
9.60578e-06
1.02451e-05
1.24672e-05
1.26752e-05
1.43894e-05
1.4143e-05
1.8411e-05
2.39721e-05
2.54477e-05
2.47656e-05
3.35085e-05
3.41919e-05
5.31116e-05
5.12698e-05
7.66084e-05
8.00442e-05
0.000131998
0.000142852
0.00011002
0.000197167
0.000208066
0.000341221
0.000372351
0.00039297
0.000691741
0.000753135
0.000595057
3.85683e-06
9.60843e-05
4.67321e-05
3.52679e-05
1.49411e-05
0.0020402
0.00157016
0.00464557
0.00496814
0.00883991
0.00852352
0.00778219
0.00969588
0.00935084
0.0107095
0.0119736
0.0105817
0.0123696
0.012073
0.0110949
0.0103331
0.00989582
0.00975322
0.0087828
0.00836795
0.00784723
0.00572197
0.00563802
0.00483864
0.00546084
0.00468254
0.00426125
0.00422567
0.00344745
0.00316039
0.00282044
0.00262107
0.00222189
0.00211881
0.00152178
0.00180032
0.00172957
0.00110712
0.000777088
0.000652018
0.000769892
0.00066588
0.000493637
0.000268911
7.79313e-05
0.0001937
0.00012199
3.27147e-06
7.81861e-07
1.11824e-06
7.06186e-06
2.4389e-07
1.97508e-05
5.11743e-06
7.88974e-05
0.000132222
0.000429929
0.000555906
0.000292769
0.000413684
0.000800553
0.00140882
0.00151324
0.00122018
0.00163676
0.00153036
0.00099589
0.00122602
0.00268952
0.00209363
0.00313952
0.00251359
0.00362959
0.00260654
0.00275899
0.0048713
0.00453584
0.0033764
0.00460698
0.00333364
0.00336616
0.00493792
0.00704329
0.00404848
0.00324492
0.00388487
0.00825339
0.00444692
0.0050102
0.00344327
0.00385368
0.00547849
0.00399003
0.0093856
0.00685198
0.010254
0.00770194
0.00760035
0.00334015
0.00987386
0.00705232
0.0105433
0.00797816
0.00399756
0.00276863
0.00448282
0.00282111
0.00274297
0.00288381
0.00275715
0.0027419
0.00247574
0.0024493
0.002739
0.00268421
0.00258107
0.00249962
0.00251627
0.00248573
0.00280174
0.00273657
0.00255559
0.00253782
0.00247942
0.00243704
0.00239705
0.00238428
0.00252106
0.00243278
0.00224666
0.00231223
0.00209005
0.0020669
0.00230043
0.00229391
0.00233024
0.00226023
0.00235999
0.00221633
0.00215203
0.00218687
0.0021317
0.00212531
0.00217607
0.00219691
0.00213579
0.00216428
0.00233366
0.00236755
0.00213799
0.00208129
0.00212349
0.00206417
0.00201179
0.00201426
0.00230965
0.00227263
0.00189047
0.00184764
0.00186794
0.00209329
0.00204131
0.00204638
0.00193719
0.00193689
0.00193703
0.00189361
0.00165712
0.000205915
7.13225e-05
0.000394026
0.00038355
0.000290945
0.000106992
0.000102904
1.03365e-05
7.68302e-06
0.000916996
0.00130919
0.00162308
0.000294282
0.000292139
0.000366107
0.00182435
0.00179499
0.00218663
0.00246025
0.0034351
0.000817694
0.00080839
0.00107771
0.00265711
0.00260742
0.00314772
0.00170552
0.00167777
0.0024959
0.0070053
0.00744586
0.00639678
0.00622427
0.00828841
0.00776151
0.00775183
0.00795419
0.00714161
0.0120023
0.0128836
0.0131299
0.0125216
0.0124719
0.0113101
0.0107193
0.00814567
0.0133359
0.0124079
0.0115657
0.00834602
0.00931099
0.00864012
0.00830976
0.00812767
0.0111292
0.0100832
0.00995522
0.00690573
0.00622727
0.0051218
0.00549222
0.00464255
0.00418228
0.00440302
0.00485877
0.00641975
0.00583587
0.00315357
0.00309456
0.0013266
0.0012334
0.00116301
0.00174388
0.00168183
0.00281666
0.0028034
0.00176868
0.00159579
0.00170899
0.00453411
0.00290017
0.00162464
0.000986652
0.000493742
0.000264007
0.000172861
0.000108688
3.83635e-06
2.06447e-05
1.80481e-06
2.40728e-07
0.000237716
0.000357904
0.000252296
8.29266e-05
2.28995e-05
1.10967e-05
2.84635e-05
4.92281e-07
0.000188313
0.000204854
0.000222363
0.00135645
0.00174293
1.44036e-05
8.32811e-07
9.27989e-06
0.000290769
0.00720818
0.00590215
6.09578e-11
6.12579e-11
6.15192e-11
6.15224e-11
6.14387e-11
6.17652e-11
6.06511e-11
6.09773e-11
6.13384e-11
6.16126e-11
9.00155e-11
9.13879e-11
9.65944e-11
3.73193e-08
3.83033e-08
4.69168e-06
4.84652e-06
5.48443e-05
5.44364e-05
0.000202046
0.000200813
0.000375736
0.000368978
0.000300004
0.000294253
0.000149243
0.00015669
0.000157525
8.83155e-05
8.74839e-05
6.92507e-05
6.94091e-05
5.43843e-05
5.55127e-05
5.82813e-05
5.88849e-05
5.12323e-05
5.25184e-05
4.84454e-05
4.93607e-05
4.96807e-05
5.07355e-05
4.58959e-05
4.76749e-05
3.95896e-05
4.064e-05
3.53057e-05
3.66037e-05
3.61021e-05
3.74051e-05
3.55409e-05
3.70064e-05
3.87312e-05
4.00537e-05
4.1876e-05
3.45049e-05
3.6949e-05
4.27472e-05
3.86667e-05
2.55905e-05
4.95293e-05
4.62562e-05
3.8201e-05
3.61104e-05
3.32507e-05
3.20679e-05
4.15298e-05
3.96154e-05
3.91863e-05
3.75796e-05
3.70747e-05
3.32318e-05
3.22647e-05
2.89597e-05
2.85513e-05
3.14881e-05
2.71369e-05
2.67928e-05
3.20866e-05
3.163e-05
2.86884e-05
2.83593e-05
3.22373e-05
3.18268e-05
3.06224e-05
3.00338e-05
2.98513e-05
2.74196e-05
2.46094e-05
2.46747e-05
3.01328e-05
2.9713e-05
3.0176e-05
2.46572e-05
9.16763e-05
8.31805e-05
6.31732e-05
5.72599e-05
5.45015e-05
5.04893e-05
4.79865e-05
5.78737e-05
5.35948e-05
5.18749e-05
4.86442e-05
4.54572e-05
4.4605e-05
4.20892e-05
4.18326e-05
3.28883e-05
3.35579e-05
3.26229e-05
3.31505e-05
2.97972e-05
2.91933e-05
3.92793e-05
3.78627e-05
3.82188e-05
3.54712e-05
3.47527e-05
3.50171e-05
2.9788e-05
2.9262e-05
2.97498e-05
2.99635e-05
2.97401e-05
3.27158e-05
3.19357e-05
3.94784e-05
3.83737e-05
3.49677e-05
3.39913e-05
3.46086e-05
3.01025e-05
2.96141e-05
3.03847e-05
2.93875e-05
3.90475e-05
3.37189e-05
3.32662e-05
3.53066e-05
3.43633e-05
3.47565e-05
3.37805e-05
3.33231e-05
3.5857e-05
3.48002e-05
3.47139e-05
3.42904e-05
5.07499e-05
6.79538e-05
6.17951e-05
5.86922e-05
3.45934e-05
5.67989e-05
0.000105965
9.18588e-05
8.47898e-05
7.10035e-05
6.46978e-05
6.41383e-05
6.03553e-05
5.34338e-05
5.25142e-05
5.84586e-05
5.57806e-05
5.53593e-05
5.80123e-05
5.66713e-05
5.01951e-05
4.98545e-05
4.90726e-05
4.79474e-05
4.91552e-05
5.1156e-05
4.99586e-05
5.14893e-05
5.69526e-05
5.55336e-05
5.74172e-05
5.76075e-05
5.18274e-05
5.09025e-05
5.13639e-05
5.39182e-05
5.29338e-05
5.55197e-05
5.92247e-05
6.1211e-05
6.34114e-05
6.88497e-05
6.63903e-05
6.87119e-05
7.385e-05
7.19677e-05
0.0001698
0.000157275
0.000132585
0.00010323
0.000109503
0.000208453
0.000161119
0.00028801
0.000289617
0.000368204
0.000613667
0.00080833
0.000614321
0.00108725
0.000499781
0.000690847
0.000631609
0.000377537
0.00111868
0.00104369
0.00364228
0.0048735
0.00465444
0.00547566
0.00672202
0.00620622
0.00514538
0.00620299
0.00559152
0.00668487
0.00724292
0.0067386
0.00581994
0.00581927
0.00553681
0.00473056
0.00348323
0.00305384
0.00400406
0.00295929
0.00259503
0.00255219
0.00256071
0.00189612
0.00155333
0.00146398
0.00130876
0.00083966
0.000791336
0.000597814
0.000544141
0.000398053
0.00016105
9.53681e-05
2.96104e-05
1.49514e-06
3.29346e-06
2.78951e-05
2.58963e-05
0.000233657
0.000323492
0.000386777
6.19776e-05
0.000253577
0.00358605
0.00365112
0.00353463
0.00357227
0.00326409
0.00304351
0.00310956
0.00313042
0.00293636
0.00300258
0.00302477
0.00286413
0.00294631
0.00290564
0.00276697
0.00280554
0.00259063
0.00293378
0.00294335
0.00282599
0.00272958
0.00284638
0.00292318
0.00298438
0.00302646
0.00285009
0.00319925
0.00308629
0.00316099
0.00306297
0.00296106
0.00313441
0.0033515
0.00324098
0.00337536
0.00306054
0.00297356
0.00304075
0.00285565
0.00291516
0.00317618
0.00328184
0.00337081
0.00325696
0.00316959
0.00323715
0.00328864
0.00326902
0.0033605
0.003393
0.0037167
0.00368068
0.00349477
0.00351669
0.00306773
0.00305842
0.00319636
0.00314531
0.00308824
0.00280426
0.00286281
0.00297097
0.00291749
0.00301689
0.00281568
0.00294797
0.00338966
0.00330746
0.00341383
0.00310581
0.00325405
0.00348223
0.00354468
0.00320738
0.00330546
0.00359677
0.00371908
0.00383837
0.00352696
0.0037446
0.00388249
0.00375725
0.00392214
0.003564
0.00375763
0.00194905
0.00188506
0.000923625
2.35453e-05
2.41029e-05
6.83246e-05
0.00051144
7.82347e-05
1.11386e-05
0.00147829
0.00141733
0.00218929
0.00066344
0.00199595
0.00333999
0.00422631
0.0037816
0.00377537
0.00607378
0.00643519
0.00605247
0.00793768
0.0110582
0.0117308
0.00846139
0.00776051
0.0114935
0.0103794
0.0144897
0.0160313
0.0117352
0.0121127
0.0141616
0.0130251
0.0154095
0.0127308
0.0121294
0.0124757
0.0112417
0.0090583
0.00795221
0.00648824
0.00746231
0.00632141
0.00667328
0.00605146
0.0057693
0.00450304
0.0108219
0.00912827
0.0036502
0.0032204
0.00535973
0.00470152
0.00829366
0.00878945
0.0108257
0.0157645
0.015342
0.0157788
0.00763031
0.00711323
0.00655569
1.29092e-05
0.0574643
0.0487376
0.0165857
0.0150976
0.000655317
0.000117916
0.000113805
0.000115156
0.000132311
2.31179e-05
2.44713e-05
1.70093e-05
1.25804e-05
1.25107e-05
3.17445e-05
3.16695e-05
0.000112258
0.000107642
0.000106438
0.000101589
9.90349e-05
0.000153974
0.000151408
0.000171412
0.00016747
0.000125899
0.000123806
0.000154664
0.000154875
0.000155161
0.000123842
0.000122103
9.69081e-05
9.66206e-05
9.47604e-05
9.36757e-05
9.48035e-05
8.83652e-05
8.62138e-05
0.000124132
0.000127348
0.000124831
0.000124605
0.000123466
0.000124327
0.00012673
0.000130166
0.000131373
0.000105334
0.000103691
0.000103706
9.34165e-05
9.36984e-05
0.000102028
0.000103342
7.58531e-05
7.58162e-05
7.60361e-05
9.96122e-05
0.000100123
0.000101511
0.000101234
9.99872e-05
0.000101325
0.00010685
0.000107638
9.74974e-05
9.91881e-05
7.29932e-05
7.49421e-05
6.89549e-05
7.06538e-05
8.05888e-05
7.99728e-05
8.16277e-05
8.92621e-05
9.1088e-05
9.07742e-05
9.56929e-05
9.32852e-05
9.40877e-05
9.48159e-05
0.000113396
0.000114077
0.00011562
0.000121624
0.000121129
0.000119027
0.0001191
0.000113271
0.000111237
0.000109748
0.000108247
0.000108019
0.000104551
9.31759e-05
9.25448e-05
9.29028e-05
9.14955e-05
9.41469e-05
9.68577e-05
9.54051e-05
0.00010802
0.000107453
9.13679e-05
7.93559e-05
7.74885e-05
8.415e-05
8.46711e-05
8.41797e-05
0.000101202
0.000101463
9.32861e-05
9.29663e-05
9.45254e-05
9.95922e-05
9.98402e-05
9.86858e-05
0.000101739
0.000107
0.000107049
0.000106894
9.54004e-05
9.80821e-05
9.96658e-05
0.000109374
0.000110078
0.000100868
0.00010188
0.000112758
0.000114237
0.000104447
0.000106155
0.000125795
0.000128623
0.000112921
0.000117952
0.000112893
0.000115753
0.00012291
0.000126726
0.000127561
0.000131855
0.000139578
0.000144606
0.000146547
0.000135842
0.000141285
0.000147682
0.000159744
0.000158286
0.000167104
0.000163547
0.000172126
0.000182014
0.000191539
0.000193584
0.000195114
0.000201741
0.000202794
0.000200835
0.000198843
0.000203618
0.000223291
0.00020938
0.000211296
0.000154415
0.00172633
0.00142109
0.00129225
0.00109408
0.000886246
0.00136846
0.000664033
0.000840014
0.000733409
9.62861e-05
8.97882e-05
8.67525e-05
8.33477e-05
9.05857e-05
9.87492e-05
0.000103536
0.000107609
0.000121138
0.000114077
0.000138113
0.000144981
0.000180446
0.000166762
0.000210813
0.0002242
0.000238383
0.000316426
0.000343193
0.000319234
0.00049025
0.000524868
0.000828109
0.000887523
0.000692334
0.001347
0.00138523
0.00254237
0.00272213
0.00207044
0.00251042
0.00274369
0.00323408
0.00259065
0.00031103
6.80221e-05
7.33756e-05
3.56285e-05
0.000558896
0.000702513
0.000513771
0.000621286
0.000902756
0.000909528
0.000911831
0.000620118
0.000658804
0.000231882
0.000120273
5.83423e-05
0.000113551
5.18406e-05
1.0438e-05
1.00892e-05
2.77067e-07
5.27203e-06
2.47985e-05
4.608e-06
2.21084e-06
2.62421e-05
3.22437e-05
6.66019e-05
0.000317636
9.64662e-05
0.00018602
0.000277261
0.000468877
0.000570455
0.000780261
0.00108342
0.00142541
0.00106367
0.00122736
0.00116828
0.00185496
0.00206218
0.0026232
0.00206701
0.00324452
0.0018799
0.00269197
0.0039784
0.00498911
0.00292984
0.00364836
0.00403338
0.00459887
0.00482681
0.00490069
0.00372211
0.00395262
0.00400032
0.00413344
0.00302472
0.00324915
0.00645692
0.00588323
0.00614804
0.00562902
0.00756576
0.00579363
0.00608796
0.00858642
0.00709021
0.0108579
0.0092327
0.0114125
0.00781385
0.0122751
0.010831
0.0125326
0.0127819
0.00943449
0.0137662
0.0106901
0.0155213
0.0127338
0.020411
0.0115749
0.0178725
0.0178324
0.015865
0.0193224
0.0238401
0.0311361
0.0297224
0.0296745
0.0237876
0.0235174
0.0179332
0.0141116
0.0185386
0.0322306
0.0331976
0.0274569
0.0139142
0.0265745
0.0163775
0.0330611
0.032451
0.0136988
0.00259565
0.00261164
0.00257314
0.00234782
0.00233074
0.00249741
0.00242092
0.00241477
0.00256539
0.00399036
0.00231692
0.00367407
0.00363295
0.00389522
0.00375262
0.00206508
0.00331132
0.00213918
0.00331725
0.00209064
0.00206877
0.00214761
0.00211721
0.00229179
0.00347139
0.00200594
0.00295837
0.00293945
0.00200367
0.00288914
0.0021325
0.00211746
0.00244376
0.00288533
0.00245339
0.00245797
0.00268446
0.00259581
0.00270834
0.00266357
0.00267818
0.00311762
0.00303828
0.00252811
0.00250214
0.00253674
0.00255402
0.00247348
0.00247282
0.00229933
0.00231224
0.00230703
0.00226353
0.0022449
0.00229795
0.0021366
0.0020811
0.00212371
0.00223525
0.00227267
0.00216114
0.00189598
0.000213286
0.000134424
0.000692743
0.000414046
0.00107944
0.00107347
0.000617481
1.61806e-05
1.44342e-05
3.60985e-05
1.1497e-07
2.85951e-07
1.24931e-05
1.56453e-05
0.000280425
0.000504998
0.00110469
0.00109696
0.00130447
0.0016773
0.00151413
0.00171689
0.00191632
0.00367039
0.00454755
0.00434757
0.00421205
0.00481313
0.00574044
0.00553873
0.00581996
0.00830437
0.00847476
0.00622786
0.00625184
0.00718379
0.00681683
0.00713569
0.00652904
0.00753722
0.00677105
0.00658207
0.0073571
0.0118373
0.0122003
0.0095361
0.0111746
0.0111448
0.0106636
0.0107586
0.0102587
0.00991399
0.0109034
0.0106678
0.0169583
0.015813
0.0146449
0.00712642
0.00670093
0.00644824
0.00883317
0.00819645
0.00614428
0.0067535
0.00625861
0.00615028
0.0066492
0.00611519
0.00599747
0.00822395
0.00742271
0.00719616
0.00619554
0.00611002
0.00955795
0.00879967
0.00307581
0.00283696
0.00247246
0.00321481
0.00343523
0.00271445
0.0027119
0.00252148
0.00233786
0.00215687
0.0063088
0.0056028
0.00508639
0.00404995
0.00405467
0.00383834
0.00305849
0.00263278
0.00260769
0.00206149
0.00194255
0.00243505
0.00192716
0.0015304
0.00125165
0.00127195
0.000252771
0.000171882
0.000192781
0.000358949
0.000247318
0.000373572
3.75788e-05
1.00304e-05
1.69671e-05
1.90012e-06
3.34237e-08
1.23473e-05
5.20142e-07
0.000151179
0.000181788
5.45869e-06
2.97695e-05
5.81225e-07
1.21642e-05
0.000689262
0.00058492
0.0014747
0.00164633
0.00117715
0.00149081
0.00124042
1.92442e-09
1.80085e-09
2.09464e-09
2.19605e-09
2.18264e-09
2.18403e-09
2.42112e-09
1.89573e-09
2.19885e-09
2.3335e-10
2.32439e-10
2.41007e-10
2.1522e-10
2.2467e-10
3.2196e-10
2.96806e-10
2.08081e-07
2.18635e-07
2.09123e-05
2.17034e-05
0.000263404
0.000263458
0.000512552
0.000513269
0.000649815
0.00065854
0.000444644
0.000436145
0.000256558
0.000259606
0.000207795
0.00021279
0.000214403
0.0002205
0.000220909
0.000167771
0.000176006
0.000122498
0.000122591
0.000103723
0.000108002
0.000108954
0.000115196
0.000121316
0.000123841
9.76722e-05
0.000103682
8.28738e-05
8.80238e-05
7.45332e-05
7.58109e-05
7.62048e-05
0.000103757
0.000111235
0.000120542
0.000130636
5.63871e-05
5.80596e-05
5.6067e-05
5.61214e-05
5.66412e-05
5.13626e-05
5.18142e-05
5.88259e-05
5.97027e-05
5.26532e-05
5.52008e-05
4.86414e-05
5.05134e-05
5.23603e-05
4.59937e-05
4.60454e-05
4.6352e-05
4.03052e-05
4.04471e-05
4.10001e-05
4.42359e-05
4.53701e-05
5.55455e-05
5.62799e-05
5.47882e-05
5.68965e-05
6.92805e-05
7.03636e-05
7.02495e-05
5.60272e-05
5.7594e-05
6.83877e-05
7.13333e-05
5.51147e-05
5.69513e-05
5.75961e-05
6.19524e-05
6.55423e-05
5.92949e-05
6.26671e-05
8.1064e-05
8.5304e-05
7.42286e-05
7.90644e-05
7.85299e-05
8.30214e-05
8.36143e-05
6.82246e-05
7.24061e-05
7.78423e-05
7.70573e-05
8.28799e-05
8.46316e-05
0.000105158
0.000113852
0.000114777
0.000111189
0.000120441
0.00012158
0.000140294
0.000155976
0.000147655
0.000166034
0.000151959
0.000169792
0.00016987
0.000181716
0.000203821
0.000216875
0.000246763
0.000233674
0.000270372
0.000270647
0.000311015
0.000333912
0.000356152
0.000413801
0.000417761
0.000352574
0.000410126
0.000418152
0.000489063
0.000517107
0.000613037
0.000623013
0.000592617
0.000573601
7.06912e-05
0.000414299
8.00173e-05
6.65775e-05
6.35354e-05
6.37453e-05
8.08734e-05
7.72736e-05
7.66822e-05
6.60368e-05
6.37758e-05
6.31242e-05
6.28803e-05
6.07269e-05
6.13963e-05
6.06248e-05
5.89174e-05
5.95341e-05
5.78039e-05
5.6499e-05
5.21928e-05
5.21808e-05
5.53485e-05
5.421e-05
5.54604e-05
5.17088e-05
5.19185e-05
6.03078e-05
5.92953e-05
5.97467e-05
5.88992e-05
5.80815e-05
5.9417e-05
6.21465e-05
5.65185e-05
5.69576e-05
5.66501e-05
5.85e-05
6.74055e-05
6.70033e-05
6.80781e-05
6.12359e-05
6.10233e-05
6.36126e-05
6.10947e-05
6.25444e-05
6.1161e-05
6.36974e-05
7.12069e-05
7.14054e-05
7.27253e-05
7.57287e-05
7.77251e-05
7.09028e-05
0.00697221
0.00585169
0.00437012
0.00350364
0.00273173
0.00215703
0.00172528
0.00139284
0.00107439
0.000872039
0.00063895
0.000540508
9.80033e-05
0.000117414
0.000119956
0.00019488
0.000182374
0.000296236
0.000317874
0.000488035
0.000529088
0.000529061
0.00103511
0.000792783
0.000827815
0.000912021
0.00119671
2.42941e-05
0.00196339
0.00186626
0.00152258
0.0025061
0.00507866
0.00639079
0.00611208
0.00416297
0.00691059
0.00744733
0.00663884
0.00771263
0.00729105
0.00660226
0.00582142
0.00573834
0.00514198
0.00484269
0.00417862
0.00397393
0.00386501
0.00333187
0.00342256
0.00271436
0.002502
0.00198366
0.0016736
0.00166731
0.00164255
0.000876945
0.00103611
0.000818707
0.000758274
0.000440981
0.000424681
0.000327349
0.000138086
0.000218899
0.000168322
0.000164985
0.000131718
7.65872e-05
2.78717e-05
1.98089e-05
9.86056e-06
1.51837e-05
5.29946e-05
0.000288634
0.000187643
0.000261948
0.000379694
0.000401337
0.0102639
0.00881096
0.00829618
0.00777502
0.00736915
0.00733885
0.0065701
0.00636212
0.0061344
0.00538124
0.00517169
0.00545898
0.00539527
0.00462238
0.00455911
0.00494693
0.00498055
0.00404543
0.00412686
0.00389266
0.00400303
0.00374366
0.00355719
0.00349965
0.00349485
0.00340073
0.00374252
0.00357309
0.00364478
0.00339603
0.003261
0.0034088
0.00317527
0.00306113
0.00316339
0.00324942
0.00313487
0.00329566
0.00321679
0.00310762
0.00328616
0.00326077
0.00315651
0.00335183
0.00328609
0.00336785
0.00343305
0.00339658
0.0032947
0.00344581
0.00361009
0.00376312
0.0041376
0.00379485
0.00367922
0.00382171
0.00362964
0.00374885
0.00390544
0.00377703
0.0039814
0.00393805
0.00401817
0.0040578
0.00418724
0.00412813
0.00425926
0.0040547
0.00438566
0.00449713
0.00490443
0.0051905
0.00444828
0.00445929
0.00491152
0.00501974
0.00403375
0.00272363
0.00068441
0.00252402
0.00148139
0.000193528
0.000138972
0.000433595
0.000921438
0.00271504
0.00426604
0.00272508
0.00356514
0.00451054
0.00634794
0.00612105
0.00576684
0.00782333
0.00926132
0.0119499
0.00810433
0.00748711
0.0101935
0.00784582
0.0103861
0.0116437
0.0120162
0.0114833
0.012618
0.0149238
0.0138005
0.0126534
0.0116027
0.0123239
0.011017
0.0101462
0.01014
0.0109211
0.00845641
0.00888414
0.00782193
0.00661289
0.00704824
0.00814932
0.00552413
0.00817871
0.00703314
0.00589006
0.00686311
0.00961865
0.00848177
0.00764207
0.00545413
0.00634517
0.007142
0.00702272
0.0047466
0.00442154
0.00598008
0.00917973
0.00987331
0.0185181
0.0174301
0.0179701
0.00496542
0.00482732
0.00544417
0.00303558
0.0163506
0.0136553
0.0213646
0.0176213
0.00101921
3.62805e-05
0.000250886
0.000240034
1.43484e-05
1.42297e-05
1.44337e-05
6.48574e-06
6.53049e-06
1.43995e-05
1.44465e-05
3.70754e-05
0.000124749
0.000122881
0.000277399
0.000267973
0.000331304
0.000321414
0.000318293
0.000312844
0.000251129
0.000249775
0.000244203
0.000237938
0.000164106
0.000135538
0.000134647
0.000133643
0.000134968
0.00011203
0.000114794
0.000196266
0.000196953
0.000155544
0.00015624
0.000203107
0.000202948
0.000205901
0.000185757
0.000186665
0.000185231
0.000134026
0.000137942
0.000135738
0.000139138
0.000160588
0.000163597
0.000140667
0.000144265
0.000160622
0.000160816
0.000168194
0.000168762
0.000166086
0.000167464
0.000153388
0.000152464
0.000137157
0.000136032
0.000137833
0.000145606
0.000146056
0.000146653
0.000173201
0.000176154
0.000167799
0.000167007
0.000158198
0.000161035
0.000157056
0.000156896
0.000158491
0.000166755
0.000166496
0.000165002
0.000144598
0.000145102
0.000147131
0.000147651
0.000150452
0.00014797
0.000154094
0.000187713
0.000189365
0.000162845
0.000164879
0.000231085
0.000234112
0.000185421
0.000201138
0.000201817
0.000216273
0.000180874
0.000187474
0.000187917
0.000189357
0.000192131
0.000200549
0.000199059
0.000210258
0.000211838
0.00019889
0.000216494
0.000225836
0.000242459
0.000241125
0.000208598
0.000219577
0.000216157
0.000221281
0.000270981
0.000269397
0.000233528
0.000252938
0.000244749
0.000293835
0.000319339
0.000274552
0.000297342
0.000325606
0.000361034
0.000346931
0.00035841
0.000388908
0.000348267
0.000326864
0.000430336
0.000407478
0.000341115
0.000457079
0.000428283
0.000323172
0.000361006
0.000373865
0.0146317
0.00661973
0.00323336
0.00164103
0.000931284
0.000624289
0.000506365
0.000407459
0.000356044
0.00032703
0.000277162
0.000270288
0.000278536
0.000330401
0.000314283
0.000275764
0.000272975
0.000285724
0.000264328
0.000263657
0.000268519
0.000308295
0.000304626
0.000325639
0.000318345
0.000314305
0.000257161
0.000254056
0.000245995
0.000263595
0.000266206
0.000267978
0.000290992
0.000288474
0.000288213
0.000292003
0.000287551
0.000304511
0.000339104
0.00032958
0.00033349
0.000326048
0.00033609
0.000308801
0.000304906
0.000317973
3.87599e-05
4.12421e-05
4.43596e-05
4.85096e-05
5.18575e-05
5.66593e-05
6.03297e-05
6.58062e-05
6.9678e-05
6.69332e-05
8.03904e-05
7.46775e-05
8.99199e-05
9.9593e-05
0.00012631
0.000135714
0.000167823
0.000180357
0.000184616
0.000237951
0.00025251
0.000257119
0.000372971
0.000400039
0.000370214
0.000607646
0.000533169
0.000646664
0.000639676
0.00103493
0.0011327
0.00101799
0.00173223
0.00166616
0.00241707
0.00263007
0.000807446
0.00101425
1.34803e-05
2.59344e-05
2.27707e-05
0.000469136
0.000455032
0.000575569
0.000766277
0.000868613
0.000931086
0.000830176
0.000919957
0.00101586
0.000638213
0.000774088
0.000713037
0.000548202
0.000285886
0.000184806
0.000171953
9.58947e-05
1.04302e-05
7.04871e-06
1.30964e-06
2.12067e-05
3.48378e-05
1.16856e-07
7.70317e-07
4.53588e-05
3.25945e-05
7.15465e-05
0.000231824
0.000209597
0.000249879
0.00022617
0.000385855
0.000471399
0.000459141
0.000526748
0.000440468
0.000933011
0.00133031
0.000832818
0.000543239
0.000712321
0.00114426
0.000957929
0.000998987
0.00159653
0.00102148
0.00189289
0.00164409
0.00188833
0.00206799
0.00264999
0.00348335
0.00338467
0.00453484
0.00482546
0.00416209
0.00637806
0.00510216
0.0060445
0.00695521
0.00780054
0.00674462
0.00724947
0.00605345
0.00803336
0.00662027
0.00973788
0.00723708
0.0112468
0.00785333
0.0107728
0.006796
0.00891689
0.00885696
0.00849825
0.00792075
0.00609867
0.0076398
0.00780479
0.00595366
0.00659627
0.00508688
0.0070547
0.00540157
0.00694142
0.00524528
0.00560748
0.00822672
0.00691434
0.00876411
0.00719151
0.00886957
0.00672034
0.0071109
0.010575
0.00823534
0.00848138
0.011926
0.00957641
0.0100221
0.00918243
0.0110844
0.00804654
0.00771609
0.00707889
0.00685141
0.00634592
0.00648472
0.0059607
0.00574687
0.00520016
0.00503818
0.00527219
0.00492839
0.00482501
0.0045815
0.00432271
0.00423238
0.00393637
0.00393438
0.00392496
0.00374056
0.00371375
0.00371312
0.00364179
0.00339189
0.00325862
0.00326069
0.0032914
0.00322985
0.00338919
0.00325714
0.00325516
0.00340314
0.0032711
0.0032594
0.00278901
0.00277647
0.00284867
0.00340191
0.00327368
0.00325882
0.00308879
0.00303957
0.00284155
0.00293753
0.00299365
0.00304495
0.00271707
0.00264287
0.00266272
0.0029836
0.00303733
0.00306435
0.00322823
0.00321268
0.00292879
0.00291697
0.00290973
0.00286556
0.00284051
0.00279219
0.00102179
0.000643079
0.00120802
0.000894627
0.00051569
0.000248187
0.000428011
0.000246947
0.000133711
0.000801297
0.000951654
0.000188167
0.000184312
0.000312241
0.000464901
0.000454406
0.00103905
0.000962753
0.00177733
0.0023874
0.00263481
0.00211721
0.00394882
0.0043848
0.00360447
0.00397086
0.0039738
0.00499709
0.00478259
0.00639531
0.00599277
0.00656559
0.00595012
0.00562818
0.00595474
0.00906061
0.00894227
0.0079475
0.00852241
0.0088774
0.00814773
0.00749963
0.00735417
0.00753983
0.00681812
0.00639385
0.00751503
0.00661523
0.00523572
0.00359016
0.00828165
0.00471749
0.00438028
0.00532052
0.0046269
0.00465066
0.00235924
0.00209401
0.00183974
0.00291619
0.00254881
0.00246941
0.00302497
0.00207715
0.00184046
0.00171655
0.000738942
0.000951506
0.00111934
0.00124018
0.00191972
0.00158823
0.000719941
0.000910756
0.00018712
0.0002081
0.000250481
1.69767e-07
0.000696445
0.00660927
0.00632998
0.00114129
0.00235966
0.00163403
0.0013078
0.00073872
0.000178945
9.33011e-05
7.61178e-08
0.000480894
0.00021086
1.12549e-05
6.01224e-05
5.75532e-07
1.03733e-05
2.03525e-06
1.97944e-05
3.55305e-05
0.00023135
0.00033925
3.99959e-05
0.00636309
0.00502273
8.13704e-11
8.15895e-11
8.22754e-11
8.06791e-11
7.99713e-11
7.99725e-11
8.01874e-11
8.02906e-11
1.08302e-10
9.80627e-11
1.22503e-10
1.19842e-10
1.28549e-10
1.53645e-07
1.57358e-07
6.49618e-06
6.59336e-06
6.89127e-06
0.000118428
0.000119509
0.000317656
0.000232881
0.000230952
0.00013166
0.000130808
0.000131357
0.000138538
8.70134e-05
8.77173e-05
4.68616e-05
4.73457e-05
4.7395e-05
4.91371e-05
4.97465e-05
5.22413e-05
5.34704e-05
5.42628e-05
5.57472e-05
4.68608e-05
4.74058e-05
3.86404e-05
3.97633e-05
3.50282e-05
3.62156e-05
4.03248e-05
4.18899e-05
2.94954e-05
3.45831e-05
3.61374e-05
3.46378e-05
3.60303e-05
3.68715e-05
4.04506e-05
3.7567e-05
3.92694e-05
4.00591e-05
3.98195e-05
4.1178e-05
3.40219e-05
3.58746e-05
3.66873e-05
4.32265e-05
5.47954e-05
4.68942e-05
5.25901e-05
5.00116e-05
4.40336e-05
4.19992e-05
3.99961e-05
3.98581e-05
3.86976e-05
3.73926e-05
4.36029e-05
4.19274e-05
4.21036e-05
4.13318e-05
4.03071e-05
3.80503e-05
3.75644e-05
4.14399e-05
4.03421e-05
4.00038e-05
4.10544e-05
4.00066e-05
4.06015e-05
3.3755e-05
3.3078e-05
3.30253e-05
3.03294e-05
2.98342e-05
3.02185e-05
3.57371e-05
3.49832e-05
3.6328e-05
3.55279e-05
2.60542e-05
2.57776e-05
2.64086e-05
2.88306e-05
2.91229e-05
2.70056e-05
2.7146e-05
2.75652e-05
3.06414e-05
0.000121186
9.03312e-05
8.11047e-05
7.26852e-05
6.90237e-05
5.9597e-05
5.52709e-05
4.1779e-05
3.97441e-05
4.28123e-05
5.43166e-05
5.20195e-05
5.74516e-05
5.39969e-05
5.26163e-05
4.32471e-05
4.19792e-05
4.20944e-05
4.75262e-05
5.42022e-05
5.18762e-05
4.03688e-05
3.9195e-05
3.91854e-05
4.18149e-05
3.763e-05
3.73567e-05
3.41572e-05
3.37987e-05
3.58619e-05
3.62041e-05
4.07635e-05
3.99959e-05
4.06065e-05
3.94917e-05
3.98263e-05
3.89113e-05
4.30002e-05
4.17573e-05
4.23618e-05
4.09104e-05
4.05836e-05
3.96103e-05
3.9927e-05
4.55892e-05
5.92602e-05
5.80711e-05
4.67477e-05
4.64014e-05
8.02074e-05
7.47844e-05
0.000105777
0.000113417
0.000104863
9.40252e-05
7.87192e-05
7.22191e-05
7.00624e-05
7.72902e-05
7.32126e-05
6.14225e-05
5.8852e-05
5.95073e-05
5.94378e-05
5.83696e-05
6.52518e-05
6.45033e-05
5.48799e-05
5.36275e-05
5.48634e-05
5.60612e-05
5.62309e-05
5.50999e-05
5.78933e-05
5.55962e-05
5.68371e-05
6.63826e-05
6.47699e-05
6.63339e-05
7.27786e-05
7.28397e-05
6.26957e-05
6.41174e-05
7.33903e-05
7.52768e-05
6.62809e-05
7.22496e-05
7.66753e-05
7.7695e-05
8.43526e-05
7.69834e-05
0.000127302
0.000127586
0.000155797
0.000102647
0.000162694
0.000183877
0.000196803
0.000320117
0.000408679
0.000667149
0.0007302
0.00061625
0.0010517
0.000251598
0.000304513
0.000290539
0.000329307
0.00283356
0.00260888
0.00252211
0.0033143
0.00447773
0.00558975
0.00526468
0.00458228
0.00510304
0.00483143
0.00394127
0.00483776
0.00433008
0.00386954
0.00370134
0.00346377
0.00297866
0.00313206
0.00246716
0.00199449
0.00167782
0.00162015
0.00117835
0.00146713
0.000859453
0.000831552
0.000631121
0.000487598
0.000280775
0.000375473
0.000339767
0.00013361
7.32812e-05
3.35064e-06
9.3805e-06
6.28759e-05
3.78958e-05
9.23324e-05
0.0001957
8.18529e-05
0.000144203
0.000237327
0.000563987
0.000361536
0.000533179
0.000388162
0.00076145
0.00103575
0.00101146
0.0048682
0.00451604
0.00499083
0.00393922
0.00390533
0.0036453
0.00368747
0.00378536
0.00353094
0.0035411
0.0038704
0.00379784
0.0032878
0.00332468
0.00319288
0.00303629
0.00310487
0.00296348
0.00316972
0.00321465
0.00311486
0.00324654
0.00283924
0.00273492
0.00287031
0.00305546
0.00322402
0.00299972
0.00305824
0.00318676
0.00308318
0.00354406
0.00367803
0.00332371
0.00324202
0.00341812
0.00330716
0.00336049
0.00323275
0.00327977
0.00342838
0.00332894
0.00343775
0.00342064
0.00348122
0.00329145
0.00320673
0.00323324
0.00333901
0.00401637
0.00389886
0.00389316
0.00339357
0.00337661
0.00331883
0.00381016
0.00372908
0.00356047
0.00345786
0.003414
0.00286712
0.00297966
0.00289408
0.00340018
0.0032217
0.00330668
0.00307832
0.00300774
0.00317832
0.00328018
0.00321363
0.00339368
0.00326148
0.0034149
0.00364635
0.00377879
0.00351644
0.00364688
0.00379711
0.00409693
0.00386723
0.0040921
0.00395732
0.00231392
0.00282847
0.00117249
0.00199669
0.000890109
0.000144266
0.000167114
0.0008189
1.06123e-05
0.00127297
0.000759246
0.00120629
0.00322159
0.00305061
0.00408231
0.00226528
0.00214814
0.00352709
0.00695127
0.00648983
0.00807648
0.00582655
0.0101137
0.00992389
0.00912849
0.0110589
0.00989182
0.0121519
0.0104444
0.00909074
0.00915918
0.00858543
0.00939709
0.0102636
0.00843791
0.00850702
0.00636798
0.0052272
0.00467329
0.00543789
0.00585487
0.00501853
0.00405075
0.00340264
0.00370528
0.00345781
0.0035766
0.00660593
0.00542259
0.00259616
0.00260496
0.00269494
0.00260192
0.00225048
0.00258379
0.00495141
0.0042925
0.00437626
0.00489318
0.00458844
0.00338885
0.00339119
0.004795
0.00433784
0.0029012
0.0106511
0.00976155
0.0116235
0.0199142
0.0218986
0.00777122
0.00764388
0.0101034
0.00944223
0.00213281
0.000505069
0.000532192
0.030272
0.0555111
0.00106435
3.60687e-05
2.22222e-05
2.18355e-05
2.18301e-05
1.87801e-06
2.74573e-07
3.27021e-07
3.28933e-07
4.2562e-06
4.29537e-06
3.22911e-05
3.11716e-05
3.1464e-05
9.55364e-05
9.12147e-05
9.22984e-05
0.00030094
0.000285085
0.000278533
0.000474235
0.000455623
0.000450249
0.000651176
0.000624402
0.000626029
0.000443525
0.000426125
0.000354874
0.000351891
0.000308093
0.000305211
0.000275564
0.00027512
0.000203702
0.000198985
0.000199377
0.00021458
0.000211233
0.000212537
0.000191682
0.000189938
0.000192075
0.000154184
0.000148222
0.000149372
0.000122797
0.000122077
0.000140637
0.000142505
0.000119481
0.000120246
9.35176e-05
9.35907e-05
9.59209e-05
0.000103102
0.000104236
0.000106501
0.000104682
0.000105786
0.000105472
0.000133716
0.000134953
0.000136872
0.000117574
0.000117324
0.000117942
0.00015993
0.000162875
0.000137694
0.00014178
0.000111113
0.00011382
0.000115974
0.000130712
0.000133694
0.000135066
0.000135792
0.000136236
0.000123056
0.000137475
0.000137075
0.000138718
0.000140435
0.00011281
0.000113677
0.000115449
0.000120295
0.000126171
0.000137356
0.000138895
0.000121327
0.000123235
0.000124391
0.000119563
0.000116363
0.000116644
0.000139472
0.000137543
0.000123652
0.00012101
0.000122145
0.000136889
0.000134706
0.000112989
0.000110784
0.00011234
0.000140397
0.00013917
0.000122248
0.000122053
0.000126277
0.000125765
0.000101292
0.00010037
0.000100889
0.000106404
0.000106729
0.000108139
0.000112453
0.00011354
0.000119662
0.000118804
0.000118545
0.000118901
0.000120045
0.000119681
0.000120984
0.000120023
0.000120996
0.000132397
0.000132299
0.000133062
0.000121176
0.000122938
0.000144322
0.000144806
0.000146106
0.000128316
0.000130088
0.000121847
0.000124876
0.000131922
0.00013348
0.00013334
0.000114459
0.000118416
0.000133651
0.000138742
0.000145033
0.000148175
0.000149098
0.00015496
0.000159902
0.000166147
0.000157696
0.000162271
0.000180378
0.00018657
0.000190587
0.000175185
0.000181417
0.000191142
0.000190898
0.000202854
0.000207171
0.000221406
0.000240985
0.000260209
0.000234335
0.000234862
0.000240431
0.000254409
0.00024559
0.000253152
0.000164867
0.000224973
0.00212038
0.0018646
0.00182851
0.00147895
0.00148052
0.00184361
0.00150311
0.00124165
0.000135306
0.000123093
0.000123072
0.000116671
0.000124206
0.000127368
0.000127279
0.000131957
0.000122598
0.000134656
0.000145216
0.000176652
0.000190701
0.000225955
0.000242985
0.000228361
0.000303773
0.000296531
0.000427111
0.00061467
0.00064735
0.000597791
0.0010283
0.00106243
0.00176734
0.0015242
0.00188177
0.00251416
0.00295135
0.00320963
0.00377737
0.00228077
0.00302782
0.000309935
0.000372784
0.000727368
9.48968e-05
0.000306025
0.000204817
0.000665093
0.000907244
0.000708967
0.000311824
0.000317336
0.000501323
0.000397105
0.00027162
0.000204688
0.000250554
0.000216993
0.000117049
4.43304e-05
4.21797e-05
7.61073e-06
1.12258e-05
7.98124e-08
7.61093e-06
4.27765e-06
9.46655e-05
3.50374e-05
8.85184e-05
0.000132723
0.000322003
0.000247264
0.000386755
0.000339547
0.000480056
0.000971507
0.000705356
0.000827124
0.000967875
0.000848108
0.00141504
0.00124459
0.00119479
0.00192233
0.00272729
0.00241445
0.00281396
0.00341994
0.00376685
0.00257033
0.00337292
0.00337386
0.00539846
0.00417094
0.00676357
0.00426933
0.00523044
0.00591054
0.00643704
0.00500862
0.00524133
0.00754816
0.00645282
0.00638367
0.00548131
0.0084923
0.00742276
0.00759376
0.0114376
0.00897787
0.00959267
0.0102579
0.00895729
0.011326
0.00949621
0.0149705
0.0154477
0.0110223
0.0144891
0.0124372
0.0165912
0.0123185
0.0200763
0.0137921
0.020744
0.0201163
0.0153205
0.0130763
0.0173019
0.0137382
0.0161128
0.0130406
0.0220639
0.0172586
0.0167037
0.0177815
0.0139388
0.0138619
0.0234705
0.0183435
0.0184214
0.0113161
0.021177
0.0208548
0.0162204
0.0154688
0.0192619
0.0151487
0.00982137
0.0233424
0.0181743
0.018344
0.0142262
0.00437848
0.00419061
0.00312192
0.00511879
0.0126299
0.00304279
0.00340019
0.00334312
0.00338603
0.00332264
0.002712
0.00269821
0.00281425
0.00272815
0.00271272
0.00261597
0.00410157
0.00446163
0.00424611
0.00262223
0.00259197
0.00237479
0.00343283
0.00379323
0.00361835
0.00362065
0.00313221
0.00329978
0.00327997
0.00330643
0.00317808
0.00314295
0.00286369
0.00277143
0.00278459
0.00313299
0.00306936
0.00279662
0.00283201
0.00332109
0.00327928
0.00270936
0.0027047
0.0027851
0.00283864
0.00273763
0.002682
0.0025959
0.0026418
0.00273049
0.00264121
0.00219093
0.00253014
0.00245752
0.00236582
0.00159594
0.00154624
0.001283
0.00161399
0.00161926
0.000885025
0.00042914
0.000438946
0.000264373
5.78395e-05
6.10373e-06
0.000176311
0.000167584
3.98527e-05
1.41997e-06
1.08038e-05
1.70156e-05
0.000874455
0.00109176
0.00112199
0.00107066
0.00107119
0.000332156
0.000660079
0.00135844
0.00125504
0.00286994
0.00343355
0.00356635
0.0038831
0.00631519
0.00618206
0.00657627
0.00947873
0.0102201
0.00615362
0.00635113
0.0060714
0.00581356
0.00654328
0.0102223
0.00946623
0.0102202
0.0142588
0.0148175
0.015233
0.0145793
0.0147351
0.0145357
0.0132837
0.0131443
0.0156047
0.0154555
0.0127464
0.0117806
0.0103164
0.00966234
0.00969179
0.012525
0.00714069
0.0134524
0.0134926
0.0132421
0.0124434
0.0101308
0.0104929
0.00880732
0.00831228
0.00517711
0.0047543
0.0115855
0.0104268
0.00967703
0.00849823
0.00827935
0.0070792
0.00630231
0.00593478
0.00306803
0.00269209
0.00255012
0.00355505
0.00325782
0.0031474
0.0026029
0.00262564
0.00201256
0.00166449
0.00153386
0.000903171
0.000681445
0.00129002
0.00101236
0.00110097
0.000334281
0.000238884
0.000366949
0.000278274
5.41995e-06
1.44025e-07
0.00010721
0.000185203
0.000136326
7.05677e-06
2.55596e-05
0.000373628
0.000351538
0.000571829
0.000783195
0.000558667
0.000259236
0.000423908
0.000304999
0.000131731
0.000111263
0.000202695
0.000357982
0.00535476
0.00550647
0.00613801
1.68122e-09
1.65134e-09
1.93381e-09
1.93217e-09
2.0917e-09
2.5735e-09
2.57114e-09
2.60607e-09
2.11909e-09
2.19595e-09
2.19727e-10
2.2048e-10
1.48767e-09
1.8324e-10
1.89023e-10
1.8552e-10
