0.00335975
0.00299099
0.0025924
0.00223612
0.0018942
0.00160639
0.0013703
0.00119878
7.3904e-05
0.000110757
0.000136547
0.000117677
0.000144212
0.000138166
0.000139141
0.000135413
0.00012766
0.000124559
0.000121294
0.000127397
0.000182322
0.000295772
0.000474004
0.000717188
0.00105389
0.00136141
0.0018723
0.00283323
0.00356824
0.00212542
0.00169909
0.000649152
0.000412792
0.00010955
8.1129e-05
5.92079e-05
1.69957e-05
2.37232e-05
1.36697e-05
6.20842e-05
0.00021543
0.00034306
0.000300798
0.000288065
0.000518792
0.00062913
0.000581724
0.000603288
0.000787723
0.00145496
0.00175952
0.00216543
0.0022076
0.00173137
0.0022593
0.00219092
0.0028118
0.00197032
0.00263261
0.00316369
0.00263943
0.00300175
0.00354488
0.00346494
0.00274945
0.00440422
0.00368805
0.00279139
0.0065574
0.00594247
0.00592349
0.00402902
0.00474612
0.00531386
0.00609311
0.00742619
0.00782689
0.0100526
0.0117174
0.00780099
0.00680058
0.0135354
0.0171571
0.001321
0.00134114
0.00136804
0.00136187
0.00137526
0.00141884
0.00130023
0.00135985
0.00136814
0.00139876
0.00139603
0.00136916
0.00150592
0.00133081
0.0013701
0.00139296
0.00107136
0.00140854
0.000395501
0.000393176
0.00105318
0.000318329
0.000338217
0.000263195
0.000562075
0.00037066
0.000259811
0.000975053
0.000251558
0.000975975
0.00141872
0.00243297
0.00192798
0.00257763
0.00285968
0.00477686
0.0034318
0.00363632
0.00729895
0.00355545
0.00543778
0.00378289
0.00546825
0.00572138
0.00427078
0.00576734
0.00509244
0.00534048
0.00488417
0.00557516
0.00509579
0.00392643
0.00448984
0.00426356
0.00407615
0.00406418
0.00531947
0.00405864
0.00355538
0.00333632
0.00247041
0.00114552
0.00111035
0.00014073
1.0953e-05
9.65601e-06
4.95189e-06
0.000323492
0.000711917
0.000479499
0.000927406
0.00128303
0.00111217
0.00318183
0.000645339
0.00146041
0.000191475
0.00078933
6.43299e-05
6.59984e-05
6.99522e-05
7.18424e-05
0.000108405
0.000248888
0.000784489
0.00230039
0.004047
0.00409861
0.000879201
0.00510102
0.00979202
0.00712441
0.00327825
0.00299224
0.00654876
0.00707428
0.00711938
0.00570153
0.00396653
0.00302253
0.000847455
0.000417019
0.00081006
0.00209049
0.00610889
0.00911148
0.0130352
0.00825227
0.00762054
0.00672013
0.00108327
0.000853246
0.000578097
0.000400003
0.000288572
0.000309705
0.000396776
0.00048539
0.000177567
1.5259e-06
1.15934e-06
5.91004e-06
9.75118e-07
1.54914e-05
1.614e-05
1.68597e-05
3.50183e-05
5.88041e-06
9.34444e-06
1.0525e-05
6.10035e-06
2.75122e-06
3.27814e-06
2.13936e-06
3.75095e-06
2.01001e-06
1.1552e-05
1.59483e-05
2.92709e-06
2.10685e-06
7.81475e-06
2.46469e-06
4.34014e-06
0.000150175
0.000242261
0.00304969
0.00204884
0.00139507
0.00104052
0.000694526
0.000462067
0.000276573
0.000194045
0.000109374
9.72973e-05
4.36677e-05
0.00154241
0.00157983
0.00157817
0.00144127
0.00127289
0.00130394
0.00114537
0.00103759
0.000900619
0.000690481
0.000496617
0.000261527
7.79174e-05
2.24714e-05
7.83297e-05
0.000421925
0.000663347
0.00095273
0.00288799
0.00586218
0.00802397
0.00804182
0.00827483
0.0067713
0.00549095
0.00400911
0.00232143
0.00181443
0.0013778
0.000347683
0.000363988
0.000272044
9.75167e-05
0.000110009
9.11504e-05
6.36535e-05
4.82359e-05
8.20291e-05
0.000129183
6.48765e-05
0.00011449
0.000117658
0.00018377
0.00041137
0.000310091
0.000426442
0.000593441
0.000996127
0.00117929
0.0013907
0.00212924
0.00206615
0.00276664
0.00291477
0.00523314
0.00527144
0.00609506
0.00584919
0.0102313
0.00934696
0.0123006
0.0145073
0.00843317
0.00946232
0.0119318
0.0116477
0.0144977
0.0225908
0.0221735
0.0163093
0.0183552
0.0149972
0.0142563
0.0123727
0.00151735
0.00152476
0.0122689
0.00179521
0.001454
0.00123808
0.00126616
0.00126805
0.00137194
0.00142942
0.00185108
0.00136897
0.00175009
0.00161825
0.000990301
0.000120221
6.0653e-05
0.000334148
6.02668e-05
0.000320125
0.000769634
0.000932942
0.000592998
0.000962002
0.00155214
0.00147493
0.00218014
0.00270817
0.00277163
0.00258026
0.00260152
0.00221302
0.0038901
0.0038503
0.00369091
0.00418574
0.00372956
0.00366801
0.00411483
0.00384943
0.00408272
0.00265904
0.00421104
0.00245222
0.00246968
0.00389185
0.00231855
0.00357192
0.00271948
0.00384354
0.00249074
0.00264464
0.00269498
0.00234686
0.000794434
0.00140668
0.00109296
0.000800983
0.000678103
0.000179912
1.5635e-05
1.39679e-06
3.21171e-06
6.35485e-06
8.98681e-05
8.20113e-05
4.69178e-05
0.000822188
1.3759e-05
0.000144007
0.000142638
0.00107035
5.87604e-05
5.95779e-05
6.07537e-05
6.08594e-05
6.10703e-05
6.01526e-05
4.0984e-05
4.44976e-05
0.000109385
0.000528311
0.0013682
0.000145788
0.00240671
0.000321595
0.00023665
0.00019965
0.00228332
0.00189077
0.00127168
0.000878251
0.000489968
0.000223982
0.000176113
4.68723e-05
5.18905e-05
2.02306e-05
1.85886e-06
5.59555e-06
1.9788e-05
2.41361e-06
1.99962e-06
3.72079e-06
2.72858e-06
4.15497e-06
2.58104e-05
6.25403e-06
1.57291e-05
3.49776e-06
6.75126e-06
2.90388e-05
3.71346e-05
1.32452e-05
3.6733e-05
8.94538e-05
5.79059e-05
0.00122709
0.000715214
0.00190322
0.00128539
0.000974098
0.000731401
0.000373458
0.00067199
0.000981911
0.0010803
0.000539225
0.000343161
0.000359383
0.000100068
0.000226729
9.85206e-05
3.18716e-05
4.69994e-05
2.95098e-05
9.25352e-06
3.07919e-06
3.75633e-06
3.51513e-06
8.6119e-06
5.72415e-06
4.7488e-06
3.54616e-06
4.71668e-06
7.82756e-06
5.11379e-06
7.19114e-06
6.43085e-06
4.10683e-06
0.00222433
0.00108587
0.000500412
0.000234344
8.7236e-05
3.97983e-05
3.41228e-05
6.12604e-06
0.00388306
0.00359147
0.00331628
0.00303592
0.00266341
0.00225094
0.00196871
0.00117576
0.000943696
0.000587592
0.000271409
7.28015e-05
3.42924e-05
0.000154021
0.000461898
0.000747825
0.00267441
0.00550335
0.00886209
0.00881183
0.00960099
0.00904265
0.00738043
0.00598302
0.00462942
0.00371113
0.00272306
0.00167815
0.00137703
0.00118213
0.00048966
0.000524429
0.000352198
0.00031258
0.000241476
0.000212392
0.000155619
0.000143702
0.000146018
0.00016453
0.000327457
0.000247932
0.000432132
0.000781953
0.000797368
0.00142634
0.00140629
0.00166486
0.00183051
0.00210548
0.00240415
0.00299629
0.00343081
0.00339311
0.00427633
0.00611451
0.00559481
0.00502403
0.00596115
0.00713413
0.00881588
0.0124658
0.0118267
0.00902029
0.00916225
0.00735966
0.00624921
0.00521804
0.00877638
0.00128151
0.00514237
0.00575919
0.00117555
0.00116604
0.00121716
0.00124415
0.00126953
0.00130768
0.00122735
0.00137168
0.00124616
0.00127583
0.00116545
0.00127036
0.00123363
0.00135968
0.001254
0.00123169
0.00129923
0.00135975
0.00137171
0.00126427
0.00122954
0.000955704
0.00123564
0.00070285
0.000358944
0.00068073
0.000139809
0.000449281
0.00032095
0.000127213
0.000252146
0.000362046
0.000188875
0.000282207
0.000393131
0.000766787
0.00167558
0.000803567
0.000888211
0.00150545
0.00199263
0.0026834
0.00391357
0.00357243
0.000997207
0.00259384
0.00414284
0.00410168
0.00448968
0.00582832
0.0071185
0.00420398
0.00294831
0.00257583
0.00200402
0.00166238
0.0032431
0.00113391
0.00203779
0.00128567
0.00087723
0.00102455
0.000928181
0.000681464
0.000465996
0.000653988
0.000125653
0.000197407
0.000289819
0.000152476
0.000592738
0.000480471
8.08201e-05
6.89104e-05
0.00244064
3.77336e-05
3.77453e-05
3.77482e-05
3.77515e-05
3.77582e-05
3.7755e-05
3.77596e-05
0.000712367
1.31725e-07
0.000528999
0.00264413
0.00235923
0.00213924
0.00177475
0.00145665
0.00117356
0.000764573
0.00047712
0.000343777
0.00137755
0.00187892
0.00136475
0.00117066
0.000852682
0.000615045
0.000520621
0.000276385
0.000166411
0.000177601
7.53775e-05
3.74091e-05
2.59209e-05
8.16384e-06
4.91396e-06
9.58968e-06
8.16068e-06
9.34034e-06
0.00112076
0.000874039
0.000620205
0.000475747
0.000308482
0.000246233
0.000128695
8.23513e-05
4.51911e-05
2.83921e-05
9.51804e-06
0.00120658
0.000740904
0.000598479
0.000383036
0.000191906
7.30008e-05
4.48674e-05
4.31861e-05
5.5459e-05
1.04268e-05
2.86998e-05
1.01635e-05
1.11737e-05
3.58243e-05
8.54543e-06
4.53007e-06
1.25038e-05
1.07551e-05
0.00175187
0.0010587
0.000549398
0.000961733
0.000444624
0.000263404
0.00015081
0.000138072
6.35834e-05
0.00485916
0.00439484
0.00408376
0.00343551
0.00308278
0.00200323
0.00151109
0.00094568
0.000106229
0.000205538
0.00140598
0.00354094
0.0067772
0.00911357
0.00927115
0.00970683
0.00854234
0.00647021
0.00414189
0.00308158
0.00233873
0.00137237
0.00140137
0.00145274
0.000962032
0.000840101
0.000643174
0.000659521
0.000361704
0.000264645
0.000205462
0.000255662
0.000173162
0.000239794
0.000353932
0.000750089
0.00161406
0.00209454
0.00176967
0.00285134
0.0029477
0.00282857
0.00391582
0.00684869
0.0130752
0.00705197
0.00360915
0.00317251
0.00259754
0.00227175
0.00196892
0.00186799
0.00225039
0.00185932
0.00188162
0.00181689
0.00184738
0.00185421
0.00185152
0.00178275
0.00174952
0.00173792
0.00177825
0.00177626
0.00174262
0.00169711
0.00168386
0.00163848
0.00165507
0.00162119
0.00165957
0.00164629
0.00162833
0.00168685
0.00134909
0.000986765
0.00131347
0.000692489
0.000511813
0.000525551
0.000343621
0.000335738
0.000403382
0.000597804
0.00124264
0.000791582
0.00138251
0.00199928
0.00193565
0.00211958
0.00260631
0.00168872
0.00121843
0.00116649
0.000730275
0.00216332
0.0012037
0.000930757
4.84192e-05
0.000601863
0.00011477
0.00016693
0.000258777
0.000309482
6.74559e-05
0.000206545
7.68828e-05
0.00144145
9.24779e-05
0.000141139
7.8099e-05
0.000356339
0.000275126
0.000124066
8.95196e-05
0.000187333
0.000890756
0.00011314
0.0104115
0.0167169
0.00241753
0.0177353
3.136e-05
3.13861e-05
3.13789e-05
3.1354e-05
3.12289e-05
3.12264e-05
0.000122367
0.000122159
0.00199643
0.00158292
0.00525959
0.00480345
0.00415668
0.00376543
0.00313187
0.00297623
0.00243505
0.00180918
0.00156562
0.000616494
0.000371716
0.000280686
0.000195278
9.15586e-05
5.2966e-05
9.51066e-06
8.30392e-06
6.9032e-06
5.90822e-06
2.29389e-05
5.55415e-05
2.43574e-05
2.70184e-05
6.03493e-05
5.09763e-05
0.00010934
4.02061e-05
4.19603e-05
6.89654e-06
6.88442e-06
0.00021616
0.000121675
0.000106132
5.87861e-05
1.01039e-05
4.94996e-06
6.55358e-06
6.71343e-06
1.36742e-05
8.19444e-06
1.64428e-05
1.17861e-05
0.00167763
0.000962674
0.000566226
0.000351569
0.000226094
8.73503e-05
4.57985e-05
3.47828e-05
1.33957e-05
1.55173e-05
1.65664e-05
6.42926e-06
7.12857e-06
6.67639e-06
6.9762e-06
8.50074e-06
9.10308e-06
1.31604e-05
1.13607e-05
8.58304e-06
9.05665e-06
2.23613e-05
2.07722e-05
8.14873e-06
0.00378407
0.00357899
0.00310999
0.00287114
0.00247209
0.00185407
0.0014635
0.00105503
0.00059461
0.000242167
8.74684e-05
0.000114168
0.000169185
0.000592073
0.00207138
0.00523483
0.00634239
0.00597226
0.0074462
0.007955
0.00780725
0.00734085
0.00634079
0.00361233
0.00257936
0.0016609
0.00163983
0.000916435
0.000425285
0.000312323
0.000299838
0.000303771
0.000198708
0.000193258
0.000154998
0.000130111
0.000117452
9.54553e-05
7.71502e-05
0.000148448
0.00017326
0.000764402
0.000831665
0.000910686
0.00153284
0.00143824
0.00229836
0.00228955
0.00316378
0.00336991
0.00324755
0.00306177
0.00385085
0.0045277
0.00432996
0.00449794
0.00673165
0.00283335
0.00259647
0.00236769
0.00237701
0.00231687
0.0025238
0.0024172
0.00249435
0.00261147
0.0025906
0.00229378
0.00231031
0.00244505
0.00237711
0.00233917
0.00243128
0.00240907
0.00261842
0.00275295
0.00245434
0.00264087
0.00292041
0.00301319
0.00287649
0.0028263
0.00276315
0.00270942
0.0026241
0.00278649
0.00262149
0.00138724
0.000611095
0.000417273
0.000129013
0.000121144
0.000122688
0.000133779
0.000157775
0.000507267
0.000484146
0.000593093
0.000900565
0.000721707
0.00141416
0.00137962
0.00296272
0.00269294
0.00390165
0.00382736
0.00383576
0.00682464
0.00499756
0.00530056
0.00390191
0.00645806
0.00482624
0.0044501
0.00582901
0.00602317
0.00586529
0.00596124
0.00549176
0.00572394
0.00405419
0.00565142
0.00415752
0.00397799
0.00304376
0.0036577
0.00357634
0.00255127
0.00235804
0.00865354
0.00129374
3.54788e-05
3.57916e-05
3.59361e-05
3.63167e-05
3.68329e-05
3.74032e-05
3.36291e-05
0.000352988
0.00155981
0.000163532
8.08179e-05
0.000199116
0.000166091
0.000137411
0.000117582
8.88395e-05
1.7648e-05
3.66715e-05
0.000120645
7.30047e-05
0.0146649
0.0117681
0.00947362
0.00726124
0.00527166
0.00389556
0.00259219
0.00173709
0.00117515
0.000750177
0.000389
0.000368278
0.000146935
1.60025e-05
1.01822e-05
0.000181021
0.000146328
0.00011912
0.00018595
0.000135088
0.000106046
0.000173207
0.000224537
7.78369e-05
7.41624e-05
9.62853e-05
6.26749e-05
7.31922e-05
6.57041e-05
4.88421e-05
0.000120284
9.32672e-05
0.000100209
0.00235859
0.0020084
0.00134166
0.00125558
0.00104213
0.000855957
0.000793142
0.00061302
0.000509648
0.000476693
0.00039244
0.000376914
0.000296314
0.000305612
0.000272155
0.000316449
0.000243459
0.000248504
0.000235299
0.000182833
0.000170837
5.78153e-05
4.62171e-05
4.83939e-05
5.08555e-05
7.12464e-05
6.75837e-05
4.71228e-05
1.05728e-05
4.67456e-05
8.76993e-05
0.000161409
0.00020778
0.000195523
0.000154243
3.85866e-05
0.000104348
0.000295784
0.000802864
0.00084741
0.000899018
0.00258258
0.00506782
0.00473199
0.00473203
0.00392327
0.00297367
0.00147155
0.00168988
0.00118087
0.000782852
2.69667e-05
7.36414e-05
3.12965e-05
6.45391e-05
0.000120109
0.000118331
0.000232193
0.000245041
0.000471804
0.000496761
0.000534346
0.000645265
0.00110538
0.00132467
0.00140759
0.00174695
0.00180079
0.0037539
0.0041766
0.005338
0.00613053
0.0064507
0.00703076
0.00699761
0.00971605
0.0101166
0.011414
0.0113647
0.0137664
0.0158571
0.0116749
0.0152223
0.0180226
0.0157532
0.0218465
0.0183517
0.0151276
0.0175769
0.00720384
0.00318378
0.00298223
0.00310424
0.002747
0.002809
0.00279638
0.00333296
0.00312988
0.00298713
0.00388907
0.00400484
0.00341728
0.00309507
0.00312359
0.00296391
0.00272353
0.0028942
0.0027143
0.00260193
0.00261385
0.00112744
0.000256691
0.000128573
0.000107009
4.79344e-05
7.55451e-05
0.000152928
0.000136045
6.92089e-05
7.07038e-05
0.000434085
0.000410652
0.000694935
0.000380335
0.00123985
0.00150895
0.000818783
0.00257827
0.00152266
0.00174762
0.00161001
0.00358827
0.00277726
0.00520607
0.00496352
0.00344645
0.00502669
0.00442412
0.0046415
0.00438103
0.00407404
0.0031518
0.00385712
0.00335409
0.00347087
0.00321613
0.00232582
0.00282589
0.00334142
0.00403386
0.00327838
0.00306332
0.00221644
0.0020039
0.00106421
0.00161892
0.00046439
0.000759624
0.000646472
2.12782e-05
0.000137525
0.000113604
0.000110865
7.09946e-05
0.000668557
0.00145682
5.26938e-05
5.4638e-05
5.59302e-05
5.81931e-05
5.99071e-05
5.84437e-05
4.03185e-05
4.04078e-05
0.000973393
5.09078e-05
0.0015157
0.0043081
0.00377685
0.00371254
0.00327067
0.00246336
0.0017345
0.00152789
0.000890808
0.000556757
0.000439148
0.000206265
0.000155267
6.93927e-05
8.02927e-05
5.65097e-05
6.84688e-06
4.1194e-06
4.45734e-06
4.76757e-06
1.21859e-05
1.46091e-05
1.71237e-05
6.93702e-05
8.99642e-06
1.38437e-05
7.28711e-06
1.54794e-05
1.69299e-05
6.36099e-05
3.99482e-05
4.64755e-05
0.00224704
0.00140243
0.00104827
0.000580113
0.0020392
0.00142226
0.000684437
0.000777621
0.000831994
0.000840463
0.00270365
0.00227635
0.00234533
0.00151569
0.000619366
0.000318516
0.000441558
0.00030903
7.50702e-05
8.14186e-05
9.11884e-06
4.34458e-06
0.000253126
0.000345854
0.000423453
0.00035113
0.000191226
0.000212967
0.000187844
8.98352e-05
0.000102584
0.000628628
0.0111379
0.00718719
0.00418899
0.00219188
0.00105289
0.00055448
0.000198022
0.000107912
5.09573e-05
0.00492874
0.00456874
0.00431158
0.00396592
0.00345586
0.00309169
0.00271738
0.00222016
0.00173465
0.00132508
0.000780297
0.000377181
0.000375925
0.000139905
5.80923e-05
0.000163361
0.000447445
0.000478404
0.00214089
0.00278125
0.0052186
0.00735938
0.0078578
0.00607798
0.00444645
0.00364333
0.0021821
0.00180708
0.00115151
0.000588382
0.000365829
0.000213417
0.000185464
0.000138699
0.000138035
0.000130253
0.000131473
0.000201713
0.00019263
0.000233382
0.000179187
0.000471444
0.00055708
0.000693321
0.00100759
0.00104681
0.000996145
0.0014982
0.00190544
0.00207836
0.00212769
0.00280791
0.0025691
0.00360231
0.00524945
0.00563191
0.00526322
0.00457208
0.00544468
0.00796304
0.00716371
0.00541822
0.00899927
0.0101554
0.00690061
0.00753139
0.00852584
0.00603067
0.00659732
0.00644177
0.0074944
0.00236727
0.0022021
0.00208285
0.00194725
0.00186828
0.00201964
0.00198237
0.0017397
0.00176382
0.0017149
0.00183549
0.00157402
0.00168155
0.00149531
0.00161358
0.00151029
0.00165608
0.00151
0.00150783
0.00149649
0.00142814
0.00152757
0.00148609
0.00150649
0.00144299
0.00146949
0.00138702
0.0013994
0.00148841
0.00137933
0.00148032
0.000668167
0.000863372
0.000560639
0.000221296
0.000173718
0.000170994
0.000224359
0.000168149
0.000227315
0.000430964
0.000313077
0.00037567
0.000626054
0.000620974
0.000593572
0.00211921
0.00252753
0.00235258
0.00296849
0.00263324
0.00324318
0.00334455
0.00274442
0.0036262
0.00181168
0.00460288
0.00349867
0.00313282
0.00284384
0.00226446
0.00230856
0.0013579
0.0018273
0.00124962
0.00137243
0.000643962
0.000597565
0.000659637
0.000421134
0.000769903
0.000292736
0.00052165
7.27901e-05
0.000311323
0.000231471
0.00028577
0.000136341
0.000118986
0.00345524
0.00024827
0.000148194
3.70593e-05
3.72108e-05
3.72126e-05
3.70788e-05
3.70829e-05
3.70753e-05
5.20627e-05
0.00188661
0.000267016
0.000407383
0.00104773
0.00121367
0.00124897
0.00100848
0.000748413
0.000640701
0.0004574
0.000253367
0.00013433
4.37e-05
2.80055e-05
4.45215e-06
3.02808e-05
0.000518309
0.000390373
7.21856e-05
0.000270177
0.000201651
0.000155044
6.24074e-05
1.19689e-05
1.06897e-05
4.61804e-06
3.43802e-06
1.68091e-05
1.69801e-05
2.2069e-05
7.19514e-05
2.22181e-05
2.80468e-05
7.7895e-05
4.84862e-05
5.77105e-05
0.00102888
0.000627289
0.000594133
0.000447007
0.000334832
0.00032086
0.000172239
0.000124946
0.000101764
4.81877e-05
0.00110532
0.000698784
0.000506259
0.000410813
0.000201869
0.000125955
9.44241e-05
5.06693e-05
1.57784e-05
1.01968e-05
9.20511e-06
5.58357e-06
4.85527e-06
5.34263e-06
6.02406e-06
4.87297e-06
5.74608e-06
8.17358e-06
4.3171e-06
7.90756e-06
2.91042e-05
4.88116e-06
5.6341e-06
4.88532e-06
1.17007e-05
0.00167146
0.000995289
0.00049862
0.000442376
0.000534745
0.000293784
0.000161254
9.25968e-05
5.80083e-05
5.07399e-05
0.00449888
0.00400427
0.00366112
0.00314272
0.00248535
0.00199794
0.00139322
0.000900668
0.000696685
0.000729465
0.000301404
6.44747e-05
9.91217e-05
0.0002385
0.00037813
0.00326442
0.00551634
0.00870129
0.00835305
0.00929245
0.00847436
0.00805831
0.00621716
0.00568468
0.00500265
0.00316188
0.0010685
0.00134916
0.00138256
0.00108701
0.00075682
0.000455832
0.000205765
0.000183981
0.000163333
0.000147945
0.000130816
0.000142052
0.000208972
0.000130497
0.000358898
0.00047854
0.000413994
0.000715955
0.000923719
0.00143403
0.0016279
0.0015961
0.00206479
0.002398
0.00242748
0.0031183
0.00339748
0.00652572
0.00525277
0.0051967
0.00521918
0.00514431
0.00590909
0.00368501
0.00494417
0.00249398
0.0021714
0.00201469
0.00172562
0.00180785
0.00151359
0.00164339
0.00177421
0.00172986
0.00162509
0.00165032
0.00161932
0.00169353
0.00162009
0.00160427
0.00159348
0.0015865
0.00156231
0.00156699
0.00156697
0.00153811
0.00154916
0.0015346
0.00150516
0.0015119
0.00155548
0.00144956
0.00157373
0.00153997
0.00134417
0.000857216
0.000485607
0.000405099
0.000260385
0.000338994
0.00033709
0.000305101
0.000321776
0.00118515
0.000906815
0.00111528
0.00143041
0.00115364
0.0012894
0.00117371
0.00161016
0.00301036
0.0011768
0.00176893
0.000620292
0.00120828
0.000714531
0.000600937
0.000406761
5.17338e-05
0.000105512
0.000382034
8.7177e-05
0.000391968
0.000481932
0.000135016
0.000621738
0.000356891
0.000160274
0.000337238
0.000116045
8.2704e-05
0.000834325
0.000470901
0.000103655
0.000190361
0.00429295
0.00646006
0.00236131
0.00200437
0.0014722
0.00197222
0.0014581
3.58245e-05
3.58339e-05
3.58324e-05
3.57706e-05
3.56478e-05
3.56431e-05
3.56391e-05
0.000100199
0.000662596
0.00212603
0.00494932
0.00545755
0.00471211
0.00372066
0.00398821
0.00278394
0.00240439
0.00187958
0.00124234
0.000813903
0.000452603
0.000322415
0.000121944
0.000177524
0.000120098
1.25578e-05
5.69681e-06
1.31482e-05
4.12895e-05
3.73104e-05
2.93758e-05
8.34666e-05
7.38544e-05
2.41479e-05
3.35413e-05
1.63653e-05
1.97288e-05
2.81838e-05
1.83631e-05
3.37317e-05
3.48675e-05
3.43094e-05
4.47449e-05
1.82894e-05
5.69883e-05
1.09915e-05
0.000142434
0.000154227
9.85586e-05
8.54348e-05
3.7255e-05
1.01444e-05
6.49414e-06
5.53117e-06
5.85275e-06
6.24303e-06
6.28466e-06
4.89453e-06
4.5457e-06
0.00159777
0.000957259
0.000608761
0.000398358
0.000187409
0.000129962
6.54631e-05
2.92953e-05
4.87492e-05
2.34176e-05
3.60562e-05
1.919e-05
5.82342e-06
5.37653e-06
5.64505e-06
7.89249e-06
6.86603e-06
5.76218e-06
6.97356e-06
6.02465e-06
7.80936e-06
6.15947e-06
6.13758e-06
6.53695e-06
7.26715e-06
0.00347842
0.00328439
0.00309751
0.00267346
0.00220734
0.00158936
0.00130844
0.000741309
0.000396255
0.000187453
5.81285e-05
0.000164925
0.000263573
0.000857083
0.00330888
0.00444249
0.00646803
0.00902567
0.00875083
0.0084032
0.00742055
0.00725361
0.00651439
0.00516654
0.00457367
0.00184806
0.0019343
0.00129238
0.0007578
0.00103231
0.000412686
0.000439343
0.000606441
0.000191489
0.00043585
0.000236655
0.000161918
7.83661e-05
7.45248e-05
6.75099e-05
5.58929e-05
4.14431e-05
0.000108682
9.42848e-05
0.000475831
0.000641015
0.00140978
0.00185188
0.00196855
0.00218258
0.00289555
0.00319899
0.00296859
0.00433394
0.00457527
0.00453602
0.00476258
0.00631059
0.00236705
0.0021651
0.00282392
0.00221589
0.00231827
0.00213289
0.00222179
0.00271299
0.00266291
0.002463
0.00222713
0.00227127
0.00229495
0.00237214
0.00235845
0.0023893
0.00246091
0.00231842
0.00248646
0.0024074
0.00255681
0.00230418
0.00244556
0.00239396
0.00215839
0.00236478
0.00225691
0.00235953
0.00239234
0.00118006
0.00231121
0.00107139
0.000399108
0.000153129
0.00021494
0.000153432
0.000215861
0.00032885
0.000391093
0.00109911
0.00113322
0.00167447
0.00102606
0.00145075
0.00296753
0.00303401
0.0033153
0.003533
0.00502526
0.00428925
0.00434023
0.00440429
0.00559749
0.00533229
0.00337138
0.00491018
0.00415072
0.00289147
0.00381674
0.00317384
0.00167845
0.00347529
0.00216469
0.00195883
0.00217347
0.00207089
0.00145227
0.00191336
0.00244624
0.002254
0.00305756
0.00249353
0.00731444
0.00387094
0.00419229
0.0035833
4.1873e-05
4.2712e-05
4.29808e-05
4.31744e-05
4.40015e-05
4.38537e-05
3.80872e-05
6.4405e-05
6.46857e-05
0.00135624
0.00126738
0.000829148
0.0115122
0.0135633
0.0116586
0.0101156
0.00887663
0.00793481
0.00671739
0.00527021
0.0038159
0.00301482
0.00175688
0.00124178
0.000806697
0.000548696
0.000265387
0.000186966
0.000103253
5.83658e-05
3.81397e-05
2.69358e-05
7.14738e-05
3.51185e-05
4.1798e-05
6.21103e-05
5.16896e-05
4.68865e-05
8.27042e-05
2.07155e-05
2.05395e-05
3.31383e-05
3.41272e-05
3.11352e-05
3.6665e-05
3.10978e-05
6.75494e-05
7.12677e-05
4.15112e-05
8.65721e-05
0.000679035
0.000933181
0.000797753
0.000752469
0.000615084
0.000537784
0.000329381
0.000299019
0.000409536
0.000310393
0.000304961
0.000331576
0.000313677
0.000242938
0.00029353
0.000282974
0.000236309
0.000258187
0.00023977
0.000216949
0.000189993
0.000243139
0.000204157
0.000176869
0.000173377
0.000153865
0.000206801
0.000160822
0.000151095
0.000147465
0.000177693
0.000152864
0.000148729
0.000111224
8.58467e-05
0.000162596
0.000234598
0.000222425
0.000181762
0.000120206
6.45545e-05
4.90658e-05
4.87783e-05
0.000159266
0.000889709
0.000632723
0.00151913
0.00346171
0.00391625
0.00465006
0.00449155
0.00342565
0.00212748
0.00128746
0.000421355
0.000606854
0.000318825
0.000119727
8.43242e-05
1.93605e-05
1.54474e-05
2.90994e-05
8.25647e-05
7.43008e-05
9.33388e-05
0.000233525
0.000237421
0.000414759
0.00056701
0.000832559
0.000969701
0.00099692
0.0012221
0.00298536
0.00406514
0.00414491
0.00568788
0.00584308
0.0068803
0.00602989
0.00633641
0.00827687
0.010854
0.00925137
0.0142002
0.0146045
0.0112936
0.0140906
0.0149289
0.0168664
0.0151864
0.0219844
0.0232213
0.0121191
0.0116193
0.00445302
0.00420277
0.00510987
0.00505135
0.00432062
0.00352629
0.0032484
0.00348408
0.00297681
0.00283541
0.0028803
0.00269439
0.00233274
0.00251019
0.00237092
0.00254091
0.00240051
0.00238099
0.00231887
0.00223196
0.00200022
0.00206531
0.00121978
0.00196409
0.000792576
0.00059551
0.000246331
0.000236681
0.000231682
0.000437897
9.56546e-05
0.00067324
0.000128207
0.000643233
0.000982258
0.000515721
0.000527103
0.000830499
0.00147163
0.00203422
0.00224846
0.0021478
0.0019895
0.00267647
0.00263146
0.00393526
0.00332917
0.00445915
0.00329251
0.00298425
0.00328712
0.00322705
0.00522885
0.00285512
0.00557649
0.00542888
0.00303955
0.00311509
0.00286452
0.00242687
0.00217812
0.00165656
0.00177362
0.000487398
0.00242089
0.000369747
0.00150907
0.000483217
0.000528311
0.00154143
0.00164462
0.000224293
0.000259407
0.00150986
0.000112805
0.000226108
0.0019138
0.000859315
1.47367e-05
3.96923e-05
4.14316e-05
4.16294e-05
3.92317e-05
4.17191e-05
3.95967e-05
4.2604e-05
4.31338e-05
4.48032e-05
0.00140068
0.00141223
0.00208411
6.72708e-06
0.00375062
0.00315328
0.00272986
0.0024604
0.00237448
0.00224127
0.00179698
0.00162791
0.0011013
0.000805289
0.000479405
0.000404792
0.000177277
9.84087e-05
7.02542e-05
0.000107407
3.89874e-05
4.34153e-05
7.02861e-06
6.28356e-06
3.36965e-05
5.24902e-05
1.31912e-05
2.97627e-05
0.000119739
6.78963e-05
7.45142e-05
2.11709e-05
7.96914e-05
8.39273e-05
0.000162471
0.000158624
0.00103038
0.00117898
0.00068708
0.000375894
0.00112182
0.00101575
0.000415889
0.000281731
0.000158357
0.000312167
0.000138043
9.33184e-05
0.00012337
3.8725e-05
2.50246e-05
2.53577e-05
1.7201e-05
7.06692e-06
1.03836e-05
6.6476e-06
8.18705e-06
1.33143e-05
1.03285e-05
3.50816e-05
2.00667e-05
0.00683026
0.00429811
0.000763245
0.00295667
0.00161904
0.00098409
0.000448861
0.000195255
6.39422e-05
3.18508e-05
3.73088e-05
1.25563e-05
9.34094e-06
1.52047e-05
8.40677e-06
0.00498134
0.00465867
0.00440386
0.00391802
0.00341437
0.00298104
0.00262955
0.00215121
0.00143264
0.00111412
0.000742072
0.000687665
0.000385894
0.000109052
7.00534e-05
0.000231943
0.000398711
0.00111401
0.00313138
0.00428586
0.00602294
0.00739455
0.00768924
0.00659131
0.00500804
0.00439374
0.00263057
0.00124282
0.00132612
0.000663485
0.000490279
0.000269902
0.000210751
0.000135959
0.000107527
0.000111328
0.000132659
0.000222007
0.000169498
0.000320054
0.000555511
0.000583178
0.00082276
0.000997037
0.00112104
0.00163717
0.00202987
0.00192945
0.00260155
0.00301795
0.00342219
0.00407662
0.00477135
0.00530041
0.00793436
0.0070099
0.00735212
0.00935258
0.00609504
0.00848819
0.00558001
0.00615773
0.00499935
0.00448642
0.00758781
0.00816614
0.00608797
0.00526116
0.00948319
0.0085814
0.00199151
0.00189369
0.00190013
0.00180409
0.00184458
0.00180025
0.00172885
0.001742
0.00165075
0.0015893
0.00162569
0.00163921
0.00152848
0.00173297
0.00151311
0.00150021
0.00150996
0.00144625
0.00148754
0.00139902
0.0014487
0.00160729
0.00141925
0.00137554
0.00137001
0.00146316
0.00143716
0.00148428
0.00133431
0.00140088
0.00122462
0.000576146
0.000421243
0.00062609
0.000411679
0.000500011
0.000251474
0.000195238
0.000549809
0.000337497
0.000527564
0.00149761
0.000441627
0.0012905
0.00180845
0.00190943
0.00143367
0.00157004
0.00155611
0.00244788
0.00293568
0.00150744
0.00377034
0.0030268
0.00386275
0.00358246
0.00304511
0.00301944
0.00243151
0.00179408
0.00189617
0.00328788
0.00223491
0.00153289
0.00119224
0.00104187
0.000954829
0.00210597
0.000695327
0.000579457
0.000605082
0.0002858
0.00026515
0.000251037
0.000252642
0.000500105
0.000292651
0.00019691
0.000246593
0.000160911
0.000157154
0.00399214
4.05537e-05
4.01185e-05
4.01066e-05
4.06256e-05
4.01885e-05
4.01656e-05
3.90317e-05
4.66301e-05
0.0015541
0.000173837
2.74909e-05
0.00087173
0.00137715
0.00143763
0.00125405
0.00083696
0.000697064
0.000442533
0.000249727
0.00010073
6.41414e-05
1.54523e-05
5.34693e-06
0.000951788
0.000558195
0.000332411
0.000308414
0.000221268
0.0001636
0.000119041
5.02974e-05
1.67752e-05
1.12579e-05
4.40849e-06
6.25924e-06
6.97232e-06
3.29694e-06
3.70968e-06
1.57754e-05
5.65036e-06
5.68628e-06
3.7407e-05
3.27681e-06
0.00124844
0.000773371
0.000551628
0.00052397
0.00038495
0.000280422
0.000105656
0.000125952
2.59532e-05
1.15293e-05
8.51047e-05
0.000108843
4.38883e-05
9.05674e-05
8.74508e-05
0.000223063
9.8074e-05
0.000143741
2.90575e-05
0.0001323
0.000107373
0.000162572
0.000153623
0.00011644
0.000163323
0.000106996
0.000134431
0.000126611
0.000114939
3.28474e-05
3.73361e-05
8.54456e-05
0.000118291
0.000109073
0.000115422
2.89358e-05
0.000125049
0.00011917
0.000118315
4.03472e-06
4.64569e-06
4.8108e-06
0.0110129
0.000713495
0.000769667
0.000822997
0.000764802
0.000600345
0.000494271
0.000439799
0.000353893
0.000122674
9.03896e-05
2.72725e-05
9.37428e-05
0.000329438
0.00073927
0.000879963
0.00278897
0.00549247
0.00605131
0.0086796
0.00851734
0.00792012
0.00672277
0.0048984
0.00311295
0.00186794
0.00170364
0.00145725
0.00141582
0.000687417
0.000632948
0.000305563
0.000266092
0.000201655
0.000143492
0.000132271
8.90671e-05
0.000155289
0.000103871
0.000158571
0.000201567
0.00034632
0.00055007
0.000665427
0.000840394
0.00125868
0.00139741
0.00200198
0.0024503
0.00290153
0.0037446
0.00375991
0.0041509
0.00425261
0.00573878
0.00588839
0.00827108
0.00705489
0.0214371
0.00425314
0.00374914
0.00444049
0.00737877
0.0048369
0.00453893
0.00272677
0.00256821
0.00228228
0.00211044
0.00185936
0.00189698
0.00189298
0.00173165
0.00159804
0.00155314
0.00165732
0.00158078
0.00152459
0.00148452
0.00139549
0.00151343
0.00163494
0.00139577
0.00136964
0.00144291
0.00143002
0.00138047
0.00126537
0.00141
0.00140962
0.00136818
0.000940505
0.000739896
0.000231586
0.00036231
0.000210349
0.000535359
0.00021982
0.000176691
0.000629445
0.00106362
0.000619132
0.00207946
0.00175412
0.00130398
0.00285242
0.00209771
0.00206871
0.000998745
0.00089107
0.00182048
0.000754089
0.000551237
0.000468931
0.000412234
0.000308683
4.24326e-05
0.000847642
0.000139395
0.000106666
0.00105234
0.000106733
0.000513069
0.000268936
0.000178059
7.27752e-05
0.00070098
9.04382e-05
0.00030062
0.00322508
0.00452059
0.00286362
0.00290577
0.00165011
0.00144109
0.00165996
0.00094168
0.00300531
3.9836e-05
3.9846e-05
3.98522e-05
3.98407e-05
3.97864e-05
3.96871e-05
3.96547e-05
0.000119645
0.000804687
0.00109456
0.00605249
0.00429278
0.00367357
0.00457284
0.00292353
0.00285158
0.00206178
0.00158276
0.00111792
0.000804496
0.000592969
0.000219483
8.08971e-05
7.37269e-05
5.51443e-05
1.68583e-05
4.64452e-06
8.49841e-06
6.57076e-05
6.25061e-05
2.66762e-05
6.93558e-06
5.20286e-05
3.29897e-05
4.35584e-05
4.19396e-05
7.59168e-05
0.000140493
3.31232e-05
0.000130219
4.20174e-05
3.97088e-05
6.75811e-06
3.73522e-05
0.0001788
0.000132124
0.000115536
5.04861e-05
3.49342e-05
7.29376e-06
2.01791e-05
8.47645e-06
9.83813e-06
3.63736e-06
6.68231e-06
0.000680566
0.000403698
0.000262201
0.000195455
8.83365e-05
5.79479e-05
3.96207e-05
1.94442e-05
4.81692e-06
8.86771e-06
6.31344e-06
5.99039e-06
4.26471e-06
4.54145e-06
5.06919e-06
5.12851e-06
6.44659e-06
4.75157e-06
1.59195e-05
5.3508e-06
9.52078e-06
7.96664e-06
7.61491e-06
5.46e-06
1.34615e-05
0.0023121
0.00225662
0.00222988
0.00201285
0.00162045
0.00142261
0.000941854
0.000595331
0.000398746
0.000110834
4.10274e-05
0.000114065
0.000396006
0.000385959
0.000905152
0.00316655
0.0062302
0.00958435
0.010469
0.00855872
0.00669058
0.00711203
0.00404443
0.00281424
0.00183119
0.00146121
0.00100784
0.000591045
0.000482689
0.000465609
0.00038737
0.000472185
0.000473814
0.000209718
0.000179327
0.000160169
0.000129652
0.000117925
0.000131768
0.00011979
0.000406816
0.000371643
0.000560099
0.00112722
0.00156379
0.00178902
0.00202529
0.00199181
0.00318472
0.00351123
0.00508959
0.00527225
0.00673949
0.00614093
0.00750363
0.00295697
0.0074788
0.00287017
0.00249351
0.00255665
0.00243512
0.00244547
0.00239682
0.00214925
0.002248
0.00249443
0.00224381
0.00244309
0.00251669
0.00227105
0.00220947
0.00204393
0.00220803
0.0018974
0.00211883
0.00210658
0.00217208
0.00209678
0.00204571
0.00208267
0.0019502
0.00204265
0.00209923
0.0019421
0.0020854
0.000974713
0.000570962
0.000102496
0.000173449
0.000127513
0.000274097
0.000424988
0.000144887
0.000149685
0.00138237
0.00084964
0.00173454
0.00105588
0.00203532
0.00353883
0.00237644
0.00707218
0.00412418
0.00501056
0.00483482
0.00333219
0.00538173
0.00531764
0.00402462
0.00547859
0.00540785
0.00306252
0.00628854
0.00431828
0.00451338
0.00450232
0.00300032
0.00413983
0.00238598
0.00166787
0.00153344
0.00140162
0.000891181
0.000803843
0.00246822
0.00143463
0.00153963
0.000895277
0.000875976
0.000540471
0.000195478
4.19015e-05
4.19523e-05
4.20427e-05
4.20887e-05
4.22538e-05
4.24973e-05
4.24689e-05
4.1004e-05
0.00062989
0.000677427
5.28642e-05
0.0157687
0.0120161
0.010561
0.00931416
0.00860259
0.0082546
0.00752621
0.00684227
0.00568687
0.00456662
0.00331965
0.0024629
0.00151471
0.00105404
0.000533096
0.000308036
0.000152386
9.61393e-05
9.99941e-05
2.83617e-05
1.98311e-05
2.95264e-05
2.1982e-05
6.54747e-05
6.35013e-05
8.58638e-05
7.51321e-05
6.88298e-05
4.0602e-05
3.41452e-05
7.25818e-05
4.04544e-05
2.66052e-05
4.48793e-05
5.3507e-05
4.61598e-05
4.81948e-05
5.93504e-05
6.68785e-05
1.7808e-05
6.76087e-05
6.27631e-05
2.60019e-05
2.62458e-05
0.000851888
0.000780036
0.00067119
0.000700359
0.000690878
0.000618526
0.000641694
0.000558196
0.000547178
0.000506746
0.000441618
0.000424082
0.000376764
0.000370998
0.000288816
0.00030315
0.000364257
0.000302732
0.000264797
0.000251631
0.000233774
0.000191681
0.000221515
0.000217768
0.000157314
0.000143914
0.000133459
0.000152794
0.000244835
0.000120403
0.000117872
2.59303e-05
7.92565e-05
0.000260579
0.000566358
0.000791158
0.000673843
0.00276714
0.00290032
0.00588509
0.00681005
0.00635846
0.00540672
0.00379812
0.00300612
0.00153471
0.00102518
0.00110991
0.00049821
0.000211364
6.8084e-05
6.1349e-05
0.000144461
2.09848e-05
8.09992e-06
6.05818e-05
3.01066e-05
9.24452e-05
0.00037318
0.000450093
0.000635846
0.000960329
0.00261741
0.00286893
0.00315136
0.00363437
0.00445782
0.0055005
0.00591735
0.00806442
0.00800533
0.0108879
0.00977246
0.0118386
0.0103798
0.0140951
0.0190979
0.0141701
0.0133224
0.014145
0.012397
0.0105278
0.00178837
0.00185436
0.00190304
0.00206084
0.00187952
0.00206591
0.00190483
0.00195068
0.00207931
0.00203259
0.00214114
0.00236569
0.00218738
0.00222886
0.0022532
0.00232493
0.00232028
0.00227196
0.00274751
0.00232785
0.00268756
0.00243778
0.00243089
0.00243335
0.00207513
0.00212431
0.000449512
0.000955778
0.000967954
0.000374009
0.000349841
0.000649782
0.000500931
4.81116e-05
9.43739e-05
8.53096e-05
5.61592e-05
0.000861478
0.00113763
0.000382398
0.000974257
0.000791833
0.00127936
0.000681761
0.000874448
0.00362421
0.00285491
0.00290268
0.00420343
0.00685218
0.00390743
0.00490305
0.00456992
0.00305092
0.00443133
0.00346366
0.00376874
0.00370316
0.00337409
0.00327939
0.00238422
0.00163364
0.00136037
0.000988559
0.000471441
2.60299e-05
8.25307e-06
0.000475984
0.000692148
0.00210963
0.00391624
0.00776009
0.010131
0.0140074
0.0110577
0.00906836
0.008499
0.00767242
0.00918289
0.00834677
0.00897783
0.00531704
0.00744796
0.00945593
0.00305243
0.00297504
0.00322177
0.0034089
0.00427824
8.15464e-05
8.84278e-05
9.39779e-05
9.91512e-05
0.000401949
0.00186666
0.00011803
0.0012487
0.0010121
0.00100098
0.000802841
0.000536853
0.000421244
0.000231525
5.58289e-05
1.92739e-05
1.29238e-05
3.7301e-06
1.17968e-05
9.7416e-06
9.45669e-06
1.40931e-05
3.78869e-05
4.82739e-05
6.49146e-05
0.000127328
0.000215327
7.91274e-05
0.000170253
0.000202686
0.000152377
0.000131832
0.00010724
0.000198209
0.000146168
0.000197041
0.000728683
0.000330235
0.00033493
0.000609318
0.000318336
0.00021362
0.000280627
0.000102153
0.000175606
8.22818e-05
3.11642e-05
2.10825e-05
7.62004e-06
7.46089e-06
3.19039e-06
2.33328e-05
9.5853e-06
2.19963e-06
3.17098e-06
3.16294e-06
5.53463e-06
7.64894e-06
3.53066e-05
3.88141e-06
6.69402e-06
6.94959e-06
1.42783e-06
1.776e-05
1.44016e-05
6.22544e-06
4.69279e-06
5.62274e-06
0.00495091
0.00321354
0.00200868
0.000923278
0.000374266
0.000182239
8.43335e-05
4.04454e-05
1.83709e-05
1.1302e-05
6.39147e-06
0.00324692
0.0031707
0.00289527
0.00257699
0.00225601
0.00193965
0.00164613
0.0012248
0.000901544
0.000280577
0.000112999
0.000112273
0.000140416
0.000495419
0.000730862
0.00282882
0.00627007
0.00894372
0.0100933
0.0129634
0.0136074
0.0124398
0.00941336
0.00830754
0.00889813
0.00535091
0.00417411
0.00375054
0.00185603
0.00180135
0.00154924
0.00134022
0.00121235
0.000831207
0.00091561
0.000605161
0.0005046
0.000511741
0.00036762
0.000303773
0.000212729
0.000288704
0.000230568
0.000229803
0.000319628
0.00157475
0.00165755
0.00230077
0.00289809
0.00380533
0.00468594
0.00476922
0.00230299
0.0022744
0.00235536
0.00328407
0.00402271
0.0054016
0.00641529
0.00785371
0.00496389
0.00381018
0.00136028
0.00127138
0.00136412
0.0013339
0.00136224
0.00138065
0.00123054
0.00137771
0.00121542
0.00133536
0.0012837
0.00120377
0.00125796
0.00126587
0.00126936
0.00123199
0.00124248
0.00125377
0.00129556
0.00115098
0.00128251
0.00120083
0.00134979
0.00117515
0.00117585
0.0011795
0.00116846
0.000645013
0.000970976
0.000176181
0.00071611
9.76702e-05
9.96298e-05
0.000209423
0.000641881
0.000510577
0.00272108
0.00298082
0.00272706
0.00422676
0.00339959
0.00459299
0.00485491
0.00760573
0.00680481
0.00408751
0.00602557
0.0053027
0.00382667
0.00565214
0.00457902
0.0019194
0.00142892
0.00272895
0.00202612
0.00143595
0.00140254
0.000790481
0.000848667
0.000345957
0.000595687
0.000657069
0.000529958
0.000180109
0.000258369
0.000430164
0.000158843
0.0002641
0.000325294
0.000310429
0.0005858
0.00101367
4.70916e-05
4.75127e-05
4.71299e-05
4.7616e-05
4.74813e-05
4.70972e-05
4.57528e-05
0.000499955
0.000655113
0.000479798
0.00258654
0.00250345
0.00231364
0.00208596
0.00155575
0.00121146
0.000726542
0.00054151
0.00208082
0.00166533
0.000971346
0.000761568
0.000699853
0.000446093
0.0004337
0.000316706
0.000192291
8.54427e-05
0.000108441
6.20265e-05
2.17272e-05
5.06727e-06
4.22754e-06
3.47986e-06
3.20686e-06
0.00108493
0.000634277
0.000491283
0.000399732
0.000353199
1.58447e-05
4.61083e-06
6.20243e-06
3.16841e-06
5.47171e-06
7.59253e-06
2.15153e-05
1.34317e-05
4.22663e-05
5.62852e-05
0.000115139
0.000109688
5.8687e-05
0.000110586
0.000116618
0.000142208
0.000118222
0.000141799
4.06269e-05
6.73002e-05
0.000132249
0.000138727
0.00013225
4.443e-05
7.85492e-05
0.000166481
1.91341e-05
1.51552e-05
0.000303701
0.000384679
0.000510917
0.000425718
0.00042689
0.000388422
0.000294202
0.000196964
0.000116278
3.93406e-05
3.61321e-05
0.000142625
0.000641261
0.000699743
0.00338662
0.00711091
0.00934665
0.00976088
0.00924667
0.00740241
0.00794884
0.0057127
0.00493127
0.00235307
0.00306569
0.00174767
0.000926431
0.000504869
0.000505018
0.000437325
0.000384925
0.000301577
0.000252209
0.000241556
0.000249242
0.00015374
0.000340161
0.000415542
0.000853899
0.000994607
0.00158729
0.00188562
0.00219652
0.00241225
0.00285899
0.003323
0.00404665
0.00489925
0.00598288
0.00693195
0.00788863
0.0325736
0.00778034
0.00449706
0.00335352
0.00288999
0.00243538
0.00222183
0.00202889
0.0018423
0.00178511
0.00162347
0.00154175
0.00147293
0.00139021
0.00140322
0.00135231
0.0013824
0.00142159
0.00133133
0.00151265
0.00130944
0.00132227
0.00136816
0.00137043
0.00125974
0.00128541
0.00132063
0.00129908
0.00110106
0.00116167
0.000906263
0.000399522
0.000242328
0.000230235
0.000259946
0.000405981
0.000459505
0.00034467
0.00204805
0.00326942
0.00280524
0.002661
0.00181857
0.00153964
0.00386485
0.0011041
0.00157751
0.00141714
0.00103812
0.00110037
0.000925148
0.00015209
0.000643445
0.000106057
0.00018315
0.000809934
7.70586e-05
0.000662081
0.000334274
0.000152167
0.000198479
0.000588483
9.28861e-05
0.000339482
0.00011524
0.000802047
0.000441543
0.00105188
0.000100744
0.00740066
0.00471101
0.00305976
0.00866504
0.00421356
0.0034068
0.00437475
4.13589e-05
4.13938e-05
4.13882e-05
4.13832e-05
4.13671e-05
4.12024e-05
0.00034104
0.00301551
0.00968104
0.00738196
0.00524357
0.00459401
0.00433156
0.00329387
0.0027967
0.00186865
0.00139323
0.00095071
0.00057344
0.000270765
0.000115926
0.000166019
0.000117832
9.50169e-05
3.89743e-06
6.90079e-06
7.73621e-06
1.0688e-05
1.70972e-05
1.30891e-05
4.93053e-06
1.05232e-05
6.16609e-06
1.79044e-05
3.52214e-05
3.0694e-05
1.16465e-05
7.71734e-06
4.19974e-05
0.000269574
0.000187687
7.2792e-05
4.43624e-05
1.84188e-05
4.74377e-06
1.20791e-05
3.48221e-06
1.12315e-05
0.000795191
0.000460685
0.000332891
0.000152967
9.9824e-05
6.804e-05
1.96738e-05
2.29078e-05
1.27218e-05
6.39891e-06
4.44894e-06
6.73954e-06
5.22518e-06
5.71188e-06
7.12192e-06
8.8415e-06
5.55003e-06
5.4779e-06
7.07731e-06
9.60996e-06
1.79929e-05
1.77065e-05
0.00249835
0.00248173
0.00236972
0.00210804
0.00191557
0.00159891
0.00119171
0.000864621
0.000607107
0.000303456
7.39496e-05
4.47581e-05
5.43105e-05
0.00023089
0.000320996
0.00155465
0.00419027
0.00975924
0.00955594
0.00773203
0.00596112
0.00424968
0.00319955
0.00318733
0.00200351
0.00146087
0.00122135
0.000948395
0.00070011
0.000516597
0.000528484
0.000351164
0.000565198
0.000328855
0.00020682
0.0001855
0.000160583
0.000129501
0.000117555
0.000112393
6.5337e-05
0.000105474
6.05345e-05
0.000399358
0.00109098
0.00162568
0.00162693
0.00179043
0.00250826
0.00276098
0.0035059
0.00468729
0.0045408
0.00476007
0.00535018
0.00608585
0.0073411
0.00729355
0.00539586
0.00332808
0.00313263
0.00283612
0.00310597
0.00264888
0.00276001
0.00267879
0.00293291
0.00225961
0.00253706
0.0023756
0.00242523
0.00231835
0.00226149
0.00209709
0.00220722
0.00221875
0.00213973
0.00204631
0.00220477
0.00213293
0.00206567
0.00205174
0.0022238
0.00221062
0.00205891
0.00189199
0.00203663
0.00189642
0.00184701
0.00191871
0.000916594
0.000806246
0.000130446
0.000398389
0.000460373
0.000174795
0.000150925
0.000244178
0.000145466
0.00106841
0.000391385
0.000812864
0.00228315
0.00254073
0.00326092
0.0029586
0.00419227
0.00497834
0.00468247
0.00446537
0.00418148
0.00461386
0.00643773
0.00522367
0.00579173
0.00633877
0.00523039
0.00436223
0.00418922
0.00680317
0.00498746
0.00355726
0.00248893
0.00369213
0.00299469
0.00280443
0.00293516
0.00482613
0.000943733
0.00180383
0.000785303
3.79199e-05
3.97578e-05
3.98325e-05
3.99811e-05
3.98187e-05
3.99356e-05
4.01292e-05
0.0011098
0.00168108
1.10688e-05
0.00831914
0.00852501
0.00753349
0.00663512
0.00651587
0.00579196
0.00567084
0.00483644
0.00402365
0.00293884
0.00218827
0.00125066
0.000816969
0.00033231
0.000264745
0.000106804
6.79123e-05
2.60997e-05
2.44453e-05
5.11768e-06
5.69081e-06
6.7989e-06
7.95495e-06
5.33884e-05
4.09838e-05
4.53615e-05
0.000120466
9.53761e-05
6.00966e-05
8.01284e-05
0.000231095
0.000184369
0.000189374
0.000160834
0.000173347
0.000148937
0.000120516
0.000124756
0.000109186
9.5933e-05
6.37271e-05
5.79709e-05
5.68842e-05
6.78109e-05
2.52999e-05
0.000124257
0.000125226
0.000100356
8.08684e-05
5.89558e-05
1.98898e-05
3.90678e-05
0.000108781
9.75275e-05
9.84161e-05
0.000109865
0.000419994
0.000278084
0.000210002
0.000166717
0.000105583
8.3789e-05
4.62401e-05
0.000426972
0.000367609
0.000248911
0.000181515
0.000122961
6.75844e-05
4.78736e-05
3.51101e-05
2.53539e-05
0.00155223
0.00155933
0.00154883
0.00135296
0.00100878
0.000668066
0.000382525
0.000341974
5.24754e-05
0.000163067
0.000421019
0.000523525
0.000689554
0.00290874
0.00525284
0.00745677
0.00702069
0.00616221
0.00427877
0.00359755
0.00212852
0.00131312
0.00154138
0.000558968
0.000488137
0.000451955
0.000458138
0.000500105
0.000348329
0.000190295
0.000165003
0.000130484
8.13731e-05
5.31058e-05
3.30465e-05
2.22906e-05
0.000160213
0.000127406
0.000201351
0.000256319
0.00053446
0.00155405
0.0041469
0.00272295
0.00313488
0.00318959
0.00587992
0.00570585
0.00624619
0.00985237
0.0114448
0.0118751
0.0099426
0.00901523
0.0128872
0.0150056
0.0234919
0.0158034
0.00198502
0.00211017
0.00211143
0.00214692
0.00221581
0.00221564
0.00218805
0.00243781
0.00225347
0.00240627
0.0024908
0.00226595
0.00227241
0.00227885
0.0021876
0.00232522
0.00242576
0.00236185
0.00185911
0.00081302
0.00141438
0.000187068
0.000291242
9.90035e-05
9.73128e-05
9.72636e-05
0.000125453
0.000310457
0.000242043
0.000263221
0.00208614
0.00155583
0.00189573
0.00114656
0.00256558
0.00236923
0.00264294
0.00257917
0.00574814
0.00276103
0.0070497
0.00374346
0.00439948
0.00432234
0.00578302
0.00485898
0.00506759
0.00431122
0.00408116
0.00417939
0.00317642
0.00358386
0.0037158
0.0028864
0.00260421
0.00405052
0.0023586
0.00215825
0.00341815
0.00179176
0.00159355
0.00189256
0.000993331
0.000512982
0.00055814
0.000359494
0.000406013
0.000113717
3.39061e-05
2.71259e-06
5.01395e-07
0.000146545
0.000336153
0.000521123
0.00164648
0.003929
6.49191e-05
6.68265e-05
6.96917e-05
7.26581e-05
7.65887e-05
8.15346e-05
8.70807e-05
9.10782e-05
0.00173324
0.00247395
6.41186e-06
0.000183606
0.00207568
0.00178343
0.00183363
0.0015005
0.00132584
0.00114698
0.000518161
0.000219919
0.000100921
3.19622e-05
2.25995e-05
7.63867e-06
7.13064e-06
5.04906e-06
8.17082e-06
2.87497e-05
3.93136e-05
5.82457e-05
5.90201e-05
5.86624e-05
8.37507e-05
0.000116815
0.000174515
7.86043e-05
0.000136835
0.000105838
7.81066e-05
3.38926e-05
2.5506e-05
9.60881e-05
0.0010938
0.00115893
0.000846195
0.000409323
0.00110394
0.000794357
0.000448951
0.000351978
0.000179432
6.09733e-05
4.50173e-05
2.22585e-05
5.56354e-06
4.85138e-06
4.17005e-06
8.04689e-06
1.2511e-05
7.50737e-06
5.16904e-06
1.56292e-05
6.20251e-06
1.52339e-05
1.12755e-05
1.35573e-05
1.99744e-05
1.00776e-05
5.11423e-06
8.23559e-06
1.62202e-05
5.51997e-06
0.00676753
0.00379834
0.00217744
0.00144882
0.000651923
0.000320161
0.00013488
6.13979e-05
4.14508e-05
2.43621e-05
1.87755e-05
7.71332e-06
0.00424111
0.00392559
0.00365647
0.00334514
0.00290735
0.00261603
0.00218485
0.00167435
0.00102553
0.000686118
0.000266242
0.000162141
0.000235339
0.000423091
0.00216533
0.00438842
0.00679107
0.00726993
0.00741078
0.00585979
0.00514711
0.00263068
0.00182714
0.00086757
0.000640267
0.000469013
0.000315992
0.000251851
9.81431e-05
0.000119671
7.12277e-05
0.000107394
0.000105978
9.89032e-05
0.000126461
0.000374516
0.000203697
0.00060125
0.000607867
0.00115498
0.000876735
0.00100099
0.00133576
0.00138552
0.00215493
0.00244657
0.00209427
0.00158858
0.00179447
0.00140439
0.00224591
0.00184746
0.00137996
0.00144778
0.0011649
0.00113264
0.00149125
0.00102017
0.00127982
0.00136571
0.000997385
0.000892499
0.000936761
0.00073939
0.000911038
0.000597551
0.000715132
0.000873806
0.00102927
0.000634487
0.000758926
0.000709314
0.000557721
0.000663646
0.00087606
0.000517856
0.000613687
0.000579542
0.000626699
0.000380599
0.000446112
0.000603102
0.000586818
0.00032423
0.000494423
0.000664646
0.000610516
0.000380019
0.00034347
0.000466174
0.000272678
0.000330795
0.000383166
0.000255958
0.000241193
0.000177525
0.000453183
0.000350264
0.000246772
0.000293007
0.000195959
0.000226606
0.000276411
0.000192881
0.000379009
0.000169886
0.000265871
0.00026216
0.00040081
0.000271953
0.000279193
0.000260163
0.000232584
0.000138543
0.000211951
0.000196701
0.000178156
0.000163849
0.000156907
0.00014354
0.000142347
0.00013007
0.000123008
0.000114704
0.000105134
9.3097e-05
0.000244263
0.000156697
0.00014053
0.000183338
0.000163104
0.000158424
0.000139319
0.000125336
0.000116128
0.000103067
9.46951e-05
9.32856e-05
8.71838e-05
8.50852e-05
7.27653e-05
6.83681e-05
6.7533e-05
7.4734e-05
6.39817e-05
6.20207e-05
6.52441e-05
6.49168e-05
6.34185e-05
0.000336746
0.000321635
0.000308668
0.000293503
0.000283103
0.000273336
0.000264636
0.000251464
0.00023868
0.000225306
0.000221832
0.000215666
0.000202978
0.000198743
0.000199852
0.000201468
0.000192629
0.000179522
0.000187298
0.000187556
0.000212781
0.00020596
0.00029476
0.000318449
0.000326121
0.000358208
0.000412526
0.00046256
0.000501183
0.000578668
0.000840858
0.00119423
0.00139655
0.00163359
0.00201058
0.00225311
0.00264096
0.00392694
0.00464159
0.0041047
0.00441258
0.00298438
0.00107546
0.000610894
0.00106853
0.000621315
0.000260506
0.00138138
0.00208603
0.00143264
0.000699931
0.00135989
0.00147941
0.000361927
0.000247159
0.000554851
0.00109919
0.000621796
0.000648941
0.000437798
0.00129201
0.00153031
0.00113002
0.000577764
0.00126327
0.00112623
0.000915343
0.00085837
0.00233508
0.00177068
0.00192625
0.00151622
0.00292925
0.00242499
0.00255274
0.00160066
0.00322735
0.0040368
0.00320518
0.00338304
0.00283788
0.00555053
0.0044267
0.00775538
0.00600714
0.00601554
0.00664129
0.00513908
0.00311306
0.000837199
0.000826736
0.000875896
0.00401196
0.00082633
0.000819894
0.000805416
0.000801623
0.00079396
0.000771517
0.000782909
0.000773453
0.000795358
0.000791517
0.000783306
0.000787746
0.000784026
0.000771918
0.000747193
0.000759064
0.000756285
0.00075017
0.000746193
0.000739528
0.000735208
0.000729612
0.000727685
0.000725815
0.000723667
0.000721322
0.000720111
0.000717381
0.000724583
0.000721535
0.000722763
0.000718763
0.000717626
0.000713161
0.000717307
0.000721429
0.000717808
0.000719788
0.000733668
0.000729045
0.000729348
0.000713424
0.000706089
0.000702734
0.00070543
0.0007069
0.000706722
0.000715113
0.00073184
0.000381846
0.000341024
0.000237002
0.000698697
0.000695018
0.000699165
0.000703353
0.000705428
0.000299366
0.000701559
0.000697117
0.000704174
0.000696149
0.000672783
0.00070098
0.000714552
0.000482445
0.000638204
0.00063405
0.00045823
0.000475964
0.00034216
0.000118709
0.000117994
0.00012647
0.000116283
0.000115504
0.000148437
0.000146545
0.000208464
0.000163753
0.000161625
0.000261715
0.000527955
0.0006636
0.000903188
0.00170027
0.00166386
0.00200429
0.00157456
0.00173476
0.00155704
0.00152123
0.00222772
0.00304188
0.0029567
0.00296601
0.00254122
0.00246783
0.0025472
0.00501274
0.00545934
0.00252938
0.00265526
0.00565721
0.00539158
0.00568459
0.0053792
0.00532752
0.00436209
0.00430367
0.00568252
0.00526107
0.00534237
0.0043344
0.00396732
0.00433351
0.00268453
0.00343389
0.00448707
0.00448553
0.00393099
0.00368138
0.00227725
0.00214556
0.00255057
0.0023712
0.00203215
0.00184236
0.00176712
0.00157412
0.00117879
0.00122515
0.0014699
0.00114458
0.000986739
0.00102318
0.000165835
0.00018887
0.000328301
0.000325933
0.000191788
9.67498e-05
0.000104572
0.000113131
0.000106106
9.25719e-05
0.000167816
0.000122332
9.91547e-05
0.000125414
0.000104935
0.000220837
0.000231752
0.000155955
0.000124401
0.000561186
0.000437567
0.000109812
0.000491689
0.000225819
0.000151555
0.000105266
0.000120598
0.000104895
0.000127538
0.000465027
0.000255345
0.000246377
0.000317318
0.000122833
0.0022187
5.0294e-05
5.02866e-05
5.02735e-05
5.02698e-05
5.02601e-05
5.02563e-05
5.02667e-05
5.02494e-05
5.04194e-05
5.03872e-05
5.10664e-05
8.85489e-05
8.84936e-05
8.8673e-05
0.000465338
6.46106e-05
7.32377e-05
8.33359e-05
7.04136e-05
0.000720436
0.000624925
0.000763863
0.000676724
0.000740491
0.000658607
0.000474775
0.000410498
0.000198511
0.000162305
0.000150935
5.69971e-05
4.3753e-05
2.50988e-06
2.27263e-06
2.72841e-05
3.24221e-05
2.92534e-05
4.68398e-05
4.91313e-05
4.56464e-05
1.72889e-05
7.41375e-05
7.76109e-05
0.000123034
0.00012482
0.000157601
0.000158345
9.97694e-05
9.79145e-05
6.97285e-05
4.94894e-05
5.0751e-05
4.58165e-05
2.84261e-05
2.83182e-05
3.55168e-05
3.47439e-05
3.08145e-05
5.62963e-05
5.78123e-05
5.54542e-05
4.897e-05
8.55289e-05
6.38735e-05
5.72363e-05
3.26367e-05
2.17338e-05
2.31957e-05
1.57021e-05
2.14373e-06
2.01127e-06
3.86122e-06
3.27097e-06
1.39586e-05
7.76832e-06
2.57861e-06
1.51847e-06
1.44779e-05
1.66798e-05
3.58171e-05
3.28273e-05
9.96331e-06
1.1101e-05
1.08946e-05
6.28383e-06
5.67569e-06
1.16295e-05
1.24064e-05
1.35934e-05
1.34897e-05
1.24792e-05
1.78735e-06
4.16903e-06
4.36179e-05
4.37297e-05
2.24269e-05
3.5099e-05
8.57444e-05
0.000105774
0.000123361
0.00015858
0.000129876
0.000160623
0.000218142
0.000302843
0.000180303
0.000173283
0.000220626
0.00021231
0.000247165
0.00021882
0.000272452
0.000443664
0.000384177
0.00021372
0.00042775
0.000272025
0.0005115
0.000272759
0.000513506
0.000433304
0.000362864
0.000638347
0.000540966
0.000388076
0.00043709
0.000368801
0.00047388
0.000522675
0.0121454
0.00822523
0.00499716
0.00273536
0.0014458
0.000775289
0.00035895
0.000175987
6.64251e-05
3.29283e-05
1.90384e-05
7.52525e-06
5.56231e-06
3.41287e-06
2.60092e-06
2.56031e-06
2.68594e-06
2.45935e-06
2.51658e-06
3.15057e-06
2.7025e-06
2.96115e-06
3.34572e-06
2.90089e-06
5.08812e-06
6.25334e-05
4.76012e-05
1.80527e-05
1.28657e-05
1.01026e-05
7.42313e-06
3.70962e-06
4.18824e-06
5.74036e-06
0.00331772
0.00311505
0.00293136
0.00275053
0.00215452
0.00194384
0.00171154
0.00159141
0.00149846
0.00144116
0.00128937
0.00117218
0.000985015
0.000923577
0.000751146
0.000603106
0.000516539
0.000494032
0.000346025
0.000301338
0.000145098
0.000151755
5.39921e-05
4.15971e-05
1.2084e-05
1.61011e-05
1.24036e-05
5.90751e-05
6.63036e-05
0.000225911
0.00024919
0.000274753
0.000638663
0.000664811
0.000455628
0.000681428
0.000621316
0.000861453
0.000863405
0.000705577
0.00268628
0.00244013
0.00509761
0.00525269
0.00837415
0.00835742
0.00770088
0.00926854
0.00918447
0.0103682
0.011432
0.0104925
0.0115981
0.0109796
0.010517
0.0100287
0.00913624
0.00919959
0.0076782
0.0070977
0.00631998
0.00294581
0.00315195
0.00249196
0.00340382
0.00278134
0.00204096
0.00237323
0.00173245
0.00117881
0.00137257
0.000883621
0.000810917
0.000876548
0.000668295
0.000813116
0.000805291
0.000396307
0.000410079
0.000249872
0.000488758
0.000356543
0.000237857
0.000224706
0.000209448
0.000241971
0.000289183
9.22367e-05
9.35796e-05
9.27746e-05
9.21777e-05
7.5045e-05
8.8153e-05
9.14522e-05
7.4638e-05
0.000251917
0.000145379
0.000227246
0.000220287
0.000256465
0.000238737
0.000292836
0.000609468
0.000826513
0.000622727
0.000616598
0.000631169
0.000846791
0.00117497
0.00129451
0.00110059
0.0012879
0.00142438
0.00131425
0.00146801
0.00162159
0.00191851
0.00184657
0.00181157
0.00161818
0.00168927
0.00200145
0.00239299
0.00176361
0.00125283
0.000943817
0.00205267
0.0012158
0.00170023
0.00139033
0.00170853
0.00166383
0.0013748
0.00293286
0.00224474
0.00346951
0.00270249
0.00272705
0.0014609
0.0036453
0.00278392
0.00408491
0.0033513
0.00216733
0.0011538
0.00265093
0.00123394
0.00122159
0.00133831
0.0012935
0.00130872
0.00113869
0.00115651
0.0013666
0.00135179
0.00131325
0.0012865
0.00129438
0.00128831
0.00142983
0.00140694
0.00132748
0.00132611
0.00129672
0.00128406
0.00127032
0.00127016
0.00132997
0.00129403
0.00121408
0.00124759
0.00115121
0.00114557
0.00124375
0.00124546
0.00125995
0.00123161
0.0012775
0.00121189
0.00118688
0.00120143
0.00117429
0.00117519
0.00120246
0.00121324
0.0011882
0.00120008
0.00128084
0.00130281
0.00118526
0.00116219
0.0011806
0.00114929
0.0011286
0.00112821
0.00127052
0.0012549
0.00107242
0.00105673
0.00106398
0.00116412
0.00114241
0.0011432
0.0010907
0.00109382
0.00109203
0.00107495
0.00095535
0.000219242
0.000147302
0.000318829
0.000315742
0.000267143
0.000167827
0.000167081
0.000111526
0.000109373
0.000487187
0.000654395
0.000784545
0.000195517
0.00019147
0.000219445
0.000850758
0.000825319
0.000988483
0.00109746
0.00150906
0.000364825
0.000355276
0.000462333
0.00112861
0.00109002
0.00130689
0.000682331
0.000660441
0.000989795
0.00288135
0.00301493
0.00252507
0.00240457
0.00320368
0.00292058
0.00285712
0.00286941
0.00248617
0.00429718
0.00450496
0.00445199
0.00408017
0.00391732
0.00337003
0.00305303
0.00210237
0.00370066
0.00325483
0.00286862
0.00180354
0.00201607
0.001775
0.00163118
0.00154131
0.00232221
0.00198233
0.00189512
0.00109757
0.000951342
0.000707982
0.000813721
0.000647234
0.000576476
0.000648468
0.000776646
0.00119056
0.0010666
0.000442149
0.000463972
0.000132708
0.000138017
0.000142854
0.0002741
0.000283284
0.000583102
0.000601654
0.000340649
0.000319561
0.000364352
0.00273384
0.00162181
0.000876288
0.000517643
0.000280295
0.000175253
0.000135334
0.000111138
8.08667e-05
8.36346e-05
7.88361e-05
7.91052e-05
0.00018119
0.000216752
0.000177037
0.000104588
8.31441e-05
8.19164e-05
8.7451e-05
7.43868e-05
0.000144721
0.000145127
0.000148004
0.000547832
0.000654777
9.75871e-05
8.13619e-05
7.75477e-05
0.000161756
0.0026254
0.00202859
4.92728e-05
4.92847e-05
4.92888e-05
4.92807e-05
4.92865e-05
4.92729e-05
4.92062e-05
4.92145e-05
4.92253e-05
4.92647e-05
5.09423e-05
5.09782e-05
5.12708e-05
0.00193886
0.00181313
0.00034232
0.000340289
0.000349011
0.000286979
0.000914472
0.000823242
0.000893771
0.000821486
0.000743965
0.000672205
0.000445094
0.000413989
0.000365895
0.000148949
0.000120639
5.61787e-05
4.31508e-05
1.14752e-05
8.70594e-06
1.10834e-05
7.98555e-06
5.24395e-06
6.10432e-06
1.11189e-05
1.36576e-05
1.24302e-05
1.49214e-05
2.64996e-05
2.74895e-05
5.48131e-05
5.6343e-05
9.63694e-05
9.53836e-05
8.8e-05
8.62323e-05
8.97361e-05
8.92244e-05
8.34481e-05
6.86153e-05
6.66742e-05
0.000117957
0.000104646
6.03108e-05
4.9495e-05
2.19973e-06
0.000874359
0.000699299
0.000492643
0.000382055
0.000301419
0.000232304
0.00034501
0.000264288
0.000234861
0.000175281
0.000153974
0.000120796
8.70556e-05
5.17649e-05
3.6063e-05
5.58002e-05
1.63269e-05
9.08695e-06
2.94711e-05
1.87239e-05
8.8164e-06
5.02153e-06
1.69501e-05
9.83966e-06
5.30633e-06
3.07343e-06
2.94804e-06
2.66276e-06
1.03425e-05
1.18001e-05
3.23589e-06
2.87574e-06
2.88191e-06
1.24641e-05
0.00211159
0.00175008
0.000999464
0.000769106
0.000643716
0.00047027
0.000364555
0.000531882
0.00039715
0.000331988
0.000343947
0.000249918
0.000210634
0.00014741
0.000127046
1.62487e-05
8.55418e-06
4.39737e-06
4.77512e-06
4.80177e-06
7.71741e-06
5.10189e-05
3.25713e-05
3.05407e-05
3.89067e-06
5.34277e-06
5.00663e-06
1.74769e-05
2.28359e-05
1.86738e-05
1.47055e-05
1.7949e-05
3.27467e-06
4.42269e-06
3.4035e-05
2.13696e-05
5.25643e-06
3.44662e-06
3.74657e-06
1.5828e-05
2.01498e-05
1.5299e-05
3.81071e-05
2.39879e-05
6.8644e-06
9.71807e-06
5.7172e-06
3.64662e-06
3.88658e-06
3.42579e-06
4.30006e-06
6.99934e-06
4.01644e-06
3.89278e-06
3.52965e-06
0.000194137
0.000556619
0.00040655
0.000325922
1.1556e-05
0.000149658
0.00111588
0.000803488
0.000625084
0.000405949
0.000279165
0.000230065
0.000158556
9.06774e-05
6.54174e-05
8.55315e-05
5.452e-05
4.45233e-05
4.7462e-05
3.1766e-05
1.18153e-05
8.46992e-06
7.04062e-06
5.26621e-06
5.76702e-06
7.15816e-06
5.4874e-06
6.14914e-06
1.17626e-05
7.92698e-06
9.33462e-06
7.87994e-06
6.23457e-06
7.59744e-06
7.46925e-06
6.46167e-06
7.78049e-06
6.47063e-06
7.12383e-06
7.50557e-06
8.7981e-06
1.34538e-05
9.2196e-06
1.29998e-05
1.85914e-05
1.53497e-05
0.000863522
0.000664283
0.000454239
0.00151551
0.00135273
0.000688548
0.000857632
0.000393929
0.000369166
0.000236537
9.13423e-05
8.4989e-05
8.96702e-05
0.000133971
8.80012e-05
0.00159007
0.00157362
0.0012129
0.00212133
0.00209942
0.0048537
0.00605121
0.00595543
0.00665382
0.00783224
0.00755635
0.00666787
0.00765405
0.00724496
0.00807218
0.00848406
0.00809054
0.00740971
0.00682428
0.00677232
0.00598121
0.00363359
0.00342161
0.00426828
0.00288995
0.00284082
0.0018591
0.00216401
0.00149846
0.0015408
0.00108556
0.000821165
0.000541672
0.000687194
0.000501369
0.00028025
0.000267938
0.000189471
0.000298177
0.000173863
8.83101e-05
0.000129904
7.97221e-05
0.00014115
0.000177379
0.000173565
0.000299928
0.000205369
0.000417577
0.00146616
0.00144029
0.00137628
0.00135027
0.00123615
0.001144
0.00114933
0.00114586
0.0010683
0.00108726
0.00109452
0.00103314
0.00106942
0.00105613
0.00100558
0.00102917
0.000937574
0.00111384
0.0011396
0.0010925
0.00105955
0.00113322
0.00119174
0.00124572
0.00129863
0.00121723
0.00146083
0.00142388
0.00148968
0.0014406
0.00140927
0.00154014
0.00170664
0.00167073
0.00178599
0.00159876
0.00157233
0.00163619
0.00151664
0.00159039
0.00179327
0.00191243
0.0020218
0.00195061
0.00192287
0.00199409
0.00206257
0.00207524
0.00216222
0.00216206
0.00225076
0.0022332
0.00217003
0.00217104
0.00204144
0.00203115
0.00205469
0.00203605
0.00201487
0.00194557
0.00194891
0.0019632
0.00194382
0.00195825
0.00190626
0.00193013
0.00205341
0.00202117
0.00205004
0.00194454
0.00198528
0.00205919
0.00207947
0.00195506
0.00198711
0.00209267
0.00214323
0.00219204
0.00205952
0.00214946
0.00220222
0.00214672
0.00221584
0.00205184
0.00213848
0.00123374
0.00120752
0.000722122
0.000243796
0.000242386
0.000233412
0.000504064
0.000271293
0.000213844
0.000816797
0.000769891
0.00108676
0.000421454
0.000968933
0.00152362
0.00185951
0.00162445
0.00157773
0.002482
0.00255433
0.00232106
0.00299531
0.00411027
0.0041966
0.0028165
0.00245096
0.0036608
0.00310639
0.00433959
0.00460939
0.00300956
0.00299085
0.00346638
0.00299513
0.00357547
0.00272239
0.00251369
0.00261002
0.00228586
0.00174515
0.00151016
0.001195
0.00152224
0.00127566
0.00143618
0.00132074
0.00129687
0.000984937
0.00302185
0.00251497
0.000838674
0.000751379
0.00145548
0.00127714
0.00253952
0.00275968
0.00354365
0.00548318
0.00535661
0.00558975
0.00256102
0.00237214
0.00220218
0.00013636
0.0194632
0.0166432
0.00436176
0.00406012
0.000852008
0.000178864
0.000130166
0.000123144
0.000300528
0.000141841
8.95826e-05
0.000186423
0.000298233
0.000307493
2.38537e-05
3.12577e-05
0.000242657
0.000178165
0.000157897
0.000127541
9.11066e-05
0.000256177
0.000201785
0.000243031
0.000193387
8.2217e-05
6.73802e-05
0.000112803
0.00011008
0.000102051
3.82179e-05
2.84678e-05
8.5317e-06
8.99976e-06
8.9172e-06
1.03556e-05
9.77265e-06
1.22565e-05
1.88731e-05
1.75199e-05
2.04732e-05
1.42904e-05
1.39038e-05
1.25447e-05
1.3678e-05
1.46964e-05
1.36616e-05
1.48652e-05
1.24899e-05
1.7008e-05
1.63339e-05
2.47333e-05
2.42757e-05
1.3915e-05
1.35697e-05
5.33742e-05
5.26633e-05
4.79117e-05
1.08492e-05
1.32503e-05
9.84716e-06
1.16063e-05
1.11168e-05
9.82344e-06
9.45657e-06
9.52493e-06
1.016e-05
8.97771e-06
4.81124e-05
2.92164e-05
5.33669e-05
3.21957e-05
1.07241e-05
1.24652e-05
1.06504e-05
7.92812e-06
8.27987e-06
8.14639e-06
1.65389e-05
1.19692e-05
1.41899e-05
1.43727e-05
5.18556e-05
4.64164e-05
4.38738e-05
7.97009e-05
6.14938e-05
4.82173e-05
4.50431e-05
4.06799e-05
2.68991e-05
2.18981e-05
1.5e-05
1.29616e-05
9.5367e-06
1.1314e-05
1.5148e-05
1.54606e-05
2.13737e-05
1.74424e-05
1.44253e-05
2.01462e-05
9.7772e-06
1.03836e-05
2.1448e-05
5.54442e-05
8.27233e-05
5.70148e-05
5.63043e-05
6.61382e-05
2.57996e-05
3.23485e-05
4.4896e-05
5.35292e-05
4.64254e-05
3.46044e-05
4.0791e-05
3.7219e-05
3.98544e-05
3.01481e-05
3.69659e-05
3.49463e-05
5.38756e-05
5.54224e-05
6.12599e-05
3.94309e-05
4.59562e-05
5.60585e-05
6.32323e-05
4.60025e-05
5.1444e-05
6.24032e-05
6.83482e-05
3.95747e-05
4.38826e-05
6.25746e-05
6.20933e-05
6.76285e-05
7.03225e-05
5.62898e-05
5.87909e-05
5.3762e-05
5.57325e-05
3.80205e-05
3.97553e-05
3.56608e-05
4.56434e-05
4.63511e-05
3.74139e-05
3.271e-05
3.19999e-05
3.11182e-05
3.31173e-05
3.2288e-05
2.46003e-05
2.41285e-05
2.26348e-05
2.03926e-05
2.01932e-05
1.95924e-05
1.8984e-05
1.86456e-05
1.76463e-05
1.79143e-05
1.70709e-05
1.74219e-05
0.000151297
0.00909453
0.00810136
0.00734834
0.0063051
0.00504284
0.00656455
0.00366699
0.00433443
0.00359284
0.000152416
0.000190675
0.000325992
0.000509758
0.000412045
0.000323961
0.000400392
0.000348493
0.00040414
0.000401887
0.000400607
0.000345761
0.000304163
0.000344035
0.000287624
0.000241039
0.000209073
0.000144379
0.000115467
0.000121905
6.34758e-05
5.79642e-05
8.06447e-05
9.255e-05
6.12002e-05
0.000216807
0.000221899
0.000621566
0.000660643
0.000433585
0.00064886
0.000692749
0.000813422
0.000617141
0.000627798
0.000906417
0.00184686
0.00168133
0.00317069
0.00345026
0.00303735
0.00327897
0.00361178
0.00318802
0.00283223
0.00230426
0.00224902
0.00168585
0.0007473
0.000673355
0.000575664
0.000472385
0.000100451
0.000107915
5.16106e-05
2.91359e-05
4.54755e-07
3.53508e-05
1.56254e-06
1.32025e-05
0.000117551
0.000141119
0.000141223
6.82144e-05
0.000242748
0.000183638
0.000177727
0.000266364
0.000338597
0.000350374
0.00047897
0.000555916
0.000707966
0.000823814
0.0008985
0.000674617
0.000844331
0.00111123
0.00119967
0.00122887
0.00140016
0.00224401
0.00254553
0.00146271
0.00137001
0.00166924
0.00196511
0.00224558
0.00249245
0.00233838
0.00258116
0.00239994
0.00254883
0.00236973
0.00262794
0.00309355
0.00362735
0.00321446
0.00388172
0.00386018
0.00350835
0.00381909
0.00396867
0.00396685
0.00511008
0.00515786
0.00573081
0.00446525
0.00569276
0.00552133
0.00569405
0.00600308
0.0053811
0.00610025
0.00528653
0.00656913
0.00660369
0.00853059
0.00577402
0.0071362
0.00730623
0.00704306
0.00796564
0.00976203
0.0121117
0.0116053
0.0116084
0.00949694
0.00956836
0.00767529
0.00648655
0.00816559
0.0131002
0.0136507
0.0115602
0.00623991
0.0108588
0.0071104
0.0135424
0.0133993
0.00626401
0.00135733
0.00136418
0.00135417
0.00126781
0.00126522
0.0013322
0.00130486
0.00130155
0.00137378
0.00180173
0.001267
0.00164112
0.00163037
0.00177127
0.00172145
0.00117963
0.00152216
0.00121109
0.00153782
0.0011936
0.00118737
0.00121643
0.00120638
0.00128386
0.00164533
0.00115878
0.00140643
0.00140109
0.0011558
0.0013881
0.00120994
0.00120636
0.00128237
0.00140535
0.00125135
0.00126091
0.00132186
0.00130368
0.00134841
0.00132509
0.00134229
0.00156929
0.00153667
0.00128625
0.00126984
0.00128721
0.00129461
0.00126367
0.00126383
0.00119768
0.00119251
0.00119034
0.00118088
0.00116825
0.00119335
0.00113218
0.00111224
0.00113144
0.00118302
0.00120779
0.00115054
0.00101012
0.000185722
0.000143505
0.000430647
0.000288546
0.000625621
0.000619977
0.000393459
7.89699e-05
7.71407e-05
8.42938e-05
7.50243e-05
7.54799e-05
7.65529e-05
7.55299e-05
0.000183663
0.000280525
0.000546009
0.000535594
0.00062347
0.000779253
0.000701258
0.00078124
0.000859766
0.00162955
0.00200542
0.0018908
0.00181348
0.00205608
0.00243025
0.0023161
0.00240717
0.00343052
0.00345236
0.00245351
0.00242733
0.00276779
0.00257405
0.0026568
0.00236695
0.00271828
0.0023693
0.00225342
0.00250323
0.00414748
0.00418051
0.00308339
0.00360261
0.00349206
0.00323312
0.00317028
0.00292073
0.00271992
0.00296781
0.00281647
0.00475054
0.00422828
0.00370642
0.00141132
0.00129162
0.0012073
0.00184432
0.00165773
0.00109203
0.00125524
0.00114005
0.00111046
0.00124569
0.00112698
0.0011003
0.00170849
0.00150597
0.00144487
0.00119427
0.00120612
0.00219265
0.00199927
0.000487952
0.00046779
0.000402395
0.000613468
0.00070629
0.000529577
0.000560678
0.000575507
0.000549066
0.000506417
0.00249309
0.00221571
0.00197817
0.00159555
0.00161064
0.001535
0.00126307
0.0011071
0.00107846
0.000858968
0.000825479
0.00100166
0.000817016
0.000659785
0.000560773
0.000559892
0.000150794
0.000121613
0.000128705
0.000199504
0.000157644
0.000208964
5.91461e-05
4.48318e-05
4.88129e-05
3.1442e-05
3.51873e-05
4.83006e-05
3.81631e-05
6.14192e-05
7.00322e-05
3.24685e-05
3.481e-05
3.98584e-05
5.05328e-05
0.000241793
0.00021357
0.000519011
0.00059149
0.000432799
0.000561732
0.000467854
7.65391e-05
7.53261e-05
7.79766e-05
7.88886e-05
7.87576e-05
7.88161e-05
8.06372e-05
7.63078e-05
7.89483e-05
5.07821e-05
5.06911e-05
4.58639e-05
4.59266e-05
4.53531e-05
6.55344e-05
6.48613e-05
3.27342e-06
3.371e-07
4.34554e-05
5.29559e-05
0.00081075
0.000707566
0.00118469
0.00108411
0.00086344
0.000799817
0.00134942
0.00120914
0.000327176
0.000284945
0.000184474
0.000158843
0.000153072
0.000132728
0.000126775
5.49255e-05
4.83583e-05
6.78092e-05
4.88776e-05
1.48247e-05
1.69871e-05
1.58801e-05
1.80756e-05
1.94986e-05
1.73929e-05
6.04116e-05
5.82297e-05
3.3732e-05
3.31543e-05
7.25872e-06
7.15347e-06
7.13202e-06
5.62602e-05
5.2219e-05
4.51397e-05
3.91798e-05
7.92161e-06
1.05891e-05
1.52019e-05
2.13839e-05
2.12812e-05
6.17504e-06
1.35614e-05
9.30582e-06
1.34983e-05
5.14451e-05
5.29164e-05
9.02991e-05
9.46453e-05
9.9372e-05
4.74338e-06
4.33666e-06
4.25965e-06
7.28418e-06
1.2587e-05
1.06661e-05
5.87174e-06
8.85027e-06
8.17734e-06
5.13637e-06
5.07508e-06
6.07963e-06
9.20673e-06
6.91081e-06
6.82088e-06
1.39524e-05
1.82555e-05
8.55094e-06
1.02227e-05
4.10992e-05
4.6025e-05
4.0744e-05
2.88937e-05
3.02556e-05
4.89474e-05
4.97799e-05
1.01911e-05
1.12359e-05
2.10771e-05
2.12836e-05
2.12945e-05
2.22537e-05
2.03182e-05
4.2277e-05
4.17616e-05
3.94516e-05
4.10048e-05
3.80509e-05
3.24203e-05
1.10996e-05
1.08455e-05
1.04436e-05
1.22088e-05
1.1423e-05
1.09474e-05
1.12012e-05
1.37864e-05
1.1163e-05
1.32938e-05
1.14414e-05
1.31763e-05
1.31898e-05
1.62983e-05
2.27975e-05
3.07639e-05
4.42173e-05
3.39497e-05
5.18982e-05
4.99875e-05
7.2318e-05
8.85986e-05
9.91035e-05
0.00013636
0.000134508
8.0684e-05
0.000117202
0.000118705
0.000167446
0.000182832
0.00025181
0.000250166
0.00021749
0.000199971
0.0008948
7.07755e-05
0.00082714
0.000624691
0.000489252
0.00044799
0.00056638
0.000441007
0.00039837
0.000252889
0.000186413
0.000165852
0.000159735
0.000108438
0.000102672
8.42279e-05
5.35203e-05
5.15075e-05
4.66363e-05
2.7995e-05
1.32656e-05
7.96274e-06
1.35985e-05
7.22356e-06
8.23354e-06
5.62329e-06
5.72519e-06
9.00772e-06
6.32471e-06
6.42077e-06
6.25665e-06
8.24524e-06
7.33426e-06
6.63248e-06
1.72725e-05
2.35633e-05
3.30724e-05
2.60188e-05
9.3716e-06
1.3988e-05
1.233e-05
1.92154e-05
2.74673e-05
2.04719e-05
2.26585e-05
2.68699e-05
3.45511e-05
3.71202e-05
1.68705e-05
2.34876e-05
2.01791e-05
1.34783e-05
1.3341e-05
1.10786e-05
0.0196643
0.0177654
0.015876
0.0141601
0.0124777
0.0105946
0.00906847
0.00743113
0.00603854
0.00476713
0.00366472
0.00281871
0.002586
0.00216374
0.00198142
0.00133752
0.00131817
0.000806355
0.000702539
0.000385833
0.0003301
0.00031431
0.000138531
0.000160766
4.52033e-05
5.49375e-05
0.000111622
0.000462744
0.00283458
0.00279778
0.00240751
0.00346467
0.005851
0.00700933
0.00686557
0.0051906
0.00763551
0.00805893
0.0074845
0.00784078
0.00700014
0.00603324
0.00606614
0.00561179
0.00533018
0.00452788
0.00430798
0.00294873
0.00299305
0.00250875
0.00236814
0.00190206
0.00132706
0.000941107
0.000641626
0.000618558
0.000902937
0.000366959
0.000205748
0.000200287
0.000212138
0.000154471
0.000153242
0.00015991
0.000135306
0.000175173
0.000199368
0.000211489
0.000192981
0.00024735
0.000194933
0.000314251
0.000188393
0.000232984
0.0003023
0.000302381
0.000432566
0.000383809
0.00052872
0.000388626
0.00385569
0.00340712
0.00321328
0.00300244
0.00283153
0.00278865
0.00250798
0.00242261
0.00233203
0.0020488
0.00196471
0.00207526
0.00206201
0.00175188
0.00173798
0.00192052
0.00196695
0.00155176
0.00161063
0.00152337
0.00159611
0.00148641
0.00141931
0.00140613
0.00141975
0.00139937
0.00160545
0.00154585
0.00160873
0.00148598
0.00144105
0.00154828
0.00142914
0.00139291
0.00147228
0.00153754
0.0015012
0.00162267
0.00159086
0.00155686
0.00169379
0.00170225
0.00166922
0.00182324
0.00179232
0.0018914
0.0019812
0.0019785
0.0019448
0.00207706
0.00223318
0.00238922
0.00257349
0.00244258
0.00240018
0.00243491
0.00236232
0.00239491
0.00243876
0.00239019
0.00245414
0.00242275
0.00245069
0.00246095
0.00251214
0.00248036
0.00253519
0.00243338
0.00257956
0.00263122
0.00281925
0.0029683
0.00258641
0.00259233
0.00280752
0.00286558
0.00235649
0.00169373
0.000632278
0.00158556
0.00105393
0.000249486
0.000325025
0.000328481
0.00050629
0.00121702
0.00182297
0.00115414
0.00146041
0.00180482
0.00248687
0.00233387
0.00212725
0.00285466
0.00330502
0.00418895
0.00263518
0.00232587
0.00318332
0.00226506
0.00302814
0.00331761
0.00330331
0.00300306
0.0032445
0.00381741
0.00335276
0.00292131
0.002575
0.00276294
0.00238114
0.00215704
0.00216818
0.00243875
0.0017863
0.00197173
0.00172394
0.00143934
0.00161973
0.00200391
0.00126865
0.00214377
0.00183443
0.00151953
0.00188318
0.00287484
0.00253206
0.00228733
0.00157385
0.00192128
0.00224355
0.00223893
0.00145495
0.00136797
0.00195963
0.0032054
0.00351195
0.00705344
0.00666685
0.00695871
0.00172577
0.00169339
0.00195249
0.00104448
0.00770167
0.00622701
0.00498553
0.00426759
0.00120995
0.000303336
0.000209507
0.000152248
0.000834538
0.000826557
0.000756363
0.000861226
0.000872889
0.000677853
0.000682507
0.000190332
3.0263e-05
1.81647e-05
0.000261619
0.000199407
0.000303459
0.000235629
0.000215327
0.000170392
8.39172e-05
6.31739e-05
5.29889e-05
3.64909e-05
2.3086e-05
5.25769e-05
6.47813e-05
7.97993e-05
7.14668e-05
0.00013557
0.000141278
1.81946e-05
2.16256e-05
6.16144e-05
7.15573e-05
2.14125e-05
2.65773e-05
2.46614e-05
4.02707e-05
4.84488e-05
4.70376e-05
0.000118183
0.00012258
0.000112005
0.000118005
6.34805e-05
7.12071e-05
0.000108286
0.000111548
6.70675e-05
5.52297e-05
3.94055e-05
4.09139e-05
4.80906e-05
3.06616e-05
5.40797e-05
3.94627e-05
6.99611e-05
5.07226e-05
4.5006e-05
3.39022e-05
2.89817e-05
1.56022e-05
1.36456e-05
1.38561e-05
1.37031e-05
1.34664e-05
1.24006e-05
1.25622e-05
1.3078e-05
1.29766e-05
1.33844e-05
1.67405e-05
1.62252e-05
1.54057e-05
1.12188e-05
1.22011e-05
1.2806e-05
1.40333e-05
2.40902e-05
1.89323e-05
4.4682e-05
8.01301e-05
8.51443e-05
6.88265e-05
7.84063e-05
0.000234406
0.000240014
0.000110111
0.000203819
0.000151708
0.000257019
0.000116043
0.000158728
0.000147612
0.000155941
0.000165196
0.000218739
0.000211259
0.000284604
0.000265073
0.000226194
0.000355233
0.000357794
0.000465251
0.00042096
0.000307966
0.000373942
0.000331013
0.000317757
0.00065168
0.000585513
0.000335119
0.000444065
0.000381025
0.000548329
0.000652093
0.000524608
0.000641707
0.000658964
0.000836921
0.000715572
0.000689478
0.000811464
0.000676805
0.000568023
0.00110342
0.000920835
0.000553152
0.00111996
0.000916975
0.000436295
0.000583066
0.000516957
0.0185964
0.0137666
0.00929679
0.00575584
0.00316131
0.00169081
0.000938498
0.00044964
0.000223632
0.000113079
4.47516e-05
3.34933e-05
3.37166e-05
5.47883e-05
4.01079e-05
3.13525e-05
3.20813e-05
3.19727e-05
3.31511e-05
3.33931e-05
3.16273e-05
3.6396e-05
3.47804e-05
4.02137e-05
3.70965e-05
3.63169e-05
9.76517e-05
8.84578e-05
0.000107364
7.22904e-05
5.75229e-05
5.26722e-05
3.99263e-05
4.02598e-05
3.82586e-05
3.59205e-05
3.69344e-05
3.57982e-05
4.12059e-05
3.94441e-05
4.00186e-05
3.9784e-05
4.06533e-05
3.87465e-05
3.96401e-05
3.88359e-05
0.00730107
0.00688787
0.00610781
0.00524144
0.00514836
0.00451451
0.00399732
0.00385886
0.00342913
0.00319755
0.00297459
0.00285343
0.00258887
0.00225148
0.00194912
0.00172466
0.0014839
0.0012938
0.00117515
0.000947835
0.000830363
0.000759062
0.00051228
0.000439077
0.000452868
0.000225617
0.00026003
0.000186789
0.000181892
0.000108978
0.000113677
0.000110329
0.000206027
0.000192481
0.000387526
0.00043728
0.000192411
0.000174127
0.000746726
0.00072676
0.000868108
0.00269377
0.00245119
0.00289453
0.00334801
0.00352763
0.00355143
0.00338166
0.00344787
0.00338035
0.00276587
0.00263461
0.00219174
0.00188035
0.00130264
0.000764015
0.000685723
0.000501065
0.000475994
0.000237656
0.000122152
0.000127413
0.000349694
0.000138072
3.27811e-06
2.39431e-05
1.43024e-06
7.5818e-05
0.000236092
0.000451877
0.000268413
0.000484272
0.000613339
0.000648736
0.000631867
0.000735181
0.000590532
0.000751755
0.000763048
0.000778817
0.000836156
0.00111822
0.000877687
0.0012438
0.00132363
0.00146584
0.00125873
0.00128175
0.00149827
0.00146023
0.00166786
0.00170643
0.00202042
0.00250724
0.00255201
0.00284082
0.00253213
0.00296593
0.00260303
0.00255203
0.0032581
0.00371388
0.00393398
0.00306747
0.00313981
0.00377295
0.00379719
0.00439027
0.00437974
0.00512466
0.00446506
0.00497472
0.00333404
0.00345215
0.00350933
0.00474879
0.00406371
0.003741
0.0034874
0.00399108
0.00364535
0.002603
0.00238182
0.00280799
0.00254805
0.00278919
0.00252048
0.00284181
0.00361205
0.00366459
0.00345238
0.00337506
0.00354075
0.00310776
0.00345607
0.00406573
0.00352329
0.00377854
0.00463806
0.00425083
0.00395267
0.00362361
0.00443558
0.00320805
0.00309957
0.00285852
0.00279506
0.00260957
0.0027593
0.00254976
0.00249021
0.0022267
0.0022106
0.00243091
0.00229965
0.00229291
0.00218548
0.0020927
0.00208407
0.00192954
0.00199106
0.00199384
0.00193064
0.00192186
0.00192208
0.00190227
0.00180522
0.00176243
0.00176255
0.00177284
0.00175476
0.00181323
0.00176722
0.0017653
0.0018224
0.00177427
0.00176819
0.00159639
0.00159385
0.00162075
0.00183971
0.00178855
0.00177984
0.00170795
0.0016914
0.00160903
0.00164916
0.00166796
0.00169287
0.00156094
0.00153509
0.00153929
0.00166795
0.00169476
0.00170259
0.00178017
0.00177655
0.00164572
0.00164293
0.00163494
0.00161827
0.0016031
0.00158453
0.000692516
0.000503406
0.000789182
0.000635187
0.000440319
0.000303353
0.000395989
0.000303971
0.00024471
0.00048728
0.00054236
0.000209383
0.00020372
0.000251355
0.000309152
0.000298229
0.000539194
0.000498299
0.000835534
0.00108432
0.00116811
0.000929226
0.00168468
0.00183277
0.00147214
0.00159068
0.00155791
0.00193806
0.00180511
0.0024065
0.00218758
0.00234937
0.00205057
0.00187149
0.00193936
0.00301802
0.00286784
0.00241479
0.00252959
0.00255311
0.0022195
0.00193205
0.0018266
0.00182405
0.00155854
0.00139393
0.00168803
0.00139702
0.000993269
0.00057462
0.00185964
0.000856367
0.000783495
0.00104134
0.000870037
0.00088774
0.000336726
0.000301756
0.000264447
0.000546478
0.000473178
0.000470091
0.000637502
0.000401971
0.000355605
0.000342085
0.000120227
0.000182031
0.000235762
0.000281145
0.000482216
0.000395169
0.000163297
0.000223986
5.81398e-05
6.53439e-05
7.87644e-05
7.68102e-05
0.000219569
0.00303161
0.00255116
0.000523264
0.000924978
0.000592825
0.000445279
0.00024967
9.82268e-05
8.29798e-05
8.19422e-05
0.000194956
0.00011089
9.0885e-05
0.000113215
7.22213e-05
7.02371e-05
7.10172e-05
7.85803e-05
8.27662e-05
0.000151292
0.000183498
6.94411e-05
0.00235401
0.00174261
4.2829e-05
4.28301e-05
4.28423e-05
4.27817e-05
4.27534e-05
4.2751e-05
4.27519e-05
4.27622e-05
4.39024e-05
4.34415e-05
4.44682e-05
4.43827e-05
4.47388e-05
0.000245409
0.000265865
0.00139327
0.00133
0.00118668
0.000122366
0.000102197
0.00035915
0.000257898
0.000226316
7.60145e-05
6.06539e-05
5.82547e-05
5.91367e-05
9.73771e-06
1.0222e-05
0.000116099
0.000119954
0.000110655
8.39023e-05
8.91744e-05
7.39054e-05
7.49353e-05
7.86892e-05
6.64132e-05
0.000115295
0.000120007
0.000194541
0.000189975
0.000229291
0.00021934
0.000158627
0.000150238
0.000302262
0.000221842
0.000208722
0.000212461
0.000202748
0.000177721
0.000129693
0.000169209
0.000159193
0.000140131
0.00012815
0.000119859
0.00018937
0.000174923
0.000153531
8.52977e-05
0.000879339
0.00067805
0.00068771
0.000554841
0.000400447
0.00030966
0.000234233
0.00021103
0.000177712
0.000131602
0.000162456
0.000117166
0.000107861
9.44941e-05
6.78373e-05
5.63506e-05
4.05172e-05
4.72144e-05
3.06075e-05
2.66971e-05
3.55748e-05
2.22265e-05
2.24951e-05
3.57652e-06
3.71559e-06
3.72149e-06
4.37178e-06
6.92467e-06
5.86401e-06
5.54062e-06
3.6057e-06
4.08626e-06
3.79646e-06
4.22598e-05
4.96994e-05
4.04715e-05
2.21034e-05
1.60486e-05
2.42077e-05
2.10571e-05
1.74328e-05
8.81502e-06
0.0023018
0.00152786
0.00120256
0.000926728
0.00077767
0.000499495
0.000374141
0.000155301
0.000107899
0.000121421
0.000208173
0.000153183
0.00028596
0.00020708
0.000171719
3.10227e-05
1.91437e-05
1.74575e-05
9.24264e-05
0.000122982
8.5584e-05
1.40992e-05
7.88473e-06
7.29986e-06
1.37146e-05
1.85444e-05
2.21725e-05
3.50802e-05
3.96296e-05
4.79527e-05
4.87195e-05
8.66529e-06
5.63189e-06
6.00029e-06
4.21585e-06
4.34029e-06
4.34029e-06
1.07799e-05
6.34361e-06
6.86972e-06
4.47379e-06
4.30244e-06
4.87687e-06
4.66359e-06
1.07612e-05
0.00013896
0.000116976
1.01421e-05
7.32794e-06
0.000462712
0.000347982
0.000787927
0.00088689
0.000730985
0.000531266
0.000341029
0.000233728
0.00018571
0.000198684
0.000137255
6.57236e-05
4.18416e-05
3.78188e-05
3.188e-05
2.15799e-05
3.29795e-05
2.34882e-05
7.86214e-06
6.102e-06
6.57962e-06
6.90258e-06
6.43071e-06
6.321e-06
6.66272e-06
6.3833e-06
6.59393e-06
1.12272e-05
8.36466e-06
9.11744e-06
1.71571e-05
1.39705e-05
7.31368e-06
7.54026e-06
1.17616e-05
1.15914e-05
8.36505e-06
8.89543e-06
1.02857e-05
1.06944e-05
1.56639e-05
9.80299e-06
0.000289347
0.000248864
0.000438612
0.00147606
0.000958669
0.000799418
0.000696123
0.000348066
0.000224937
9.6585e-05
9.27068e-05
0.000104719
0.000124027
0.000106445
0.00011403
0.00116552
0.0012017
0.00399306
0.00391168
0.00375252
0.00473939
0.00580197
0.00685895
0.00667465
0.00615442
0.00676857
0.00641475
0.00575928
0.00614062
0.00594999
0.00551059
0.00464921
0.00471846
0.00419733
0.00344802
0.00274786
0.00238498
0.00158175
0.00158637
0.00113229
0.00158746
0.000417774
0.000677382
0.000494308
0.000403971
0.000199732
0.000175326
0.000240478
9.77733e-05
0.000204157
7.4324e-05
5.90114e-05
7.18685e-05
7.87828e-05
4.01025e-05
8.15524e-05
0.00010659
6.14712e-05
0.000113382
0.000150235
0.000209755
0.000349622
0.00043607
0.000521969
0.000406277
0.000612321
0.00188371
0.00174831
0.00186485
0.00150433
0.00146921
0.00136838
0.0013695
0.00139992
0.00130219
0.00130667
0.00145015
0.00143915
0.00121952
0.00124896
0.00119868
0.00114295
0.00118705
0.00113809
0.00125532
0.00130173
0.00126506
0.00135432
0.00114902
0.0011163
0.00120479
0.00133327
0.00146571
0.00135963
0.00142566
0.00152152
0.00148822
0.0017921
0.00192619
0.00172582
0.00169614
0.00183915
0.00181006
0.0018719
0.00181349
0.0018699
0.00200899
0.00197642
0.00207983
0.00208713
0.00216249
0.002055
0.00202789
0.00206721
0.00217948
0.00239059
0.00234128
0.00233019
0.00216461
0.00215429
0.00213329
0.002281
0.00224928
0.00217977
0.00214357
0.00212167
0.00197808
0.00199392
0.00196858
0.0020949
0.00203437
0.0020526
0.00198129
0.00195811
0.00199751
0.00202282
0.00199524
0.00204724
0.00199906
0.00204518
0.00212881
0.0021816
0.00207385
0.0021196
0.00218021
0.00230821
0.00220343
0.00230396
0.00224166
0.00142166
0.00167664
0.000853557
0.00127131
0.000718811
0.00032912
0.000287029
0.000554158
0.000217616
0.000728698
0.00049357
0.000668031
0.00151944
0.00140837
0.00181657
0.00100861
0.000932269
0.00147483
0.0028458
0.00256521
0.00312079
0.0021376
0.00370694
0.0034856
0.00303724
0.00358878
0.0030092
0.00363055
0.00288633
0.0023262
0.00225132
0.00199575
0.00216847
0.0023549
0.0017797
0.00178169
0.00119988
0.000928433
0.000818417
0.00105142
0.0011973
0.00100166
0.000779517
0.000646239
0.000763343
0.000728772
0.000793109
0.0017373
0.0013877
0.000574034
0.000605669
0.000656117
0.000652606
0.000567122
0.000689046
0.00148266
0.00127113
0.00131762
0.00151578
0.0014225
0.0010267
0.00104151
0.00155277
0.00140118
0.00091084
0.00384522
0.00351046
0.00428146
0.00773714
0.00859233
0.00282042
0.00280085
0.0037886
0.00355944
0.000737158
0.000190648
0.000206204
0.00795636
0.0177637
0.0020122
1.50238e-05
8.92731e-05
0.000101282
9.23765e-05
0.000615177
0.000228719
0.000389798
0.000374907
0.00026459
0.000285647
2.42989e-06
6.20005e-06
5.278e-06
0.000246657
0.000177498
0.000166735
0.000949774
0.000782539
0.00070239
0.00102915
0.000897551
0.00082496
0.0010078
0.000881213
0.000825821
0.000586037
0.000493469
0.000360942
0.000314289
0.000216472
0.000199249
0.000138459
0.000126641
4.22255e-05
3.09052e-05
3.01356e-05
3.9973e-05
3.24405e-05
3.22081e-05
2.21288e-05
1.95121e-05
2.04351e-05
2.28417e-05
2.90864e-05
2.94722e-05
5.58093e-05
6.38391e-05
3.34383e-05
3.05415e-05
6.40853e-05
5.4178e-05
0.00012255
0.000118551
0.0001009
6.76232e-05
5.57755e-05
4.72832e-05
5.11496e-05
4.17056e-05
3.93147e-05
1.50596e-05
1.34965e-05
1.3203e-05
1.95979e-05
1.99242e-05
1.86325e-05
1.89472e-05
2.45554e-05
1.32891e-05
1.37753e-05
2.71477e-05
1.68124e-05
1.4997e-05
1.23082e-05
1.30352e-05
1.34398e-05
1.42711e-05
1.43395e-05
1.30491e-05
1.46066e-05
1.41828e-05
1.47484e-05
1.85736e-05
1.28375e-05
1.15586e-05
1.11262e-05
1.09824e-05
1.72262e-05
2.40253e-05
2.35668e-05
1.39393e-05
1.74824e-05
1.78793e-05
1.20454e-05
1.07739e-05
1.07665e-05
1.87564e-05
1.42876e-05
1.15033e-05
1.21617e-05
1.19335e-05
1.31159e-05
1.3257e-05
1.46482e-05
2.01561e-05
1.80667e-05
1.49214e-05
1.3256e-05
1.91518e-05
2.38205e-05
2.46946e-05
3.06716e-05
7.07897e-05
8.29807e-05
7.52671e-05
4.10167e-05
4.59229e-05
5.12681e-05
3.88331e-05
4.53448e-05
3.26776e-05
4.03412e-05
3.81709e-05
3.61988e-05
4.18186e-05
3.96536e-05
4.53829e-05
4.15114e-05
4.86211e-05
3.26408e-05
3.9818e-05
3.67034e-05
4.90996e-05
5.44558e-05
2.88012e-05
3.46982e-05
3.18203e-05
4.68927e-05
5.32497e-05
6.38433e-05
6.69925e-05
5.15406e-05
5.85784e-05
5.50689e-05
9.06265e-05
9.17619e-05
5.93611e-05
5.98329e-05
4.76074e-05
5.24291e-05
4.82403e-05
3.7342e-05
3.95296e-05
4.18417e-05
5.12149e-05
5.36257e-05
3.36798e-05
3.58523e-05
3.1893e-05
4.24654e-05
4.28842e-05
4.20427e-05
3.97931e-05
3.7945e-05
3.17427e-05
3.02401e-05
2.49756e-05
2.45112e-05
3.03892e-05
2.95604e-05
2.71152e-05
2.33034e-05
2.17536e-05
2.50325e-05
3.74857e-05
2.4557e-05
0.00976519
0.00841869
0.00796567
0.00646114
0.00611391
0.00695466
0.00572934
0.0048572
7.44475e-05
0.000194848
0.00017782
0.000322138
0.000264057
0.000230955
0.000356584
0.000309263
0.000309108
0.000383413
0.000307934
0.000314663
0.00024279
0.000252562
0.000206275
0.000234295
0.000172594
0.000171282
0.000105598
7.31065e-05
7.05083e-05
7.17586e-05
0.00010792
0.000114531
0.000292269
0.000221646
0.000318298
0.000516529
0.000654523
0.000714148
0.000889981
0.000489106
0.000644392
0.000563887
0.000545349
0.000409564
0.00196107
0.00251642
0.00234579
0.00319226
0.00347871
0.00318286
0.00255892
0.00240703
0.00265856
0.00217936
0.00206645
0.00161808
0.00138172
0.0015905
0.00129941
0.000591739
0.000624719
0.000440399
0.000251503
0.000140183
0.000182392
2.13274e-05
4.25999e-06
8.52686e-05
8.06538e-05
8.65082e-05
0.00012776
0.000235651
0.000266433
0.000376063
0.000206193
0.000605604
0.000554093
0.000449802
0.000573476
0.000368249
0.000796818
0.00106917
0.00118278
0.00130437
0.00110865
0.00142679
0.00160636
0.00149369
0.00176958
0.00141954
0.00171317
0.00206797
0.00241077
0.00220425
0.00260609
0.00217332
0.00210388
0.00260344
0.00324168
0.00300594
0.00323916
0.00347045
0.00359657
0.00279046
0.00302618
0.00366171
0.00387159
0.00383219
0.00484376
0.00432364
0.00484054
0.00435987
0.00452385
0.00529462
0.00519251
0.0060806
0.00651906
0.00527481
0.00610815
0.00626396
0.00737214
0.00594785
0.0080016
0.00678548
0.00834507
0.0081678
0.00653413
0.00636409
0.00740157
0.00644711
0.00692142
0.00616115
0.00992472
0.00835276
0.00814686
0.00749529
0.00627402
0.00636348
0.0093274
0.00754775
0.00776375
0.00546279
0.00875387
0.00918842
0.0075507
0.00722164
0.00799722
0.00663369
0.00502136
0.00976914
0.00786834
0.00839623
0.00693065
0.00197364
0.00190691
0.00159868
0.00222913
0.00659079
0.00157288
0.00174605
0.00172538
0.00174442
0.00172002
0.00142762
0.00142819
0.001481
0.00144628
0.00143858
0.00139334
0.00184562
0.00203208
0.00194611
0.00140827
0.00139934
0.00128834
0.00158531
0.00175933
0.00169072
0.00169708
0.00152512
0.00155965
0.00155427
0.00159233
0.00154133
0.00152686
0.00138849
0.00135698
0.00137277
0.00153899
0.00151849
0.00139484
0.00139787
0.00165207
0.00164161
0.00135315
0.00135996
0.00141318
0.00142924
0.00139651
0.00137701
0.00133356
0.0013454
0.00139651
0.00135894
0.00113833
0.00131781
0.00128859
0.00124341
0.00085881
0.000840165
0.000711012
0.000876508
0.000870795
0.000512351
0.000296794
0.000296713
0.000210567
0.000111631
8.04044e-05
0.00017424
0.000172409
0.000104656
8.0131e-05
8.18181e-05
8.19263e-05
0.000458223
0.000555109
0.0005586
0.000533262
0.000528407
0.000196417
0.000335796
0.000644342
0.000589783
0.00129668
0.00153172
0.00157704
0.0017032
0.00276122
0.00266381
0.00280227
0.00401644
0.00426945
0.00247575
0.00252586
0.00236589
0.00222477
0.00248543
0.00393274
0.00354658
0.00377447
0.00527937
0.00536414
0.00538398
0.00499468
0.00490439
0.00469453
0.00411196
0.00395179
0.0046673
0.00447472
0.00343169
0.0030416
0.00250967
0.00226656
0.00221868
0.0030085
0.00141659
0.00321151
0.00316721
0.00302885
0.00276805
0.00208826
0.00219671
0.00173515
0.00163048
0.000842954
0.000779881
0.00294727
0.00260052
0.00235401
0.00264714
0.00259296
0.0021702
0.00192843
0.00179088
0.000870163
0.000774656
0.000729013
0.00106471
0.000994144
0.000984347
0.000805218
0.000838574
0.000655999
0.000555853
0.000509276
0.000294504
0.000233284
0.000452239
0.000367978
0.000398504
0.000130503
0.000104584
0.000157008
0.000130148
2.745e-05
2.55157e-05
6.05106e-05
8.50957e-05
6.77408e-05
2.63277e-05
3.14656e-05
0.0001479
0.000139239
0.00021633
0.000293377
0.000212262
0.00010825
0.000169838
0.00012734
6.43962e-05
6.16254e-05
9.54787e-05
0.000159344
0.00201219
0.00209328
0.00236827
7.33727e-05
7.30756e-05
7.55168e-05
7.55068e-05
7.67637e-05
8.02535e-05
8.02426e-05
8.04404e-05
7.58998e-05
7.67217e-05
5.036e-05
5.03255e-05
7.05577e-05
4.89681e-05
4.87939e-05
4.86552e-05
