0.00604268
0.00544878
0.00465303
0.00400233
0.00337944
0.00282173
0.00239387
0.00205164
4.73075e-05
0.000108086
0.000181192
0.000123166
0.000200321
0.000174058
0.000160654
0.000144919
0.000108287
6.78093e-05
3.5263e-05
1.27023e-05
4.32399e-06
5.60377e-05
0.000152386
0.000316444
0.000486812
0.000512101
0.000844364
0.00111245
0.00122037
0.00105289
0.000886477
0.000549635
0.000486431
0.000195947
0.000139398
7.87718e-05
2.61547e-05
3.74102e-05
1.32993e-05
8.88644e-06
1.70468e-06
2.87348e-08
6.7208e-06
3.16192e-07
7.72782e-08
4.93901e-07
2.59933e-07
1.42324e-06
1.37204e-06
1.84702e-10
3.9942e-06
1.4543e-07
2.22257e-06
1.47485e-06
4.10433e-06
9.60386e-06
1.05957e-05
4.28895e-05
3.21052e-05
4.11802e-05
9.09772e-05
5.45893e-05
4.23556e-05
0.000159982
0.000274894
3.86018e-05
0.000163858
0.000336775
0.000141841
0.000251297
0.00035064
0.000842825
0.000523426
0.00076981
0.000953898
0.000894031
0.00088733
0.000609733
0.000487723
0.001258
0.00144205
0.000592451
0.000510857
0.000774264
0.000722825
0.00066603
0.000662856
0.000633282
0.000573709
0.000724065
0.000620276
0.000599673
0.000556671
0.00055035
0.000569018
0.000445612
0.000593448
0.000540648
0.000510498
0.000443819
0.000482321
0.00039851
0.000401585
0.000473572
0.000401341
0.000303974
0.00030756
0.000266067
0.000274932
0.000280783
0.000218251
0.000262707
0.000203582
0.000175531
0.00013636
0.000137094
0.000111888
9.5201e-05
6.09474e-05
6.41411e-05
5.2303e-05
2.13607e-05
3.30797e-05
1.60751e-05
1.71058e-05
6.84539e-06
3.12579e-06
2.9509e-06
1.21963e-07
8.44217e-10
6.4378e-07
1.20946e-06
3.40213e-06
5.40215e-06
4.03513e-06
7.29704e-06
4.38268e-06
2.52314e-06
2.00293e-06
4.86377e-06
3.83708e-06
3.97346e-06
3.8852e-06
2.90724e-06
1.53113e-06
5.58947e-06
2.64267e-06
3.28792e-06
6.43414e-06
7.68701e-06
3.87957e-06
4.9378e-06
6.49736e-06
5.24906e-06
9.13041e-06
9.41064e-06
2.71561e-06
1.30262e-05
5.53793e-06
2.5548e-07
1.12579e-05
0.00012866
0.000131997
0.000139904
0.000143685
0.000216809
1.77376e-05
0.000289408
0.00133837
0.00266537
0.00017081
0.00170835
2.62428e-05
0.000287973
0.000300349
8.31108e-05
6.76172e-05
0.000209671
0.000178372
7.96312e-05
1.93297e-06
3.61372e-05
0.000102101
0.000400664
0.000776733
0.000977452
0.00151075
0.00197644
0.00236925
0.00240391
0.00213512
0.0020423
0.00176119
0.00216612
0.00170604
0.00115583
0.000799686
0.000576837
0.000618912
0.000792672
0.000969446
0.000353964
1.91709e-06
9.05433e-07
9.99172e-06
3.38135e-07
2.86547e-05
2.97535e-05
3.0977e-05
6.66816e-05
8.92046e-06
1.55135e-05
1.76222e-05
8.77758e-06
2.19139e-06
2.92109e-06
6.46238e-07
4.18807e-06
3.09837e-07
1.99335e-05
2.87771e-05
2.16949e-06
4.47251e-09
1.20192e-05
4.10047e-07
3.71129e-06
0.000294783
0.000477601
0.00608013
0.00408198
0.00277656
0.00206786
0.00137714
0.000913166
0.000543082
0.00037826
0.000209699
0.000185099
7.85284e-05
0.00308127
0.00315614
0.00315267
0.00287876
0.00254177
0.00260402
0.00228603
0.00207026
0.00179539
0.00137329
0.000983216
0.000507727
0.000129122
1.941e-06
8.32021e-05
0.000677256
0.00127633
0.000995656
0.000755332
0.000586579
0.000448822
0.000437785
0.000341772
0.000236154
0.000190672
0.000129118
6.05189e-05
4.21902e-05
2.5259e-05
2.97663e-06
3.34286e-06
9.33619e-06
8.7815e-05
5.71784e-05
5.90671e-05
5.44869e-05
6.82025e-05
0.000143437
0.000173658
0.000110964
0.000127706
9.95231e-05
9.13327e-05
0.000133456
2.12541e-05
0.000117061
7.91206e-05
0.000162425
0.000186698
0.000134297
0.000155274
0.00014964
0.000187888
0.000257217
0.000240399
0.00029674
0.000269341
0.000451512
0.000376563
0.000576797
0.000595661
0.000502189
0.00118231
0.00137734
0.000767138
0.000812855
0.000550214
0.000197529
0.000181936
0.000382067
0.000307193
0.00039836
0.000394926
0.000496448
0.000252963
0.000246392
0.000545675
0.000150381
0.000237932
0.000351103
0.000331858
0.000326785
0.000266464
0.000232967
0.000124532
0.000173343
0.000137215
0.000161669
0.000155832
0.000118293
0.000113218
0.000145835
0.000118988
9.02824e-05
7.42073e-05
6.60746e-05
7.37834e-05
7.07084e-05
6.19751e-05
6.03359e-05
4.63237e-05
3.64879e-05
3.18831e-05
2.9058e-05
2.57364e-05
2.48594e-05
1.23716e-05
1.10151e-05
9.86357e-06
4.78914e-06
5.19323e-07
6.07716e-08
1.56069e-06
1.49338e-07
2.16979e-08
1.30247e-06
1.23612e-06
2.76817e-07
6.94559e-06
3.66035e-06
1.07377e-05
1.88764e-05
5.50998e-06
8.37343e-08
1.2327e-06
5.27879e-07
1.8051e-07
1.57252e-07
2.43631e-06
3.31124e-07
4.42903e-07
5.7634e-07
3.10573e-07
1.24464e-06
2.76916e-06
2.34436e-06
1.53662e-06
3.14279e-07
2.75688e-06
2.7507e-06
3.49142e-06
1.50941e-05
1.90283e-06
5.56159e-07
1.42377e-07
1.26196e-06
0.000117521
0.000119156
0.000121507
0.000121719
0.000122141
0.000120305
8.19679e-05
8.89953e-05
0.000218769
0.0010566
0.00273583
0.000284813
0.00479655
0.000627111
0.000448974
0.000375384
0.00449827
0.00373048
0.00252017
0.00174144
0.000969749
0.00044132
0.000345739
8.89982e-05
9.87396e-05
3.59762e-05
3.41246e-07
7.76453e-06
3.65294e-05
9.06559e-07
1.52557e-07
3.05856e-06
1.59769e-06
4.4572e-06
4.8082e-05
8.56892e-06
2.74928e-05
2.59302e-06
8.78057e-06
5.42963e-05
7.05473e-05
2.26471e-05
6.99367e-05
0.000175761
0.000112277
0.00244497
0.00142333
0.00379618
0.0025621
0.00193945
0.00145447
0.000740577
0.00133641
0.0019546
0.00215036
0.00106787
0.000676764
0.000710401
0.00019249
0.000444577
0.000189709
5.7545e-05
8.67292e-05
5.18337e-05
1.18248e-05
9.93999e-08
1.21817e-06
6.06581e-07
1.03197e-05
4.57055e-06
2.7388e-06
4.86174e-07
2.5505e-06
9.28037e-06
3.77838e-06
8.07285e-06
6.34768e-06
1.3001e-06
0.00442642
0.00215587
0.000987894
0.000457204
0.000164759
7.02667e-05
5.8002e-05
3.75831e-06
0.00776388
0.00718063
0.00663007
0.00606917
0.00532373
0.00449806
0.00393312
0.00234335
0.0018777
0.00116086
0.000519259
0.00010278
9.33851e-08
0.000181396
0.000669982
0.000621467
0.000437889
0.000367626
0.000263429
0.000268054
0.00020745
0.000148343
6.83301e-05
4.22263e-05
1.72964e-05
6.09554e-06
1.3809e-08
1.42261e-05
2.71172e-05
3.67576e-05
0.000177411
0.000148852
0.000216447
0.000220186
0.000226933
0.000244698
0.000215998
0.000258629
0.00027092
0.000263675
0.00041105
0.000267505
0.000402384
0.000408821
0.000478167
0.000574598
0.00056516
0.000657988
0.000641213
0.000592828
0.000627419
0.000709589
0.000789681
0.000724108
0.000706892
0.000918377
0.00116937
0.000746716
0.000846791
0.000799868
0.00022271
8.90782e-05
0.000150176
0.000469706
0.000439468
0.000684725
0.000912404
0.00102418
0.000592951
0.000492333
0.00112923
0.000980965
0.000529147
0.00053314
0.000465836
0.000433676
0.000406435
0.000373114
0.000428771
0.000324691
0.000400457
0.000372819
0.00046141
0.000365929
0.000387005
0.000303868
0.000361074
0.000371555
0.00032284
0.000286773
0.000265827
0.00032899
0.000346384
0.000296525
0.000333094
0.000309408
0.000288833
0.000324437
0.000241984
0.000309812
0.000212555
0.000250662
0.000207896
0.000189225
0.000199626
0.000182118
0.000164959
0.000137905
0.000100616
0.00010989
9.76732e-05
7.28189e-05
5.50002e-05
3.63985e-05
1.88173e-05
1.14162e-05
1.9486e-05
6.61638e-06
7.37751e-07
1.56638e-07
2.49363e-06
1.15363e-05
2.61184e-05
3.13741e-05
3.92046e-05
4.98199e-05
5.89745e-05
6.78135e-05
8.76588e-05
8.53753e-05
0.000104829
0.000110258
0.000116043
0.000124851
0.000132096
0.000132418
0.000133071
0.000142906
0.000133305
0.00013585
0.000138966
0.000138291
0.000145935
0.000147909
0.000142939
0.000137241
0.000173514
7.54672e-05
7.54907e-05
7.54965e-05
7.5503e-05
7.55163e-05
7.55099e-05
7.55192e-05
0.00142473
1.63283e-07
0.0010559
0.00524198
0.00463378
0.00421217
0.00350493
0.00287174
0.00231547
0.00151009
0.000939902
0.000675643
0.00273609
0.00373211
0.00271091
0.00232112
0.00168875
0.00121575
0.00102653
0.000541699
0.000323518
0.00034428
0.000142118
6.70505e-05
4.40791e-05
9.24895e-06
2.86591e-06
1.3336e-05
1.02756e-05
1.2943e-05
0.00222981
0.00173528
0.00122956
0.000940485
0.000607485
0.000482593
0.00024902
0.000156896
8.32632e-05
4.97931e-05
1.27421e-05
0.00239849
0.00146805
0.00118382
0.000754421
0.000373757
0.000137102
8.11154e-05
7.76056e-05
0.000101084
1.24782e-05
4.79503e-05
1.13628e-05
1.49366e-05
6.52386e-05
9.11565e-06
1.59397e-07
1.7301e-05
1.33022e-05
0.00348113
0.00209811
0.00108307
0.00190216
0.000873814
0.00051219
0.000287872
0.000260327
0.000112762
0.0097155
0.00878639
0.00816406
0.00686646
0.0061605
0.00399659
0.00300882
0.00187033
2.27227e-05
0.00018944
8.2512e-05
7.76879e-05
4.9054e-05
3.90893e-05
3.59564e-05
1.78824e-05
5.029e-06
1.24095e-07
9.78009e-06
2.67127e-05
4.90678e-05
0.000121601
0.000109322
9.46278e-05
0.000150505
0.000150398
0.000186694
0.000136447
0.0002381
0.000310721
0.000385809
0.000510446
0.000344716
0.000323059
0.000394195
0.00047113
0.000901577
0.000946812
0.000758918
0.00115787
0.000913903
0.000773674
0.000985889
0.000677989
0.000109888
0.00023165
4.44121e-06
3.71852e-06
8.54568e-05
0.000169637
0.000239125
0.000341195
0.000573082
0.000641076
0.000786445
0.000861315
0.000809572
0.000786599
0.000773913
0.000832701
0.000857015
0.000854588
0.000789404
0.000776174
0.000798359
0.000838892
0.000839685
0.000889273
0.000845537
0.00087939
0.00080584
0.000807285
0.000815535
0.000728896
0.000738511
0.000741097
0.000810049
0.00075921
0.000729647
0.000728833
0.000663839
0.000579181
0.000509468
0.000428765
0.000320273
0.000281591
0.00020146
0.000130436
8.17212e-05
4.18452e-05
1.24659e-05
1.88391e-06
2.36541e-07
5.74997e-06
1.21857e-05
2.92579e-05
4.974e-05
5.40194e-05
8.7609e-05
7.40796e-05
9.20566e-05
0.000119796
9.31257e-05
0.000127991
0.000132328
0.000115896
0.000146443
0.000136733
0.000149229
0.000160196
0.000142789
0.000137727
0.000145182
0.000180657
0.000178777
0.000171254
0.000145374
0.000179327
7.73465e-05
0.000126753
9.10847e-05
0.000166678
6.27199e-05
6.27722e-05
6.27578e-05
6.2708e-05
6.24578e-05
6.24527e-05
0.000244734
0.000244317
0.00399285
0.00316343
0.0104896
0.00951679
0.00791874
0.00712538
0.00572477
0.00562737
0.00466748
0.003513
0.00304976
0.00120183
0.000718208
0.000540743
0.000370891
0.000164384
8.80775e-05
5.03915e-06
2.5397e-06
2.49769e-07
1.93786e-06
3.45424e-05
0.000101943
3.81967e-05
4.32962e-05
0.000111406
9.23673e-05
0.000211162
7.06854e-05
7.42303e-05
1.83586e-06
2.57431e-06
0.000416386
0.000229238
0.000196879
0.000103872
9.33922e-06
3.34451e-08
2.21219e-06
3.65449e-06
1.82599e-05
3.61943e-06
1.89831e-05
1.2085e-05
0.0033223
0.00190069
0.00111191
0.000685047
0.000434364
0.000159825
7.81271e-05
5.53145e-05
1.34106e-05
1.71511e-05
1.87858e-05
7.34953e-07
8.35423e-07
1.10542e-07
1.35922e-07
3.89398e-06
5.02512e-06
1.35384e-05
9.77182e-06
2.95017e-06
3.83581e-06
3.1342e-05
2.8217e-05
3.26926e-07
0.00756361
0.00715314
0.00621386
0.00573569
0.00493617
0.00369637
0.00291179
0.00208912
0.00115481
0.000421702
6.97697e-05
2.99752e-05
0.000246054
0.000137284
0.00012503
7.5596e-05
6.17576e-05
8.73224e-05
5.89654e-05
5.44413e-05
4.39607e-05
3.72843e-05
1.35704e-05
3.71776e-07
1.20425e-06
9.99063e-06
9.64204e-06
3.60756e-05
0.000100577
0.000138072
0.000138021
0.000123952
0.000172257
0.000150853
0.000211755
0.00018541
0.000181618
0.000124783
0.000118553
0.000209373
0.000221106
0.000433232
0.00040697
0.000550201
0.000662318
0.000564377
0.000711451
0.000740402
0.000970671
0.000724146
0.000827324
0.00102571
0.00110894
0.00119416
0.00095189
0.000923736
0.00109167
3.93955e-05
0.000188566
0.000336582
0.000421406
0.000477712
0.00063084
0.000667758
0.000664513
0.000597122
0.000593564
0.000735718
0.000710929
0.000624252
0.000645703
0.000652984
0.000594311
0.00059322
0.000496822
0.000443284
0.000537502
0.00045704
0.00036974
0.000340601
0.000362443
0.00036605
0.000373304
0.000383472
0.000390206
0.000343946
0.000359234
0.000325844
0.000294363
0.000287341
0.000232286
0.000242204
0.000245334
0.000232295
0.000219261
0.000177526
0.000172982
0.000157797
0.000135508
0.000134971
0.000106272
9.83219e-05
6.13056e-05
5.4853e-05
3.48106e-05
2.67939e-05
2.05312e-05
4.77654e-06
4.17443e-06
1.29666e-06
1.09562e-06
7.40208e-07
1.00355e-06
2.53054e-06
1.75498e-06
1.57938e-06
2.86661e-06
5.72739e-06
7.93032e-06
1.25364e-05
1.10184e-05
1.95234e-05
1.76649e-05
2.09916e-05
2.00047e-05
2.63987e-05
3.01094e-05
2.75658e-05
2.93883e-05
6.79665e-05
3.03736e-05
7.09575e-05
7.15832e-05
7.18721e-05
7.26333e-05
7.36657e-05
7.48063e-05
6.72583e-05
0.000705975
0.00311937
0.000317338
0.000120887
0.000325684
0.00026032
0.000204178
0.000164462
0.000113037
1.13565e-07
4.73412e-05
0.000223946
0.000128939
0.028955
0.0233018
0.0187469
0.0143791
0.010444
0.00771207
0.00512727
0.00342655
0.00230911
0.00146632
0.000752092
0.000706377
0.000271327
1.3936e-05
4.06255e-06
0.000347999
0.000275847
0.000220848
0.000358052
0.000254817
0.000195679
0.000333136
0.00043778
0.000138596
0.000131015
0.000176813
0.000107612
0.0001293
0.00011369
7.84453e-05
0.000226328
0.000170627
0.000185476
0.00470803
0.00400914
0.00267336
0.00250301
0.00207551
0.00170294
0.0015772
0.00121712
0.00100989
0.000943849
0.000775312
0.000744503
0.000582278
0.000601171
0.000533859
0.000623026
0.000475469
0.000485988
0.000459568
0.000354242
0.000331013
0.000103066
7.88297e-05
8.29537e-05
8.65595e-05
0.000128322
0.00012055
7.95172e-05
3.43048e-06
7.83726e-05
0.000158601
0.000305729
0.000397014
0.000369101
0.000283401
2.21946e-06
7.44714e-05
0.000358945
0.00107551
0.00143202
0.00101544
0.000654172
0.000380678
0.000399118
0.000273333
0.000182734
0.000111923
5.45093e-05
7.48085e-05
4.57948e-05
3.23569e-05
1.32445e-05
1.3035e-06
5.13601e-05
8.35857e-05
0.000142521
0.000101626
0.000211591
0.000181214
0.000270932
0.000211714
0.000146255
0.000124679
0.000153322
0.000158738
7.14327e-05
5.97247e-05
0.000129479
0.000232982
0.000383476
0.000365882
0.000532029
0.000467015
0.000500446
0.000621207
0.000494235
0.000487934
0.000514132
0.00073107
0.000467621
0.000532357
0.000839481
0.000561659
0.000723452
0.000854393
0.000422297
0.000562812
0.00077126
0.000548923
1.42738e-05
0.000177837
0.000198684
0.00017789
0.000223167
0.000207818
0.00020428
0.000134579
0.000150409
0.00016153
8.26861e-05
7.3075e-05
0.000106077
0.000129929
0.000123346
0.000135232
0.000159042
0.000135088
0.000152028
0.000162595
0.000157202
0.00014211
8.93524e-05
8.57546e-05
7.68101e-05
7.29719e-05
7.39883e-05
8.55397e-05
8.80391e-05
6.50942e-05
5.973e-05
4.52576e-05
4.33894e-05
3.69109e-05
4.3913e-05
2.80051e-05
2.07347e-05
3.76171e-05
1.92334e-05
2.3275e-05
2.00284e-05
1.84504e-05
7.53813e-06
6.63377e-06
9.8218e-07
1.12917e-07
1.54683e-06
5.18017e-06
1.49059e-06
1.4273e-05
6.29442e-06
8.01005e-06
2.41781e-05
1.40955e-05
1.61804e-05
4.39026e-05
4.99768e-05
2.34125e-05
4.04555e-05
2.81066e-05
1.06102e-05
9.64649e-06
1.09263e-05
9.02694e-06
9.71988e-06
6.34246e-06
1.0799e-05
4.7265e-06
7.85903e-06
8.29963e-06
2.40739e-06
4.79501e-06
5.5497e-06
6.59345e-06
7.29719e-06
5.45122e-08
5.65283e-07
0.000105387
0.000109276
0.00011186
0.000116386
0.000119814
0.000116887
8.0637e-05
8.08156e-05
0.00194671
9.99655e-05
0.00302631
0.00846823
0.00741994
0.00725807
0.00640037
0.00481867
0.00342169
0.00300212
0.00175513
0.00109338
0.000859183
0.000398773
0.000296094
0.000127329
0.000148887
0.000101463
3.64455e-06
1.84805e-07
9.62221e-07
7.91957e-07
1.62858e-05
2.06302e-05
2.57511e-05
0.000131896
7.65416e-06
1.84484e-05
4.86108e-06
2.11745e-05
2.4078e-05
0.00011916
7.18965e-05
8.42759e-05
0.00446342
0.00278214
0.00207571
0.0011436
0.00404959
0.00282111
0.00133766
0.00152848
0.00164663
0.00166237
0.00540345
0.00454599
0.0046865
0.00302751
0.00123301
0.000630771
0.000877685
0.000612141
0.000142179
0.000155798
9.17937e-06
1.82932e-08
0.000492672
0.000677801
0.000832227
0.00068637
0.000370126
0.000411607
0.000360635
0.000167403
0.000192322
0.00123838
0.0220845
0.0142658
0.00831436
0.00434379
0.00207681
0.0010825
0.000376417
0.000196355
8.38581e-05
0.00985397
0.00913382
0.00861948
0.00792785
0.00690726
0.00617839
0.0054289
0.00443279
0.00345911
0.00263674
0.00153793
0.000715732
0.000714173
0.000215872
8.33937e-06
0.000114788
0.000521088
0.000420764
0.000270402
0.000267327
0.000230005
0.000150156
0.000124436
6.00082e-05
2.51574e-05
1.69014e-05
8.09221e-07
1.2505e-08
5.68959e-06
3.34375e-05
6.39948e-05
0.000121735
0.000139536
0.000208471
0.00017219
0.000248487
0.000262938
0.000337576
0.000300243
0.000352078
0.000245594
0.00034226
0.000282993
0.000473914
0.000489883
0.000468164
0.00044703
0.000530279
0.000545047
0.000565134
0.000601968
0.000592179
0.000556514
0.0006006
0.000817467
0.000927251
0.0011535
0.000841102
0.0010022
0.00138309
0.000847548
0.00048756
0.000268307
0.000183986
0.000585493
0.000610655
0.000828878
0.000976848
0.00102479
0.00132251
0.00109729
0.000283206
0.00032012
0.000350548
0.0003936
0.000420449
0.00035296
0.00035968
0.000461717
0.000440932
0.000459947
0.000392459
0.000536548
0.000455858
0.000585452
0.00048255
0.000552122
0.000441351
0.0005338
0.000526791
0.000527434
0.000581644
0.000486794
0.000510372
0.000486468
0.000529756
0.000499014
0.00056564
0.000543879
0.000461909
0.000545569
0.000453176
0.000404892
0.000436048
0.000419097
0.0003721
0.000347408
0.000341988
0.000364939
0.000332614
0.000298856
0.000260104
0.000259122
0.000240473
0.000209659
0.0001968
0.000186008
0.00011904
9.22669e-05
7.72483e-05
5.36822e-05
4.25332e-05
2.53952e-05
1.48348e-05
1.00144e-05
2.54239e-06
2.64791e-06
7.26265e-07
2.89642e-06
7.1206e-06
1.31194e-05
1.89542e-05
2.85571e-05
3.17039e-05
4.31895e-05
4.90549e-05
5.85848e-05
5.90703e-05
6.41319e-05
7.04925e-05
7.21011e-05
8.19831e-05
8.02636e-05
8.87414e-05
7.7425e-05
8.71883e-05
9.03891e-05
9.04136e-05
8.7514e-05
8.6726e-05
0.000132418
8.61174e-05
8.18298e-05
7.41185e-05
7.44216e-05
7.44252e-05
7.41576e-05
7.41657e-05
7.41505e-05
0.000104125
0.00377321
0.000533676
0.000807361
0.00206797
0.00236707
0.00238024
0.0019288
0.00144515
0.00123141
0.000879595
0.000483039
0.000251869
7.54034e-05
4.44302e-05
5.28525e-07
5.42553e-05
0.00102476
0.000769451
0.000134367
0.000529583
0.0003929
0.000299624
0.000116463
1.74929e-05
1.46346e-05
2.73374e-06
3.45454e-07
2.84009e-05
2.85422e-05
3.878e-05
0.000139797
3.9077e-05
5.08445e-05
0.000151798
9.24488e-05
0.000111296
0.00204619
0.00124563
0.00117762
0.000883766
0.000659572
0.00063006
0.000334852
0.000240423
0.000193858
8.79124e-05
0.00219324
0.00138339
0.00100039
0.000808743
0.000393731
0.000242314
0.000179166
9.17425e-05
2.27379e-05
1.16209e-05
9.543e-06
2.50248e-06
2.10849e-06
2.40919e-06
3.57605e-06
1.22063e-06
3.99228e-06
9.03004e-06
3.06615e-08
6.71355e-06
5.08221e-05
1.16955e-06
2.68138e-06
1.07289e-07
1.48214e-05
0.00331672
0.00197075
0.000980171
0.000868916
0.00105053
0.000570669
0.00030675
0.00017007
0.000101349
8.57411e-05
0.00899447
0.00800469
0.0073181
0.00628044
0.00496381
0.00398706
0.00277318
0.00178108
0.00136889
0.00143708
0.000561953
1.11161e-06
3.50779e-05
0.000377334
0.000273488
0.000161236
0.000146208
9.34013e-05
0.000104116
7.10608e-05
5.4544e-05
4.71835e-05
1.75174e-05
2.54152e-05
8.84989e-06
1.61868e-07
6.19348e-05
3.61175e-05
2.97293e-05
4.42895e-05
7.22372e-05
0.000104839
0.000262637
0.000261124
0.000267964
0.000251031
0.000259742
0.000273679
0.000303441
0.000176795
0.000254058
0.00030419
0.000248348
0.000301302
0.000327968
0.00039174
0.000582153
0.000447322
0.00064458
0.000694434
0.000629044
0.000619339
0.000672898
0.000919208
0.000587756
0.000532126
0.000559471
0.000452555
0.000106898
1.75344e-05
0.000512383
8.32859e-06
5.68306e-05
0.000148271
0.000218936
0.000399049
0.000399914
0.000586243
0.000720406
0.000751444
0.000871363
0.000816813
0.000844313
0.000734465
0.000809259
0.000815338
0.00081454
0.000808346
0.000828404
0.000804575
0.000788677
0.000816083
0.000783169
0.000789017
0.000819622
0.000792171
0.000717248
0.000870494
0.000670892
0.000696671
0.000636077
0.000624359
0.000589578
0.000576532
0.000496881
0.000436407
0.000400781
0.000374382
0.00034112
0.000241844
0.000208486
0.000161775
0.000113819
8.76006e-05
5.8973e-05
3.87584e-05
1.72448e-05
1.58813e-06
8.76467e-08
3.2819e-06
2.08695e-05
1.90943e-05
2.93709e-05
4.64834e-05
5.80177e-05
6.56373e-05
9.34168e-05
6.91107e-05
9.87498e-05
0.000115528
0.000105581
0.000133963
0.000116333
0.000140537
0.000154734
0.000121059
0.00015089
0.000142589
0.00015094
0.000162952
0.000187764
0.00015157
9.737e-05
9.36713e-05
8.22176e-05
8.82002e-05
9.01731e-05
9.81221e-05
9.67142e-05
7.16491e-05
7.16678e-05
7.16647e-05
7.15413e-05
7.12955e-05
7.12863e-05
7.12782e-05
0.000200398
0.00132519
0.00425107
0.00986766
0.010637
0.00917905
0.00707252
0.00729133
0.00529723
0.00462884
0.00366933
0.00243534
0.00159235
0.000881737
0.000622833
0.000228003
0.000337327
0.00022325
1.27176e-05
1.44831e-06
1.72193e-05
7.50065e-05
6.68995e-05
5.13812e-05
0.000160989
0.000141451
4.06343e-05
5.97871e-05
2.44927e-05
3.13663e-05
4.84432e-05
2.81309e-05
5.99802e-05
6.22252e-05
6.10683e-05
8.21473e-05
2.79426e-05
0.000107076
1.38119e-05
0.000274558
0.000296826
0.000185964
0.000159259
6.41752e-05
1.15081e-05
4.35954e-06
2.38164e-06
3.8697e-06
4.48941e-06
4.30173e-06
9.27287e-07
1.16713e-09
0.00317411
0.00189709
0.00120171
0.000781543
0.000362631
0.000247643
0.000119531
4.82383e-05
8.47576e-05
3.60782e-05
6.04432e-05
2.70604e-05
1.78665e-06
7.30183e-07
9.93444e-07
4.63477e-06
4.201e-06
1.06225e-06
3.58848e-06
1.03237e-06
2.93674e-06
3.56874e-08
2.03784e-07
7.02785e-07
1.81845e-06
0.00695315
0.00656529
0.00619038
0.00534122
0.00440737
0.00316764
0.00260379
0.00146008
0.000757069
0.000321762
2.26209e-05
0.000117579
0.000327131
0.000182488
0.000138292
0.000139688
0.000116282
7.61093e-05
7.89508e-05
6.41137e-05
3.78308e-05
3.98172e-05
4.69876e-05
2.81946e-05
1.94665e-05
9.66319e-07
2.48909e-07
6.38578e-06
2.63675e-05
1.10922e-05
6.16043e-05
5.1728e-05
2.0975e-05
0.000104169
2.38915e-05
5.49875e-05
7.39696e-05
0.000147733
0.000147561
0.000131983
0.000110892
7.84729e-05
9.19541e-05
5.43801e-05
0.000154334
0.000174462
0.000245015
0.00021054
0.000356002
0.000409817
0.000401894
0.000448687
0.000388668
0.00055324
0.000452803
0.00034931
0.000392042
0.000360079
1.6811e-05
3.94529e-05
0.000213665
0.000144753
0.000239599
0.000256384
0.000369468
0.000534538
0.000541345
0.000613232
0.000732154
0.000689801
0.000662299
0.000608689
0.000603195
0.00057668
0.000534292
0.000586776
0.000503418
0.000524275
0.000458808
0.000547279
0.000479121
0.000488857
0.000585779
0.000481269
0.000516043
0.000464854
0.000443835
0.00037169
0.000454601
0.000401556
0.000347775
0.000281429
0.000321301
0.000285692
0.000261327
0.000239836
0.000224711
0.000173186
0.000159347
0.000129931
0.000136905
0.000114157
7.43328e-05
6.06871e-05
4.60955e-05
3.31358e-05
1.61226e-05
1.10763e-05
4.90392e-06
2.0984e-06
1.49877e-07
1.9161e-06
1.05628e-06
8.37517e-06
1.23373e-05
1.58463e-05
2.38744e-05
2.92819e-05
2.89889e-05
4.2212e-05
4.28994e-05
4.50285e-05
5.39699e-05
6.05965e-05
5.84118e-05
6.99877e-05
5.59125e-05
5.97263e-05
5.04653e-05
3.76484e-05
6.88771e-05
5.57218e-05
6.26592e-05
6.33707e-05
8.3746e-05
8.5424e-05
8.59616e-05
8.63488e-05
8.8003e-05
8.77073e-05
7.61745e-05
0.00012881
0.000129371
0.00271247
0.00253431
0.00165779
0.0229434
0.0251012
0.0212532
0.0179876
0.0162121
0.0150694
0.0130761
0.0103287
0.00750195
0.00589586
0.00344833
0.00242309
0.00156368
0.00105203
0.000497735
0.000342319
0.000177114
8.94625e-05
5.01184e-05
3.56941e-05
0.000126885
5.069e-05
6.52725e-05
0.000107551
8.62151e-05
7.64627e-05
0.000151003
2.11396e-05
2.03546e-05
4.73218e-05
4.93744e-05
4.33437e-05
5.47911e-05
4.2726e-05
0.000119299
0.000127162
6.5405e-05
0.000158893
0.00134702
0.00185792
0.00158652
0.00149613
0.00122051
0.00106547
0.000645194
0.000584152
0.000808273
0.000608244
0.000597554
0.000651941
0.000616154
0.000473548
0.000576096
0.000555026
0.000461284
0.000505725
0.000468749
0.000422718
0.00036781
0.000475942
0.000395786
0.000340338
0.000333259
0.000293504
0.000401012
0.000307076
0.000287606
0.00028024
0.000341313
0.000290574
0.000282017
0.000207137
0.000154023
0.000307592
0.000451671
0.000423661
0.000336823
0.000204148
7.88122e-05
4.06204e-05
4.0018e-06
0.000152159
0.00120206
0.00125662
0.000836262
0.000590218
0.00052547
0.000400293
0.00027607
0.000164864
0.000109401
5.32287e-05
1.18366e-05
3.08185e-05
1.11245e-05
6.33754e-07
9.44665e-08
1.25075e-06
2.34357e-05
2.43588e-05
4.00464e-05
2.58826e-05
6.27716e-06
2.22221e-05
7.6805e-06
1.77869e-06
2.73401e-10
6.11483e-06
4.18628e-05
8.49113e-05
3.13077e-05
0.000151392
0.000139761
0.000259709
0.00027284
0.000192441
0.000372014
0.000492497
0.000282144
0.000448409
0.000415264
0.000411853
0.000361517
0.000479974
0.000844121
0.000485584
0.000599732
0.000790578
0.00063082
0.000351119
0.000352901
0.00103091
0.00100826
8.99424e-05
9.96806e-05
5.50344e-05
5.36193e-05
7.97913e-05
0.000127204
0.000148372
0.000122373
0.000169021
0.000182589
0.000172019
0.00019316
0.000253798
0.000213885
0.000235173
0.000199331
0.000219313
0.000218824
0.000225558
0.000239127
0.000294008
0.000270533
0.000224114
0.000289883
0.000229059
0.000226472
0.000203421
0.000209111
0.000212847
0.000234494
0.000190987
0.000259862
0.000178701
0.000144082
0.000124854
0.000136732
0.000122458
8.10663e-05
6.35661e-05
5.16461e-05
4.22609e-05
3.88235e-05
3.51094e-05
2.37755e-05
2.50505e-05
1.46042e-05
1.57208e-05
2.64056e-06
3.98643e-06
6.87555e-06
1.80732e-07
1.77456e-06
1.11348e-08
1.2286e-06
1.90397e-06
3.7418e-06
1.03972e-05
1.45894e-05
4.91064e-06
1.51923e-05
1.74017e-05
2.18106e-05
8.90085e-06
3.23874e-05
1.25253e-05
3.37906e-05
1.06915e-05
6.46411e-06
3.68903e-05
1.39079e-05
1.59825e-05
6.48276e-06
6.71722e-06
1.55074e-05
2.75498e-05
6.13985e-06
3.98914e-05
1.41432e-05
2.70724e-06
7.93846e-05
8.28631e-05
8.32587e-05
7.84635e-05
8.34383e-05
7.91934e-05
8.52079e-05
8.62676e-05
8.96064e-05
0.00280136
0.00282446
0.00416782
7.57513e-06
0.00740489
0.0060093
0.00497651
0.00441363
0.00446663
0.00428789
0.00348254
0.00315744
0.00215394
0.00156776
0.000933226
0.000780492
0.000336048
0.00018127
0.000125339
0.000197574
6.27408e-05
7.23904e-05
2.26095e-06
1.28805e-06
5.83958e-05
9.68707e-05
1.60841e-05
5.12132e-05
0.000232903
0.0001282
0.000141857
3.3163e-05
0.000152956
0.0001615
0.000319036
0.0003117
0.00204564
0.00234065
0.00136016
0.00073967
0.00222705
0.00201183
0.000818618
0.000551101
0.000305576
0.000607348
0.000262198
0.000173217
0.000232718
6.48612e-05
3.7685e-05
3.91592e-05
2.29727e-05
3.35192e-06
1.07979e-05
1.75632e-06
4.93663e-06
1.75234e-05
1.07805e-05
6.10321e-05
2.99667e-05
0.0135767
0.00854323
0.00152033
0.0058692
0.00320593
0.00194279
0.000876676
0.000372221
0.000112784
4.90477e-05
5.77949e-05
9.79871e-06
3.53965e-06
1.30195e-05
3.44135e-07
0.00995915
0.00931335
0.00880407
0.00783186
0.00682371
0.00595618
0.00525277
0.00429435
0.00285182
0.00221145
0.00146028
0.0013513
0.000736253
0.000145982
1.69766e-06
0.000205095
0.000588606
0.000320238
0.000266797
0.000211626
0.000194477
0.000149412
9.00299e-05
6.32453e-05
3.57799e-05
3.23703e-05
3.31632e-06
4.99408e-06
2.94647e-06
2.63036e-05
4.31609e-05
8.9527e-05
0.000111747
0.000142401
0.000200475
0.000222507
0.000219033
0.000257549
0.000199021
0.000290424
0.000434425
0.000372769
0.000442595
0.000384274
0.000292813
0.000294673
0.000421077
0.000440779
0.000478864
0.000698294
0.000924817
0.000752285
0.000963175
0.000789199
0.00114792
0.000861759
0.000697922
0.000436062
0.000401154
0.000343554
0.000457629
0.000667478
0.000990153
0.000884466
0.000508197
0.000705191
0.000955399
0.00112196
0.000925431
0.000988492
0.000362011
0.000393489
0.000383917
0.000419429
0.000393834
0.000406886
0.000435164
0.000421102
0.000464265
0.000496341
0.000464363
0.000448585
0.000515712
0.000385902
0.000510225
0.000512018
0.000496185
0.000540618
0.000497334
0.000568052
0.000512577
0.000399191
0.000520927
0.000554201
0.000550798
0.000462129
0.000474195
0.000433373
0.000551469
0.000445163
0.000453932
0.000415749
0.000404599
0.000436024
0.000417539
0.000434407
0.000395115
0.000374583
0.000281161
0.000288222
0.000255816
0.000189525
0.00022252
0.000163735
0.000130772
0.000110884
0.000103874
8.61379e-05
7.28448e-05
4.74637e-05
3.05717e-05
3.27046e-05
1.09607e-05
6.74292e-06
1.08782e-06
1.86124e-08
8.76619e-07
3.95699e-06
8.08583e-06
1.12511e-05
1.79661e-05
3.43834e-05
3.99283e-05
4.70233e-05
5.3083e-05
6.01199e-05
6.68696e-05
8.72894e-05
8.53305e-05
8.94946e-05
9.60729e-05
9.73055e-05
9.73681e-05
9.86065e-05
0.000102647
0.000109212
0.000108447
0.000107181
0.000110667
0.000110793
0.000111204
0.000155898
8.11074e-05
8.02371e-05
8.02133e-05
8.12511e-05
8.03771e-05
8.03312e-05
7.80633e-05
9.32603e-05
0.00310819
0.000347415
5.31787e-05
0.00173173
0.00271798
0.00280419
0.00244113
0.00164289
0.00136444
0.000862383
0.000482681
0.000190715
0.000117907
2.28647e-05
3.59659e-06
0.00188795
0.0011049
0.00065582
0.000606895
0.000433154
0.000318047
0.000229587
9.33242e-05
2.71312e-05
1.60563e-05
2.63327e-06
7.44664e-06
7.01271e-06
3.79957e-07
5.02044e-07
2.24513e-05
2.87012e-06
4.31275e-06
6.9612e-05
3.30775e-08
0.00248032
0.00153442
0.00109192
0.00103533
0.000757704
0.000549131
0.000202717
0.000241841
4.5389e-05
1.54504e-05
0.000163403
0.000211539
8.16601e-05
0.000174679
0.000168193
0.000441667
0.000189989
0.000282218
5.16544e-05
0.00025925
0.000208697
0.000320045
0.000302067
0.00022692
0.00032157
0.000208062
0.000263178
0.000247419
0.000223919
5.95177e-05
6.83167e-05
0.00016432
0.000230973
0.00021207
0.00022481
5.12391e-05
0.000244678
0.000232463
0.00023073
8.80042e-08
5.14088e-07
1.69442e-06
0.0218809
0.00142144
0.00153337
0.00163999
0.00152261
0.00119124
0.000977214
0.000867983
0.000694475
0.000219643
0.000151844
1.93627e-06
9.11612e-05
0.00046994
0.00114257
0.000698632
0.000492559
0.000392312
0.000367429
0.000227748
0.000188675
9.00545e-05
5.71349e-05
2.4405e-05
1.24958e-06
5.77653e-06
7.56093e-06
1.19611e-05
1.00012e-05
5.67012e-05
5.27932e-05
0.00016602
0.000141738
0.000153174
0.000216292
0.000179022
0.000163167
0.000247148
0.000166351
0.000212733
0.000174883
0.000174217
0.000322964
0.000233615
0.000350139
0.00049371
0.000527047
0.000654554
0.000761508
0.000790902
0.000862559
0.00103469
0.000829086
0.000779159
0.00073238
0.000666506
0.000394869
0.000338277
0.000837461
0.000575056
0.000757122
0.000698005
9.77522e-05
7.14151e-06
7.83166e-07
5.11434e-05
0.000181945
0.000266675
0.00030577
0.000387356
0.000365398
0.00036051
0.000425653
0.000497801
0.00052223
0.000444811
0.000485192
0.000518209
0.000542749
0.000624417
0.00050205
0.000416197
0.000591546
0.000611671
0.00052637
0.00052925
0.000568877
0.000723681
0.000522016
0.000513962
0.000544803
0.000536735
0.000538239
0.000419479
0.000473118
0.000420646
0.000323447
0.000332752
0.000312173
0.000236402
0.000188192
0.000174085
9.68232e-05
6.51793e-05
4.6967e-05
1.53327e-05
5.00454e-06
3.16383e-08
7.33455e-08
2.08531e-06
1.51022e-05
3.52282e-05
2.65571e-05
5.70933e-05
6.57982e-05
6.1623e-05
8.34186e-05
7.2395e-05
9.55345e-05
0.00011369
0.00010401
0.000132578
0.00011935
0.000132332
0.000144443
0.00014051
0.000124951
0.00015273
0.000128098
8.18921e-05
6.60382e-05
7.00528e-05
8.1026e-05
8.2121e-05
8.6322e-05
9.29501e-05
9.0771e-05
0.000114279
7.9672e-05
7.9692e-05
7.97044e-05
7.96813e-05
7.95728e-05
7.93741e-05
7.93095e-05
0.00023929
0.00160937
0.00218863
0.0120872
0.00857141
0.00730872
0.00893622
0.00562734
0.00548061
0.0040374
0.00310285
0.00219462
0.00158176
0.00116081
0.000422473
0.000149338
0.000134742
9.91804e-05
2.28948e-05
4.60482e-08
8.66709e-06
0.000125795
0.000119733
4.6816e-05
6.88318e-06
9.85529e-05
5.96343e-05
8.09494e-05
7.76835e-05
0.000146461
0.000276859
6.0258e-05
0.000256414
7.84621e-05
7.3791e-05
7.13303e-06
6.97775e-05
0.000349171
0.000255448
0.000222033
9.31535e-05
6.17537e-05
7.92041e-06
3.25319e-05
1.14323e-05
1.40274e-05
6.92731e-07
7.31603e-06
0.00134875
0.000797002
0.000514533
0.00038088
0.000168046
0.000107452
7.07032e-05
3.07525e-05
2.59871e-06
9.92925e-06
4.79097e-06
4.83288e-06
1.49295e-07
1.0245e-06
2.19366e-06
2.1068e-06
4.84905e-06
1.2081e-06
2.45748e-05
1.77449e-06
1.08193e-05
7.60361e-06
6.68541e-06
2.06578e-06
1.84622e-05
0.00462074
0.00450965
0.00445617
0.00402107
0.00323479
0.00283827
0.00187283
0.00117446
0.000776593
0.000180481
7.46133e-07
0.000100367
0.000537561
0.000604264
0.000377426
0.00025604
0.000196946
0.00012794
9.02863e-05
4.72243e-05
2.24173e-05
4.20007e-05
3.65764e-06
4.48625e-08
7.26674e-06
1.68063e-05
3.89846e-05
9.30696e-05
0.000125684
0.00014051
0.000176602
0.000116724
0.000104073
0.000214255
0.000327532
0.000280656
0.000245477
0.00020734
0.000259576
0.000219686
0.000284348
0.000180116
0.000317328
0.000524941
0.000580739
0.000442163
0.000482254
0.000493558
0.000561237
0.000506468
0.000553984
0.00044855
0.000547267
0.000558996
0.000416119
7.44851e-05
0.000868478
0.000180371
0.00016823
0.000269814
0.000318764
0.000356391
0.000362787
0.000439129
0.000394712
0.00031637
0.000380413
0.000316152
0.000292093
0.000349447
0.000361497
0.000413411
0.000348542
0.000462447
0.000364408
0.000361743
0.000334076
0.000351456
0.000362317
0.000343303
0.000384362
0.000344118
0.000319908
0.000366888
0.000312224
0.000272683
0.000259756
0.000196089
0.0002247
0.000189204
0.000167068
0.000150794
0.00017248
0.000169121
0.000105822
0.000110988
8.08362e-05
8.68704e-05
6.16431e-05
3.78603e-05
4.07933e-05
8.55402e-06
1.19492e-05
4.28449e-06
1.65746e-06
1.11644e-06
2.58743e-07
1.92462e-06
3.45785e-06
1.13731e-05
1.6658e-05
1.50731e-05
3.28677e-05
3.52435e-05
4.12261e-05
5.40817e-05
5.69081e-05
6.70792e-05
6.43042e-05
7.24817e-05
7.68204e-05
7.48973e-05
7.50438e-05
7.64508e-05
9.18774e-05
9.09203e-05
9.3456e-05
8.82666e-05
8.68703e-05
8.3421e-05
7.39892e-05
8.38029e-05
8.39046e-05
8.40853e-05
8.41773e-05
8.45075e-05
8.49947e-05
8.49377e-05
8.20079e-05
0.00125978
0.00135459
9.66678e-05
0.0300901
0.0195492
0.0169822
0.0139367
0.0144899
0.0152831
0.0142765
0.0132364
0.0111805
0.0089737
0.00655115
0.00485177
0.00298379
0.00206827
0.00104034
0.000593087
0.000286052
0.000174597
0.000180518
4.13598e-05
2.40473e-05
4.66496e-05
3.08282e-05
0.000120227
0.000116281
0.000162352
0.0001408
0.00012815
7.05229e-05
5.72071e-05
0.000135979
7.06459e-05
4.19173e-05
7.96026e-05
9.73584e-05
8.25213e-05
8.6814e-05
0.000109723
0.000124847
2.3932e-05
0.00012624
0.000116625
4.10515e-05
4.14086e-05
0.00169755
0.00155359
0.00133544
0.00139427
0.00137554
0.00123059
0.00127724
0.00110984
0.001088
0.00100713
0.000876489
0.000841428
0.000746462
0.000735096
0.000569673
0.000598784
0.000721784
0.00059811
0.00052184
0.00049536
0.000459407
0.00037443
0.000434708
0.000427213
0.000305013
0.000277804
0.000255354
0.000292819
0.000477717
0.00022111
0.00021419
1.2083e-06
7.15291e-05
0.00036008
0.000846698
0.00147085
0.0013469
0.000725022
0.000727855
0.000453036
0.000256002
0.000249364
0.000177582
9.80914e-05
6.5073e-05
1.578e-05
3.84706e-06
8.76626e-06
7.78444e-07
1.77927e-05
6.23509e-05
4.10151e-05
5.93643e-06
7.40314e-06
5.2313e-06
3.70294e-05
2.1809e-05
3.21735e-05
8.67529e-05
3.67121e-05
0.000116519
5.41227e-05
0.00026069
0.000279254
0.000333813
0.00034546
0.00038234
0.000335447
0.000317394
0.000410003
0.000422391
0.000588222
0.00081163
0.00063291
0.000580041
0.000490856
0.000372796
0.000632471
0.000708566
0.000756878
0.000793906
0.0010016
0.000511842
0.000470597
0.000442687
0.000372985
0.00044484
0.000364655
0.000425864
0.000402257
0.000350489
0.00035867
0.000320056
0.000262456
0.000300572
0.000290111
0.000282006
0.000258962
0.000264321
0.000273525
0.000180636
0.00025296
0.000186944
0.000228777
0.000229515
0.000216697
0.000176754
0.00017784
0.000121559
9.96208e-05
0.000133423
0.000118296
0.000107958
0.000135507
0.000136849
9.3381e-05
8.24768e-05
8.22417e-05
8.62747e-05
4.88799e-05
3.81471e-05
5.74259e-05
4.19522e-05
4.47952e-05
3.46173e-05
4.16393e-05
3.41148e-05
9.81002e-06
1.05032e-05
9.89032e-06
4.57622e-06
3.49551e-07
2.93946e-06
8.02624e-07
5.78606e-07
1.86771e-06
7.88346e-08
2.78101e-07
1.0824e-09
6.51841e-08
1.71982e-07
7.1043e-07
1.03789e-06
1.22216e-06
1.66772e-06
2.33545e-06
2.69815e-06
1.11874e-05
1.29645e-05
1.17754e-05
1.42101e-05
1.41151e-05
2.15048e-05
2.69563e-05
4.05228e-05
2.68369e-05
3.05541e-06
9.18978e-06
2.63158e-05
3.09386e-05
1.77607e-05
1.85574e-05
4.67179e-05
3.31821e-05
7.68188e-05
0.000141108
0.00191817
0.00185814
0.0020454
0.00218829
0.00286405
0.000163093
0.000176855
0.000187956
0.000198302
0.000803898
0.00373329
0.000233546
0.00246427
0.00197724
0.00195161
0.00156157
0.00104961
0.000826243
0.000451292
0.000104901
3.29102e-05
2.02495e-05
2.73096e-06
1.97898e-05
1.55139e-05
1.52792e-05
2.41343e-05
7.25919e-05
9.35036e-05
0.000126993
0.000252324
0.00042884
0.000155862
0.000338539
0.000403496
0.000302808
0.000261737
0.000212476
0.000394926
0.00029056
0.000392478
0.00145312
0.000657212
0.000666392
0.00121458
0.000633714
0.000424458
0.000557817
0.000201432
0.000347845
0.000161512
5.9369e-05
3.92159e-05
1.25398e-05
1.21442e-05
3.73283e-06
4.38323e-05
1.63906e-05
1.78963e-06
3.687e-06
3.74848e-06
8.5147e-06
1.28283e-05
6.86227e-05
5.47172e-06
1.10362e-05
1.13302e-05
1.8998e-07
3.33817e-05
2.65821e-05
9.94836e-06
6.9018e-06
8.74442e-06
0.00988777
0.00641761
0.00400913
0.00184062
0.000744067
0.00036027
0.000164746
7.70764e-05
3.3072e-05
1.88574e-05
9.02997e-06
0.00649271
0.00634038
0.00578944
0.00515273
0.00451057
0.00387759
0.0032902
0.00244677
0.00179931
0.00055189
0.000212036
0.000170474
0.000219834
0.000858223
0.000794305
0.000583161
0.000472257
0.000420847
0.00037478
0.000282619
0.000189583
0.00012005
4.73443e-05
3.33373e-05
5.4166e-05
1.79916e-06
1.38825e-06
5.20977e-06
0.000100228
0.000103951
0.000149169
0.000183062
0.000202648
0.000311893
0.000247773
0.000499586
0.000433042
0.000378914
0.000504076
0.000457656
0.000342173
0.000547855
0.000359612
0.000427779
0.000408312
0.000694976
0.000931457
0.000677327
0.000577557
0.000530529
0.000311453
0.000247677
0.000573049
0.000517032
0.000798618
0.00057931
0.000588519
0.000524195
0.000707867
0.000411309
0.000941784
0.00114386
0.000270485
0.000311047
0.000261076
0.000270612
0.000254284
0.000243071
0.000311843
0.000237248
0.00031187
0.000247383
0.000266796
0.000305574
0.000271796
0.000264109
0.000258731
0.000273396
0.000264308
0.000255196
0.000233264
0.00030359
0.00023217
0.000266763
0.000200615
0.000272845
0.000268747
0.000228945
0.000265394
0.000227421
0.000256658
0.000207304
0.000257044
0.000194908
0.000186731
0.000162776
0.000128562
0.000124854
6.8507e-05
5.17439e-05
4.37705e-05
2.33026e-05
1.8478e-05
7.4579e-06
2.4647e-06
5.35403e-07
3.62968e-06
4.63757e-06
1.62008e-05
2.60468e-05
3.22718e-05
5.47275e-05
6.93141e-05
7.01805e-05
7.79915e-05
9.9618e-05
0.000110097
0.000117238
0.000128179
0.000130243
0.000136935
0.000136193
0.000145387
0.000151027
0.000155292
0.00015139
0.000153949
0.000156827
0.00015126
0.000153764
0.000158105
0.000160303
0.000163872
0.000178294
9.41832e-05
9.50254e-05
9.42598e-05
9.52319e-05
9.49626e-05
9.41944e-05
9.15056e-05
0.000999909
0.00130845
0.000957905
0.0051487
0.00495791
0.00448291
0.00407539
0.00307686
0.00239817
0.00143889
0.00106979
0.00414394
0.00331318
0.00193209
0.00151311
0.00138807
0.000883018
0.000857067
0.000623621
0.000376272
0.000164223
0.00020905
0.000116977
3.73468e-05
4.88522e-06
2.92236e-06
1.88823e-06
1.09906e-06
0.00216007
0.00126052
0.000974629
0.000791377
0.000697424
2.52091e-05
2.80335e-06
5.98579e-06
1.54049e-07
5.17056e-06
9.44578e-06
3.8017e-05
2.09616e-05
7.94896e-05
0.00010783
0.000226003
0.000215009
0.000111954
0.000216755
0.000228828
0.00028029
0.000232071
0.000279457
7.66992e-05
0.0001304
0.00025997
0.000272958
0.000259943
8.37339e-05
0.000152215
0.000328454
3.26898e-05
2.40452e-05
0.00060257
0.00076446
0.00101695
0.000845236
0.000847514
0.000769519
0.000578925
0.000380794
0.000214993
5.18253e-05
1.98857e-05
0.00019489
0.00123213
0.000973592
0.000581139
0.000409633
0.000286263
0.000189776
0.000134929
5.29002e-05
0.000105808
2.71154e-05
1.8175e-05
4.57451e-06
2.47179e-07
1.67549e-05
8.39105e-05
0.000262073
0.000225925
0.000297574
0.00027539
0.000322805
0.000372961
0.000407365
0.000492071
0.000307479
0.000392886
0.000383026
0.000770359
0.000636089
0.000841017
0.000701247
0.000568474
0.00072484
0.000831169
0.000932532
0.00117381
0.000929467
0.000651512
0.000443069
0.000507611
0.000509044
0.000127121
1.41609e-05
6.87591e-06
9.049e-05
0.000190255
0.000236836
0.000279544
0.00033416
0.000350427
0.000420723
0.000463608
0.00050656
0.000574592
0.000551777
0.000597728
0.000554584
0.000508954
0.000592445
0.000427237
0.000599044
0.000573274
0.000516052
0.000505738
0.000625354
0.000579339
0.000529677
0.000544288
0.000497975
0.000535139
0.000542551
0.000500703
0.000417467
0.000390477
0.000360557
0.000310107
0.000273076
0.000256767
0.000153689
9.14081e-05
5.97525e-05
3.32171e-05
1.85639e-05
8.03234e-06
3.50318e-12
4.63939e-07
5.31834e-06
1.40694e-05
3.45774e-05
6.21479e-05
6.00011e-05
9.53105e-05
8.89081e-05
0.000100059
0.000123892
0.000109549
0.000148057
0.000132312
0.000143013
0.000157251
0.000173908
0.000145278
0.000184238
0.000169743
0.000185484
0.000160449
0.000184167
0.000168695
0.00018453
9.90922e-05
9.82575e-05
0.000103048
0.000149096
0.000149601
0.000160863
0.000165522
8.27178e-05
8.27877e-05
8.27765e-05
8.27664e-05
8.27342e-05
8.24047e-05
0.00068208
0.00602908
0.0193315
0.0146563
0.0102446
0.00897402
0.00838104
0.00647944
0.0055278
0.00369625
0.0027534
0.00187566
0.00112824
0.000528889
0.000222323
0.000319423
0.000223171
0.000179639
1.7726e-07
7.07665e-06
8.67053e-06
1.46265e-05
2.77958e-05
1.92322e-05
1.27862e-06
1.36636e-05
4.01845e-06
2.90132e-05
6.402e-05
5.47548e-05
1.55026e-05
8.5793e-06
7.85058e-05
0.0005276
0.000364233
0.000136793
8.02622e-05
2.90942e-05
2.60253e-06
1.60734e-05
1.85968e-08
1.64564e-05
0.00157423
0.000907083
0.000651966
0.000294931
0.000188975
0.000125237
2.99627e-05
3.56539e-05
1.55297e-05
3.25843e-06
2.85152e-08
3.52068e-06
1.73588e-06
2.10403e-06
4.91706e-06
8.52584e-06
8.23e-07
5.05972e-07
4.41174e-06
9.21297e-06
2.67615e-05
2.60905e-05
0.00499294
0.00495964
0.00473539
0.00421117
0.00382566
0.00319092
0.00237369
0.0017158
0.00119629
0.000577783
8.93224e-05
1.07776e-07
5.15037e-06
0.000461003
0.000403256
0.000274128
0.00019752
9.92369e-05
0.000104312
3.35714e-05
1.65828e-05
3.97218e-06
2.22383e-07
5.09017e-07
3.91258e-06
1.48067e-05
2.27994e-05
3.83764e-05
6.34562e-05
9.5368e-05
8.58663e-05
0.000138768
6.71811e-05
0.000125088
0.000309626
0.000298673
0.000257057
0.000212799
0.000200284
0.000216794
0.000130609
0.000146282
6.43411e-05
0.000232715
0.000498314
0.000494607
0.000459217
0.000438186
0.000429086
0.000460683
0.000505079
0.000766772
0.000694377
0.00058605
0.000663242
0.000584785
0.00048681
0.00056004
0.000939234
0.000129335
0.000185317
0.000215249
0.000250539
0.000332538
0.000300559
0.000311105
0.000254812
0.000412211
0.000323218
0.00035922
0.00033816
0.000361448
0.000371764
0.000422606
0.000375165
0.000364327
0.000383652
0.000411179
0.000348459
0.000364801
0.000381374
0.000379568
0.000317714
0.000315203
0.000356036
0.000414317
0.000350974
0.000397849
0.000412628
0.000375417
0.000308433
0.000318087
0.000242836
0.000290665
0.000303882
0.00026839
0.000266306
0.000214917
0.000230551
0.000152987
0.000179754
0.000149799
0.000101137
8.59751e-05
6.59061e-05
6.0222e-05
3.84453e-05
2.61181e-05
1.98745e-05
1.5056e-05
1.11362e-05
6.76238e-06
6.12307e-07
1.32547e-07
3.47121e-07
2.58389e-06
4.6463e-06
5.51562e-06
7.46794e-06
1.9013e-05
2.1123e-05
2.19424e-05
2.01862e-05
3.126e-05
3.36826e-05
3.6098e-05
4.0415e-05
5.72162e-05
3.53545e-05
4.58187e-05
3.82968e-05
6.24531e-05
7.95155e-05
7.96649e-05
7.99622e-05
7.96373e-05
7.98712e-05
8.02583e-05
0.0022196
0.00336187
1.14202e-05
0.0155718
0.0127898
0.00908496
0.00989107
0.0117094
0.0104377
0.0109329
0.00934332
0.00786289
0.00579557
0.00430776
0.00246477
0.00160423
0.000646783
0.000510436
0.00019894
0.000121712
3.97902e-05
3.57288e-05
7.97563e-08
4.08098e-07
3.52785e-06
6.0496e-06
9.97751e-05
7.47125e-05
8.25946e-05
0.000233976
0.000183554
0.000112125
0.000152997
0.000455464
0.000361341
0.00037186
0.000314629
0.000340235
0.000291227
0.000234066
0.000242893
0.000211465
0.000184802
0.000119606
0.000107848
0.000105791
0.000128018
4.1019e-05
0.000242301
0.000244354
0.000194125
0.000154707
0.000110342
2.99344e-05
6.94228e-05
0.000210894
0.000188006
0.000189726
0.000213227
0.000824852
0.000542706
0.000406669
0.000319777
0.000198641
0.000154787
8.11083e-05
0.000837532
0.000716384
0.000480767
0.000346205
0.000229794
0.000120535
8.12757e-05
5.57326e-05
3.62607e-05
0.00309816
0.00311188
0.00309059
0.00269737
0.00200421
0.00131629
0.000734839
0.000652493
1.94983e-06
0.000133442
0.00050584
0.000708877
0.000459604
0.0003271
0.000258541
0.000158459
0.000173348
7.82944e-05
3.79747e-05
2.45906e-05
2.88296e-06
5.15503e-07
3.82065e-07
1.99458e-05
2.45285e-05
2.54603e-05
1.80294e-05
1.23863e-05
2.22939e-05
4.05277e-05
2.55031e-05
2.0213e-05
4.98909e-05
0.000103118
6.3789e-05
4.02877e-05
0.000112095
2.03724e-05
5.31903e-05
1.8915e-05
9.359e-05
9.66339e-05
0.000549741
0.000199823
0.000185503
0.000329705
0.000326716
0.000519569
0.000484179
0.000422236
0.000349885
0.000585912
0.000866528
0.000919628
0.000676951
0.000747211
0.000321225
0.000615513
0.000571337
0.000497509
0.000489208
0.000465022
0.000430089
0.000422598
0.000425728
0.000339433
0.000387675
0.000335602
0.000307813
0.000363074
0.000354802
0.000346423
0.000369151
0.000321799
0.000291068
0.000301221
0.000282061
0.000243656
0.000283347
0.000205279
0.000144962
0.00018765
0.000188458
0.000176845
0.000168324
0.000145494
0.000150135
0.000146107
8.22743e-05
8.83465e-05
7.77535e-05
9.06798e-05
6.09563e-05
5.95933e-05
5.2193e-05
4.87102e-05
2.09797e-05
3.76081e-05
1.03037e-05
2.08615e-05
1.43715e-05
1.20421e-05
5.17231e-06
5.3364e-06
3.18743e-06
3.26451e-06
2.50229e-06
1.23955e-06
1.90011e-06
6.08997e-07
1.07688e-07
2.67343e-07
1.55342e-07
8.60853e-07
3.11551e-08
1.23028e-07
2.5961e-06
6.38797e-07
8.98909e-07
2.48049e-06
9.43422e-07
3.57976e-07
8.794e-07
8.42038e-07
1.86873e-06
8.18836e-07
6.4373e-07
7.0909e-07
8.88354e-07
2.30585e-07
2.00353e-07
6.87021e-08
5.77065e-07
6.0055e-06
0.000129838
0.000133653
0.000139383
0.000145316
0.000153177
0.000163069
0.000174161
0.000182156
0.00346646
0.00494698
1.50638e-06
0.000309989
0.00366098
0.00290463
0.00308659
0.00282342
0.00248648
0.00217016
0.000999363
0.000417423
0.000186362
5.11546e-05
3.31401e-05
5.10762e-06
3.03342e-06
4.89503e-07
6.85878e-06
4.91593e-05
7.0493e-05
0.000109156
0.000110656
0.000110742
0.000160597
0.000228395
0.000344096
0.000150674
0.000268206
0.000205836
0.000150258
5.96661e-05
4.345e-05
0.000185687
0.00217107
0.0022991
0.00167535
0.000804671
0.00218945
0.00157189
0.000882745
0.000689519
0.000347292
0.000112553
8.05011e-05
3.54087e-05
2.81711e-06
1.76566e-06
4.66451e-08
6.70426e-06
1.50282e-05
5.25645e-06
1.61207e-06
2.07733e-05
2.78345e-06
1.92599e-05
1.12811e-05
1.81666e-05
3.0798e-05
1.09731e-05
1.31482e-07
6.56937e-06
2.37785e-05
1.31828e-08
0.0134576
0.00754805
0.00431984
0.00286801
0.00128129
0.000620512
0.000252013
0.000106337
6.59275e-05
3.18476e-05
2.01162e-05
1.5852e-07
0.00847854
0.00784735
0.00730894
0.00668597
0.00580952
0.00522636
0.0043626
0.00333897
0.00203441
0.00134865
0.000488881
0.000267916
0.000217901
0.000471047
0.000348414
0.000288491
0.000202422
0.000178291
0.000131877
8.05289e-05
6.31487e-05
1.39143e-05
3.82095e-06
2.41923e-06
7.79143e-06
1.67369e-05
3.33314e-05
4.1973e-05
0.000109822
7.29523e-05
0.000119698
0.000210503
0.000196663
0.000171816
0.000189697
0.000290108
0.000192622
0.000339805
0.000229166
0.000333749
0.000193362
0.000304551
0.000186665
0.000258447
0.000265462
0.000208158
0.00039686
0.000375653
0.000431064
0.000426428
0.000590171
0.000449385
0.000324417
0.000431941
0.00037959
0.000365961
0.000550846
0.000403321
0.000369965
0.000429823
0.000458635
0.000354013
0.000357335
0.000385903
0.000411006
0.0003271
0.000321508
0.000398928
0.000395375
0.000298711
0.000417393
0.000367229
0.000326852
0.000408733
0.000486777
0.000372173
0.000412913
0.000365892
0.000354147
0.000340983
0.00033442
0.000431102
0.000380078
0.000327707
0.000381058
0.000395892
0.000438117
0.000480928
0.000394572
0.00041892
0.000374368
0.000340898
0.000429217
0.000328279
0.000263477
0.000281293
0.000394115
0.000382465
0.000359772
0.000271108
0.000299713
0.000351273
0.00035369
0.00028462
0.000389876
0.000287299
0.000355327
0.00033488
0.000482337
0.000310362
0.000287144
0.000350793
0.000383262
0.000269746
0.000292416
0.000264214
0.000230484
0.000203367
0.000190577
0.000164486
0.000146857
0.000125246
0.000111464
0.000100317
8.32773e-05
6.82466e-05
0.000328045
0.00016839
0.000139986
0.000215793
0.000177841
0.000152776
0.000126311
0.000106165
7.91477e-05
6.66612e-05
5.29085e-05
4.23781e-05
3.29167e-05
2.77671e-05
2.64611e-05
1.96694e-05
1.65012e-05
1.4999e-05
1.07533e-05
7.38596e-06
5.84893e-06
3.25226e-06
1.77587e-06
0.000597265
0.000564539
0.000537545
0.000487053
0.000464678
0.000441221
0.000442462
0.000407601
0.00037647
0.000326329
0.000292061
0.000271167
0.000247053
0.000227309
0.000200953
0.000183035
0.000157604
0.000133913
0.000102113
8.52096e-05
7.98397e-05
3.54922e-05
1.6022e-05
8.25379e-06
1.21396e-05
5.46859e-06
4.54508e-07
3.94566e-06
1.63928e-06
6.34101e-06
1.12227e-05
3.11182e-05
5.1473e-05
7.86558e-05
0.000102491
7.50432e-05
0.000104645
0.000136949
0.000177481
0.000148531
5.64066e-05
2.01043e-05
1.97886e-05
1.03987e-06
7.28668e-07
1.64214e-05
1.64372e-05
2.80092e-06
1.77899e-06
2.61968e-05
6.52941e-05
2.38117e-05
3.5372e-05
0.000117573
0.000192591
9.87764e-05
7.01616e-05
0.000119755
0.000178894
0.000250358
0.000182733
0.000154642
0.000242571
0.000532635
0.00054146
0.000735711
0.000531119
0.00071956
0.000555488
0.000680053
0.00060154
0.000983817
0.000535298
0.000637089
0.000701146
0.00104718
0.000675315
0.000895211
0.00105822
0.000882278
0.00105819
0.000680477
0.000791919
0.000476179
0.000600697
0.000583459
0.000503564
0.000608334
0.000884616
0.000994283
0.00095202
0.00117114
0.000744661
0.00101751
0.000998234
0.000938796
0.000930224
0.000900285
0.000734213
0.000859165
0.000807016
0.000949308
0.000940659
0.000909945
0.000941817
0.000933621
0.00088243
0.000694639
0.00083033
0.000825636
0.000797997
0.000783783
0.000744149
0.00072006
0.000653578
0.000608876
0.0006712
0.000593752
0.000595354
0.000575879
0.000583249
0.000501987
0.000505404
0.000486548
0.000494187
0.000487781
0.000498649
0.000467232
0.000442523
0.000446467
0.000431496
0.00038799
0.00039258
0.000385779
0.000420416
0.000436312
0.000439829
0.000422397
0.000410531
0.000404122
0.000376788
0.000338908
0.000239964
0.000239243
0.00023045
0.000392167
0.000395765
0.000378758
0.000363469
0.000353898
0.000248524
0.000353129
0.000357304
0.000338253
0.000292342
0.000294767
0.000330417
0.000304152
0.000288239
0.000301628
0.000304895
0.00029181
0.000293864
0.00028269
0.000234767
0.000233444
0.00022273
0.000225119
0.000223772
0.00020845
0.000206381
0.000192364
0.0001945
0.000192521
0.000176268
0.000153078
0.000142375
0.000128572
0.000101206
9.62858e-05
8.35471e-05
8.55518e-05
7.77307e-05
7.45947e-05
7.0778e-05
5.51913e-05
4.07779e-05
3.68283e-05
3.17122e-05
3.135e-05
2.83769e-05
2.38078e-05
8.99734e-06
5.23847e-06
1.09556e-05
8.39337e-06
8.34039e-07
2.47285e-07
5.22718e-08
5.61228e-07
1.57571e-06
2.01813e-06
3.44962e-06
9.41397e-06
1.20569e-05
1.72468e-05
1.8284e-05
2.12734e-05
2.84691e-05
2.74285e-05
3.65373e-05
4.68393e-05
5.41134e-05
5.89072e-05
6.69252e-05
6.79793e-05
7.23338e-05
8.19833e-05
8.87702e-05
9.22184e-05
9.8963e-05
0.000103606
0.000106998
0.000111945
0.000116383
0.000125885
0.00012587
0.000127561
0.000134482
0.000138116
0.000137893
0.000157784
0.000158128
0.000170541
0.000179194
0.000177491
0.000179192
0.000186487
0.000185092
0.000194741
0.000191501
0.00019275
0.000202103
0.000199414
0.000191498
0.000202392
0.00019865
0.000198228
0.000215913
0.000211062
0.000199038
0.000215982
0.000193691
0.000189914
0.00019079
0.000208041
0.000205424
0.000201924
0.000204132
0.000199133
0.000227081
0.000230532
0.000242431
0.000222204
0.000100588
0.000100573
0.000100547
0.00010054
0.00010052
0.000100513
0.000100533
0.000100499
0.000100839
0.000100774
0.000102133
0.000177098
0.000176987
0.000177346
0.000930673
0.000128408
0.000145661
0.000165867
0.000140005
0.00142741
0.0012366
0.00150503
0.00133112
0.00145204
0.00128891
0.000930847
0.000802691
0.000386
0.000313755
0.000291003
0.000107085
8.05992e-05
6.19537e-07
1.88592e-07
5.15653e-05
6.18512e-05
5.55046e-05
9.08811e-05
9.54206e-05
8.84449e-05
3.09833e-05
0.00014558
0.000152508
0.000243898
0.00024745
0.0003133
0.000314765
0.000197342
0.000193573
0.000136857
9.60261e-05
9.84936e-05
8.86071e-05
5.35843e-05
5.32729e-05
6.80309e-05
6.64542e-05
5.85679e-05
0.000109977
0.000113197
0.000108458
9.54619e-05
0.000169
0.000125741
0.000112452
6.2841e-05
4.10474e-05
4.40389e-05
2.90241e-05
1.26254e-06
1.01495e-06
5.12011e-06
3.88542e-06
2.55628e-05
1.3206e-05
2.3185e-06
3.79499e-07
2.55966e-05
2.99786e-05
6.82419e-05
6.22647e-05
1.68202e-05
1.90972e-05
1.86615e-05
9.78282e-06
8.72701e-06
2.06118e-05
2.21145e-05
2.45182e-05
2.43105e-05
2.22878e-05
1.37769e-06
6.11872e-06
8.4268e-05
8.44871e-05
4.23371e-05
6.76332e-05
0.000168461
0.000208406
0.000243414
0.000313734
0.000256647
0.000318029
0.000432502
0.000601663
0.000356856
0.000343292
0.000437786
0.000421049
0.0004906
0.00043413
0.000541191
0.000883174
0.000764259
0.000424006
0.000851503
0.000540095
0.00101834
0.000541729
0.0010226
0.000862283
0.000721054
0.00127121
0.00107652
0.000770895
0.000868693
0.000732596
0.000942332
0.00103955
0.024222
0.016412
0.00997297
0.00545702
0.00288154
0.00154203
0.000710855
0.000345698
0.000127459
6.06111e-05
3.28779e-05
1.00693e-05
6.26231e-06
1.98851e-06
4.38676e-07
2.57663e-07
4.2006e-07
9.33011e-09
7.2929e-08
1.00755e-06
1.10824e-07
9.38447e-07
1.73859e-06
8.12315e-07
5.55339e-06
0.000120902
9.0908e-05
3.13512e-05
2.08694e-05
1.5347e-05
9.85869e-06
2.17563e-06
3.1631e-06
6.58912e-06
0.00663381
0.00622842
0.00586122
0.00549946
0.00430699
0.00388558
0.00342091
0.00318071
0.00299462
0.00287999
0.00257607
0.00234165
0.00196697
0.00184417
0.00149859
0.00120169
0.00102824
0.00098336
0.000685968
0.000596345
0.000280739
0.000294547
9.49734e-05
6.91936e-05
1.35174e-06
7.0533e-06
6.01814e-06
8.36177e-05
9.52168e-05
0.00038841
0.000427627
0.000475189
0.00113647
0.00117263
0.000790488
0.00108092
0.0011647
0.000988821
0.00101019
0.000886078
0.000601935
0.000707854
0.000555635
0.000501743
0.000379901
0.000411315
0.000415159
0.000356126
0.000372985
0.000327124
0.00026715
0.000304621
0.000204626
0.000152367
0.000176361
0.000183176
0.000124386
0.000143118
8.15568e-05
6.85506e-05
5.07374e-05
2.28642e-07
2.4992e-07
1.79923e-06
3.91456e-06
2.38911e-07
3.2499e-06
3.69009e-08
6.40285e-06
2.75204e-05
1.42341e-05
4.73377e-05
5.22083e-05
3.97266e-05
5.83616e-05
3.80654e-05
3.50651e-05
0.000103987
7.80982e-05
0.00014567
5.21313e-05
7.97159e-05
0.000120445
9.3901e-05
5.92677e-05
6.58279e-05
3.50925e-05
0.000100032
8.31465e-05
0.000183582
0.000177162
0.000127145
0.000174544
0.000182445
0.000145453
0.000315119
0.000167166
0.000208596
0.000250046
0.00025459
0.000181281
0.000136516
0.0002879
0.000459445
0.000281575
0.000295254
0.000396229
0.000482814
0.000407988
0.000574908
0.000316117
0.000505037
0.000398878
0.000511865
0.000570081
0.000320074
0.00050023
0.000668401
0.00045098
0.000571732
0.00060853
0.000498152
0.000350235
0.000536861
0.000417197
0.000161185
4.7698e-05
0.000192188
0.000325744
0.000438907
0.000532523
0.000228198
0.000329457
0.00016025
0.00025085
0.0002203
0.000299217
0.000321384
0.000487919
0.000326299
0.00043783
0.000389955
0.000532031
0.000765906
4.75776e-05
0.000945619
0.000111017
0.000135823
0.000207935
0.000223318
0.000256982
0.000192941
0.000231352
0.000337882
0.000341288
0.000359488
0.000371818
0.000361173
0.00035992
0.000279864
0.000285768
0.000321027
0.000317153
0.00032909
0.000331876
0.000335472
0.000330818
0.00029325
0.000307766
0.000352605
0.000325809
0.000391015
0.000390405
0.000314812
0.000309425
0.000296924
0.000308798
0.000279589
0.000311838
0.000323295
0.000309637
0.000322571
0.000317597
0.000296547
0.000286362
0.000296779
0.000285862
0.00024217
0.000229602
0.000282141
0.000291746
0.000277157
0.000291553
0.000300672
0.000296872
0.000221072
0.000224344
0.000322969
0.00033103
0.000320911
0.000253849
0.000262041
0.000258092
0.000285527
0.000279863
0.000277274
0.000284606
0.00027664
0.000224368
0.000214699
0.000237136
0.000239617
0.000235545
0.000221936
0.000222983
0.000208891
0.000207404
0.000149378
0.000136247
0.000125741
0.000154177
0.000152031
0.000145408
0.000108866
0.000104677
9.39606e-05
8.52157e-05
7.15755e-05
9.69935e-05
9.48629e-05
8.6419e-05
6.38225e-05
6.04434e-05
5.16898e-05
5.96931e-05
5.74224e-05
4.68174e-05
2.28334e-05
1.79592e-05
1.62708e-05
1.38514e-05
7.43769e-06
5.92755e-06
3.46791e-06
1.98357e-06
1.3e-06
8.37365e-08
9.18444e-07
2.44395e-06
3.85041e-06
6.44822e-06
8.26873e-06
1.0256e-05
1.0398e-05
2.14063e-05
2.46016e-05
2.77947e-05
2.74976e-05
3.44998e-05
3.69657e-05
4.1664e-05
4.64989e-05
5.80585e-05
6.14131e-05
6.86047e-05
6.75766e-05
6.94192e-05
7.15865e-05
7.72315e-05
7.79849e-05
7.88449e-05
8.4679e-05
9.19012e-05
0.00010205
0.000104712
0.00010186
0.00010351
0.000100602
9.96308e-05
0.00010177
0.0001132
0.000113835
0.000125937
0.000128184
0.000133662
0.00013351
0.000138341
0.000193113
0.000182239
0.000176003
0.000168972
0.000167382
0.00016295
0.000161431
0.000162206
0.000161623
0.00015988
0.000157671
0.000157905
0.000165239
0.000166846
0.000152318
0.000149708
0.000152846
0.000152358
0.000150893
0.000148515
0.000148152
0.000147621
0.00015026
0.00016282
0.000168214
0.000155468
0.000152949
0.00015457
0.000152413
0.000179246
0.000183894
9.85457e-05
9.85694e-05
9.85776e-05
9.85614e-05
9.8573e-05
9.85458e-05
9.84124e-05
9.8429e-05
9.84505e-05
9.85294e-05
0.000101885
0.000101956
0.000102541
0.00387772
0.00362626
0.000684035
0.000679953
0.000687557
0.00056357
0.00177871
0.00159649
0.00168014
0.00153778
0.001406
0.00126444
0.000854931
0.00079063
0.000694315
0.000279203
0.000222891
9.84509e-05
7.24571e-05
1.25703e-05
6.874e-06
1.10208e-05
4.80602e-06
1.0439e-06
2.59288e-06
1.35381e-05
1.85338e-05
1.60164e-05
2.08993e-05
4.5074e-05
4.68147e-05
0.000103034
0.000105985
0.000187114
0.000185002
0.000170307
0.000166629
0.000173954
0.000172779
0.000161015
0.000131115
0.000127034
0.000230894
0.000203963
0.000114316
9.31209e-05
1.04306e-07
0.00174023
0.00139055
0.000978751
0.000757856
0.000597098
0.000459005
0.000682373
0.000521222
0.000462407
0.000343504
0.000300964
0.000235474
0.000168133
9.82441e-05
6.68821e-05
0.000105717
2.76655e-05
1.32265e-05
5.2818e-05
3.13918e-05
1.22406e-05
4.70178e-06
2.77014e-05
1.35447e-05
4.74129e-06
3.91307e-07
1.86975e-07
1.8337e-07
1.61413e-05
1.90416e-05
7.25596e-07
8.93113e-08
2.76775e-09
2.03876e-05
0.00420955
0.00348737
0.00198844
0.00152844
0.00127794
0.000931461
0.000720292
0.00105305
0.000784194
0.000654082
0.000679016
0.000491397
0.000412891
0.000286811
0.000246064
2.60643e-05
1.03595e-05
2.21907e-06
2.87222e-06
3.6611e-06
9.60775e-06
9.4407e-05
5.77324e-05
5.35646e-05
3.61466e-07
3.41378e-06
2.71248e-06
2.89442e-05
3.97648e-05
3.13583e-05
2.34221e-05
2.99365e-05
1.15646e-07
2.5394e-06
6.04346e-05
3.52359e-05
3.6215e-06
1.58976e-07
6.16851e-07
2.56357e-05
3.43692e-05
2.45118e-05
7.01918e-05
4.03543e-05
6.85075e-06
1.26266e-05
4.50672e-06
5.12069e-07
8.95401e-07
1.43877e-07
1.94213e-06
6.94971e-06
1.14873e-06
9.15071e-07
2.73046e-07
0.000378902
0.0011014
0.000802013
0.000641088
1.57447e-05
0.000287787
0.00221334
0.00159034
0.00123431
0.000798439
0.000545761
0.000447358
0.000304876
0.00017057
0.000120069
0.000158801
9.72516e-05
7.73172e-05
8.24993e-05
5.13016e-05
1.30018e-05
6.31826e-06
3.69208e-06
3.57982e-07
1.09256e-06
3.40612e-06
2.88662e-07
1.25642e-06
1.11276e-05
3.72396e-06
6.07238e-06
3.01508e-06
1.19986e-06
4.10515e-06
3.74041e-06
1.05664e-06
3.88605e-06
6.41024e-07
1.09181e-06
1.22307e-06
3.25289e-06
1.10887e-05
3.16955e-06
1.03379e-05
2.01061e-05
1.41616e-05
0.00169475
0.001297
0.000881234
0.00301186
0.00268512
0.00133873
0.00168566
0.000734221
0.000684788
0.000403271
6.05299e-05
2.11518e-06
5.66703e-05
3.15067e-05
0.000175635
7.32986e-05
8.79835e-05
8.79181e-05
6.57021e-05
7.81989e-05
4.9565e-05
3.86306e-05
4.56414e-05
3.32185e-05
2.49287e-05
3.42541e-05
4.63781e-05
3.45085e-05
4.09684e-05
2.79141e-05
2.04035e-05
2.30174e-05
3.13059e-05
1.07438e-05
1.63818e-05
1.44797e-05
3.10966e-07
8.03571e-08
9.22344e-07
1.4146e-06
3.41398e-07
1.19602e-05
5.05503e-06
1.50657e-05
9.45712e-06
2.45444e-05
3.75511e-05
5.77053e-05
3.69258e-05
5.10382e-05
9.37509e-05
8.75603e-05
9.44759e-05
4.61143e-05
6.69368e-05
0.000107836
0.000232766
6.84577e-05
0.000231949
0.000217256
0.000200577
0.000273226
0.000278778
0.000378763
0.000766194
0.00060872
0.00052156
0.000366888
0.000348065
0.000292855
0.00021596
0.000163748
0.000129705
8.48024e-05
5.19029e-05
3.61323e-05
1.5564e-05
7.55627e-06
2.84748e-06
8.2621e-09
1.18752e-07
1.34449e-05
3.03562e-05
3.54031e-05
4.45155e-05
7.23885e-05
0.000103991
0.000139801
0.000184558
0.000184037
0.000302118
0.000325415
0.000377865
0.000381045
0.000404568
0.00048769
0.000594196
0.000621633
0.000710703
0.000654436
0.000677582
0.000735991
0.00069061
0.000764401
0.00090178
0.00101372
0.00112377
0.00110908
0.00113339
0.00120578
0.00128361
0.00132626
0.00139713
0.00135806
0.00117883
0.00117435
0.00123911
0.00120677
0.00143669
0.00141993
0.00132035
0.00132473
0.0013361
0.0015036
0.00143653
0.0013476
0.00135974
0.00128263
0.00138613
0.00127762
0.00103364
0.00105353
0.000992935
0.0011212
0.0010326
0.000921307
0.000881809
0.00100534
0.000943333
0.000818462
0.000761931
0.000712735
0.000798006
0.000714041
0.000666186
0.000688288
0.000633037
0.000727499
0.000654667
0.000582241
0.000594624
0.000552199
0.000461591
0.000458199
0.000409299
0.000510575
0.000462903
0.000420125
0.00030921
0.000296218
0.000258163
0.000291294
0.000236174
0.000193228
0.000164385
0.000154115
0.000140003
0.000102766
8.59032e-05
7.57165e-05
5.26531e-05
2.96165e-05
1.87567e-05
1.72289e-05
1.28667e-05
3.46634e-06
1.54863e-06
3.60462e-07
3.439e-06
4.45905e-06
8.99178e-06
1.84364e-05
2.47185e-05
3.86854e-05
4.45092e-05
5.59794e-05
6.74622e-05
7.75454e-05
8.23838e-05
9.0792e-05
9.40281e-05
0.000106963
0.000110703
0.000122075
0.000126819
0.000135673
0.000136559
0.000162848
0.000166412
0.000158253
0.000158927
0.000172821
0.000174291
0.000191015
0.000199253
0.000207817
0.000223629
0.000223604
0.000228412
0.000172072
0.000180854
0.0001811
0.000143815
4.0708e-05
6.02694e-05
0.000607473
0.000553326
0.00154237
0.000337265
0.000240542
0.000226171
0.000578063
0.000280594
0.000175907
0.000370696
0.000594933
0.000613461
4.33436e-05
5.81404e-05
0.000466398
0.000338117
0.000297745
0.000237931
0.00016542
0.000484071
0.000375588
0.000453578
0.000354939
0.000141642
0.000112349
0.000196342
0.000190833
0.000174655
5.38048e-05
3.46168e-05
4.27287e-08
1.00869e-06
1.25356e-06
4.34403e-06
2.9647e-06
9.26559e-06
2.29172e-05
1.23069e-05
1.75253e-05
5.66474e-06
4.9431e-06
2.46613e-06
4.56233e-06
6.07875e-06
3.23534e-06
5.38791e-06
6.21785e-06
1.55966e-05
1.42628e-05
3.32036e-05
3.22475e-05
9.83316e-06
8.87815e-06
9.40496e-05
9.26534e-05
8.31272e-05
4.30256e-06
8.99544e-06
1.919e-06
5.48693e-06
4.77021e-06
1.91487e-06
4.26654e-08
4.23741e-09
3.3661e-06
6.63528e-07
8.41387e-05
4.59946e-05
9.54475e-05
5.28057e-05
7.9645e-06
1.15554e-05
7.60208e-06
6.39816e-07
1.00078e-06
7.83467e-07
1.66358e-05
7.93412e-06
1.22165e-05
1.24113e-05
8.36297e-05
7.2531e-05
6.70563e-05
0.000137604
0.00010113
7.49203e-05
6.85051e-05
6.10451e-05
3.37796e-05
2.40395e-05
1.0472e-05
6.40339e-06
2.29301e-07
6.15806e-06
1.39361e-05
1.44938e-05
2.6609e-05
1.8214e-05
1.16294e-05
2.33786e-05
2.00758e-08
1.33578e-06
2.68377e-05
9.72916e-05
0.000152279
9.95579e-05
9.8068e-05
0.000117896
3.37597e-05
4.68785e-05
7.36714e-05
9.10852e-05
7.65834e-05
5.19321e-05
6.43451e-05
5.74278e-05
6.21877e-05
4.17239e-05
5.54727e-05
5.14796e-05
9.16669e-05
9.43471e-05
0.000105858
6.02901e-05
7.33672e-05
9.53489e-05
0.00010967
7.32064e-05
8.40006e-05
0.000107761
0.000119531
5.8372e-05
6.67153e-05
0.00010703
0.000105373
0.000117398
0.000122503
9.31929e-05
9.77925e-05
8.75844e-05
9.10648e-05
5.40638e-05
5.69657e-05
4.84146e-05
7.03493e-05
7.11397e-05
5.21294e-05
4.09327e-05
3.97504e-05
3.68425e-05
4.15242e-05
3.88033e-05
2.15847e-05
1.9428e-05
1.60554e-05
1.10939e-05
9.83179e-06
8.41918e-06
7.38253e-06
6.94453e-06
4.05274e-06
5.1034e-07
6.05097e-07
9.14362e-07
0.000273885
0.0179373
0.0159967
0.0145081
0.0124468
0.00994655
0.0129269
0.00722659
0.00853643
0.00706494
0.00028297
0.000361301
0.000632735
0.00100162
0.000804499
0.000626368
0.000778805
0.00067412
0.000783543
0.000780742
0.000774468
0.000663293
0.00057437
0.000657716
0.000538524
0.000442564
0.000376135
0.000234651
0.000171221
0.000188092
4.19109e-05
2.23952e-05
1.27336e-05
2.29483e-05
8.83346e-13
0.000180504
0.000178565
0.000710502
0.000737722
0.000444434
0.000969024
0.00100339
0.00103533
0.000978385
0.000661043
0.000565789
0.000439578
0.000451133
0.00030943
0.000263234
0.000309359
0.000262118
0.000210976
0.000131608
9.91552e-05
9.42588e-05
8.84992e-05
0.000105873
3.46536e-05
3.93822e-05
2.55133e-05
2.56419e-05
2.41773e-06
3.13629e-06
1.06861e-06
7.04833e-07
6.63945e-07
1.23605e-06
9.96421e-07
5.45637e-06
3.35727e-05
3.62889e-05
1.86218e-05
1.57991e-05
5.32019e-05
3.15176e-05
2.03397e-05
3.27432e-05
3.6396e-05
2.53383e-05
3.22184e-05
6.71785e-05
9.22609e-05
0.000130684
9.51513e-05
4.26498e-05
4.58527e-05
0.000135363
7.83696e-05
0.00019307
0.000166213
0.000276894
0.000266405
0.000178341
0.000107566
0.000147883
0.000176507
0.000230426
0.000296055
0.000394048
0.000459535
0.000398824
0.000443194
0.000563061
0.000651341
0.000373232
0.000638594
0.000468794
0.000820068
0.0005337
0.000666559
0.000761351
0.000489079
0.000694484
0.000609271
0.000863981
0.000781482
0.000854276
0.000693225
0.000845157
0.000695586
0.000784624
0.00107047
0.000725518
0.000875044
0.000685853
0.0011153
0.000731979
0.00101094
0.000621473
0.000690169
0.000887665
0.000729273
0.00071944
0.000475076
0.000485309
0.000472697
0.000591643
0.000653095
0.000831977
0.00101524
0.00094492
0.000510842
0.000457781
0.000549871
0.000953365
0.000532498
0.000808629
0.000366679
0.000352557
0.000816929
0.000382289
0.00037221
0.000373293
0.000430962
0.00042711
0.000371686
0.000384915
0.000381518
0.000332125
0.000176563
0.000388276
0.000210025
0.000209498
0.000171179
0.000179245
0.000427402
0.000228335
0.00038757
0.000216573
0.000389994
0.0003901
0.000361758
0.000364493
0.000309738
0.000170301
0.000385171
0.000235284
0.000233722
0.000370065
0.000231944
0.000320828
0.000319136
0.000268279
0.000213018
0.000274625
0.000266158
0.000234533
0.000238916
0.000217752
0.00022325
0.000213662
0.000146429
0.000151294
0.000225042
0.000228428
0.000218168
0.000212146
0.000221306
0.000218082
0.000244259
0.000243087
0.000240769
0.000242258
0.000245024
0.000229777
0.000257418
0.000265369
0.000251165
0.000222666
0.000209236
0.00020462
0.000198937
0.000158352
0.000152763
0.000181974
0.000171773
0.000199555
0.000200668
0.000188626
0.000145074
0.000142675
0.000137904
0.000150008
0.000150949
0.000145198
0.000139883
0.000123327
0.000111701
9.54374e-05
9.37447e-05
8.68831e-05
8.18753e-05
7.91772e-05
7.56056e-05
7.14887e-05
5.27093e-05
4.26515e-05
4.12659e-05
3.73939e-05
3.10095e-05
2.54307e-05
2.19679e-05
1.80035e-05
1.07522e-05
7.59482e-06
9.71642e-06
7.23883e-06
5.28959e-06
3.43354e-06
1.92558e-06
1.27788e-06
3.74704e-07
4.58874e-07
2.46016e-07
3.19834e-09
2.03855e-06
3.43204e-06
3.42235e-06
6.02872e-06
8.17464e-06
9.48882e-06
1.24819e-05
1.39331e-05
1.67177e-05
2.11858e-05
2.35808e-05
3.78157e-05
4.09492e-05
4.56927e-05
3.57414e-05
3.66369e-05
3.97848e-05
4.9298e-05
5.06688e-05
5.00698e-05
5.49076e-05
5.56737e-05
5.98689e-05
6.53977e-05
6.61122e-05
7.06404e-05
8.13832e-05
8.27371e-05
8.81943e-05
8.98174e-05
9.21585e-05
0.000106656
0.000109002
9.41901e-05
9.34982e-05
9.52544e-05
0.000100935
0.000102827
0.000104258
0.000104647
9.57019e-05
9.48854e-05
9.72351e-05
6.97599e-05
6.99509e-05
7.20516e-05
6.96942e-05
7.14325e-05
7.25112e-05
7.00176e-05
6.95174e-05
7.19897e-05
7.10364e-05
7.1661e-05
7.69679e-05
7.55456e-05
7.47039e-05
7.39574e-05
7.58562e-05
6.60037e-05
6.49523e-05
6.59955e-05
6.95087e-05
6.86041e-05
7.139e-05
6.48648e-05
6.38944e-05
6.45712e-05
6.18585e-05
6.34736e-05
6.59091e-05
6.57203e-05
5.9514e-05
6.01336e-05
6.46875e-05
6.47179e-05
7.05467e-05
7.45962e-05
5.80111e-05
6.14034e-05
5.28461e-05
5.36185e-05
5.77281e-05
5.78003e-05
5.84028e-05
0.000153078
0.000150652
0.000155953
0.000157777
0.000157515
0.000157632
0.000161274
0.000152616
0.000157896
0.000101564
0.000101382
9.17279e-05
9.18532e-05
9.07062e-05
0.000131069
0.000129722
6.52805e-06
6.54694e-07
8.3689e-05
0.000102602
0.00155846
0.00135276
0.00222299
0.00202216
0.00154147
0.00141288
0.00256996
0.00229231
0.000595416
0.000510929
0.000324022
0.000272182
0.000260188
0.000218708
0.00020666
7.6188e-05
6.17552e-05
0.000110298
7.27712e-05
1.0838e-05
1.46171e-05
1.22063e-05
1.5756e-05
1.77617e-05
1.30234e-05
0.000104742
9.95722e-05
5.31583e-05
5.12311e-05
5.83635e-07
2.97554e-07
1.75151e-07
9.58244e-05
8.67107e-05
7.11737e-05
5.77822e-05
5.67887e-06
1.08009e-05
1.98793e-05
3.21605e-05
3.18396e-05
2.86366e-06
1.74314e-05
8.00909e-06
1.63562e-05
9.39479e-05
9.65305e-05
0.000172648
0.000181132
0.000190396
1.22954e-06
4.88403e-07
2.7312e-07
7.53084e-06
1.81805e-05
1.42309e-05
3.99151e-06
9.80871e-06
6.29251e-06
2.7938e-07
3.48806e-07
2.12891e-06
5.82946e-06
1.17293e-06
1.01527e-06
1.82398e-05
2.66801e-05
5.20843e-06
8.14552e-06
7.31133e-05
8.2771e-05
7.20882e-05
4.75929e-05
4.98255e-05
8.84344e-05
8.96659e-05
6.87375e-06
8.38749e-06
3.01363e-05
2.98809e-05
3.00125e-05
3.13558e-05
2.73708e-05
7.39696e-05
7.24102e-05
6.7076e-05
7.03669e-05
6.37019e-05
5.21267e-05
5.83665e-06
4.1214e-06
3.13762e-06
7.40415e-06
4.53194e-06
3.36326e-06
6.44033e-07
3.43086e-06
5.25532e-08
1.52372e-06
1.61168e-07
9.70715e-07
9.63245e-07
5.13023e-06
1.46757e-05
2.80139e-05
5.00623e-05
3.19802e-05
6.18304e-05
5.79886e-05
9.58416e-05
0.000123784
0.00014105
0.000205236
0.000200641
0.000105576
0.00016829
0.000169816
0.000254041
0.000279052
0.000398028
0.000392435
0.000332919
0.000302537
0.0017749
7.34315e-05
0.001637
0.00123541
0.000965163
0.000882535
0.00111489
0.000864945
0.000779773
0.000491478
0.000359043
0.000318069
0.000305895
0.000203804
0.000192094
0.000155389
9.43881e-05
9.0208e-05
8.09083e-05
4.39463e-05
1.5564e-05
4.97242e-06
1.54679e-05
3.01722e-06
4.73778e-06
4.52597e-07
6.29009e-07
5.12818e-06
5.29941e-08
1.43912e-07
4.30507e-08
4.27173e-06
2.13133e-06
5.42994e-08
2.28114e-05
3.53589e-05
5.45344e-05
3.99958e-05
4.49038e-06
1.39209e-05
1.03501e-05
2.57883e-05
4.24401e-05
2.78341e-05
3.28124e-05
4.09832e-05
5.67437e-05
6.13977e-05
1.9055e-05
3.23834e-05
2.54558e-05
1.12774e-05
1.05779e-05
7.51199e-06
0.0382563
0.0346032
0.031059
0.0277678
0.0245317
0.020853
0.0178698
0.0146413
0.0119043
0.0093873
0.00721942
0.00553723
0.00515238
0.00430384
0.00393855
0.002636
0.00259976
0.00155347
0.00134054
0.000670306
0.00054821
0.00051685
3.89546e-05
0.000147213
7.67825e-09
2.73937e-06
1.02138e-05
6.78317e-07
6.66112e-06
2.33084e-06
3.70203e-06
2.36705e-06
8.81009e-06
1.25208e-05
7.08179e-06
1.33274e-06
5.6659e-06
5.82537e-06
2.75895e-06
1.00339e-05
1.46357e-05
1.8623e-05
6.58874e-06
1.09986e-05
6.78112e-06
1.45505e-05
8.31226e-06
3.54264e-05
3.01823e-05
3.45614e-05
3.87878e-05
4.28657e-05
6.8061e-05
8.70221e-05
0.000114995
0.00011527
7.54683e-05
0.000136512
0.000236159
0.000220845
0.000199864
0.000280857
0.000278589
0.00031715
0.00026556
0.000347754
0.000381482
0.000398769
0.000369449
0.000428939
0.000352864
0.000417006
0.000338807
0.000351991
0.000391511
0.000326102
0.000442168
0.000390201
0.000457845
0.000366713
0.0019923
0.00177172
0.00151089
0.00122159
0.000968032
0.000693341
0.000591228
0.000470488
0.000339103
0.000343956
0.000250925
0.000172673
9.82076e-05
9.51478e-05
5.13057e-05
1.46877e-05
6.99163e-07
5.43381e-06
2.37517e-08
1.72966e-06
1.17088e-05
1.46418e-05
2.34314e-05
3.37812e-05
4.86626e-05
6.79435e-05
0.000124198
0.000144491
0.00018334
0.000177234
0.000197882
0.000251311
0.000240102
0.000261059
0.000308081
0.00034846
0.000372105
0.000441693
0.000454486
0.000479354
0.00056101
0.000595529
0.000620921
0.000717424
0.000726582
0.000818071
0.000908708
0.000939465
0.000966313
0.0010648
0.00118841
0.00132025
0.00124159
0.00137938
0.00140997
0.00131988
0.00139647
0.00130952
0.00121935
0.00125104
0.00114511
0.00115191
0.00109606
0.0010612
0.000992573
0.000997084
0.000931909
0.000992918
0.000861763
0.000811418
0.000697227
0.000621139
0.000783932
0.00076417
0.000644198
0.000607267
0.000588777
0.000568871
0.000485497
0.000589232
0.000559314
0.000376654
0.000461007
0.000355091
0.000316271
0.000248864
0.000205177
0.000215521
0.000187368
0.000157884
0.000124046
0.000108904
9.9027e-05
7.10931e-05
5.19199e-05
3.19408e-05
3.32047e-05
2.80081e-05
1.37241e-05
1.22443e-05
4.52057e-06
8.48571e-07
2.28774e-09
5.16446e-07
2.94015e-06
9.69297e-06
1.41583e-05
2.00193e-05
2.50606e-05
3.35065e-05
3.96347e-05
4.53543e-05
5.74366e-05
6.77196e-05
7.04871e-05
7.86165e-05
8.39055e-05
8.60453e-05
9.60865e-05
0.000111251
0.000108443
0.000125381
0.000127544
0.000131678
0.000142024
0.000152765
0.000154752
0.000159752
0.000159224
0.000164221
0.000172526
0.000174562
0.000175141
0.000175226
0.000184294
0.00019683
0.00020024
0.000217454
0.00021856
0.000224523
0.000205156
0.000204316
0.000208879
0.000203534
0.000115456
0.000107049
0.000929192
0.00110625
0.00220032
0.000602175
0.000376865
0.000263979
0.00166747
0.00165153
0.00151112
0.0017218
0.00174512
0.00135412
0.00136343
0.000376092
4.19886e-05
1.79956e-05
0.000475423
0.000352586
0.000547298
0.000413344
0.000373147
0.000284161
0.000124008
8.26931e-05
6.33807e-05
3.16372e-05
1.94746e-05
8.38304e-05
0.000108483
0.00013881
0.000121924
0.000254305
0.000265359
4.0603e-06
1.09472e-05
9.8879e-05
0.000118818
9.56583e-06
2.01509e-05
1.57448e-05
5.09416e-05
6.73771e-05
6.48265e-05
0.000216304
0.000224622
0.000203814
0.000215443
0.000102545
0.000117727
0.000195913
0.000202042
0.000110148
8.63156e-05
5.32639e-05
5.62794e-05
7.12635e-05
3.58297e-05
8.53911e-05
5.60891e-05
0.000119931
8.1432e-05
6.9693e-05
4.61475e-05
3.61703e-05
8.97294e-06
3.09334e-07
2.34386e-07
1.204e-06
8.59669e-07
3.48498e-07
1.75857e-07
1.66098e-06
1.47053e-06
1.97532e-06
7.12619e-06
6.12701e-06
4.74275e-06
1.99908e-09
1.76214e-06
2.58371e-06
4.87993e-06
2.42936e-05
1.44443e-05
6.45971e-05
0.000129024
0.000138626
0.00011099
0.000129682
0.000428359
0.000438804
0.000188755
0.000373032
0.00026845
0.000476229
0.000201158
0.000285228
0.000262785
0.000279103
0.000296995
0.000402476
0.00038773
0.00053235
0.000492739
0.000417546
0.000672595
0.000675557
0.000887513
0.000798814
0.000579346
0.000709362
0.000623871
0.000596009
0.00125559
0.00112293
0.000627956
0.000842488
0.000717671
0.00104233
0.00124497
0.000999619
0.00122985
0.00125755
0.00160734
0.00136648
0.00131101
0.00154937
0.00128858
0.00107487
0.0021286
0.00176618
0.00104148
0.00215581
0.00175356
0.000810652
0.00109745
0.000960369
0.0351107
0.0264091
0.0179904
0.0111847
0.00612064
0.00323691
0.00175356
0.000798934
0.000360516
0.000147567
2.55203e-05
5.62529e-06
4.81808e-06
3.37723e-05
8.13734e-06
1.13189e-06
3.43437e-06
3.22906e-07
8.12737e-06
8.8269e-06
4.34067e-06
3.82699e-06
6.73371e-07
5.90241e-06
8.0749e-07
2.09571e-09
0.000133662
0.000117963
0.000157764
8.43021e-05
5.50254e-05
4.48612e-05
1.3563e-05
1.45149e-05
1.0672e-05
5.13838e-06
7.85228e-06
1.01146e-06
1.67318e-06
1.48538e-08
1.06264e-08
1.07825e-06
6.28964e-08
4.18251e-06
6.73785e-06
1.63433e-06
0.0145911
0.0137645
0.0122037
0.0104698
0.0102836
0.00901467
0.00797947
0.00770206
0.00684172
0.00637946
0.00593139
0.00569064
0.00515914
0.00448229
0.00387315
0.00342235
0.00293589
0.00255294
0.0023147
0.0018515
0.00161337
0.00146972
0.000956522
0.000804116
0.000837402
0.000339504
0.000422577
0.000253429
0.000245436
2.11643e-05
6.96891e-06
2.41479e-05
5.48128e-05
4.33844e-05
0.000248368
0.000286524
0.000338442
0.000342135
0.000201285
0.000218404
0.000255988
0.000151214
0.000129515
0.000137346
0.000122426
0.00010514
0.000104773
9.27699e-05
8.60423e-05
6.51332e-05
7.11432e-05
4.73949e-05
3.1964e-05
3.21497e-05
2.73313e-05
1.17742e-05
1.03642e-05
8.33059e-06
1.84031e-05
5.47752e-06
2.86273e-06
6.90277e-07
9.22626e-06
4.25707e-06
4.65258e-06
7.12178e-06
4.69814e-07
1.56442e-05
3.58873e-05
9.06682e-05
4.33638e-05
0.000102362
0.000122128
0.000124405
0.000123979
0.000151517
0.000119991
0.000114431
8.8153e-05
0.000138461
0.000207173
0.0003058
0.000144432
0.000317669
0.000355499
0.000299783
0.00033066
0.000206155
0.000324618
0.000277428
0.000335761
0.000275695
0.000285454
0.000482655
0.000346824
0.000413857
0.000403975
0.000304911
0.000335634
0.000245174
0.000351573
0.000403134
0.000611417
0.000303763
0.000451363
0.000437229
0.000628383
0.000461425
0.000790386
0.00054019
0.00076168
0.000576176
0.000529168
0.000351274
0.000378702
0.000842436
0.000685913
0.000850867
0.000549201
0.000718051
0.000880895
0.00040876
0.000518999
0.00043685
0.00055542
0.00045606
0.00058216
0.000668392
0.000610394
0.000830825
0.000504394
0.000693718
0.000535582
0.000673662
0.00076816
0.000521752
0.000644483
0.000718165
0.000560794
0.000758416
5.66892e-05
2.77207e-05
0.000622948
4.03421e-06
3.33968e-07
6.31035e-06
2.33904e-05
4.32618e-05
0.000112768
0.000137865
0.000180737
0.000168769
0.000227752
0.000364351
0.000399315
0.000460733
0.000476722
0.000510633
0.000562333
0.000541075
0.000624609
0.000611293
0.000642263
0.000636632
0.000624796
0.000627185
0.000691412
0.000717778
0.000704362
0.000682084
0.000685823
0.000625157
0.000650369
0.000640257
0.000586128
0.00061055
0.000604327
0.000759723
0.000748612
0.000703516
0.000518427
0.000540843
0.000537047
0.000577604
0.000580242
0.000640491
0.000593847
0.000568708
0.000540888
0.000642282
0.000658235
0.000642167
0.000523081
0.000496759
0.000483568
0.000432744
0.000427304
0.000494681
0.000488397
0.000485455
0.000488478
0.000490564
0.000495364
0.000376846
0.000365263
0.000398056
0.000391876
0.00037385
0.000357726
0.000372477
0.000361735
0.000352177
0.000247157
0.000233372
0.000262125
0.000257978
0.00024252
0.000228318
0.000223411
0.000194239
0.000187473
0.00016092
0.000140498
0.000128216
0.000125665
9.63767e-05
8.38102e-05
8.06521e-05
7.0319e-05
6.27279e-05
4.93388e-05
4.41535e-05
3.02091e-05
2.50336e-05
1.85067e-05
1.49724e-05
1.22142e-05
7.96785e-06
1.92241e-06
6.61729e-07
1.82962e-07
6.1314e-08
1.18643e-06
2.17327e-06
3.82002e-06
5.73563e-06
9.13534e-06
1.09483e-05
1.41354e-05
2.01955e-05
2.24934e-05
2.48823e-05
2.33001e-05
3.98926e-05
3.58619e-05
3.82379e-05
4.66383e-05
4.86242e-05
5.48497e-05
5.00422e-05
5.04356e-05
5.28088e-05
6.36366e-05
6.45587e-05
6.9164e-05
7.63362e-05
7.42564e-05
7.87361e-05
7.98411e-05
7.62041e-05
7.79962e-05
8.3397e-05
8.47972e-05
9.64078e-05
9.64339e-05
9.7299e-05
9.90165e-05
9.3589e-05
9.20374e-05
9.41815e-05
0.000111137
0.000102024
0.000183457
0.000166942
0.000107145
0.000167875
0.000161997
0.000157388
0.000151914
0.000152428
0.000150523
0.000151226
0.00014026
0.000136969
0.000144819
0.000145499
0.000143616
0.000138028
0.000136887
0.000136297
0.000135138
0.000132466
0.00013458
0.000121104
0.000153979
0.000159519
8.5658e-05
8.56603e-05
8.56846e-05
8.55634e-05
8.55067e-05
8.5502e-05
8.55039e-05
8.55243e-05
8.78048e-05
8.68829e-05
8.89365e-05
8.87653e-05
8.94775e-05
0.000490801
0.000531714
0.00278554
0.00265899
0.00237231
0.00021654
0.000175937
0.000626894
0.000452656
0.000390158
0.000120023
8.96648e-05
8.46924e-05
8.44628e-05
2.36103e-08
9.31787e-07
0.00022289
0.000230578
0.000211989
0.000158062
0.000168565
0.000137496
0.000139377
0.000146819
0.000121943
0.00022175
0.000231165
0.000382142
0.000372877
0.000452478
0.000432425
0.000310184
0.000293187
0.000599685
0.000437947
0.000411507
0.00041928
0.000399693
0.000349487
0.000252763
0.000332456
0.000312221
0.000273957
0.000250021
0.000233274
0.000373614
0.0003445
0.000301579
0.000163935
0.00174909
0.00134796
0.00136592
0.0011005
0.000792812
0.000611511
0.000460957
0.000414521
0.000348081
0.000256049
0.000316263
0.00022597
0.000207288
0.000180712
0.000127563
0.000105134
7.35214e-05
8.59427e-05
5.29385e-05
4.51922e-05
6.2732e-05
3.62363e-05
3.66268e-05
3.71736e-07
7.85909e-07
8.17734e-07
2.7768e-06
7.97992e-06
5.77852e-06
3.87392e-06
1.5301e-07
7.9321e-07
3.82925e-07
7.94769e-05
9.44209e-05
7.58375e-05
3.85692e-05
2.64107e-05
4.32137e-05
3.68909e-05
2.95567e-05
1.16272e-05
0.00458447
0.00304084
0.00239125
0.00184064
0.00154287
0.000987813
0.000737714
0.000302639
0.000208122
0.000234409
0.000405191
0.000295557
0.000560504
0.000403274
0.000332752
5.2857e-05
2.93373e-05
2.59425e-05
0.000175242
0.000234672
0.000160256
1.98265e-05
7.60438e-06
6.44205e-06
1.86894e-05
2.87014e-05
3.60264e-05
6.27096e-05
7.18977e-05
8.78638e-05
8.93143e-05
8.96149e-06
2.9895e-06
3.55823e-06
1.77247e-07
3.4437e-07
4.95951e-07
1.25848e-05
3.92004e-06
4.8163e-06
2.95742e-07
1.48871e-08
1.33682e-06
8.42537e-07
1.17809e-05
0.00026587
0.000222028
1.01565e-05
4.52613e-06
0.00091011
0.000681278
0.00155577
0.00175234
0.00144173
0.0010438
0.000666243
0.000452614
0.000356787
0.000380674
0.000258447
0.000118233
7.09252e-05
6.26634e-05
5.07518e-05
3.02864e-05
5.12129e-05
3.22898e-05
3.64917e-06
3.73821e-07
1.04656e-06
1.37226e-06
3.07549e-07
3.14888e-07
3.15003e-07
3.61436e-07
3.92298e-07
7.11141e-06
1.7124e-06
2.82772e-06
1.73304e-05
1.07828e-05
2.10741e-07
2.03032e-07
6.12778e-06
5.1263e-06
1.12205e-06
5.40894e-07
1.9615e-06
2.54291e-06
1.06262e-05
1.00511e-06
0.000551149
0.000469153
0.000843071
0.00293145
0.00188568
0.00156326
0.00135372
0.000633267
0.000367006
5.32911e-05
2.90588e-05
8.03586e-05
1.20976e-05
0.000151855
0.000179593
0.00011531
0.00010311
4.88231e-05
6.59173e-05
5.70851e-05
6.33357e-05
4.34632e-05
3.29778e-05
3.97608e-05
5.11084e-05
4.17038e-05
3.00242e-05
4.17779e-05
2.06628e-05
3.46857e-05
3.46583e-05
9.7359e-06
1.85323e-05
1.63579e-05
1.63386e-06
2.73816e-07
1.70765e-07
4.07405e-06
2.83272e-06
8.19501e-06
9.43934e-07
4.7704e-05
2.00764e-05
2.89347e-05
3.30007e-05
6.01501e-05
7.30096e-05
4.99601e-05
8.83236e-05
3.31254e-05
6.11379e-05
8.93321e-05
0.000121466
0.000132853
7.97486e-05
0.000110287
0.000146676
9.9411e-05
0.00012668
0.000110896
0.000166282
0.000214128
0.000284513
0.00026668
0.000182275
0.000275405
0.0007174
0.00063307
0.000377653
0.000429653
0.000313774
0.000281503
0.000187009
0.000125855
9.56685e-05
5.97768e-05
1.72477e-05
2.91635e-06
7.66563e-06
3.66809e-07
3.69763e-08
1.53001e-06
9.10801e-06
1.58192e-05
4.16981e-05
6.90758e-05
7.99752e-05
0.000119204
9.14818e-05
0.000106132
0.00014613
0.000208576
0.000285806
0.000282304
0.00033961
0.000400669
0.000424001
0.000570281
0.000680239
0.000636413
0.000656731
0.000758336
0.000794658
0.00086057
0.000868856
0.000930949
0.00104582
0.00107283
0.00116543
0.00120215
0.0012851
0.00126203
0.00128484
0.00133684
0.00144299
0.00111707
0.00114665
0.00113289
0.00135189
0.00133545
0.00134085
0.00108856
0.00110068
0.00116467
0.00118992
0.0011949
0.00148911
0.00138989
0.00142006
0.00112442
0.00119335
0.00113451
0.00123183
0.00124799
0.0011418
0.00107604
0.00109205
0.000997034
0.00103743
0.000957399
0.000854139
0.000793753
0.000869588
0.000811568
0.000749221
0.000654586
0.000704319
0.000631869
0.000654077
0.000608347
0.000647821
0.000581544
0.000637621
0.000585034
0.000517211
0.000423159
0.000361341
0.000428535
0.000320275
0.000326565
0.000293932
0.000225748
0.000210129
0.000175095
0.000187671
0.000176638
0.000140444
9.20402e-05
7.97574e-05
5.61111e-05
5.41017e-05
2.68017e-05
1.73705e-05
1.18289e-05
4.10742e-06
1.84804e-06
2.46774e-08
7.14926e-07
1.97099e-06
5.37372e-06
9.47571e-06
1.6199e-05
2.47006e-05
2.96698e-05
3.7651e-05
4.10032e-05
4.40923e-05
5.003e-05
6.13243e-05
7.01803e-05
7.69776e-05
7.99127e-05
8.51432e-05
9.16594e-05
9.85295e-05
0.000104407
0.000124053
0.000127479
0.000123841
0.000130759
0.000134349
0.000140298
0.000141331
0.000148642
0.000164008
0.000165946
0.000173052
0.000182027
0.000184459
0.000185697
0.000187902
0.000196886
0.000198034
0.000197558
0.000222626
0.000224407
0.00023371
0.000251473
0.000254403
0.000191695
0.000193117
0.00020478
0.000205152
0.000186476
0.0001771
0.000175125
0.000234362
6.3981e-07
0.00376791
2.50065e-05
0.000175641
0.000199711
0.000181911
0.00123016
0.000457413
0.000779567
0.000749784
0.000528729
0.000570838
6.1305e-07
8.28274e-06
6.39162e-06
0.000478526
0.000340789
0.000318992
0.00184224
0.00151047
0.0013512
0.00195707
0.00169741
0.00155282
0.0018639
0.00161639
0.00150403
0.00107357
0.00089207
0.000645045
0.000551973
0.000367017
0.000333119
0.000218674
0.000195003
4.33706e-05
2.17244e-05
2.00905e-05
3.61614e-05
2.18146e-05
2.10288e-05
5.82485e-06
9.30513e-07
2.30981e-06
1.58378e-05
2.9676e-05
3.02164e-05
8.87878e-05
0.000105026
4.02273e-05
3.40538e-05
0.000106168
8.62358e-05
0.000228596
0.000220624
0.000184887
0.000116901
9.30063e-05
7.55795e-05
8.37027e-05
6.46157e-05
5.99163e-05
5.48315e-06
2.10196e-06
1.09642e-06
1.7983e-05
1.86875e-05
1.59795e-05
7.54814e-06
1.81226e-05
1.03021e-06
1.14795e-06
3.43636e-05
1.31694e-05
9.08931e-06
5.74127e-07
1.42595e-06
1.91856e-06
3.41909e-06
3.43449e-06
3.60171e-06
3.66371e-06
2.87429e-06
3.62635e-06
1.09392e-05
5.31036e-06
2.58301e-06
1.33848e-06
3.4251e-08
1.13819e-05
2.25134e-05
2.12042e-05
5.75363e-06
1.24687e-05
1.29792e-05
2.22559e-06
2.61709e-07
1.78501e-07
1.11937e-05
2.58035e-06
8.22708e-08
1.90146e-06
1.19945e-06
3.04236e-07
1.0211e-06
8.57646e-06
2.0025e-05
1.55266e-05
3.1674e-06
4.58724e-08
1.55159e-05
2.48993e-05
2.57507e-05
3.78515e-05
0.00012333
0.000147965
0.000132462
6.28015e-05
7.25827e-05
8.3033e-05
5.72718e-05
7.01346e-05
4.35185e-05
5.91014e-05
5.48332e-05
5.08362e-05
6.19267e-05
5.76894e-05
6.89826e-05
6.14349e-05
7.5578e-05
4.12556e-05
5.57787e-05
4.94018e-05
7.66718e-05
8.71712e-05
3.14534e-05
4.33392e-05
3.73175e-05
7.11181e-05
8.36685e-05
0.000106551
0.000112433
8.01239e-05
9.41254e-05
8.71451e-05
0.000162058
0.000163785
9.60608e-05
9.62596e-05
7.05674e-05
7.99083e-05
7.13519e-05
4.83246e-05
5.2045e-05
5.58418e-05
7.63456e-05
8.06529e-05
3.71885e-05
4.0783e-05
3.20695e-05
5.62528e-05
5.62879e-05
5.32512e-05
4.87597e-05
4.33335e-05
2.99049e-05
2.47751e-05
1.06773e-05
6.75906e-06
2.34306e-05
2.16778e-05
1.57105e-05
5.20318e-06
2.98751e-06
9.41181e-06
4.47036e-05
1.23982e-05
0.0192133
0.0165462
0.0156444
0.0126771
0.0119789
0.0136123
0.011206
0.00950118
0.000116921
0.000360947
0.00032707
0.0006179
0.000499897
0.000432993
0.000685355
0.000589635
0.000591688
0.000738823
0.000585309
0.000593522
0.000446129
0.000460667
0.000364139
0.000424331
0.000287433
0.000286478
0.000131173
3.2695e-05
1.99909e-05
3.15727e-05
1.84106e-05
2.33797e-05
0.000220911
0.000135297
0.000242469
0.000483872
0.000642609
0.00068433
0.00101695
0.000857676
0.000912678
0.000538451
0.000554275
0.000611241
0.000331625
0.000271504
0.000287705
0.000197957
0.000156889
0.000165299
0.00020487
0.000161995
0.000147809
0.000109945
0.000136433
9.83049e-05
6.66114e-05
0.000100584
9.74449e-05
4.00294e-05
4.61684e-05
4.067e-05
1.93866e-05
1.46771e-05
2.65297e-05
2.83727e-06
4.64523e-06
9.61397e-06
5.80935e-06
4.79782e-06
3.35385e-06
1.89292e-05
1.66284e-05
3.73806e-05
7.45092e-06
3.78742e-05
4.69233e-05
2.52689e-05
3.72702e-05
1.59779e-05
5.05197e-05
0.000121858
0.00016388
0.000121911
4.19848e-05
0.000115305
0.000126258
7.15177e-05
0.000100218
0.000117455
0.000122834
0.000208458
0.000129335
0.000181273
9.3133e-05
0.000177029
0.000103125
0.000154504
0.000256462
0.000348979
0.000403364
0.000240739
0.000387543
0.000199775
0.000350419
0.000238476
0.000399138
0.00038149
0.000286684
0.000394654
0.000485944
0.000305366
0.00049056
0.000463931
0.000667444
0.000337431
0.000408409
0.000548546
0.000420316
0.000715527
0.000569851
0.000665989
0.000394039
0.000782337
0.000432597
0.000457919
0.000545842
0.000801547
0.000594847
0.000769837
0.000617233
0.000798888
0.000834421
0.00101216
0.00104607
0.000646499
0.000786896
0.000847795
0.000463162
0.00059036
0.000661722
0.000947542
0.000595792
0.00083121
0.00099025
0.000998082
0.000615889
0.000790159
0.00112213
0.000605418
0.000760101
0.000730284
0.000874111
0.000207954
0.000219654
0.000317511
0.000149918
0.000902805
0.000294798
0.000231595
0.000233735
0.000224253
0.000227414
0.000335796
0.000330885
0.000300663
0.000312345
0.000311275
0.00032928
0.000171275
0.000134705
0.000145869
0.000299761
0.000299954
0.000356064
0.000216508
0.00016871
0.000181253
0.000176567
0.00022086
0.000206292
0.0002045
0.000190705
0.000201835
0.000202809
0.000246906
0.000256287
0.000246103
0.000187254
0.000189978
0.00022666
0.000221942
0.000149099
0.000148707
0.000227698
0.000221897
0.000200439
0.000192162
0.000199748
0.000203291
0.000215515
0.00020787
0.000171145
0.00017941
0.000177399
0.000205975
0.000213963
0.000208407
0.000193193
0.000199448
0.000196809
0.000210847
0.000210728
0.000194191
0.000185861
0.000183705
0.000176564
0.000168052
0.000155633
0.000178524
0.000180949
0.000169401
0.000158671
0.000155382
0.000149326
0.000114514
0.000103823
0.000103478
9.80798e-05
9.43885e-05
0.000109907
9.97694e-05
8.17582e-05
8.1419e-05
6.35685e-05
5.63939e-05
5.07516e-05
4.39828e-05
2.85238e-05
2.59293e-05
2.09476e-05
1.2001e-05
8.4248e-06
1.30776e-05
9.26424e-06
8.88526e-06
6.9317e-06
4.19385e-06
4.72955e-07
5.48505e-07
6.28701e-08
9.56131e-07
2.25623e-06
3.91239e-06
5.21388e-06
8.03149e-06
1.02169e-05
1.18831e-05
1.42516e-05
2.10996e-05
2.46911e-05
2.61311e-05
2.77052e-05
2.91075e-05
3.0762e-05
3.52813e-05
4.53088e-05
3.70378e-05
5.46906e-05
5.95561e-05
6.52126e-05
6.83581e-05
6.90044e-05
7.39231e-05
7.5008e-05
7.70529e-05
7.18847e-05
7.19456e-05
7.6941e-05
7.83237e-05
8.27764e-05
5.26269e-05
5.47888e-05
5.49793e-05
5.51655e-05
5.75716e-05
4.82248e-05
4.77133e-05
4.91903e-05
5.62352e-05
5.65938e-05
5.78522e-05
5.73824e-05
5.91985e-05
5.73684e-05
5.68113e-05
5.7696e-05
5.42698e-05
5.32615e-05
5.9965e-05
5.94085e-05
6.15981e-05
5.46527e-05
5.43071e-05
5.75994e-05
5.78499e-05
5.10412e-05
5.10314e-05
4.53713e-05
4.47411e-05
4.5252e-05
5.00163e-05
5.03628e-05
4.30331e-05
4.51255e-05
4.31937e-05
4.29798e-05
4.43629e-05
4.83054e-05
4.83308e-05
4.9347e-05
4.92573e-05
5.28611e-05
5.2358e-05
5.33652e-05
2.44888e-05
2.56649e-05
2.587e-05
0.000146745
0.000146151
0.000151034
0.000151014
0.000153527
0.000160507
0.000160485
0.000160881
0.000151799
0.000153443
0.00010072
0.000100651
0.000141115
9.79362e-05
9.75877e-05
9.73103e-05
