0.023776
0.0138059
0.00780299
0.00477699
0.00309204
0.00201804
0.00138927
0.000907916
0.00500058
0.00415158
0.00369946
0.00324427
0.00287027
0.00235552
0.00172211
0.00130998
0.000849329
0.000536118
0.00025225
0.00010166
1.21157e-06
0.000102548
0.000295523
0.000635681
0.000927474
0.000890587
0.00149671
0.00185433
0.00195725
0.00178841
0.00151984
0.00102909
0.000950241
0.000470435
0.000387303
0.000269086
0.000144547
0.000160784
9.90012e-05
7.68769e-05
1.32471e-05
2.00161e-05
3.98099e-06
2.76797e-05
1.52123e-05
1.04742e-05
2.04595e-05
2.66147e-05
2.34664e-05
8.38947e-06
2.70985e-07
7.22551e-06
1.41517e-05
1.30147e-06
1.11618e-08
1.57492e-06
3.29505e-06
2.3383e-05
1.89548e-05
2.96258e-05
7.1674e-05
4.22471e-05
3.47137e-05
0.00014867
0.000253298
3.70361e-05
0.000159361
0.0003209
0.000161266
0.000275354
0.000381864
0.000859381
0.000551362
0.000814304
0.00101766
0.000978488
0.000980608
0.000714408
0.000598626
0.0013785
0.00155601
0.000732301
0.000649769
0.00452695
0.00408165
0.00367924
0.00347193
0.00320535
0.00289119
0.00316886
0.00275245
0.00258304
0.00237113
0.00226534
0.00222514
0.00184881
0.0021314
0.00194912
0.00182155
0.00162313
0.00166019
0.00143821
0.001413
0.00153124
0.00135158
0.00111781
0.00110855
0.00100352
0.00101096
0.0010063
0.000860819
0.000946919
0.000811354
0.000740514
0.000641288
0.000646136
0.000578976
0.000532772
0.000432758
0.000448392
0.000411423
0.00029686
0.000352138
0.000278063
0.000286021
0.000227998
0.00020007
0.000200662
0.000155688
0.000148069
0.000123832
0.000116719
9.71585e-05
8.50162e-05
9.26216e-05
7.46564e-05
8.61476e-05
9.22205e-05
8.83661e-05
6.5364e-05
6.72928e-05
6.30478e-05
5.40579e-05
4.77452e-05
4.12419e-05
1.71294e-05
1.94518e-05
1.38662e-05
6.64364e-06
4.35402e-06
7.1941e-06
4.20364e-06
2.77181e-06
3.0274e-06
4.15833e-07
3.25544e-07
3.24032e-06
6.85873e-09
1.35577e-06
2.97068e-05
1.51866e-06
2.84634e-05
2.99031e-05
3.32741e-05
3.49157e-05
6.73082e-05
0.000126083
0.000585204
0.00194034
0.0035244
5.03874e-05
0.00100445
0.00370467
0.00342463
0.00156837
0.00058573
0.000545933
0.00147055
0.00174967
0.00204343
0.00200036
0.00177074
0.00159674
0.00109078
0.00075563
0.000520392
0.000283585
9.6468e-05
2.54885e-05
5.7328e-06
2.60194e-05
2.68021e-05
4.418e-05
0.00948842
0.006118
0.00363547
0.00221902
0.00141928
0.00120423
0.00111697
0.00105453
0.000251217
0.000139835
0.000148211
6.22951e-05
0.000104074
2.48698e-05
2.01112e-05
1.64144e-05
2.87645e-06
3.15735e-05
2.13691e-05
1.74852e-05
2.38752e-05
3.14292e-05
3.22171e-05
3.71097e-05
6.65404e-05
4.68741e-05
9.32195e-05
0.000103691
4.00521e-05
3.11189e-05
6.07914e-05
3.97565e-05
1.11713e-05
0.000331406
0.000488051
0.00878393
0.00551334
0.00342905
0.00226829
0.00133543
0.00077351
0.00037331
0.000219533
9.15267e-05
7.41526e-05
1.23452e-05
0.0056385
0.00523401
0.00468239
0.00409339
0.00352911
0.00315264
0.00235721
0.00199013
0.00132301
0.000646212
0.000237848
1.45292e-06
0.000160294
0.000691264
0.00145488
0.00337748
0.00458241
0.00388192
0.00319262
0.00253317
0.00204098
0.00187627
0.00150664
0.0010546
0.000840864
0.000618839
0.000395111
0.000307177
0.000224615
3.63883e-05
2.88155e-05
1.43475e-05
1.52047e-05
4.64924e-06
7.64899e-06
8.67693e-06
1.69472e-05
7.46931e-05
0.000103891
5.17707e-05
6.97957e-05
5.07213e-05
4.86447e-05
8.97376e-05
5.35009e-06
7.77707e-05
5.07262e-05
0.000130889
0.000157394
0.000112755
0.000142435
0.000137408
0.000183708
0.000256548
0.000261817
0.000323523
0.000302849
0.000496262
0.000449979
0.00066395
0.00070746
0.000621184
0.00130836
0.00152284
0.000904027
0.000953711
0.000686834
0.000312236
0.000295668
0.000512571
0.000431704
0.000529735
0.000525771
0.000633139
0.00113854
0.00109381
0.000679048
0.000710007
0.00103194
0.00153332
0.00147204
0.00143612
0.00124341
0.00105654
0.000546611
0.000779125
0.000560381
0.000607785
0.000611249
0.000517795
0.00050691
0.000581449
0.000513511
0.000443659
0.000406842
0.00038449
0.000413828
0.000428639
0.000418395
0.000417356
0.000372025
0.000338788
0.000324279
0.000314351
0.000303739
0.000300446
0.000242641
0.000241423
0.000238996
0.000201361
0.00013802
0.00012624
0.000178502
0.00014593
0.000131109
9.37552e-05
0.000104567
0.000121438
5.89541e-05
8.4981e-05
4.75787e-05
2.99018e-05
7.37908e-05
0.000127844
0.00012961
0.000111025
9.96566e-05
9.51462e-05
0.000116064
8.74477e-05
8.64833e-05
8.48831e-05
7.53424e-05
8.08407e-05
8.90785e-05
7.96973e-05
7.22078e-05
5.44462e-05
7.44361e-05
7.39972e-05
8.14488e-05
0.000127125
7.39055e-05
6.26257e-05
5.30604e-05
3.2397e-05
1.98623e-05
2.04392e-05
2.12957e-05
2.13366e-05
2.15016e-05
2.2051e-05
7.63683e-06
1.03347e-05
7.61479e-05
0.000416711
0.00111737
0.000349956
0.00682877
0.000382373
0.000164407
0.000128006
0.00451486
0.00373956
0.00284766
0.00216044
0.00129915
0.000732284
0.000547329
0.000196319
0.000181171
8.14289e-05
1.02266e-05
6.66812e-07
1.74407e-05
4.87987e-06
1.20816e-07
1.33579e-05
8.93347e-07
4.98585e-06
6.46582e-05
1.40258e-05
5.04632e-05
1.05594e-05
3.54822e-05
8.00655e-05
0.000101315
2.86926e-05
8.52776e-05
0.000206157
0.000147483
0.00418721
0.00246001
0.00660561
0.0042545
0.00285754
0.00196554
0.000978558
0.00187111
0.0026885
0.00281855
0.000921783
0.000508147
0.000741509
7.27292e-05
0.000369635
0.000134876
2.83114e-05
3.58862e-05
1.37373e-05
6.05926e-08
7.54131e-06
2.17761e-06
3.37976e-06
2.20465e-06
3.5624e-08
2.91638e-08
9.37275e-06
2.44956e-05
2.84255e-05
1.11223e-05
1.82304e-05
1.76076e-05
7.71037e-06
0.00805672
0.00359015
0.00132542
0.000456271
0.000122201
3.1075e-05
1.61374e-05
1.21435e-07
0.0140411
0.0121966
0.0103329
0.00866406
0.00693981
0.0050966
0.00376252
0.00141183
0.000992428
0.00034177
8.81427e-06
0.000150227
0.000661398
0.00170248
0.00278188
0.00266293
0.00225161
0.00184309
0.00147007
0.00129157
0.00102109
0.000742348
0.000452285
0.000315868
0.000208982
0.000138255
7.17555e-05
8.80307e-06
5.76697e-07
4.12921e-07
8.44512e-05
6.3772e-05
0.000127965
0.000135091
0.000148961
0.00016751
0.000150397
0.000192825
0.000218303
0.000216572
0.000365423
0.000229461
0.00036693
0.000390731
0.000459816
0.000577474
0.000569015
0.000670886
0.000659972
0.000619021
0.000662499
0.000760395
0.000853178
0.000787122
0.000785024
0.00103431
0.00129367
0.000845751
0.000966286
0.000932343
0.000305917
0.000156985
0.000247565
0.000600587
0.000570072
0.000832587
0.00107144
0.00118117
0.000749848
0.00161499
0.00128976
0.00114201
0.00163148
0.00157238
0.00138206
0.00126935
0.00117174
0.00107981
0.0011441
0.000929497
0.0010372
0.00096734
0.00108776
0.000910026
0.000919711
0.000775408
0.000850414
0.000850224
0.000761171
0.000690375
0.000649827
0.000733212
0.000747402
0.000666624
0.000709984
0.000665741
0.000627131
0.000672674
0.000548205
0.000645654
0.000495579
0.000550612
0.000480486
0.000450584
0.000468698
0.000439171
0.000409382
0.000367596
0.000303402
0.000322377
0.000301332
0.000252529
0.000219405
0.000178461
0.000136334
0.000114378
0.000142034
0.000100673
6.89786e-05
4.75677e-05
3.34339e-05
1.40469e-05
3.73327e-06
2.13497e-06
3.70983e-07
2.37884e-07
2.07068e-06
5.52613e-06
1.49668e-05
1.59196e-05
3.04887e-05
3.80422e-05
4.72232e-05
5.89039e-05
7.02514e-05
7.53433e-05
8.116e-05
9.51972e-05
9.24336e-05
9.90839e-05
0.000105515
0.000109548
0.000117539
0.000122044
0.000123103
0.000120362
0.000151041
5.59119e-06
5.61681e-06
5.629e-06
5.64153e-06
5.65834e-06
5.66152e-06
5.67508e-06
0.0019587
0.00673389
0.0126189
0.0113782
0.00854942
0.00824704
0.00765924
0.0063472
0.0056332
0.00468542
0.00353027
0.00293887
0.00797127
0.00957774
0.00785402
0.0062758
0.0049126
0.00374069
0.00296897
0.00192762
0.00136722
0.00110618
0.00065112
0.000403599
0.000267362
0.000122957
6.87484e-05
3.51174e-06
1.57808e-06
1.09761e-06
0.00585717
0.00395309
0.00287212
0.0019599
0.00129364
0.000875896
0.000470638
0.000289804
0.000159859
8.22949e-05
2.46009e-05
0.00470178
0.00248861
0.00189504
0.00111929
0.000483189
0.00012316
5.53417e-05
5.36287e-05
5.92058e-05
7.67737e-09
1.90168e-05
8.82978e-08
7.49408e-05
0.000158446
6.10704e-05
1.12349e-05
6.38875e-05
6.53985e-05
0.00715381
0.00393371
0.00181639
0.00300854
0.00129305
0.000597846
0.000262657
0.000166275
4.3903e-05
0.0194995
0.0166494
0.0142402
0.0111566
0.00895758
0.00464605
0.0030758
0.00138863
0.000455025
0.000950584
0.00070902
0.000605025
0.00048023
0.000314107
0.000333845
0.000208991
0.000120086
4.76727e-05
3.43159e-06
2.28181e-06
1.53694e-05
8.6006e-05
8.04831e-05
6.80469e-05
0.00013349
0.000141479
0.000184921
0.000138451
0.000257069
0.000343242
0.000441328
0.000582235
0.000407508
0.000410119
0.000496939
0.000606815
0.00110503
0.00117298
0.000963605
0.00142539
0.00117004
0.00101759
0.00127667
0.000983912
0.000305045
8.92627e-05
3.18512e-05
8.52864e-05
0.000324529
0.000497737
0.00063889
0.000820301
0.00118262
0.0012792
0.00149041
0.0016158
0.00154083
0.00146049
0.00143468
0.00143506
0.00158681
0.00158199
0.00145138
0.00139358
0.0014223
0.001482
0.00148455
0.00157327
0.00149605
0.00154701
0.00144735
0.00144866
0.00145549
0.0013363
0.00134729
0.00134162
0.00142131
0.00134895
0.00130663
0.00129346
0.00119916
0.00107644
0.000973468
0.000862806
0.000699083
0.000639742
0.000509904
0.000390283
0.000298202
0.000212793
0.000130609
8.06707e-05
4.54169e-05
1.80571e-05
7.79483e-06
2.43437e-07
3.61727e-06
5.61487e-06
4.0258e-05
3.13996e-05
5.68209e-05
9.66366e-05
6.84214e-05
0.00011267
0.000125706
0.000107111
0.000151609
0.00012911
0.000152268
0.000167734
0.000149154
0.000138785
0.00014605
0.000195852
0.000196684
0.00019375
0.00015127
0.000198241
3.15739e-05
6.42271e-05
3.88085e-05
9.42189e-05
4.07364e-06
4.10436e-06
4.10093e-06
4.07889e-06
3.91588e-06
3.91651e-06
0.000160155
0.000158085
0.00985054
0.0297229
0.0298141
0.0196688
0.0121139
0.0106918
0.00793247
0.00826758
0.00714382
0.00599748
0.0055743
0.00308544
0.00196856
0.00169456
0.00109667
0.000427775
0.000211444
3.68563e-05
1.65288e-05
5.76151e-06
3.54955e-05
5.45128e-05
0.000111858
4.80766e-05
7.21117e-05
0.00016465
0.000144726
0.000253544
0.000117821
0.00012766
6.36674e-06
2.24697e-06
0.00101877
0.000568727
0.000361063
0.000200555
3.27759e-05
4.46445e-06
3.4264e-06
4.73089e-06
2.63584e-05
2.07956e-06
3.03475e-06
6.73924e-05
0.00682506
0.00386086
0.00211029
0.00119216
0.000596272
0.000178951
7.89413e-05
2.79999e-05
1.35034e-07
1.45067e-06
2.36583e-06
1.37255e-05
5.33392e-06
1.43406e-05
1.84262e-05
3.0125e-05
3.2321e-05
5.33761e-05
3.84079e-05
2.94068e-05
3.04369e-05
0.000111639
8.92014e-05
1.80249e-05
0.0146213
0.0128605
0.010527
0.00883855
0.00681161
0.00478511
0.00308181
0.00186316
0.000738198
0.000111815
2.70055e-05
0.000433958
0.000997877
0.000788074
0.000679251
0.000519604
0.000464757
0.000459067
0.000388042
0.000307571
0.000236339
0.000194333
0.000116828
2.68037e-05
7.11015e-06
3.95898e-08
3.74734e-07
1.82164e-05
8.66001e-05
0.000127437
0.00013674
0.000126839
0.00018909
0.000169568
0.000239477
0.000218432
0.000217724
0.00015909
0.000155946
0.00027878
0.000295063
0.000567838
0.000543674
0.000703822
0.000852876
0.000743926
0.000933236
0.000966615
0.00124207
0.000978194
0.00109215
0.00130654
0.00141687
0.00152548
0.00126034
0.00123544
0.00145933
0.000549961
0.00110167
0.00156595
0.00173583
0.00184353
0.00208901
0.00215075
0.00210891
0.00195076
0.0019239
0.00220926
0.00214111
0.00195638
0.0019734
0.00196484
0.00183388
0.00182898
0.00160469
0.00147449
0.00165786
0.00138902
0.00111545
0.00104966
0.00106252
0.00106852
0.00108031
0.00129732
0.00129983
0.00101588
0.00104168
0.000977134
0.000922041
0.000908684
0.000813492
0.000832441
0.000841537
0.000814444
0.000776796
0.000684021
0.000675007
0.000634594
0.000580195
0.000579281
0.00051407
0.000494655
0.000392258
0.000375126
0.000312805
0.000284562
0.00026387
0.000182276
0.000178326
0.000152637
0.000150216
9.91648e-05
9.59436e-05
8.14251e-05
0.000100519
0.000106105
9.39523e-05
7.56655e-05
6.48966e-05
4.9047e-05
5.15902e-05
3.16813e-05
3.34635e-05
2.66305e-05
2.67034e-05
1.73507e-05
1.27839e-05
1.40106e-05
1.14988e-05
1.8708e-07
8.84684e-06
6.79591e-06
6.98078e-06
7.06741e-06
7.29061e-06
7.59103e-06
7.92145e-06
5.70766e-06
0.000444136
0.00180069
5.83542e-05
0.000158319
0.000259276
0.000199735
0.000152084
0.000117943
8.38313e-05
3.48058e-06
7.57548e-06
7.1818e-05
3.48684e-05
0.0463314
0.0399782
0.0329921
0.0266188
0.0203572
0.0152165
0.0103165
0.00659436
0.00415328
0.00250824
0.0012715
0.000920376
0.000343791
4.09159e-07
4.6997e-05
0.00104473
0.000959492
0.000739948
0.000818161
0.000619092
0.000491293
0.000617658
0.000682019
0.000340781
0.000316344
0.000354178
0.000252966
0.000277131
0.000254328
0.000202296
0.000353079
0.000310767
0.000300176
0.00610159
0.00574136
0.00427645
0.00380541
0.00316512
0.00258087
0.00233056
0.00175607
0.00145209
0.00133152
0.00106441
0.000985103
0.000796267
0.000792208
0.00070396
0.000779581
0.000632762
0.000616734
0.000570497
0.000443183
0.000387164
0.00013167
0.000112697
0.000120214
0.00013968
0.000179752
0.000170744
0.000115329
1.57367e-05
0.000112847
0.000208844
0.000295917
0.000268622
0.000158753
9.9029e-05
0.000259449
0.000838882
0.00175202
0.00304544
0.00355439
0.00265159
0.00199068
0.00136809
0.0013231
0.000893445
0.00062259
0.000433617
0.000227915
0.000275549
0.000196655
0.000142124
1.53143e-07
9.15768e-06
1.8122e-05
4.34004e-05
9.6098e-05
6.4983e-05
0.000171743
0.000145028
0.000245367
0.000187954
0.000126093
0.000108678
0.000146217
0.000155836
6.89722e-05
6.05826e-05
0.000134498
0.000264412
0.000432667
0.000425049
0.000614199
0.000547921
0.000590964
0.000724726
0.000606065
0.00060437
0.000643742
0.00088664
0.000609312
0.000695698
0.00101967
0.000733252
0.000931787
0.00107009
0.000607722
0.000760839
0.000983493
0.000745047
8.7889e-05
0.000679362
0.000721437
0.000671592
0.000751069
0.000704683
0.000679617
0.000468062
0.000496786
0.000486393
0.000287013
0.000262496
0.000319407
0.000358057
0.000347278
0.000372176
0.000410398
0.000373435
0.000406927
0.000415679
0.000420702
0.00041435
0.000270412
0.000265732
0.000229628
0.00022509
0.000256375
0.000248894
0.000254836
0.00021134
0.00019351
0.00017374
0.000172245
0.000165975
0.000189611
0.000158266
0.000138742
0.000215375
0.000170782
0.00018434
0.00017973
0.000176135
0.000139307
0.000132426
9.88731e-05
8.36125e-05
3.84163e-05
2.82336e-05
5.60722e-05
1.18623e-05
3.54624e-05
3.15141e-05
4.59194e-06
1.96615e-05
1.6544e-05
1.07522e-10
3.77149e-07
8.0466e-06
3.73384e-07
5.54291e-06
2.41802e-05
2.45527e-05
2.16073e-05
2.33303e-05
2.12932e-05
2.69952e-05
1.71998e-05
2.91254e-05
2.04368e-05
1.85238e-05
3.24898e-05
2.39597e-05
2.06112e-05
1.73962e-05
1.49151e-05
4.2155e-05
5.57645e-05
1.54702e-05
1.65334e-05
1.72607e-05
1.85995e-05
1.9617e-05
1.95777e-05
8.2946e-06
8.35461e-06
0.000921531
0.000275478
0.0116835
0.0116488
0.0101425
0.00961571
0.00851495
0.00624711
0.00522272
0.0041966
0.00300782
0.0019999
0.00152609
0.000845128
0.000530858
0.000293403
0.000322838
0.000203231
8.21293e-06
1.90411e-05
3.13393e-06
2.48576e-08
1.68708e-05
3.73978e-05
4.60175e-05
0.000180274
4.13291e-05
4.59132e-05
1.73195e-05
6.39564e-05
6.87698e-05
0.000207414
0.000108597
0.00016306
0.00855348
0.00543543
0.00388596
0.00209265
0.00748974
0.00515864
0.000230413
0.000382447
0.0025968
0.00248392
0.00904572
0.0056346
0.00730712
0.0059576
0.00314187
0.00176219
0.0020543
0.00148108
0.000517929
0.000438542
8.9562e-05
8.97868e-06
0.000709937
0.00109117
0.00136183
0.000939907
0.000558359
0.000509627
0.000387234
0.000181774
0.000210846
0.00203115
0.0361005
0.0255792
0.0160404
0.00848841
0.00364031
0.00143019
0.000398555
0.000129464
3.52604e-05
0.0210114
0.0185644
0.0164118
0.0140927
0.0122411
0.0102804
0.00811794
0.00621731
0.00412186
0.00264306
0.00125268
0.000301664
0.000359503
7.51556e-06
0.000151222
0.000730512
0.00166263
0.00141222
0.00114693
0.00106779
0.000819747
0.000675835
0.000553156
0.000264056
0.000148376
0.000106537
3.24743e-05
1.83974e-05
2.00507e-06
9.68816e-06
3.00427e-05
8.4867e-05
0.000104281
0.000181773
0.000145919
0.000230725
0.000253011
0.000343325
0.000308361
0.000363249
0.00025675
0.000377408
0.000322497
0.000525406
0.000556839
0.000536786
0.000513975
0.000618794
0.000646737
0.000673947
0.000716048
0.000721714
0.000680931
0.00074896
0.00101099
0.00113785
0.00137747
0.00103596
0.00122495
0.00166835
0.00108602
0.000669164
0.000440506
0.000341545
0.000807805
0.000845939
0.0011052
0.00124491
0.00130766
0.00163064
0.00140408
0.000868422
0.000913352
0.000945483
0.00100086
0.0010186
0.000895695
0.000893718
0.00104641
0.0010011
0.00102009
0.000908857
0.00111206
0.000984463
0.00116508
0.00100061
0.00109863
0.00093037
0.00106428
0.00104889
0.00104541
0.00111686
0.000978166
0.0010048
0.000972247
0.00103266
0.000984872
0.00107427
0.00103944
0.000917127
0.00103318
0.000896854
0.000828654
0.000874797
0.00084744
0.000781729
0.000743779
0.00073224
0.000768211
0.000717059
0.000663252
0.000602837
0.000600434
0.000570526
0.000524996
0.000508172
0.000493932
0.000368907
0.000319478
0.000292439
0.000243605
0.000219629
0.000175633
0.000145061
0.000130309
9.49658e-05
9.62175e-05
4.98792e-05
3.70866e-05
2.46859e-05
1.44065e-05
7.96513e-06
2.18093e-06
9.10216e-07
1.33126e-07
1.31911e-06
4.69424e-06
6.28029e-06
1.01581e-05
1.53523e-05
1.86516e-05
2.69578e-05
2.89632e-05
3.75465e-05
3.20461e-05
4.15753e-05
4.71963e-05
4.83285e-05
4.82044e-05
4.92674e-05
8.66053e-05
5.3628e-05
5.16669e-05
5.12058e-06
5.27561e-06
5.28391e-06
5.16578e-06
5.17723e-06
5.17483e-06
1.50964e-05
0.00550989
0.00127821
0.00532988
0.00534624
0.00441122
0.00362692
0.00302701
0.00263143
0.00219791
0.00181196
0.00125884
0.000936674
0.00056114
0.000392763
0.000150444
2.57603e-05
0.0041324
0.00308478
0.000657811
0.00203278
0.0014798
0.00104791
0.000583353
0.000269402
0.000180092
8.36186e-05
1.58776e-05
2.82202e-07
4.7257e-06
1.73987e-05
8.69772e-05
2.97373e-05
4.86876e-05
0.000122212
8.67601e-05
9.03861e-05
0.00525004
0.0034048
0.0026089
0.00181491
0.00121647
0.000931384
0.000492456
0.000306265
0.000207992
8.52927e-05
0.0042309
0.00260971
0.00191148
0.00128741
0.000642628
0.000328251
0.00019759
5.61499e-05
9.91415e-07
3.92156e-07
4.12787e-07
5.14008e-06
1.94894e-05
3.21453e-08
6.04534e-08
1.27964e-06
1.44217e-05
2.58518e-05
1.08406e-05
7.96666e-05
0.000145686
1.17029e-05
1.81833e-05
8.66068e-06
6.24468e-05
0.00736741
0.00435832
0.00183688
0.00163753
0.00171032
0.000762984
0.000311215
0.000124493
5.69585e-05
3.3708e-05
0.0197175
0.01655
0.0140174
0.0112317
0.00830114
0.00589569
0.00369996
0.00217129
0.00160751
0.00164119
0.000470156
8.74129e-05
0.000213401
0.000896627
0.000757419
0.000569114
0.000480243
0.000348794
0.000330843
0.000247293
0.000170311
0.000147277
6.316e-05
6.36606e-05
3.58679e-05
1.89168e-06
5.85359e-05
3.2223e-05
2.80435e-05
4.72438e-05
8.38914e-05
0.000133148
0.000322622
0.000325502
0.000338505
0.00032285
0.000342702
0.000366208
0.000411962
0.000267409
0.000373887
0.000437755
0.000372207
0.000447379
0.000486702
0.00057656
0.000796917
0.000647188
0.000881534
0.000946814
0.000877111
0.000882791
0.000950806
0.00127727
0.000888066
0.00082543
0.000861067
0.000735887
4.39168e-05
5.65836e-08
0.000822603
7.08728e-05
0.000192024
0.000369425
0.000519715
0.000824
0.000852906
0.00114472
0.00134501
0.00141898
0.00162391
0.00151341
0.00155625
0.00138946
0.00149002
0.00149377
0.00147329
0.00145295
0.00148814
0.00143122
0.00140848
0.00144135
0.00140774
0.00140204
0.00143884
0.00139035
0.001284
0.00148581
0.00123692
0.00125681
0.00116966
0.00115483
0.00110427
0.00107978
0.000967352
0.000878016
0.000820328
0.000781841
0.00072884
0.00057406
0.000517508
0.000438752
0.000345641
0.000300938
0.000243965
0.000198557
0.000138161
7.42138e-05
5.82611e-05
2.52397e-05
8.98096e-08
1.99117e-06
3.80665e-08
6.30722e-06
1.58107e-05
2.87359e-05
6.6723e-05
3.98154e-05
8.05899e-05
0.000102469
8.79501e-05
0.000134912
0.00010938
0.000138594
0.000166248
0.000121541
0.000161041
0.00015597
0.00015744
0.00016847
0.000204981
0.000159704
6.44832e-05
4.42522e-05
3.44498e-05
3.8326e-05
3.96511e-05
4.42225e-05
4.25179e-05
4.64791e-06
4.66216e-06
4.66531e-06
4.60849e-06
4.4487e-06
4.44839e-06
4.44953e-06
7.40288e-05
0.0019727
0.0443578
0.0250951
0.0170779
0.0148567
0.0104252
0.0103356
0.00757074
0.00688461
0.00617988
0.00468301
0.00327234
0.00212881
0.00141827
0.000631764
0.000807907
0.000487868
4.01603e-05
3.1549e-06
6.81611e-06
6.17741e-05
6.63585e-05
3.07713e-05
0.000148156
0.000163157
5.34215e-05
8.38339e-05
4.70981e-05
6.10131e-05
0.000101802
7.67518e-05
0.000103413
0.000114429
0.000116357
0.000160584
8.29097e-05
0.000185497
2.20911e-05
0.0008976
0.000735184
0.000413904
0.000289373
0.00011211
2.78818e-05
8.42415e-06
2.47581e-06
8.66118e-06
1.42877e-05
1.96407e-05
1.38533e-05
4.29355e-06
0.0077333
0.00441345
0.0024769
0.00134972
0.000592663
0.0003128
0.000112133
3.34179e-05
3.62319e-05
2.50964e-05
5.05836e-05
1.12763e-05
8.32119e-08
1.68464e-06
1.51354e-06
1.52236e-07
1.88205e-05
1.88688e-05
2.78781e-05
2.05342e-05
3.55818e-06
1.14243e-05
1.28517e-05
1.98859e-05
3.1168e-05
0.01583
0.014287
0.0117216
0.00930471
0.00705124
0.00479882
0.00341032
0.0015505
0.000628698
0.000156261
1.93573e-05
0.000397826
0.000875918
0.000662993
0.000543292
0.000502526
0.000423241
0.000293609
0.000255646
0.000199539
0.000130431
0.000132379
0.000121974
7.1358e-05
5.46961e-05
2.22336e-07
6.40073e-07
3.80572e-06
2.55141e-05
1.04291e-05
7.44327e-05
6.49598e-05
3.11438e-05
0.000137273
3.91083e-05
8.16063e-05
0.000107729
0.000207355
0.000209966
0.000191797
0.000169145
0.00013438
0.000160474
0.000112101
0.00025637
0.000287241
0.000393258
0.000360967
0.000539415
0.000607759
0.000612968
0.000674437
0.000602552
0.000816421
0.000704857
0.000582338
0.000639546
0.000618421
0.000371093
0.000482123
0.0008783
0.000742691
0.000935852
0.000971371
0.00118328
0.00144127
0.00144131
0.00155933
0.00174932
0.0016781
0.00160385
0.00150548
0.0014749
0.00142879
0.00133663
0.00143593
0.00127837
0.0013124
0.00120805
0.00134893
0.00124205
0.00125218
0.0014088
0.00121976
0.0012695
0.00119255
0.00114573
0.00102057
0.00115171
0.00105214
0.000936218
0.000813275
0.000889802
0.000832484
0.000784216
0.000747266
0.000714375
0.000609206
0.000581871
0.000519833
0.000536692
0.000489181
0.000394686
0.000360169
0.000320021
0.000278325
0.000218436
0.000194141
0.000157071
0.000140789
8.92631e-05
6.78313e-05
7.95244e-05
4.07769e-05
3.07029e-05
2.20349e-05
1.28716e-05
7.53379e-06
6.22946e-06
1.23244e-06
6.59021e-07
2.49489e-07
2.58601e-07
1.5974e-06
1.48793e-06
5.3956e-06
6.77046e-07
1.56493e-06
3.85979e-08
1.15987e-06
2.8713e-06
5.44435e-07
1.91396e-06
2.32641e-06
9.02637e-06
9.52163e-06
9.68012e-06
9.79673e-06
1.02844e-05
1.02134e-05
6.74673e-06
2.41861e-05
2.45012e-05
0.00241444
0.00116009
0.000457017
0.0517783
0.0361449
0.0295234
0.0239089
0.0212805
0.0202457
0.0186333
0.0152673
0.0114063
0.00824522
0.00517545
0.00324468
0.00193209
0.00113676
0.000508658
0.000299705
0.000104685
3.30748e-05
1.03433e-05
0.000151
0.000349461
0.000211298
0.000200057
0.000251741
0.000201215
0.000172395
0.000244019
7.80022e-05
7.7559e-05
0.000120719
0.000120931
0.000101577
0.000122479
0.000108616
0.000195118
0.000201962
0.000129799
0.000232907
0.00285772
0.00344218
0.00289984
0.00262509
0.00214776
0.00185465
0.0012907
0.00115034
0.00132322
0.00106421
0.00101551
0.00101857
0.000944558
0.000749667
0.000842937
0.000800537
0.000659264
0.000693405
0.000639998
0.000585005
0.00054103
0.000620509
0.000595891
0.000529247
0.000511016
0.000460171
0.000562127
0.00046801
0.000429191
0.000410309
0.000466745
0.000407778
0.000388495
0.000287862
0.000237184
0.000376593
0.000428217
0.000299248
0.000139432
1.22379e-05
3.24722e-05
3.77721e-05
0.000309786
0.000924805
0.00296746
0.00298055
0.00222647
0.00155769
0.00144539
0.00110079
0.000767238
0.00048677
0.000317119
0.000189618
6.60086e-05
0.000107927
5.73244e-05
1.96616e-05
1.40001e-05
3.03988e-06
6.37991e-06
8.41933e-06
2.17388e-05
1.16195e-05
8.10228e-07
1.23204e-05
2.38606e-06
1.06918e-07
7.862e-07
3.79035e-06
3.84479e-05
8.23267e-05
3.02719e-05
0.000170345
0.00016512
0.000298443
0.000323587
0.000236575
0.000442868
0.000571177
0.000343735
0.000539798
0.000517522
0.000508912
0.000474722
0.000613243
0.00100235
0.000622941
0.000757134
0.000979533
0.000799392
0.000504178
0.000509584
0.00123356
0.00120938
0.00023883
0.000252534
0.000113586
0.000111348
0.000148953
0.000234009
0.000262928
0.000211806
0.000301524
0.000321878
0.000320368
0.000348275
0.000424904
0.000388908
0.000416933
0.000373902
0.000404863
0.000469459
0.000418579
0.000459048
0.000595769
0.000568635
0.00050344
0.000601329
0.000514127
0.000512764
0.000475812
0.000493247
0.000501891
0.00052973
0.000469023
0.000573651
0.00044887
0.00041911
0.000385064
0.000404138
0.000355665
0.000221342
0.000200191
0.000189542
0.000173395
0.000173944
0.000169076
0.000143244
0.000166167
0.000141141
0.00015489
7.86913e-05
9.44113e-05
0.000126891
5.85075e-05
9.60045e-05
6.83928e-05
3.70007e-05
4.66646e-05
3.87098e-05
1.39282e-05
9.14103e-06
3.42111e-05
9.81993e-06
7.60889e-06
3.60154e-06
2.17931e-05
7.95913e-09
1.51101e-05
9.66182e-08
1.59066e-05
2.23475e-05
4.43427e-07
1.0099e-05
7.95538e-06
1.97143e-05
1.88197e-05
7.69593e-06
1.07868e-07
1.84263e-05
4.71222e-07
7.20256e-06
2.5312e-05
6.52163e-06
7.6565e-06
7.7821e-06
6.19934e-06
7.84364e-06
6.47582e-06
8.38753e-06
8.70516e-06
9.99964e-06
0.00257673
0.0026204
0.00203461
0.000296514
0.0138167
0.00898194
0.00686601
0.00593374
0.00641413
0.00651964
0.00574338
0.00532614
0.00439195
0.00318468
0.00244253
0.00174757
0.00107386
0.000713402
0.00049625
0.000589867
0.000226898
0.000281299
5.69861e-05
9.66741e-06
2.07825e-05
4.91427e-05
3.64264e-06
1.37685e-05
0.000196989
0.000109366
0.000117831
2.73951e-05
0.000107135
0.000127473
0.000365393
0.00032668
0.00564947
0.00588326
0.00346157
0.00182979
0.00524912
0.00401197
0.00170209
0.00105259
0.000537079
0.000762642
0.000278039
0.000152339
0.000255675
2.83212e-05
7.95777e-06
2.67494e-05
9.23728e-06
6.00009e-05
6.59731e-05
4.41668e-06
6.61555e-08
4.35438e-05
4.33014e-05
0.000173587
0.000115891
0.0274739
0.0190686
0.00367208
0.0134068
0.00717456
0.00404439
0.00143696
0.000440483
9.42465e-05
2.19984e-05
1.78346e-05
1.36578e-07
1.09182e-06
8.59477e-08
8.66851e-06
0.022478
0.0195191
0.0177127
0.0150522
0.0122766
0.00976827
0.00882277
0.00662721
0.00400525
0.0027155
0.00153106
0.00138833
0.000529788
2.59791e-05
0.000109703
0.00065935
0.00131514
0.000970284
0.000806191
0.000720968
0.000592603
0.000492258
0.000298611
0.000209083
0.00012333
0.000103485
3.00609e-05
1.01257e-07
4.47159e-07
1.15535e-05
2.82187e-05
7.66881e-05
0.000102349
0.000144074
0.000213539
0.000241399
0.000249424
0.000299233
0.000235519
0.000341241
0.000504904
0.000442364
0.000526501
0.000471106
0.000376304
0.000390205
0.00053862
0.000559801
0.000614971
0.000862259
0.0011138
0.000940609
0.00117983
0.00100131
0.00142148
0.00110553
0.000931411
0.000650691
0.000588955
0.000540305
0.000656434
0.000903799
0.00124829
0.00112936
0.000740839
0.000974922
0.00123659
0.0014103
0.00123417
0.00129885
0.000856911
0.000899869
0.000867789
0.000915251
0.000867594
0.000881117
0.000914538
0.00089017
0.000942821
0.000982438
0.000923033
0.000900407
0.000985409
0.000796028
0.000974435
0.000974034
0.000948923
0.0010169
0.000945591
0.00104028
0.000964197
0.000798252
0.000963981
0.00100448
0.00100223
0.000880024
0.000899691
0.000837953
0.00099458
0.000843527
0.000852171
0.00080514
0.000787771
0.000832883
0.000807295
0.000829941
0.000765917
0.000734701
0.000597578
0.000614009
0.000567376
0.000463369
0.000518752
0.000416643
0.000364001
0.000335083
0.000322794
0.000290236
0.000266069
0.000212619
0.000173884
0.000182032
0.000121752
0.000107143
7.58617e-05
5.39408e-05
4.29147e-05
2.87345e-05
1.81177e-05
1.30482e-05
6.05285e-06
1.69734e-07
4.15021e-08
1.2031e-06
3.39426e-06
7.10824e-06
1.17706e-05
2.52641e-05
2.73449e-05
3.3343e-05
4.1543e-05
4.69147e-05
4.98982e-05
5.38572e-05
6.06012e-05
6.7899e-05
6.98834e-05
7.10824e-05
7.61869e-05
7.87926e-05
8.08188e-05
0.00011797
6.60971e-06
6.34351e-06
6.34362e-06
6.67462e-06
6.40991e-06
6.40667e-06
5.60421e-06
1.02972e-05
0.00371029
0.00125467
0.00357037
0.00596524
0.00542776
0.00444916
0.00382809
0.0032844
0.00268475
0.00184628
0.00123004
0.000821785
0.000540683
0.000278921
0.000172718
0.00537337
0.00360627
0.00248708
0.00196352
0.00138895
0.000976095
0.000733096
0.000374259
0.000166512
9.59913e-05
3.26697e-05
1.84858e-06
1.73874e-05
7.68013e-08
1.11558e-07
4.86618e-06
2.18516e-06
2.01318e-05
9.27896e-05
3.10434e-07
0.0056328
0.00372033
0.00252889
0.00207762
0.00138357
0.000914719
0.000384635
0.000342201
0.0002064
0.000138664
0.000639925
0.00065309
0.00020917
0.000540874
0.000530606
0.000834852
0.000492673
0.000584676
0.000110085
0.000531585
0.000502027
0.000623367
0.00059018
0.000519264
0.00060384
0.000452793
0.000550172
0.000520175
0.000474816
9.28011e-05
0.000126868
0.000388854
0.000431078
0.000439969
0.000457543
9.47597e-05
0.000421116
0.000445982
0.000438659
1.45745e-06
1.2271e-06
7.03138e-06
0.0404599
0.00248973
0.00248752
0.0023851
0.00197362
0.00131704
0.000895369
0.000831419
0.000612529
6.33829e-05
2.95922e-05
6.76655e-05
0.000437544
0.00118308
0.00220925
0.00160096
0.00122498
0.000917235
0.000836397
0.000543125
0.000413389
0.000213326
0.000139128
6.21244e-05
1.02462e-05
1.98963e-06
3.7386e-06
8.87747e-06
7.70176e-06
6.30832e-05
6.03763e-05
0.000192322
0.000168119
0.000184423
0.000260952
0.000218683
0.000205494
0.000309613
0.000216788
0.000272646
0.000232801
0.000237256
0.000412164
0.000313933
0.000450491
0.000619344
0.000659309
0.000810142
0.000934506
0.000973064
0.00106169
0.00125074
0.00103124
0.000978661
0.000940425
0.000869888
0.000573343
0.0005025
0.00106561
0.000779567
0.000981385
0.000923807
0.000223175
4.92254e-05
1.31758e-05
2.31532e-05
0.000156921
0.000264037
0.000328716
0.000440709
0.000457756
0.000467867
0.000562412
0.000662277
0.00071774
0.000648106
0.000704954
0.000802408
0.000847559
0.000954221
0.0007982
0.000702456
0.000943833
0.000973038
0.000862413
0.000887009
0.000941472
0.00109854
0.000892492
0.00089998
0.00093046
0.000930651
0.000931456
0.000771217
0.000830138
0.000767383
0.000617729
0.000623343
0.000538381
0.000450625
0.000426717
0.000411516
0.000263261
0.00020493
0.000179655
0.000108291
7.83899e-05
4.30405e-05
4.39171e-05
2.6297e-05
3.30998e-06
2.04411e-06
8.9354e-09
1.57336e-05
2.48709e-05
2.28217e-05
5.43896e-05
4.00057e-05
7.14786e-05
0.000100243
8.27171e-05
0.000129442
0.000111896
0.000128618
0.000154625
0.000156308
0.000128321
0.000169576
0.000135144
5.31701e-05
2.32993e-05
2.52013e-05
3.18157e-05
3.304e-05
3.59774e-05
4.02982e-05
3.93131e-05
5.62502e-05
5.42029e-06
5.43761e-06
5.44941e-06
5.44433e-06
5.39508e-06
5.26048e-06
5.23992e-06
8.56905e-05
0.00211034
0.0248441
0.0314877
0.0235416
0.0140544
0.0130938
0.00724751
0.00713206
0.00563154
0.00437879
0.00326622
0.00271084
0.001867
0.000669562
0.000250322
0.000203196
0.000205549
1.80397e-05
3.64204e-06
2.32422e-05
0.000145617
0.000112579
6.96402e-05
2.61205e-06
0.000123382
0.000112596
0.000159593
0.000154939
0.000247612
0.00035429
0.000110798
0.000316458
0.000140498
0.000136555
8.30435e-06
6.93328e-05
0.0010851
0.000639591
0.000481557
0.00021244
9.63809e-05
1.97568e-05
3.9434e-05
1.22043e-05
2.54505e-05
8.51765e-06
1.99375e-05
0.00331568
0.00190313
0.00107287
0.000655717
0.000261334
0.000136139
6.21112e-05
1.52388e-05
1.11538e-08
1.09296e-06
1.78307e-07
4.20996e-05
2.00681e-05
3.03495e-05
2.9479e-05
2.96235e-05
3.73002e-05
1.70565e-05
7.03604e-05
3.3794e-05
5.20301e-05
3.68287e-05
3.64908e-05
1.78588e-05
7.5644e-05
0.0109572
0.0100701
0.00919981
0.00729459
0.00555545
0.00430271
0.00260588
0.00144541
0.000725054
8.02939e-05
6.98645e-05
0.000350398
0.00106914
0.00113798
0.000847385
0.000655329
0.00051193
0.000345088
0.00025729
0.00011931
6.31198e-05
8.94554e-05
1.3305e-05
7.57931e-07
4.85984e-06
1.6364e-05
4.2522e-05
0.000106953
0.000146405
0.000170422
0.000216314
0.000150094
0.000136743
0.000278006
0.000415279
0.000362151
0.000326617
0.000281653
0.000349032
0.000306533
0.000399958
0.000278197
0.000444391
0.000694384
0.000767243
0.000616905
0.000667681
0.000681243
0.000776424
0.000719651
0.000792331
0.00067352
0.000803388
0.000815148
0.000658473
0.000303602
0.00118574
0.00050805
0.000497163
0.000676371
0.000764588
0.000858633
0.000864633
0.00100433
0.000918364
0.000788522
0.000903872
0.000806869
0.000769834
0.00087588
0.000892577
0.000987836
0.000883926
0.0010743
0.000934725
0.000931153
0.000873
0.000904936
0.000929169
0.000903412
0.000976218
0.000910397
0.000869521
0.000938813
0.000827864
0.000755423
0.000737133
0.000617226
0.00067301
0.00060885
0.000569467
0.000537552
0.000584206
0.00057804
0.000448505
0.000457278
0.000386093
0.000402643
0.000342913
0.000279906
0.00029385
0.000171193
0.000193305
0.000149078
0.000128847
0.000119787
8.6163e-05
6.80164e-05
5.70827e-05
3.17667e-05
2.34817e-05
2.55209e-05
7.40894e-06
5.58163e-06
3.144e-06
1.17602e-07
1.24435e-08
9.43451e-07
8.57091e-07
3.67099e-06
5.9145e-06
5.59403e-06
6.71409e-06
8.10303e-06
1.53e-05
1.63223e-05
1.83012e-05
1.63603e-05
1.59588e-05
1.48942e-05
1.06843e-05
7.56057e-06
7.6016e-06
7.67191e-06
7.7091e-06
7.82153e-06
7.98852e-06
7.97277e-06
7.12231e-06
0.000820566
0.000444996
0.000528182
0.0425302
0.0248149
0.0207213
0.0161765
0.0165741
0.0175763
0.0162869
0.0151916
0.0132236
0.0102068
0.00745385
0.0051271
0.00299098
0.00184986
0.000849445
0.000367865
0.000136107
6.1322e-05
6.38175e-05
2.20725e-06
1.85899e-07
0.000260837
0.000187321
0.000339661
0.00030329
0.000314359
0.000261277
0.000231027
0.000148781
0.00012763
0.00022048
0.000126545
9.41043e-05
0.000142483
0.0001608
0.000135656
0.00013738
0.000160791
0.000197388
6.67481e-05
0.000204559
0.000180916
9.53048e-05
9.87753e-05
0.00357885
0.00321524
0.00274525
0.0026838
0.00252876
0.00223195
0.00221287
0.00192167
0.0018112
0.00163224
0.00142328
0.0013342
0.0011835
0.00112555
0.000920659
0.000914774
0.00102237
0.000864541
0.000758223
0.000709808
0.000652795
0.000548743
0.00059131
0.000565
0.00043019
0.000389753
0.000356333
0.000351942
0.000392431
0.000119055
4.6461e-05
0.000182768
0.000665384
0.00138159
0.00232491
0.00325446
0.00297107
0.001932
0.0018351
0.00121965
0.000719341
0.000673229
0.000484542
0.000286258
0.000209478
7.97587e-05
4.14634e-05
5.16242e-05
6.29815e-06
2.49559e-06
3.75623e-05
2.14904e-05
6.75586e-08
1.1009e-06
8.59454e-07
2.55772e-05
1.23603e-05
2.256e-05
7.88797e-05
3.15787e-05
0.00011322
5.34206e-05
0.000284156
0.000306747
0.000368042
0.000384979
0.000431112
0.000387853
0.000371894
0.000484795
0.000500056
0.000695344
0.000933507
0.000752494
0.000691466
0.000610047
0.000494556
0.000773037
0.000856062
0.000910953
0.000948915
0.00116529
0.00136804
0.0012876
0.00123094
0.00109132
0.00122342
0.00106518
0.00117666
0.00112603
0.001021
0.00102891
0.000948808
0.000830279
0.000900151
0.000874713
0.000853358
0.000802683
0.000807046
0.000819592
0.000627478
0.00076925
0.000630993
0.000710079
0.000705897
0.000680528
0.00059151
0.000595804
0.000471908
0.000317748
0.000424733
0.000413097
0.000371624
0.000449812
0.000478645
0.000382319
0.000355528
0.000350071
0.000356133
0.000263713
0.000251608
0.000281194
0.00024202
0.000256021
0.000232031
0.000254791
0.000233663
0.000146929
0.000149691
0.000146169
0.000118065
8.0489e-05
0.000105306
8.51365e-05
8.11108e-05
9.37739e-05
6.83666e-05
7.07222e-05
5.96518e-05
5.30486e-05
4.82464e-05
3.80979e-05
3.04815e-05
2.60773e-05
2.24755e-05
1.79601e-05
1.45218e-05
1.23884e-06
4.56042e-07
3.25531e-07
4.46808e-09
3.33197e-08
2.00399e-06
5.25067e-06
1.38609e-05
7.12659e-06
4.26808e-07
2.81467e-05
5.40481e-05
6.03057e-05
4.16903e-05
4.27689e-05
8.12396e-05
6.28977e-05
0.000118505
0.000194223
0.00287512
0.0028006
0.00303806
0.00321815
0.00405333
2.94203e-05
3.33168e-05
3.64769e-05
3.94261e-05
0.000504131
0.00311576
4.72462e-06
0.0051368
0.0035576
0.00349831
0.00277084
0.00218598
0.0021185
0.00137884
0.000690712
0.000411959
0.000284254
0.000196622
3.14314e-05
1.95069e-05
3.0259e-05
1.24145e-08
6.36457e-06
2.28964e-05
5.25812e-05
0.000163305
0.000308518
8.01273e-05
0.00028403
0.000392244
0.00026722
0.000214166
0.000174171
0.000314729
0.000282288
0.000413217
0.00487046
0.00246203
0.00219992
0.00359796
0.00218907
0.00139489
0.00137412
0.000477971
0.000713173
0.000290489
6.31543e-05
3.10545e-05
6.84674e-06
4.8055e-06
3.27635e-07
7.38277e-05
1.59942e-05
8.25565e-08
1.59719e-06
3.01024e-05
4.66286e-05
4.89709e-05
0.00012428
6.96309e-06
2.78787e-05
5.26891e-05
3.91432e-06
5.46092e-05
5.07123e-05
3.44664e-05
2.00895e-05
2.69608e-05
0.0230237
0.0164934
0.00979328
0.00418101
0.00145178
0.000491029
0.000158006
4.59075e-05
1.19952e-05
3.10003e-06
3.10322e-07
0.0166217
0.0150809
0.0131755
0.0111976
0.00926432
0.00746151
0.00569353
0.00391368
0.00255609
0.000473283
9.29046e-05
0.000634191
0.000710991
0.00181336
0.00176381
0.00144401
0.00119297
0.00101022
0.000936416
0.000680742
0.000459983
0.000305559
0.000143054
0.000107724
0.000136065
2.00159e-05
1.77741e-06
2.06453e-08
8.03971e-05
8.52796e-05
0.000138004
0.000175888
0.000198356
0.00032272
0.000254571
0.000524791
0.000463039
0.000405569
0.000547865
0.000504314
0.000388529
0.000620341
0.000426402
0.000494851
0.000484026
0.000826084
0.00107784
0.000822358
0.000724023
0.000683875
0.000444096
0.000370931
0.000720498
0.000660095
0.000968391
0.00074377
0.000763347
0.000704943
0.000920766
0.000594957
0.0011691
0.00137534
0.000676058
0.000737808
0.000647516
0.00066211
0.000626926
0.000607619
0.000713529
0.000589935
0.00070947
0.000606261
0.000633666
0.000693029
0.000641288
0.000630683
0.000617645
0.000644757
0.000624321
0.000608276
0.000566558
0.000679359
0.000561368
0.000612664
0.000503851
0.00062099
0.000612982
0.000549061
0.000601556
0.000539997
0.000587247
0.000509437
0.00058795
0.000484409
0.000474258
0.000435032
0.000372105
0.000365472
0.000265015
0.000227724
0.000217064
0.000165764
0.00015371
0.000116164
9.28327e-05
4.96714e-05
3.40894e-05
3.2861e-05
1.24475e-05
5.28004e-06
2.86419e-06
2.53829e-07
2.93994e-06
3.59971e-06
7.40667e-06
1.95587e-05
2.84379e-05
3.65377e-05
4.87176e-05
5.49484e-05
6.49623e-05
6.99291e-05
8.28234e-05
9.22743e-05
0.000100943
0.000102407
0.000108343
0.000113193
0.000111275
0.000115501
0.000121849
0.000125951
0.000129194
0.000144598
7.90438e-06
8.18054e-06
7.94697e-06
8.25897e-06
8.18814e-06
7.95534e-06
6.99932e-06
0.000710481
0.0083785
0.00618056
0.00925539
0.00742278
0.00553182
0.0051698
0.00457193
0.00378457
0.00264095
0.00190926
0.00893355
0.00686764
0.00463081
0.00353875
0.00282659
0.0019298
0.00164353
0.00113498
0.000712967
0.000358652
0.000345641
0.00019549
6.90309e-05
1.71147e-05
4.1859e-06
3.41566e-06
2.50533e-06
0.00543512
0.00317486
0.0022559
0.00164743
0.00121182
2.30157e-06
1.52603e-05
3.25467e-06
1.85075e-05
5.38145e-05
6.79984e-05
0.000116657
0.000118702
0.000232297
0.000268191
0.000507906
0.000485923
0.000345856
0.000471207
0.000492332
0.00055728
0.000479704
0.000544595
0.000122451
0.000206114
0.000565648
0.000578942
0.000546545
0.000183289
0.000321381
0.000663349
7.69999e-05
8.5088e-05
0.00120727
0.00141893
0.00163233
0.0013181
0.00121878
0.000965303
0.000623465
0.000267388
7.19083e-05
4.01894e-06
0.00024465
0.000705872
0.00240101
0.00200626
0.00136733
0.000914366
0.000681096
0.000425921
0.000304354
0.000135925
0.000226898
7.48611e-05
5.19488e-05
2.02487e-07
5.25455e-06
9.91496e-06
7.94367e-05
0.000277327
0.000239027
0.0003196
0.000298551
0.000355126
0.000414004
0.000453402
0.000550355
0.000351479
0.00045659
0.000448929
0.000877538
0.000736379
0.000967096
0.000821199
0.000681554
0.000854944
0.000975555
0.00109041
0.00135674
0.00110293
0.000809018
0.000583103
0.000663187
0.000647544
0.000328778
8.04242e-05
5.08893e-07
6.39671e-05
0.000188657
0.000276483
0.000366719
0.000467332
0.000525326
0.000647295
0.00073799
0.000822655
0.000931361
0.00093792
0.00100933
0.000966738
0.000923076
0.00104588
0.000833542
0.00107481
0.00106031
0.000970836
0.000959644
0.00113053
0.00109526
0.00100226
0.00102332
0.00096795
0.00100927
0.0010113
0.00098117
0.000883603
0.000812102
0.00079503
0.000709116
0.000643014
0.000622878
0.000448947
0.000335529
0.000270914
0.000205465
0.000159454
0.00012029
6.45517e-05
5.18619e-05
2.67855e-05
1.05984e-05
1.88353e-08
1.05058e-05
8.54304e-06
4.34512e-05
4.06645e-05
5.92083e-05
9.398e-05
7.64657e-05
0.000132637
0.000113874
0.000127905
0.000149458
0.000180363
0.000142219
0.000194734
0.000175659
0.000199832
0.000162361
0.000201648
0.000174066
0.000197809
5.87534e-05
5.27087e-05
5.55287e-05
9.24538e-05
9.41633e-05
0.000105995
0.000106903
6.20101e-06
6.24304e-06
6.24394e-06
6.24551e-06
6.23644e-06
6.0235e-06
0.000571001
0.0310784
0.0426169
0.0252937
0.0152068
0.0133463
0.012079
0.0101986
0.0095719
0.00676613
0.00511202
0.00354197
0.0022768
0.00125802
0.000647267
0.000584772
0.000349647
0.000393608
1.50673e-06
4.68515e-06
1.06733e-05
2.47965e-05
4.49285e-05
4.79553e-05
7.10746e-07
4.35196e-05
3.31543e-05
5.69741e-05
0.000129432
0.00011912
5.91851e-05
7.63584e-06
9.14253e-05
0.00122604
0.000765036
0.000332663
0.000176926
6.52891e-05
9.94022e-06
1.60292e-05
2.78273e-12
2.43507e-05
0.00323942
0.00165988
0.00105719
0.00046443
0.00024784
0.000118031
1.34166e-05
1.21154e-05
7.22726e-07
2.89956e-06
6.76812e-06
1.98942e-06
1.63426e-05
2.98574e-05
4.13287e-05
4.71908e-05
2.57513e-05
2.01863e-05
2.65219e-05
5.28689e-05
8.47312e-05
8.18264e-05
0.0109267
0.0101433
0.00909083
0.00757529
0.00634949
0.00486779
0.00335151
0.00212052
0.00113666
0.000417279
5.03172e-06
8.27914e-05
0.000128757
0.00113108
0.00101986
0.000806658
0.000633237
0.000341195
0.000326553
0.000113968
6.23654e-05
2.39269e-05
9.1466e-06
8.24115e-06
2.71135e-07
8.68961e-06
1.68519e-05
3.40219e-05
6.29103e-05
0.000100214
9.31054e-05
0.000153942
7.33647e-05
0.00014127
0.000351403
0.000342202
0.000298415
0.000252675
0.000240097
0.000266718
0.000169241
0.000192861
9.70014e-05
0.000303547
0.000614272
0.000621302
0.000583457
0.0005639
0.000564558
0.000604475
0.000663836
0.000966667
0.000887973
0.000772113
0.00086552
0.000786142
0.000685792
0.000772298
0.0011809
0.000404326
0.000510593
0.000574409
0.000622801
0.000774454
0.000748389
0.000767537
0.000676582
0.000942463
0.000784328
0.000858502
0.000826979
0.00087
0.000884509
0.000979162
0.000905456
0.000903015
0.000935084
0.000981203
0.000878268
0.000904976
0.000929861
0.000941218
0.000836358
0.000828581
0.000902804
0.00100418
0.000891392
0.000973262
0.000999868
0.000942957
0.00081961
0.000853603
0.000701538
0.000796567
0.000823041
0.000754335
0.000761035
0.000659789
0.000693573
0.000527717
0.000586097
0.00052512
0.000421494
0.000388409
0.000341676
0.000331643
0.000268721
0.000235492
0.000214069
0.000198331
0.00018298
0.000165784
0.000112024
0.000101621
8.14943e-05
6.13224e-05
5.02491e-05
4.81337e-05
4.25991e-05
1.99175e-05
1.66452e-05
1.50511e-05
1.66976e-05
6.585e-06
4.74511e-06
3.3893e-06
1.7149e-06
1.28318e-07
2.53208e-06
1.77684e-07
1.07183e-06
1.15835e-05
6.86672e-06
6.92122e-06
7.02307e-06
6.92001e-06
7.00152e-06
7.13178e-06
0.00152836
0.0034066
1.57038e-08
0.0202547
0.0154185
0.0103576
0.0111439
0.0134064
0.0116233
0.0126837
0.0105883
0.00898513
0.00690036
0.00482584
0.00275272
0.00164814
0.000628995
0.000404455
0.000125252
5.80452e-05
7.33505e-06
3.90404e-06
1.11936e-05
7.02307e-06
2.44443e-05
2.66509e-05
0.000139974
0.000106419
0.000185019
0.000465357
0.000351107
0.000236603
0.000265922
0.000971987
0.000799888
0.00072413
0.000589722
0.000565099
0.000479209
0.000387035
0.000371862
0.000338391
0.000296793
0.000211671
0.000200149
0.000186676
0.000213695
0.000104206
0.000335452
0.000336926
0.000289899
0.000247435
0.000189043
9.29319e-05
0.000149811
0.000329666
0.000317355
0.00032625
0.000322263
0.00189582
0.00123955
0.000843744
0.000578484
0.00034902
0.000230935
0.000127147
0.00162932
0.00111706
0.000709765
0.000444631
0.000256069
0.000114516
6.08914e-05
3.00294e-05
1.20145e-05
0.00660864
0.00604799
0.00537022
0.00427615
0.00232364
0.00120443
0.000426646
0.000386212
0.000136764
0.000728101
0.00150357
0.00180941
0.0013928
0.00107221
0.000832012
0.000543085
0.00055732
0.000277236
0.000149152
0.000112137
4.03157e-05
9.24908e-06
1.85533e-05
2.74511e-06
6.19075e-06
7.24809e-06
4.16846e-06
1.55318e-06
7.36628e-06
2.24292e-05
1.23231e-05
9.26763e-06
3.37096e-05
8.83382e-05
5.04319e-05
3.104e-05
0.000105322
1.69293e-05
4.99987e-05
1.74752e-05
9.72076e-05
0.000111738
0.000620383
0.000235149
0.000223816
0.000382111
0.000399689
0.000609915
0.000577596
0.000532411
0.000461193
0.000728791
0.00102513
0.00107887
0.000841692
0.000930853
0.000475105
0.000791771
0.00169274
0.00153786
0.00151448
0.00144294
0.00135871
0.00132756
0.00132206
0.00112729
0.00121487
0.0010957
0.00102371
0.00112867
0.00110129
0.00107221
0.00111073
0.00100402
0.000933305
0.00094595
0.000902469
0.000818917
0.000895193
0.00072529
0.000585711
0.000680829
0.000679728
0.000650402
0.000628184
0.000572855
0.000581137
0.000568476
0.000410984
0.000425759
0.000396879
0.000429453
0.000348327
0.000343358
0.000320713
0.000309146
0.000215545
0.000272696
0.000168112
0.00021277
0.000185271
0.000173587
0.000136171
0.000136483
0.000120717
0.00011984
0.000111829
9.9401e-05
0.000104442
8.77108e-05
7.59207e-05
7.84322e-05
7.38184e-05
4.7569e-05
5.82927e-05
5.30298e-05
3.23792e-05
4.18597e-05
3.78173e-05
2.7751e-05
3.42188e-05
3.72284e-05
3.11536e-05
2.93399e-05
2.23586e-05
2.61181e-05
2.57738e-05
2.34197e-05
2.12114e-05
2.3808e-05
2.20838e-05
2.29384e-05
3.20835e-05
5.2892e-05
2.18695e-05
2.29291e-05
2.45229e-05
2.61701e-05
2.83517e-05
3.10949e-05
3.41738e-05
3.63975e-05
0.00346903
0.00389893
1.34624e-05
0.000133738
0.00414889
0.00304898
0.00332566
0.00326866
0.00280843
0.00251393
0.00150269
0.000752466
0.000476357
0.0001811
0.000134217
6.49919e-05
2.36322e-05
9.29019e-06
2.1353e-07
3.68825e-05
6.88425e-05
0.000106048
0.000117206
8.57244e-05
0.00019451
0.000192398
0.000363132
0.000182548
0.000309422
0.000242477
0.000162631
0.000104383
5.49958e-05
0.000263763
0.00486957
0.00474831
0.0033312
0.00149756
0.00430565
0.00291955
0.00144268
0.00106845
0.000541954
0.000166303
9.50334e-05
2.95419e-05
2.44386e-08
1.20718e-07
5.06047e-06
8.22274e-11
2.48345e-06
1.20814e-07
1.74421e-05
9.52585e-06
1.39701e-08
4.80459e-06
4.94534e-07
6.58439e-05
0.00010915
3.79349e-05
6.02889e-06
3.32046e-05
5.07854e-05
9.11588e-06
0.025789
0.0153694
0.00864099
0.00523508
0.00194335
0.000714464
0.000189641
5.1005e-05
2.08747e-05
4.43626e-06
1.14991e-06
5.43859e-06
0.0179033
0.0158245
0.013919
0.0120061
0.00981539
0.00804595
0.00606707
0.00423088
0.00181497
0.00108712
0.000125889
2.59008e-05
0.000950996
0.00140964
0.0012058
0.000981623
0.000766663
0.000646853
0.000495136
0.000310787
0.00025882
9.75085e-05
5.42914e-05
7.68408e-06
1.39701e-06
2.55105e-07
7.4913e-06
1.3848e-05
7.07321e-05
4.02703e-05
8.39636e-05
0.00017075
0.000160244
0.000138846
0.00015795
0.000266486
0.000166824
0.000323262
0.000215542
0.000330674
0.000186793
0.000300367
0.000187771
0.000262011
0.000279299
0.000223927
0.000416507
0.000389095
0.000449774
0.000440008
0.000621438
0.000472453
0.000338691
0.000450664
0.00039338
0.000379812
0.000575732
0.000417367
0.000388925
0.000452649
0.000475894
0.000368112
0.000373182
0.000398622
0.000428766
0.000336953
0.000334769
0.000417846
0.000418196
0.000311883
0.000436293
0.000384725
0.000340463
0.000427033
0.000512479
0.000386997
0.000431669
0.000383542
0.000373442
0.000353122
0.000349248
0.000452682
0.000400892
0.000339501
0.000400072
0.000420623
0.000462792
0.000497298
0.000409615
0.00043962
0.000386332
0.00035618
0.000447656
0.000340523
0.000275122
0.000289347
0.000416456
0.000401
0.000372941
0.000286509
0.000310566
0.000363988
0.00036989
0.000296094
0.000411794
0.000297365
0.000372035
0.000351623
0.000507054
0.00032796
0.000305073
0.000368709
0.000399099
0.000278064
1.02825e-05
9.23824e-06
1.10744e-05
1.16227e-05
7.67727e-06
9.58416e-06
8.6133e-06
1.14079e-05
1.12154e-05
1.04272e-05
1.40931e-05
1.82116e-05
0.000201471
3.46399e-05
2.16936e-05
0.000112243
7.91163e-05
6.11356e-05
4.18548e-05
2.9825e-05
1.22432e-05
8.0336e-06
3.31106e-06
9.04937e-07
8.03188e-09
5.44527e-08
1.13271e-07
2.27172e-07
5.23556e-07
7.07448e-07
1.67866e-06
3.82922e-06
5.19661e-06
9.79698e-06
1.34015e-05
0.00221726
0.00204385
0.0018919
0.00168064
0.00156117
0.00147078
0.00137728
0.00120833
0.00106358
0.000878138
0.000765576
0.000693665
0.000607581
0.000547078
0.000467776
0.000416072
0.000343314
0.000277837
0.000198792
0.000159359
0.00014898
5.35016e-05
1.99306e-05
8.105e-06
1.44144e-05
4.75046e-06
4.11478e-06
1.41186e-05
7.25891e-06
1.83156e-05
2.71145e-05
6.22878e-05
9.55222e-05
0.00013776
0.000171501
0.00012623
0.000168428
0.000208232
0.000260894
0.000221832
9.35863e-05
4.43196e-05
5.20937e-05
1.32298e-05
1.81056e-06
3.76072e-06
3.01841e-06
1.5172e-05
1.43409e-07
1.23347e-05
4.11664e-05
1.07662e-05
2.01041e-05
8.51579e-05
0.000152273
7.07943e-05
4.9107e-05
9.11296e-05
0.000147142
0.000212855
0.000157382
0.000132273
0.000215427
0.000493918
0.000515077
0.000708161
0.00050039
0.000687754
0.000542563
0.000663511
0.000586464
0.000968167
0.000529199
0.000629435
0.000696664
0.00103714
0.000677256
0.000910209
0.00107076
0.000893145
0.0010688
0.000703639
0.000813474
0.000510231
0.000633416
0.000617118
0.000531913
0.000635584
0.00090965
0.00142737
0.00136541
0.00157751
0.00077249
0.00140185
0.0013607
0.00128087
0.00126336
0.00121394
0.00100798
0.00115136
0.00108935
0.00122099
0.00120777
0.00116182
0.00118774
0.00117661
0.00111078
0.000890546
0.00102862
0.0010228
0.00098466
0.000961656
0.000920825
0.000895176
0.000815735
0.000769373
0.00083376
0.000749281
0.000751522
0.000724671
0.000729608
0.000646555
0.000651096
0.000625468
0.00062789
0.000622248
0.000630107
0.000598085
0.000565101
0.000570498
0.000550073
0.000503046
0.000509111
0.000497585
0.000528743
0.000544636
0.000550091
0.000527948
0.000514631
0.000509831
0.000477612
0.000439905
0.000335388
0.000335861
0.000327184
0.000494184
0.000500033
0.000484558
0.000469386
0.000460955
0.000341921
0.000456312
0.000457557
0.000439755
0.00038994
0.000393959
0.000421501
0.000399712
0.000384761
0.000393553
0.000399152
0.000382448
0.000379994
0.000370103
0.000319124
0.000320396
0.000306996
0.00030747
0.000308584
0.000292524
0.000292543
0.000275493
0.000275571
0.000276077
0.00025651
0.000228447
0.000218731
0.000204832
0.000170554
0.000167395
0.00015133
0.000155889
0.000148258
0.000142838
0.000140111
0.00011857
9.66692e-05
9.31691e-05
8.57562e-05
8.82143e-05
8.54131e-05
7.78946e-05
4.83939e-05
4.08312e-05
5.60939e-05
5.16118e-05
2.71789e-05
2.44833e-05
1.82907e-05
1.45077e-05
1.17796e-05
1.13692e-05
9.2286e-06
3.01836e-06
2.09586e-06
5.97681e-07
6.25121e-07
2.66088e-07
7.10178e-08
1.42579e-08
1.07654e-06
3.57402e-06
5.88684e-06
7.59058e-06
1.13564e-05
1.22759e-05
1.48268e-05
2.08831e-05
2.59033e-05
2.89574e-05
3.50401e-05
3.96828e-05
4.37325e-05
5.00553e-05
5.56686e-05
6.60854e-05
6.8415e-05
7.2443e-05
8.16206e-05
9.16998e-05
9.52663e-05
0.00012023
0.000124606
0.000143824
0.000160139
0.000163065
0.000169355
0.000184026
0.000186218
0.000203377
0.000203491
0.000207731
0.000222138
0.000221661
0.000217913
0.000233049
0.000230952
0.000232092
0.000257089
0.000254968
0.000241202
0.000264322
0.000241961
0.000238366
0.000238941
0.000257767
0.000254948
0.000252591
0.000259482
0.000254972
0.000278125
0.000279405
0.000293323
0.000285178
9.55197e-06
9.56015e-06
9.54878e-06
9.56801e-06
9.56797e-06
9.58345e-06
9.62721e-06
9.6118e-06
9.8844e-06
9.85583e-06
1.05716e-05
4.34013e-05
4.32575e-05
4.34638e-05
0.00216566
0.00300938
0.00236663
0.00184694
0.00163997
0.00504873
0.00446151
0.00418327
0.00375108
0.00366226
0.00329392
0.00291732
0.00257297
0.00193796
0.00166073
0.00152953
0.00119281
0.0009985
0.00060881
0.000477506
0.000243705
0.000178636
0.000159812
8.84603e-05
6.20264e-05
5.33166e-05
8.6169e-05
7.88971e-06
2.86345e-06
2.55161e-06
6.09892e-06
2.2354e-05
2.93202e-05
6.69425e-06
9.13206e-06
2.42741e-06
8.32125e-08
4.72192e-07
3.60356e-07
6.81517e-07
4.01104e-07
3.75264e-07
5.92384e-07
3.85689e-07
1.10794e-05
1.46856e-05
1.46651e-05
1.22233e-05
4.31928e-05
2.86075e-05
2.50477e-05
7.40132e-06
2.77946e-06
4.21199e-06
1.289e-06
5.85246e-06
5.51836e-06
1.30116e-06
1.50514e-06
2.73748e-06
2.25763e-07
1.63392e-05
3.70921e-06
4.72598e-05
5.1353e-05
0.000102991
9.25758e-05
3.21637e-05
3.45101e-05
3.24034e-05
2.35143e-05
2.40006e-05
4.47088e-05
4.41073e-05
4.82661e-05
4.65864e-05
4.17558e-05
1.12473e-05
2.3562e-05
0.00012386
0.000123097
8.08525e-05
0.000124616
0.000261706
0.000321108
0.000363636
0.000482214
0.000428993
0.000536471
0.000658249
0.000969921
0.000522488
0.000604341
0.000775092
0.000712603
0.000837668
0.000774089
0.000978541
0.00169601
0.00142342
0.000793997
0.00171435
0.000927948
0.00192462
0.00101206
0.00207429
0.00168113
0.00120194
0.00238235
0.0019247
0.00122833
0.00144435
0.00127779
0.00172397
0.00188881
0.0453212
0.0365949
0.0272933
0.0174759
0.00975083
0.00475482
0.00191246
0.000749964
0.000227375
7.08612e-05
2.55729e-05
2.80136e-06
3.09426e-06
7.54376e-09
2.82213e-07
9.48365e-07
4.07444e-07
2.45585e-06
3.24472e-06
1.23833e-07
1.64647e-06
4.0958e-06
6.32896e-06
2.92002e-06
8.09987e-06
0.000362967
0.000243018
8.34624e-05
5.21524e-05
3.22314e-05
2.27317e-05
6.22837e-06
9.03845e-06
9.19207e-06
0.0184602
0.0166717
0.0150183
0.0135345
0.0111453
0.00984408
0.0085911
0.00772008
0.00688383
0.00618706
0.00514943
0.00464132
0.00390658
0.00360327
0.00271078
0.00191555
0.00167124
0.00159295
0.000965472
0.000892174
0.000325725
0.000317998
4.57346e-05
4.29497e-05
4.39951e-05
5.77275e-05
4.52801e-06
0.000272605
0.000255298
0.000791607
0.000809678
0.000920712
0.00191702
0.00190521
0.00132232
0.00177895
0.00182483
0.00161573
0.00159751
0.00150772
0.00114971
0.00120781
0.000973538
0.000930788
0.000739781
0.00073277
0.000757849
0.000662248
0.000649402
0.000560464
0.00044075
0.000483918
0.000326395
0.000234559
0.000260607
0.000262351
0.000172783
0.000199181
0.000108249
8.9761e-05
6.5244e-05
4.47612e-07
1.52826e-07
3.07778e-06
4.03259e-06
5.06297e-08
5.19487e-06
2.96644e-07
1.03252e-05
3.75327e-05
2.14278e-05
6.29387e-05
7.00231e-05
5.46872e-05
7.97122e-05
5.31904e-05
4.94252e-05
0.000136002
0.000106361
0.000187909
7.39291e-05
0.000108301
0.000158381
0.000128266
8.78046e-05
9.44837e-05
5.61142e-05
0.000140512
0.00012005
0.000240796
0.000232474
0.000173976
0.000231956
0.000240386
0.000198885
0.000398297
0.000229325
0.000279773
0.000325757
0.000332446
0.000249607
0.000199435
0.000380181
0.00057482
0.000373967
0.000389614
0.000502314
0.000602137
0.000525866
0.000711538
0.000422959
0.000636318
0.000521418
0.000645533
0.000712084
0.000436601
0.000642891
0.000826949
0.000588483
0.000720182
0.000762058
0.00064526
0.000483399
0.000687492
0.000548745
0.000249367
0.000108634
0.000291626
0.000454359
0.000580007
0.000688997
0.000341662
0.000458189
0.000268485
0.00037627
0.000348274
0.000439444
0.000466795
0.000645879
0.000480467
0.000604984
0.000560118
0.000719102
0.000967663
0.000177672
0.00116884
0.00029168
0.000336844
0.000443653
0.000471814
0.000518951
0.000423897
0.000485517
0.000627211
0.000637218
0.000664057
0.000686061
0.000668353
0.000671603
0.000554189
0.000566574
0.000617351
0.000616048
0.000625393
0.000633604
0.000640461
0.000637976
0.000577865
0.000601614
0.00066599
0.000632149
0.000717669
0.00072124
0.000609654
0.000605676
0.00058237
0.000602362
0.000556794
0.000603081
0.000623049
0.000599877
0.000613063
0.000609693
0.000583352
0.000568122
0.000586496
0.000566955
0.000498341
0.000482605
0.000554595
0.000571803
0.000547278
0.000561948
0.000578501
0.000569581
0.000455449
0.000462522
0.000603427
0.000618616
0.000600927
0.000498749
0.000513837
0.000504986
0.000541718
0.000537543
0.000530273
0.000544268
0.000529818
0.000454943
0.000444213
0.000472197
0.000478616
0.000469916
0.000445717
0.000450782
0.000427762
0.000425855
0.000340094
0.000322874
0.000309357
0.000355605
0.000355057
0.000342712
0.000280961
0.000277051
0.000257705
0.000241831
0.000220294
0.000264709
0.000263827
0.000247708
0.000204352
0.000200751
0.000183072
0.000200286
0.000198367
0.000176214
0.00012234
0.000112139
0.000107013
0.000102557
8.26449e-05
7.88038e-05
6.6637e-05
6.03798e-05
5.62033e-05
3.63147e-05
2.90263e-05
2.27934e-05
1.96298e-05
1.43117e-05
1.17983e-05
9.78528e-06
9.52101e-06
1.89857e-06
1.06888e-06
4.78974e-07
4.51587e-07
2.83559e-08
1.82243e-07
9.36958e-07
2.23156e-06
6.31458e-06
7.96637e-06
1.20836e-05
1.24331e-05
1.40815e-05
1.64866e-05
2.09598e-05
2.24913e-05
2.39914e-05
2.93732e-05
3.60922e-05
4.49701e-05
4.82267e-05
4.83988e-05
5.09453e-05
5.15069e-05
5.1928e-05
5.54724e-05
6.78116e-05
6.94501e-05
8.18419e-05
8.46859e-05
9.31772e-05
9.39763e-05
9.99621e-05
0.000186852
0.00018012
0.000176841
0.000171625
0.000171587
0.000167615
0.000167017
0.000168872
0.000167447
0.000166284
0.000163393
0.000163741
0.000169446
0.000169751
0.000158456
0.000155097
0.000158756
0.0001567
0.000154193
0.000152258
0.000148586
0.000146876
0.000149177
0.00015917
0.000162814
0.000154761
0.000151855
0.000153502
0.00014792
0.000166177
0.000169557
7.93337e-06
7.95414e-06
7.96809e-06
7.96903e-06
7.97949e-06
7.98051e-06
7.92008e-06
7.93874e-06
7.95945e-06
8.00055e-06
9.25424e-06
9.27713e-06
9.46609e-06
0.00366896
0.00340267
8.92647e-06
5.44672e-07
0.00219326
0.00182028
0.0027409
0.00243306
0.00212809
0.00192711
0.0018409
0.00164012
0.00141823
0.00126866
0.00110197
0.000686266
0.000565105
0.000377524
0.00030112
0.000170905
0.000130566
0.000131109
9.5905e-05
4.57613e-05
3.23188e-05
1.28406e-05
6.76059e-06
6.52817e-06
2.93878e-06
1.16628e-07
5.1083e-07
1.41324e-05
1.66845e-05
5.16915e-05
5.19014e-05
4.84443e-05
4.72717e-05
5.41913e-05
5.29086e-05
4.6581e-05
3.50763e-05
3.15556e-05
8.57148e-05
6.79663e-05
2.68877e-05
2.76886e-05
2.91659e-05
0.00390092
0.00306879
0.00233473
0.00177313
0.00143632
0.00106801
0.00125011
0.000918036
0.000793015
0.00056005
0.000479405
0.00043119
0.000288802
0.000190027
0.000117859
0.000158478
4.51365e-05
1.66255e-05
4.74725e-05
1.97267e-05
8.40711e-06
8.47625e-07
1.54277e-05
2.71968e-06
5.21762e-10
4.18774e-06
4.27328e-06
3.17697e-06
3.33722e-05
4.05722e-05
1.48234e-06
7.44103e-06
5.14821e-06
3.7392e-05
0.0102122
0.00836249
0.00459437
0.00342452
0.00276255
0.00187349
0.00135573
0.00192616
0.00135062
0.00107735
0.00133543
0.000903215
0.000714755
0.000451857
0.000362299
1.06836e-05
1.14695e-06
1.11213e-05
7.42945e-06
4.60936e-05
6.89121e-05
0.000132251
6.6654e-05
5.70861e-05
5.59915e-05
7.83686e-05
6.3401e-05
0.000112336
0.000138917
0.000109697
7.71544e-05
9.56401e-05
1.46477e-06
1.03601e-05
0.000125646
6.22013e-05
3.15087e-06
4.16326e-07
6.62837e-08
7.72784e-05
9.84372e-05
7.37592e-05
0.000221614
8.33907e-05
4.04177e-05
6.01059e-05
1.03315e-05
6.98229e-07
9.12259e-07
1.25256e-06
8.64459e-06
1.45314e-05
1.40893e-06
9.84625e-07
1.55173e-07
0.000965869
0.00282138
0.0019638
0.00148867
0.000143157
0.000424769
0.00501654
0.00345603
0.00253096
0.00161814
0.00101664
0.000740063
0.000443594
0.000239895
0.000135239
0.000157239
7.35705e-05
5.26478e-05
5.26686e-05
1.98111e-05
1.35451e-06
3.18431e-07
5.24871e-07
6.46512e-06
3.27834e-06
6.18892e-07
6.75754e-06
3.08997e-06
2.79227e-07
1.84659e-06
3.88229e-07
3.64119e-06
1.92249e-05
3.19663e-05
2.93037e-05
2.14568e-05
3.46561e-05
1.893e-05
2.99968e-06
5.53545e-06
1.87764e-06
5.67841e-10
3.51567e-06
1.08725e-06
4.50607e-06
3.30943e-06
0.00416293
0.00295037
0.00197375
0.0056872
0.00508633
0.00246815
0.00313001
0.00137865
0.00126003
0.000798516
0.000172773
3.64862e-05
0.000164024
4.66536e-06
0.000134711
6.98446e-05
7.85765e-05
7.77196e-05
6.1622e-05
6.88527e-05
4.5016e-05
3.52212e-05
3.86008e-05
2.99191e-05
2.1623e-05
2.54229e-05
3.35703e-05
2.31155e-05
2.39142e-05
1.73593e-05
1.06715e-05
1.07759e-05
1.454e-05
8.2472e-07
2.89185e-06
1.23597e-06
1.55137e-05
1.42186e-05
4.61684e-06
2.20559e-05
1.74046e-05
5.04007e-05
3.40178e-05
5.91809e-05
4.85011e-05
7.89451e-05
0.000102104
0.000137616
0.000103801
0.000128296
0.000193042
0.000185056
0.000198161
0.000124997
0.000159878
0.00022221
0.000391965
0.000166227
0.000391963
0.000377934
0.000357249
0.000451855
0.000451838
0.000580187
0.000272438
0.000160715
0.000102656
2.95872e-05
1.8892e-05
3.9821e-06
5.74026e-07
8.27225e-06
2.42474e-05
5.25151e-05
8.89721e-05
0.000122105
0.00017141
0.000204519
0.000245294
0.000294481
0.000286754
0.000432412
0.000516353
0.000533774
0.000568326
0.000644357
0.000721896
0.000801853
0.000901701
0.000899025
0.00112546
0.00117046
0.00124466
0.00123042
0.00127327
0.00138824
0.0015324
0.00157454
0.00168501
0.00159863
0.00163144
0.00169443
0.00160515
0.00170806
0.00187272
0.00202228
0.00216458
0.00211784
0.00214697
0.00221756
0.00230208
0.00234074
0.00241357
0.00234254
0.00207696
0.00206177
0.00214746
0.00209529
0.00238696
0.00235235
0.00219805
0.00220184
0.00220858
0.00240584
0.00231616
0.00218426
0.00219132
0.00207271
0.00220159
0.00206262
0.00172981
0.00175065
0.00165668
0.00181698
0.0016936
0.0015367
0.00148033
0.00164051
0.00156138
0.00138658
0.00131138
0.00123992
0.00135645
0.00123965
0.00116063
0.00119194
0.00110754
0.00122836
0.00113307
0.00102492
0.00104453
0.000978437
0.000850527
0.000841987
0.000767348
0.000905827
0.000836557
0.000779771
0.000620488
0.000604864
0.000544605
0.000586593
0.00050708
0.000436633
0.000394543
0.000380212
0.000359764
0.000294899
0.000266751
0.000250393
0.000202625
0.000149481
0.000123478
0.000118154
0.000106139
7.07126e-05
6.01444e-05
3.10438e-05
1.7276e-05
1.44189e-05
7.34799e-06
1.12329e-06
2.50466e-08
2.12892e-06
4.63611e-06
1.12339e-05
1.91996e-05
2.8146e-05
3.39127e-05
4.33076e-05
4.83135e-05
6.18205e-05
6.73699e-05
8.0344e-05
8.671e-05
9.77358e-05
0.000100505
0.000125994
0.000130926
0.00012651
0.00012818
0.000142623
0.000144835
0.000161622
0.000170751
0.000179023
0.000195045
0.000193766
0.000198498
0.000131038
0.000141362
0.000141371
0.000108912
4.05917e-05
6.75548e-05
0.000791743
0.000681322
0.00294581
0.00244277
0.00190876
0.00169487
0.00277066
0.000144995
0.000221814
3.67988e-05
7.14559e-06
2.69809e-05
0.000195274
0.000109937
0.00132019
0.000967801
0.000833579
0.000684573
0.000479203
0.000826915
0.000610425
0.000659507
0.000491031
0.00024733
0.000190986
0.000244082
0.000234652
0.000207231
7.64691e-05
4.46858e-05
1.9224e-06
2.69258e-07
2.72483e-07
3.62477e-06
2.63767e-06
7.36053e-06
2.54988e-05
4.85806e-06
8.46467e-06
4.0263e-07
2.49438e-07
6.0827e-08
2.79726e-07
6.67112e-07
1.38594e-07
1.08114e-07
1.39947e-05
3.11856e-05
2.84729e-05
4.75172e-05
4.68388e-05
1.8684e-05
1.81678e-05
0.000101742
0.000101783
9.06479e-05
8.45907e-06
1.81037e-05
4.84459e-06
1.22766e-05
9.97752e-06
4.94489e-06
4.1768e-07
1.23604e-06
5.95379e-06
1.57827e-06
8.89271e-05
4.25749e-05
9.74744e-05
4.62265e-05
4.8844e-06
9.39857e-06
6.30653e-06
8.19024e-07
1.82194e-06
1.32844e-06
2.55952e-05
1.19145e-05
1.81885e-05
1.70272e-05
9.99114e-05
8.00727e-05
6.84595e-05
0.000168687
0.000109441
7.4132e-05
6.51201e-05
6.65186e-05
2.88166e-05
1.78216e-05
3.83319e-06
1.00581e-06
2.23668e-06
1.7932e-05
3.47467e-05
3.58843e-05
5.82231e-05
4.43083e-05
3.28e-05
5.51485e-05
3.67637e-06
1.27177e-05
5.19901e-05
0.00014373
0.00022186
0.000156989
0.00015381
0.000180387
7.3352e-05
9.42104e-05
0.000122999
0.000145766
0.000124443
9.1963e-05
0.000108495
9.53139e-05
0.000102986
7.60993e-05
9.35627e-05
8.60651e-05
0.000127456
0.000130371
0.000141973
9.06553e-05
0.000103828
0.000123479
0.000136214
9.70723e-05
0.00010541
0.000126963
0.000134566
7.24414e-05
7.68367e-05
0.000114388
0.000107657
0.00011741
0.000116076
8.84821e-05
8.63338e-05
7.76647e-05
7.42643e-05
4.69233e-05
4.42942e-05
3.79553e-05
5.54306e-05
5.01434e-05
3.6176e-05
2.36699e-05
2.36939e-05
1.75895e-05
2.06043e-05
1.48571e-05
6.92127e-06
3.77269e-06
2.90443e-06
2.01301e-06
9.35146e-07
7.58241e-07
9.51997e-07
1.22378e-06
4.24714e-07
1.57396e-06
2.64303e-07
3.94271e-07
0.000152448
0.0277141
0.025295
0.0231991
0.0200496
0.0158643
0.0208533
0.0115584
0.013831
0.0111965
0.00159452
0.0016534
0.00222203
0.00278221
0.00231594
0.00189781
0.00202738
0.00176747
0.00175224
0.00167852
0.00144813
0.00126122
0.000957101
0.000986981
0.000654598
0.000552852
0.000459809
0.000199993
0.000150422
0.000184072
9.32581e-06
5.24284e-06
8.68533e-05
0.00010034
2.30919e-05
0.000447005
0.000403207
0.00125225
0.00124478
0.000831092
0.00160751
0.00159852
0.00160147
0.00148782
0.0010761
0.000948158
0.000748859
0.000754484
0.000509202
0.000418802
0.00050268
0.000405121
0.000329556
0.000192905
0.000142327
0.000126295
0.000118273
0.000128819
3.59225e-05
3.98718e-05
2.47477e-05
2.37471e-05
6.19943e-07
1.05888e-06
2.31358e-08
1.20349e-08
3.93587e-06
4.02239e-08
4.58343e-06
1.33527e-05
5.53371e-05
5.90391e-05
3.45295e-05
2.95852e-05
8.18647e-05
5.23998e-05
3.68882e-05
5.45669e-05
5.99151e-05
4.49799e-05
5.51633e-05
0.000101246
0.00013358
0.00018141
0.0001379
7.00134e-05
7.51843e-05
0.000188349
0.000118645
0.000258097
0.000226741
0.000360576
0.000349584
0.000241475
0.000155945
0.000206381
0.000242076
0.000306975
0.000384321
0.000495812
0.000570914
0.000501267
0.000552073
0.000685918
0.00078509
0.000475045
0.000774685
0.000583662
0.000975743
0.000659297
0.000805245
0.000910961
0.000610639
0.000838513
0.00074997
0.00102995
0.000942808
0.00101709
0.000847031
0.00101299
0.00085111
0.000950754
0.00125832
0.000888065
0.00104814
0.000848507
0.0013156
0.000909364
0.00120181
0.000784531
0.000862617
0.00107879
0.000911236
0.000909016
0.000644595
0.000657024
0.000644744
0.000774927
0.000845869
0.00103785
0.00123312
0.0011662
0.000701388
0.000641441
0.000741356
0.00117509
0.000726539
0.00102282
0.000542573
0.000525944
0.00102995
0.000782625
0.000761697
0.000766717
0.000858067
0.00085507
0.000763582
0.000786983
0.000776271
0.000704336
0.000299492
0.000783222
0.000327782
0.000326374
0.000282027
0.000295874
0.00084712
0.000353219
0.000783143
0.000339238
0.000785861
0.000789569
0.000735631
0.000743268
0.0006535
0.000281631
0.000768053
0.000359659
0.000356861
0.00073439
0.000356196
0.000650719
0.000651763
0.000480061
0.000336473
0.000447794
0.000441979
0.000363183
0.00038415
0.000349027
0.000352162
0.000345373
0.000258456
0.000267484
0.000365884
0.00036496
0.000350923
0.000340834
0.000356498
0.000351075
0.000396258
0.000382648
0.000378408
0.000388835
0.000386937
0.000366796
0.000413665
0.000428325
0.000408856
0.000370004
0.000357041
0.000347746
0.0003303
0.000287513
0.000276291
0.000320539
0.000302573
0.000343914
0.000340852
0.000323907
0.000271637
0.000264954
0.000257551
0.000282728
0.000287323
0.000278254
0.000263525
0.000245905
0.000225733
0.000201472
0.000202035
0.000191407
0.00019086
0.000184186
0.000183209
0.000179681
0.000147341
0.000128099
0.000129239
0.000120827
0.000108835
0.000100827
9.22802e-05
8.38244e-05
6.87067e-05
5.9435e-05
6.82082e-05
6.03158e-05
5.73196e-05
4.85301e-05
4.20201e-05
3.83227e-05
3.29005e-05
3.60923e-05
3.48748e-05
2.81309e-05
1.43193e-05
1.16865e-05
1.17264e-05
8.05306e-06
5.85322e-06
5.07082e-06
3.00951e-06
2.47549e-06
1.32205e-06
3.27899e-07
1.01886e-07
1.40492e-06
2.05953e-06
3.57688e-06
1.01549e-06
1.23921e-06
2.2297e-06
5.72689e-06
6.41428e-06
6.63544e-06
9.18839e-06
9.81761e-06
1.26092e-05
1.63126e-05
1.71203e-05
2.07323e-05
2.84491e-05
2.99639e-05
3.49463e-05
3.71342e-05
3.95278e-05
5.14186e-05
5.40184e-05
4.38509e-05
4.3982e-05
4.65777e-05
5.18719e-05
5.38869e-05
5.63657e-05
5.71174e-05
4.87394e-05
4.82835e-05
5.08813e-05
2.45182e-05
2.46491e-05
2.61375e-05
2.46e-05
2.58046e-05
2.66098e-05
2.50762e-05
2.48736e-05
2.6575e-05
2.60247e-05
2.66145e-05
3.02971e-05
2.95299e-05
2.90751e-05
2.88005e-05
3.01528e-05
2.36407e-05
2.31848e-05
2.38637e-05
2.62682e-05
2.59409e-05
2.78385e-05
2.36182e-05
2.3281e-05
2.37054e-05
2.20218e-05
2.34083e-05
2.52154e-05
2.54831e-05
2.16454e-05
2.24562e-05
2.51606e-05
2.56316e-05
3.02329e-05
3.3664e-05
2.21369e-05
2.4963e-05
1.92757e-05
2.02537e-05
2.32599e-05
2.38131e-05
2.41975e-05
2.72562e-05
2.65862e-05
2.80468e-05
2.85843e-05
2.85234e-05
2.85932e-05
2.95662e-05
2.72658e-05
2.87242e-05
1.31293e-05
1.30761e-05
9.63903e-06
9.7411e-06
9.37816e-06
2.30393e-05
2.24731e-05
4.84456e-06
2.19212e-07
5.52114e-05
2.95734e-05
0.00206749
0.00181153
0.00245475
0.00221687
0.0016412
0.00150299
0.00288642
0.00254477
0.00085603
0.000755045
0.000563032
0.000495076
0.000466162
0.000413093
0.000386419
0.000224151
0.000201336
0.000237782
0.000180311
1.57715e-05
1.25018e-05
1.24155e-05
1.08057e-05
1.04905e-05
1.20217e-05
4.10898e-06
2.3866e-06
2.94681e-06
2.1395e-06
1.43716e-05
6.38672e-06
6.14867e-06
4.99469e-06
2.07569e-06
1.11475e-07
6.20042e-07
4.61924e-07
2.41092e-06
3.26844e-05
4.71051e-05
4.48774e-05
8.13501e-06
2.82411e-05
3.29562e-06
8.39606e-06
6.07459e-05
6.01813e-05
0.000114541
0.000115486
0.000115922
3.13396e-06
8.28575e-09
6.02634e-10
3.78264e-06
1.21866e-05
9.38499e-06
2.19488e-06
6.83315e-06
6.13473e-06
1.19218e-07
4.12381e-07
1.44826e-06
5.06532e-06
1.26783e-06
1.0558e-06
1.37563e-05
1.90302e-05
2.70673e-06
3.78585e-06
5.07295e-05
5.3886e-05
4.66481e-05
2.85675e-05
2.64841e-05
5.25507e-05
4.77416e-05
1.00326e-06
7.81499e-07
1.16836e-05
8.80361e-06
9.29076e-06
7.2306e-06
6.07977e-06
3.58946e-05
2.92663e-05
2.07753e-05
2.2542e-05
1.4435e-05
1.06011e-05
1.18646e-06
4.18857e-06
4.47672e-06
1.64878e-06
5.73449e-06
6.16915e-06
2.52419e-05
4.37082e-05
2.67648e-05
5.1125e-05
2.70995e-05
5.09042e-05
4.76924e-05
6.3786e-05
0.000100104
0.000117401
0.000171673
0.00013697
0.000207452
0.000196978
0.000276978
0.000301576
0.000338606
0.000451942
0.000434853
0.000295255
0.000408694
0.000407737
0.000546718
0.000567506
0.000745662
0.000723906
0.000622774
0.000614205
0.00129477
0.00019687
0.0010754
0.000789532
0.000557456
0.000501338
0.000658131
0.000454529
0.000401699
0.000206506
0.00012066
0.000103905
0.000107112
4.79963e-05
4.61803e-05
3.10738e-05
7.33945e-06
7.81152e-06
8.22724e-06
1.63518e-07
3.75386e-06
1.41387e-05
3.05076e-06
1.5982e-05
1.0888e-05
1.83157e-05
3.42387e-05
8.83947e-06
2.52107e-05
2.1255e-05
2.44243e-05
4.61548e-05
3.57599e-05
2.11428e-05
8.16232e-05
0.000103172
0.000131634
0.000104948
3.73819e-05
5.81383e-05
4.82745e-05
6.90947e-05
9.31132e-05
6.94884e-05
7.23025e-05
8.34308e-05
0.000101335
0.00010636
4.90166e-05
6.66251e-05
5.53511e-05
3.32163e-05
3.13253e-05
2.27378e-05
0.0521634
0.0478548
0.0442372
0.0407243
0.0373545
0.0329178
0.0293559
0.0248278
0.021014
0.0168822
0.0135244
0.010216
0.00652512
0.00537526
0.00495136
0.0029712
0.00299122
0.00150702
0.00131817
0.000520305
0.000431002
0.00040126
1.46477e-06
5.55261e-05
4.22429e-05
5.68248e-05
7.31023e-05
4.04304e-05
9.6087e-06
1.41834e-05
1.23845e-05
1.15022e-05
2.42184e-06
4.4491e-07
1.44278e-06
7.97399e-06
5.10753e-07
6.90793e-12
7.64672e-07
3.49791e-06
1.0212e-05
1.75488e-05
4.93106e-06
1.05913e-05
6.66893e-06
1.78575e-05
1.09381e-05
4.96287e-05
4.25555e-05
5.03784e-05
5.58681e-05
6.38143e-05
9.93001e-05
0.000126388
0.000164305
0.000164195
0.00011036
0.000193108
0.000319627
0.000299459
0.000272292
0.000372596
0.000368975
0.00041523
0.000352042
0.000450703
0.000490246
0.000509901
0.00047411
0.000543934
0.000453108
0.000529471
0.000435243
0.000451318
0.000498008
0.000422196
0.000557532
0.000496728
0.000575904
0.000469172
0.00152265
0.00124577
0.000971995
0.000686654
0.000459021
0.000250591
0.000169507
9.90202e-05
3.67625e-05
3.3539e-05
6.4923e-06
3.59586e-10
1.30241e-05
1.93814e-05
5.31097e-05
0.000106868
0.000181889
0.000158273
0.000227142
0.000270807
0.000337849
0.000355179
0.000400361
0.000434229
0.000475533
0.000535475
0.000655996
0.000705731
0.0007741
0.00075729
0.000801736
0.000887171
0.000860685
0.000901246
0.000968209
0.00101568
0.00105698
0.00115052
0.00115708
0.00119788
0.00130182
0.00134164
0.00137933
0.00149635
0.00148922
0.00161307
0.00173276
0.00175769
0.00179243
0.00189958
0.00204303
0.00219617
0.00207891
0.00223908
0.00227423
0.00213354
0.00221151
0.00209532
0.00195885
0.00199975
0.00184377
0.00182346
0.00175075
0.00169845
0.00160856
0.00160369
0.00151865
0.00157304
0.00140901
0.0013427
0.00117735
0.00107374
0.00127968
0.00125408
0.00108442
0.00103485
0.000998208
0.00097212
0.000859456
0.00098856
0.000949666
0.000693504
0.000820045
0.000673416
0.000611179
0.00051121
0.000448033
0.000465737
0.000424449
0.000374793
0.000321078
0.000292108
0.000277601
0.000224789
0.00018836
0.000146789
0.000148452
0.000137361
9.82466e-05
9.25408e-05
6.56556e-05
4.45531e-05
3.23561e-05
2.24621e-05
1.27133e-05
3.36643e-06
1.00396e-06
3.64581e-10
5.19616e-07
3.02792e-06
6.21793e-06
9.87761e-06
1.88469e-05
2.71361e-05
3.10392e-05
3.85871e-05
4.46515e-05
4.78973e-05
5.82268e-05
7.39491e-05
7.31879e-05
8.99775e-05
9.32159e-05
9.8974e-05
0.000110033
0.000119986
0.000122626
0.000128819
0.00012983
0.00013462
0.000143532
0.000145564
0.000148036
0.000148165
0.000157343
0.000169686
0.000172708
0.000188618
0.000189582
0.000196034
0.000179126
0.000177859
0.000182622
0.000178065
9.96872e-05
9.17703e-05
0.00143392
0.00162647
0.00551764
0.000246549
0.00276951
0.00217274
0.000164433
0.000212764
0.000190081
0.000484123
0.00055201
0.000224323
0.000279425
1.40673e-05
0.000707804
0.000493948
0.00126333
0.000965514
0.00117518
0.000894352
0.000792235
0.000603456
0.000354974
0.000248048
0.000197906
0.000119422
1.34144e-06
1.31691e-05
3.03537e-05
5.50409e-05
4.82081e-05
0.000141107
0.000159582
2.03478e-07
1.4232e-06
5.69796e-05
7.58823e-05
2.53992e-06
1.00529e-05
7.91391e-06
3.43319e-05
4.90507e-05
4.79983e-05
0.000170108
0.000178947
0.00016231
0.000172873
8.09113e-05
9.38155e-05
0.000159095
0.000163128
8.86704e-05
7.01915e-05
4.36423e-05
4.65604e-05
5.91422e-05
3.059e-05
7.25674e-05
4.86152e-05
0.000103247
7.10859e-05
6.12304e-05
4.10873e-05
3.269e-05
8.26338e-06
9.25494e-08
2.39738e-08
6.05444e-07
3.15449e-07
8.05957e-07
6.46073e-07
8.55428e-07
6.35775e-07
8.46777e-07
4.15327e-06
3.22594e-06
2.16529e-06
1.67855e-07
8.03134e-07
1.21416e-06
2.86611e-06
2.08418e-05
1.10696e-05
6.26692e-05
0.000111605
0.000120136
0.000109097
0.000128895
0.000412082
0.000420799
0.000176765
0.000392252
0.000252848
0.000506336
0.000196402
0.000299376
0.000267376
0.00028776
0.000308063
0.000444301
0.000426907
0.000622299
0.00055592
0.000477557
0.000845052
0.000815478
0.00112342
0.000976057
0.000727554
0.000919344
0.000780746
0.000713344
0.0017294
0.00148262
0.000728895
0.0010495
0.000862693
0.00126185
0.0015486
0.00130641
0.00166241
0.00158189
0.00212999
0.00172997
0.0015868
0.00194806
0.00163812
0.00132686
0.00303851
0.0023808
0.00121956
0.00301168
0.0022971
0.000876058
0.00130754
0.00100576
0.050637
0.0359291
0.0226478
0.0124168
0.00539722
0.0021037
0.000792558
0.000198923
3.85012e-05
7.3007e-07
1.66562e-05
2.81203e-05
1.63736e-05
3.67784e-08
8.57383e-06
3.51289e-05
4.24236e-05
2.20044e-05
4.64638e-05
4.69454e-05
3.05247e-05
1.8048e-06
1.04925e-05
2.40028e-06
1.32977e-05
2.19651e-05
0.000460176
0.000318986
0.000384777
0.000201008
0.000120368
0.000103556
4.67698e-05
5.257e-05
4.13228e-05
2.63145e-05
3.76853e-05
1.8616e-05
7.39301e-06
2.08592e-05
1.72178e-05
3.10979e-05
2.06634e-05
3.21661e-05
4.196e-05
2.47817e-05
0.0275686
0.0251861
0.0223436
0.0194067
0.0179615
0.0157822
0.0139271
0.0126371
0.0112009
0.0102909
0.00891099
0.00840126
0.00709055
0.0061509
0.00487547
0.00428129
0.00329881
0.0028908
0.00263212
0.00181468
0.00159301
0.00146014
0.000704645
0.000594533
0.000655346
0.00012042
0.000200612
8.01005e-05
7.66916e-05
2.78e-05
4.27871e-05
1.18044e-05
0.000309443
0.000276752
0.000720026
0.000745117
0.000854766
0.000845011
0.000615669
0.000620759
0.000632895
0.000425378
0.000414431
0.000384779
0.000325387
0.000270761
0.000282028
0.000227317
0.000215292
0.000168114
0.000160624
0.000116089
8.19454e-05
7.6984e-05
6.03855e-05
2.91514e-05
2.59482e-05
2.04787e-05
3.48516e-05
1.27155e-05
7.18474e-06
3.33254e-06
1.97014e-05
9.4978e-06
3.31264e-06
6.22875e-06
4.51535e-08
1.57829e-05
3.97245e-05
0.000103651
4.8111e-05
0.000116721
0.000139581
0.000141976
0.000141116
0.000172587
0.000135792
0.00012995
0.000100262
0.000156959
0.000234657
0.000345968
0.000163323
0.000358683
0.000400614
0.00033843
0.000371942
0.000232926
0.00036523
0.000312454
0.00037757
0.000311123
0.000323104
0.000541284
0.000392576
0.000467054
0.000455063
0.000348722
0.000380957
0.000282084
0.000401796
0.000460183
0.00068677
0.000349931
0.000510941
0.000498838
0.000705528
0.000528574
0.000882444
0.00061766
0.000852779
0.000656826
0.000599108
0.000408473
0.000439249
0.000942908
0.000773151
0.000947819
0.000624804
0.000808526
0.000980417
0.000470468
0.000588002
0.000503207
0.000629297
0.00052505
0.000658938
0.000753524
0.0006972
0.000932535
0.000584431
0.000786922
0.000620155
0.000765625
0.000868991
0.000610997
0.000740154
0.000821136
0.000659296
0.000869249
5.28196e-06
3.93368e-09
0.00072896
1.30883e-05
3.90683e-05
7.05944e-05
0.000115629
0.000161334
0.000282747
0.000327661
0.000393078
0.000376116
0.000469462
0.000661517
0.000715617
0.000795529
0.000813678
0.00086554
0.000930432
0.00090146
0.00101458
0.000997981
0.0010445
0.00103332
0.00101263
0.00102144
0.00109791
0.00113754
0.00111571
0.00108196
0.00109151
0.00100576
0.00104335
0.00102543
0.000949199
0.000985404
0.000972471
0.00117045
0.00116086
0.0011084
0.000861795
0.000894694
0.000884398
0.00093486
0.000942083
0.00101114
0.000955354
0.000915454
0.00088303
0.0010113
0.00103503
0.00100887
0.000854882
0.00082357
0.000799556
0.000732896
0.000728053
0.000815904
0.000809979
0.000798854
0.000805858
0.000802165
0.000811389
0.000653909
0.000640705
0.000679091
0.00067354
0.000643277
0.000623852
0.000637284
0.000625877
0.000615944
0.000466122
0.000449828
0.000487888
0.000484673
0.000460249
0.000440852
0.000436822
0.000392112
0.000379573
0.000342745
0.000310441
0.000294245
0.000288549
0.000244405
0.000225837
0.000219547
0.000203689
0.000190833
0.000166641
0.000158475
0.000128513
0.000116328
0.000102093
9.22481e-05
8.57983e-05
7.22617e-05
4.79881e-05
4.04841e-05
3.53845e-05
2.73981e-05
1.75607e-05
1.42488e-05
1.00076e-05
7.03458e-06
3.44105e-06
2.22799e-06
7.49636e-07
3.0025e-09
1.69264e-07
7.3455e-07
6.03868e-07
6.55331e-06
5.31379e-06
6.89396e-06
1.21641e-05
1.40606e-05
1.91766e-05
1.73137e-05
1.84307e-05
2.13465e-05
3.06638e-05
3.22752e-05
3.73036e-05
4.42229e-05
4.3535e-05
4.90414e-05
5.08149e-05
4.9479e-05
5.15178e-05
5.75012e-05
5.90562e-05
7.08637e-05
7.14393e-05
7.47122e-05
7.64859e-05
7.3372e-05
7.2127e-05
7.48785e-05
9.84755e-05
8.3775e-05
0.000202296
0.000191115
0.00010135
0.000191723
0.000187734
0.000184914
0.000179282
0.000178682
0.000176102
0.000175087
0.000166171
0.000161791
0.000167914
0.000166904
0.00016553
0.000159024
0.000156552
0.000154777
0.000152463
0.000146394
0.00014709
0.000131788
0.000155775
0.000159973
8.04278e-06
8.05268e-06
8.0781e-06
8.01017e-06
7.97963e-06
7.98307e-06
7.99357e-06
8.00846e-06
9.02457e-06
8.6771e-06
9.42864e-06
9.38165e-06
9.62724e-06
0.000460302
0.000506509
0.000965932
0.000976668
0.000839981
0.000879881
0.000729446
0.00111191
0.000938113
0.000809191
0.000470348
0.000376749
0.000347174
0.000316268
9.365e-05
6.62675e-05
2.01272e-05
2.96577e-05
2.78776e-05
1.38662e-05
2.25717e-05
1.62557e-05
2.12611e-05
2.84049e-05
2.13862e-05
7.0398e-05
8.08915e-05
0.000174966
0.000174795
0.000232627
0.000223637
0.000147408
0.000138931
0.000358379
0.000242285
0.000223269
0.000233623
0.000217624
0.000187095
0.000124953
0.000175699
0.000157928
0.000136164
0.000125364
0.000112208
0.000211182
0.000183412
0.000157673
7.10805e-05
0.00389775
0.00313696
0.00286834
0.00224064
0.00164313
0.00122221
0.000889141
0.000772226
0.000637071
0.000442849
0.000451623
0.000297732
0.000263939
0.000228339
0.00014325
0.000130603
7.82503e-05
7.12803e-05
3.29648e-05
2.70349e-05
4.97249e-05
1.99259e-05
2.01732e-05
1.80885e-06
1.13558e-05
1.04027e-05
8.64749e-06
2.09205e-05
1.62678e-05
2.82919e-07
2.63086e-06
1.62225e-06
1.04611e-05
0.000137152
0.000163502
0.000132556
7.75548e-05
5.20145e-05
6.97142e-05
5.84123e-05
4.72292e-05
2.719e-05
0.0104811
0.00707225
0.00541987
0.00405272
0.0032722
0.00196511
0.00139286
0.000590606
0.000374173
0.000371135
0.000542281
0.00035304
0.00093729
0.000621283
0.000487895
1.93536e-05
3.76874e-06
3.30453e-06
0.000275015
0.000310108
0.000183514
1.13969e-05
7.68338e-07
5.63703e-07
9.48514e-06
0.000202271
0.000214595
0.000244128
0.000257331
0.000357049
0.000350007
2.07365e-05
5.10707e-06
4.54658e-06
5.30257e-08
4.86051e-09
4.56997e-06
1.8175e-05
3.03495e-06
3.48644e-06
3.79128e-07
1.41506e-06
9.88965e-06
7.54004e-06
8.85427e-06
0.000566302
0.000448444
2.86391e-06
1.07962e-08
0.00215916
0.00152008
0.00341217
0.00379088
0.00302339
0.00205819
0.00130186
0.000806797
0.000580853
0.000523737
0.000304941
0.000140253
6.60144e-05
5.22259e-05
3.70847e-05
1.2792e-05
2.08442e-05
5.93595e-06
5.35293e-08
4.21851e-06
1.94199e-06
1.75764e-06
5.91137e-06
1.52572e-05
5.97504e-06
1.14456e-05
1.47086e-05
5.46938e-07
6.16154e-06
3.10535e-06
2.82889e-06
3.29276e-08
1.01428e-05
1.29478e-05
4.55721e-07
1.9915e-06
2.0832e-05
7.48842e-06
6.59512e-06
3.78215e-06
2.34609e-09
3.71859e-06
0.00128089
0.000961693
0.00176886
0.00534609
0.00320968
0.00261556
0.00231615
0.00103541
0.00064803
0.000107468
7.46424e-05
0.000160616
3.42574e-06
0.000176006
0.000196867
0.000142004
0.000129579
7.35606e-05
8.73754e-05
7.95873e-05
7.92344e-05
5.82914e-05
4.42247e-05
4.86582e-05
5.77781e-05
3.88029e-05
2.19453e-05
3.08105e-05
1.22702e-05
2.45625e-05
2.26516e-05
2.22379e-06
7.57364e-06
5.35685e-06
5.3304e-07
2.82644e-06
3.57003e-06
2.07078e-05
1.76588e-05
3.0416e-05
1.20304e-05
9.63417e-05
5.26168e-05
6.74655e-05
7.40661e-05
0.000114844
0.000132636
9.94479e-05
0.000153834
7.48531e-05
0.000117032
0.000155733
0.000199739
0.000214032
0.000144085
0.000185702
0.000231812
0.000170655
0.000206932
0.000187996
0.000257982
0.000318035
0.000402395
0.000382214
0.000280014
0.000393363
0.000349348
0.000260831
9.01687e-05
9.44783e-05
3.4738e-05
1.96822e-05
5.03784e-07
3.8445e-06
1.62606e-05
3.97008e-05
9.66604e-05
0.000162204
0.000144353
0.000204728
0.000230584
0.00027241
0.000330001
0.000373851
0.000463697
0.000545088
0.000571035
0.000656069
0.000594621
0.000635358
0.000711919
0.000829501
0.000968623
0.000966572
0.00106331
0.00114373
0.00118182
0.00136472
0.00152041
0.00146104
0.00147883
0.00160135
0.00165854
0.00173072
0.00173534
0.00180041
0.00193741
0.00197029
0.00206695
0.00209057
0.00217876
0.00214512
0.00217107
0.00221453
0.00233212
0.00187994
0.00190729
0.00187193
0.00214321
0.00211919
0.0021252
0.00178321
0.00179787
0.00185508
0.00188759
0.00187927
0.0022474
0.00211974
0.00215513
0.00176165
0.00184327
0.00175717
0.00187811
0.00190056
0.00175167
0.00165987
0.00167126
0.00153881
0.00158855
0.00147744
0.00134189
0.00126402
0.0013601
0.00127715
0.00119454
0.00106333
0.0011272
0.00102984
0.0010589
0.000990614
0.00103358
0.000948504
0.00102105
0.000954667
0.000862861
0.000730204
0.000641004
0.000738803
0.000586197
0.000593292
0.000549989
0.000449417
0.00042802
0.000373567
0.000394168
0.000380206
0.000321495
0.000240831
0.000222217
0.000178257
0.000173519
0.000118684
9.55098e-05
8.17816e-05
5.66051e-05
4.64761e-05
2.55804e-05
1.76874e-05
1.24601e-05
5.56813e-06
1.79589e-06
2.23188e-08
1.08644e-06
3.12796e-06
7.30516e-06
1.03785e-05
1.34359e-05
1.91084e-05
2.9331e-05
3.79304e-05
4.60606e-05
5.05963e-05
5.77569e-05
6.51199e-05
7.37257e-05
8.05832e-05
9.99393e-05
0.000104604
0.000104039
0.000112696
0.000116927
0.000124353
0.000126128
0.000134397
0.000149391
0.000151659
0.000159598
0.00016934
0.000171811
0.000174228
0.000176356
0.000185122
0.000186228
0.0001869
0.000210161
0.000211679
0.000221046
0.000238124
0.000239506
0.000166017
0.000166954
0.000178729
0.000178737
0.000161888
0.000153547
0.000151075
0.000343064
1.56613e-06
0.0071864
0.000987041
0.000387202
0.00024533
0.000206269
0.000910895
0.000303581
0.00079637
0.000764123
1.85336e-05
4.5268e-05
0.000742549
0.000478636
0.000417276
0.00188409
0.00139257
0.00123268
0.00314052
0.00252276
0.00221835
0.00266436
0.00225279
0.00201622
0.00218164
0.00182722
0.00165519
0.00124855
0.000991121
0.000726084
0.000587842
0.000376267
0.000332363
0.000206316
0.000175092
3.61416e-05
1.20948e-05
1.03521e-05
2.12673e-05
8.36688e-06
7.57557e-06
7.24658e-07
1.20727e-06
1.55787e-07
3.30669e-05
5.48708e-05
5.72689e-05
0.000121024
0.00014753
6.76196e-05
5.88778e-05
0.000145891
0.000116508
0.00026945
0.000261245
0.000218511
0.000138382
0.000107424
8.78555e-05
9.86565e-05
7.4058e-05
6.83665e-05
1.07268e-05
4.76227e-06
3.29721e-06
2.25374e-05
2.41987e-05
2.11191e-05
2.57063e-06
1.22999e-05
4.37111e-06
2.2294e-07
4.4946e-05
1.54067e-05
1.12164e-05
2.27997e-06
8.90009e-07
1.10386e-06
2.56575e-06
2.32101e-06
7.36433e-06
2.03215e-06
1.24475e-06
1.57347e-06
9.5592e-06
6.4135e-06
2.90555e-06
1.74084e-06
4.71587e-09
1.67547e-05
2.4867e-05
2.11633e-05
8.81028e-06
1.91392e-05
1.81907e-05
2.34127e-06
1.32318e-06
1.18467e-06
5.15024e-06
1.27157e-09
4.89621e-07
8.11175e-06
6.43798e-06
1.99191e-06
1.1221e-05
1.73705e-05
3.77553e-05
3.07126e-05
2.02832e-08
3.56129e-06
3.89008e-05
5.7199e-05
6.208e-05
8.34516e-05
0.000189245
0.000223182
0.000198514
9.83066e-05
0.000113478
0.000130395
9.43986e-05
0.000114296
7.73294e-05
9.96482e-05
9.16245e-05
8.46846e-05
0.000100698
9.29424e-05
0.000108369
9.58282e-05
0.00011416
7.09291e-05
8.9409e-05
7.97477e-05
0.000109454
0.000121277
5.45857e-05
6.87677e-05
6.02829e-05
9.76418e-05
0.000110355
0.000133269
0.000137122
0.000101186
0.000113305
0.000104799
0.000179753
0.000176406
0.000106803
0.000102999
7.72042e-05
8.21579e-05
7.37891e-05
5.21022e-05
5.23656e-05
5.15792e-05
6.90123e-05
6.77559e-05
3.12913e-05
3.05382e-05
2.4033e-05
4.39498e-05
3.99096e-05
3.27119e-05
3.05786e-05
2.23404e-05
1.55712e-05
9.28745e-06
1.94398e-06
9.82697e-08
6.24136e-06
5.85603e-06
3.57417e-06
3.47884e-07
6.24632e-07
1.08993e-06
1.05973e-05
7.09186e-06
0.0296072
0.0254322
0.0241304
0.0193521
0.0181977
0.0209325
0.0170449
0.014377
0.000993688
0.00160445
0.00141377
0.00191573
0.00160254
0.00139242
0.00170792
0.00148376
0.00142112
0.00148706
0.00122853
0.0010626
0.000860841
0.00070835
0.000582212
0.000612646
0.000342695
0.000338018
0.00010295
1.45966e-06
8.96549e-08
5.0248e-06
0.000115055
0.000121088
0.000510363
0.000353626
0.000522649
0.000923869
0.0011513
0.00116744
0.00161159
0.00139008
0.00143396
0.000955005
0.000951533
0.00100726
0.000594824
0.00049662
0.000499493
0.000357503
0.000284525
0.000283872
0.000323463
0.000246877
0.000231356
0.000163141
0.000197561
0.000135996
9.03168e-05
0.000137219
0.000127958
4.74793e-05
5.49071e-05
4.63915e-05
2.00401e-05
1.40882e-05
2.74677e-05
1.51525e-06
3.01959e-06
1.76434e-05
1.14757e-05
9.72531e-06
7.23771e-06
2.98696e-05
2.63228e-05
5.39298e-05
1.30662e-05
5.33296e-05
6.48698e-05
3.67697e-05
5.19834e-05
2.42544e-05
6.80821e-05
0.000154384
0.000203686
0.000152985
5.66436e-05
0.000144492
0.000157006
9.21475e-05
0.000126122
0.00014612
0.000152205
0.000250725
0.000159872
0.000219175
0.0001182
0.000214097
0.000129119
0.000188755
0.000304522
0.000407395
0.000467489
0.00028679
0.000449786
0.000239814
0.000407935
0.000284583
0.000462498
0.000442977
0.000340519
0.00045841
0.00055895
0.000360781
0.000563667
0.000536352
0.000756242
0.000400707
0.00047976
0.000629259
0.000492789
0.000811628
0.000658359
0.000758744
0.000470873
0.000886413
0.00051526
0.000543453
0.000635366
0.000909086
0.000691829
0.000877089
0.000716217
0.000908742
0.000957826
0.00114287
0.00117894
0.000753657
0.000900909
0.000966756
0.000563066
0.000697793
0.000776385
0.00107414
0.000710062
0.000965145
0.00113014
0.00113836
0.000733935
0.000917974
0.00126431
0.000730171
0.000892935
0.000859684
0.00100937
0.000332804
0.000350644
0.000593049
0.000218708
0.00103476
0.000556471
0.000457028
0.000461789
0.00044227
0.000448563
0.00060499
0.000602005
0.000554788
0.000573868
0.000568836
0.000590537
0.000236378
0.000193717
0.000209198
0.000544543
0.000548019
0.000609006
0.000290983
0.00023504
0.000252594
0.000246422
0.000325034
0.00028226
0.000279482
0.000272842
0.000288902
0.000288964
0.000332778
0.000347854
0.00034085
0.000270215
0.000276784
0.000323009
0.000307095
0.000224282
0.000226465
0.000316564
0.000313959
0.000295584
0.000278197
0.00029561
0.000303323
0.000315866
0.000298509
0.000256162
0.000269177
0.000265499
0.000308853
0.000322042
0.000313951
0.000288804
0.000299862
0.000295483
0.000313758
0.000305232
0.000284695
0.000283755
0.000273558
0.00026415
0.000263156
0.000241298
0.000277169
0.000283747
0.000268465
0.000251682
0.000255834
0.000241763
0.0002037
0.000184713
0.000191427
0.000179276
0.000174039
0.000196496
0.000185407
0.000156621
0.000158971
0.000139321
0.000130989
0.000121387
0.0001095
8.30091e-05
8.06636e-05
7.17635e-05
5.56343e-05
4.89189e-05
6.13506e-05
5.08334e-05
5.28827e-05
4.712e-05
3.91713e-05
2.31526e-05
2.66398e-05
2.25074e-05
1.19433e-05
8.9672e-06
6.71052e-06
5.56396e-06
3.13704e-06
2.11371e-06
1.47555e-06
8.28902e-07
1.47404e-11
1.46642e-07
3.29137e-07
5.13689e-07
7.8402e-07
1.12454e-06
2.46719e-06
6.37904e-06
3.21874e-06
1.12766e-05
1.40977e-05
1.78473e-05
2.01332e-05
2.12107e-05
2.49583e-05
2.6507e-05
2.85585e-05
2.59584e-05
2.66605e-05
2.82839e-05
2.96844e-05
3.36434e-05
1.25748e-05
1.40618e-05
1.43977e-05
1.47933e-05
1.64488e-05
1.13512e-05
1.13446e-05
1.23253e-05
1.66679e-05
1.72309e-05
1.83741e-05
1.83004e-05
1.98367e-05
1.90938e-05
1.91286e-05
1.98191e-05
1.77602e-05
1.74986e-05
2.2089e-05
2.21482e-05
2.37269e-05
1.92982e-05
1.94898e-05
2.20407e-05
2.26519e-05
1.83806e-05
1.88567e-05
1.51883e-05
1.52078e-05
1.5523e-05
1.86683e-05
1.93458e-05
1.47402e-05
1.6573e-05
1.56051e-05
1.59481e-05
1.68333e-05
1.95648e-05
2.00949e-05
2.07859e-05
2.02423e-05
2.33421e-05
2.33048e-05
2.4671e-05
6.15387e-06
7.13455e-06
7.63301e-06
2.31487e-05
2.30177e-05
2.41501e-05
2.41585e-05
2.47427e-05
2.63504e-05
2.63599e-05
2.64552e-05
2.41718e-05
2.46079e-05
1.21717e-05
1.21459e-05
2.17698e-05
1.14543e-05
1.12803e-05
1.12117e-05
