0.000676816
0.000533199
0.00053178
0.000469911
0.000408965
0.000391049
0.000346741
0.000345914
0.000100501
0.000113429
9.19015e-05
0.000112187
8.81038e-05
0.000102274
0.000117627
0.000125906
0.000147033
0.000181309
0.000207325
0.000242091
0.00036032
0.000535507
0.000795622
0.00111793
0.00162096
0.00221072
0.00290023
0.00455402
0.0059161
0.00319795
0.00251171
0.000748669
0.000339153
2.31542e-05
2.28599e-05
3.96441e-05
7.83674e-06
1.00362e-05
1.40401e-05
0.000115282
0.000429155
0.00068609
0.000594876
0.000575813
0.00103751
0.00125777
0.00116319
0.00120515
0.00157407
0.00290992
0.00351505
0.00433071
0.00441299
0.00346126
0.00451449
0.00437223
0.005613
0.00389775
0.00523311
0.00628619
0.00518789
0.0059489
0.00704739
0.0067699
0.00522401
0.00876984
0.00721224
0.00524601
0.012973
0.0116336
0.0114963
0.00721521
0.0089688
0.00985792
0.0112323
0.0139583
0.0147664
0.0194956
0.022947
0.014344
0.0121591
0.0264784
0.0338033
0.00186773
0.00195945
0.00207006
0.00206088
0.00211725
0.00226397
0.0018764
0.00209942
0.00213662
0.00224084
0.00224171
0.0021693
0.00256622
0.00206817
0.00219954
0.00227542
0.00169891
0.00233476
0.000392492
0.000384766
0.00163278
0.000235317
0.00037246
0.00021883
0.000858083
0.000466387
0.000238839
0.00173186
0.000240408
0.00174837
0.00266192
0.00472958
0.00371886
0.00504337
0.00562415
0.00949277
0.00679946
0.00722035
0.0145765
0.00707783
0.0108595
0.00754868
0.0109296
0.0114396
0.00853862
0.0115346
0.0101849
0.0106803
0.00976713
0.0111469
0.0101862
0.00784882
0.00897238
0.00852274
0.00814978
0.00812636
0.0106341
0.00811345
0.0071068
0.00666875
0.00493791
0.0022895
0.00221511
0.000278817
1.86181e-05
1.28779e-05
2.21677e-06
0.000643104
0.0014189
0.000952501
0.00184956
0.00255694
0.00221493
0.00636095
0.00127765
0.00291528
0.000382694
0.0015674
5.71173e-11
6.25032e-11
7.65965e-11
8.4124e-11
3.53897e-10
0.000480039
0.00127957
0.0032624
0.00542864
0.0080264
5.00536e-05
0.0101758
0.0192961
0.0139485
0.00647339
0.00591686
0.0128879
0.0139702
0.0141591
0.0114011
0.00789693
0.00594296
0.00129425
5.73056e-05
0.000642668
0.00267023
0.0102413
0.0158537
0.0236664
0.0143694
0.0131988
0.0116791
4.12695e-07
4.52755e-07
3.60516e-07
3.20511e-07
3.06598e-07
4.98634e-07
8.79245e-07
1.33339e-06
1.17085e-06
1.13471e-06
1.41325e-06
1.82835e-06
1.6121e-06
2.32817e-06
2.52651e-06
2.74235e-06
3.35511e-06
2.84035e-06
3.17542e-06
3.42781e-06
3.42313e-06
3.31104e-06
3.63519e-06
3.63248e-06
3.31383e-06
3.71019e-06
3.17056e-06
3.11944e-06
3.68469e-06
4.20923e-06
3.61027e-06
4.51934e-06
4.969e-06
5.5663e-06
6.92034e-06
1.9248e-05
1.56999e-05
1.35671e-05
1.31828e-05
1.19132e-05
1.09685e-05
1.00637e-05
9.82997e-06
9.0495e-06
9.49541e-06
8.80691e-06
3.55935e-06
3.51858e-06
3.67151e-06
3.78351e-06
4.0161e-06
3.86778e-06
4.69799e-06
4.93281e-06
5.84444e-06
7.67742e-06
1.00185e-05
1.53276e-05
2.67129e-05
4.30018e-05
7.34573e-05
0.000166595
5.03611e-05
0.000909805
0.00502064
0.0111378
0.0155991
0.0156459
0.0162079
0.0133064
0.0107912
0.00788911
0.00458233
0.00358668
0.00273034
0.000692389
0.000724633
0.000534752
0.000107218
0.00016284
0.000123234
7.28201e-05
2.82693e-05
2.06212e-05
8.47083e-05
1.87891e-05
0.000101275
0.000135792
0.000276207
0.000689285
0.000598928
0.000735823
0.00110776
0.00182983
0.00217188
0.0026471
0.00410321
0.00398266
0.0053454
0.00557231
0.0102259
0.0102461
0.0119208
0.0112469
0.0200861
0.0181171
0.0240056
0.0285125
0.015684
0.0175473
0.0230964
0.0224825
0.0284452
0.044984
0.0441651
0.0322365
0.0364032
0.0295961
0.0281177
0.0242489
0.00278174
0.00280314
0.0239922
0.00344004
0.00267006
0.00212506
0.00220047
0.00220931
0.00247741
0.00262587
0.00357763
0.00256461
0.00336296
0.00307484
0.00182477
0.000122149
8.0875e-06
0.00052246
1.54516e-06
0.000549968
0.00146506
0.00179981
0.00111221
0.0018533
0.00304231
0.00288952
0.00431396
0.00537985
0.00551138
0.00513146
0.00517731
0.00440119
0.00776783
0.00768959
0.00737195
0.00836669
0.00745861
0.00733596
0.0082281
0.00769872
0.00816542
0.00531678
0.00842084
0.00490415
0.00493242
0.00778003
0.00462636
0.00712497
0.00543345
0.00768699
0.00498024
0.00528875
0.00538978
0.00469357
0.00158643
0.00281304
0.00218548
0.00160139
0.00135589
0.000358579
2.85009e-05
4.49214e-07
4.88681e-06
1.23954e-05
0.000176979
0.000161272
9.03442e-05
0.00162928
2.56152e-05
0.000287459
0.000285134
0.00213944
2.96868e-11
3.11914e-11
3.34514e-11
3.36663e-11
3.41085e-11
3.24666e-11
8.41095e-12
1.124e-11
4.10418e-11
2.04298e-08
5.64949e-07
6.76239e-06
1.68755e-05
1.60795e-05
2.43261e-05
2.39167e-05
6.83704e-05
5.10527e-05
2.318e-05
1.50569e-05
1.01876e-05
6.64307e-06
6.48669e-06
4.74653e-06
5.04134e-06
4.48509e-06
3.37647e-06
3.42657e-06
3.04669e-06
3.92066e-06
3.84668e-06
4.38302e-06
3.85947e-06
3.85274e-06
3.53888e-06
3.93915e-06
3.96537e-06
4.4025e-06
4.72195e-06
3.78135e-06
3.72189e-06
3.84336e-06
3.52928e-06
3.14617e-06
3.535e-06
9.20472e-06
7.10175e-06
1.02521e-05
8.68524e-06
8.75024e-06
8.33033e-06
6.33929e-06
7.57463e-06
9.2187e-06
1.02472e-05
1.05769e-05
9.55856e-06
8.36416e-06
7.64539e-06
8.88049e-06
7.33212e-06
6.19825e-06
7.26959e-06
7.1859e-06
6.68226e-06
6.05897e-06
6.29449e-06
6.42368e-06
6.90413e-06
6.87775e-06
6.7588e-06
6.60615e-06
6.88286e-06
6.37475e-06
6.44921e-06
6.30943e-06
6.51403e-06
6.91356e-06
2.22364e-05
1.5874e-05
1.29301e-05
1.14845e-05
9.71319e-06
9.32991e-06
1.02437e-05
8.49377e-06
2.2489e-06
2.3062e-06
2.49456e-06
2.66693e-06
3.08236e-06
3.81019e-06
4.29953e-06
8.1621e-06
9.69226e-06
1.43195e-05
2.35595e-05
4.28233e-05
6.84914e-05
0.000126646
0.000253815
0.000874182
0.00491093
0.0106391
0.0174608
0.0173556
0.0189945
0.017937
0.0146925
0.0119238
0.00924153
0.00741616
0.00544611
0.00334208
0.00272695
0.00232751
0.00080191
0.000900006
0.000487949
0.000404973
0.000256018
0.000180085
9.524e-05
2.87744e-05
2.1115e-05
6.53859e-05
0.000243864
0.000228359
0.00046188
0.00115509
0.00111657
0.00227807
0.00224742
0.00267173
0.00301981
0.00361813
0.00418087
0.00528299
0.00607195
0.00606211
0.00784577
0.0113106
0.0100202
0.00930135
0.0110755
0.0134684
0.017409
0.0248426
0.0235033
0.0175709
0.017885
0.0140346
0.011586
0.00941191
0.0169598
0.00207068
0.00915551
0.0105374
0.00182194
0.00179894
0.00196849
0.00205463
0.00213262
0.00224225
0.00202593
0.00241867
0.00209186
0.00217885
0.00186948
0.0021748
0.00208025
0.00241549
0.00214694
0.00209183
0.00227563
0.00243273
0.00247759
0.00219956
0.0021127
0.00161488
0.00213818
0.00109629
0.000429054
0.00103702
3.76341e-05
0.00058875
0.000429344
3.76364e-06
0.000296395
0.000534867
0.000178124
0.000382296
0.000621303
0.00139567
0.00325054
0.00149724
0.00167875
0.00293808
0.00393026
0.00533039
0.00780833
0.00713344
0.00197493
0.00518106
0.00828495
0.00820321
0.00897686
0.0116451
0.0142109
0.00837659
0.00585742
0.00510184
0.00394907
0.00325694
0.00639854
0.00218245
0.00397074
0.00246107
0.00163842
0.00192424
0.00172427
0.00123051
0.000798921
0.00116507
0.000118001
0.000258965
0.000440673
0.000166661
0.00103954
0.000813033
1.87008e-05
5.79796e-07
0.00470776
7.24585e-12
7.25656e-12
7.26216e-12
7.26909e-12
7.27691e-12
7.28201e-12
7.28865e-12
5.0826e-10
1.00166e-07
2.09961e-06
4.62741e-05
8.46745e-05
6.63085e-05
4.45656e-05
4.15493e-05
3.16457e-05
1.90526e-05
1.43387e-05
1.19107e-05
1.90011e-05
2.57291e-05
1.8591e-05
2.01981e-05
1.66139e-05
1.43431e-05
1.47139e-05
1.10711e-05
9.30452e-06
1.09214e-05
8.63745e-06
7.76781e-06
7.7628e-06
7.07873e-06
6.96201e-06
5.84335e-06
6.04572e-06
5.73763e-06
1.17081e-05
1.27968e-05
1.08549e-05
1.1008e-05
9.47862e-06
9.87283e-06
8.36956e-06
7.80626e-06
7.11893e-06
6.99112e-06
6.29397e-06
1.46754e-05
1.37557e-05
1.31382e-05
1.16507e-05
1.00557e-05
8.8995e-06
8.61945e-06
8.76665e-06
9.83359e-06
8.37541e-06
9.44928e-06
8.96418e-06
7.41082e-06
6.41003e-06
7.97521e-06
8.90075e-06
7.70657e-06
8.20807e-06
2.26113e-05
1.9296e-05
1.57207e-05
2.13054e-05
1.54344e-05
1.46175e-05
1.37482e-05
1.58176e-05
1.44049e-05
2.82116e-06
3.27656e-06
3.46552e-06
4.56543e-06
5.06337e-06
9.88067e-06
1.33647e-05
2.10325e-05
0.000189736
0.000221635
0.00272944
0.00700419
0.0135053
0.018188
0.0185063
0.0193958
0.0170796
0.0129403
0.008274
0.00613645
0.00462839
0.00262313
0.00269341
0.00281085
0.00177356
0.0015298
0.00109965
0.0011826
0.000485309
0.00021857
2.51156e-05
8.77298e-07
1.60924e-06
0.000156529
0.00031367
0.00102905
0.00232654
0.00324228
0.00278042
0.00454481
0.0049815
0.00488347
0.00684574
0.0130194
0.0260404
0.0138723
0.00721385
0.0063413
0.00510962
0.00437387
0.00369872
0.00339478
0.0039277
0.00307756
0.0029768
0.00277246
0.0028852
0.00292182
0.00292913
0.0027328
0.00264202
0.00262126
0.0027671
0.00277636
0.00268689
0.00255533
0.00252803
0.0023877
0.0024646
0.00236299
0.0025133
0.0024853
0.00244112
0.00264481
0.00195967
0.00123243
0.00181689
0.000625768
0.000293978
0.000322269
2.34028e-05
9.22953e-05
0.000297296
0.000766843
0.002165
0.00130157
0.00256356
0.00386812
0.00378957
0.00419732
0.00520016
0.00337555
0.00243663
0.00232724
0.00144837
0.00429739
0.00235767
0.00180749
9.2294e-06
0.00112965
0.000137483
0.000214064
0.000424429
0.000490972
2.58397e-06
0.000297195
7.32295e-06
0.00274616
3.57266e-05
0.000122081
1.34086e-05
0.00057495
0.00040507
6.74748e-05
2.62101e-07
0.000203413
0.00163614
4.69527e-05
0.0207456
0.033307
0.00474397
0.0353039
9.84574e-12
9.87735e-12
9.87359e-12
9.84968e-12
9.71283e-12
9.71266e-12
6.91676e-11
6.90445e-11
4.39418e-09
2.4155e-06
2.96005e-05
9.0109e-05
0.000394618
0.000405469
0.000538973
0.000325081
0.000202629
0.000105364
8.14761e-05
3.11615e-05
2.52243e-05
2.06285e-05
1.96656e-05
1.87331e-05
1.78545e-05
1.39822e-05
1.40681e-05
1.35566e-05
9.87858e-06
1.13354e-05
9.13975e-06
1.05181e-05
1.07406e-05
9.2928e-06
9.58534e-06
7.51666e-06
9.72688e-06
9.69033e-06
1.19572e-05
1.11945e-05
1.59351e-05
1.4113e-05
1.53857e-05
1.37e-05
1.08687e-05
9.86647e-06
1.0895e-05
9.77236e-06
9.08855e-06
1.27695e-05
1.39025e-05
1.14872e-05
3.29676e-05
2.46552e-05
2.05454e-05
1.80916e-05
1.7823e-05
1.48755e-05
1.34699e-05
1.4251e-05
1.33809e-05
1.38836e-05
1.43471e-05
1.21236e-05
1.34217e-05
1.32422e-05
1.38165e-05
1.31075e-05
1.3181e-05
1.27825e-05
1.29495e-05
1.42159e-05
1.42775e-05
1.33807e-05
1.33274e-05
1.59705e-05
4.53674e-06
4.83929e-06
6.12588e-06
6.58468e-06
8.02129e-06
1.17781e-05
1.52078e-05
2.09412e-05
3.4407e-05
6.26309e-05
0.000105167
0.00019836
9.23154e-05
0.00104686
0.00401774
0.0103941
0.012623
0.0118572
0.0148334
0.0158556
0.0155705
0.0146444
0.012668
0.00722428
0.00515751
0.00331181
0.00327002
0.0017968
0.000749993
0.000486575
0.000461655
0.00048359
0.000225159
0.000235662
9.82418e-05
7.48112e-05
5.32849e-05
6.61276e-05
3.57478e-05
8.7523e-05
0.000125415
0.00109557
0.00125636
0.00127117
0.00240336
0.0023121
0.00388526
0.00383871
0.00535688
0.00601567
0.00566778
0.00509782
0.00659276
0.00786124
0.00770802
0.00807215
0.0123716
0.0056273
0.00500438
0.00439879
0.00433261
0.00415604
0.00441677
0.00416663
0.00432418
0.00462581
0.00458764
0.00385185
0.00390969
0.00426585
0.00410852
0.00402536
0.00426825
0.00422492
0.00474002
0.00506261
0.00437117
0.00482469
0.00547108
0.00568579
0.00539053
0.00528655
0.005153
0.00503537
0.004858
0.00522904
0.00488374
0.00244864
0.000927828
0.000547205
2.57402e-05
8.39029e-08
4.23795e-08
3.52622e-05
9.62897e-05
0.000837007
0.000795309
0.00102839
0.00166562
0.00130844
0.00272206
0.00266093
0.00586414
0.00533103
0.0077685
0.00762793
0.00765099
0.0136445
0.00999094
0.0105998
0.00780272
0.0129154
0.00965148
0.00889766
0.0116563
0.0120448
0.0117277
0.0119168
0.0109756
0.0114353
0.00809736
0.0112833
0.00829737
0.00793499
0.00606752
0.00728901
0.00712258
0.00507497
0.00468669
0.0172391
0.0025571
2.3959e-11
2.46786e-11
2.50209e-11
2.59176e-11
2.71685e-11
2.85948e-11
2.01158e-11
6.32412e-10
2.48689e-07
9.72608e-06
4.07487e-05
7.25487e-05
7.1861e-05
7.06439e-05
7.07016e-05
6.4642e-05
3.51824e-05
2.60018e-05
1.73433e-05
1.70709e-05
0.000374898
0.000234449
0.000200372
0.000143378
9.93621e-05
7.90363e-05
5.71074e-05
4.76366e-05
4.1196e-05
3.40366e-05
2.59072e-05
3.01789e-05
2.25419e-05
1.80691e-05
1.63019e-05
1.40427e-05
1.68093e-05
1.73931e-05
1.38474e-05
1.53589e-05
1.6412e-05
1.32789e-05
1.12935e-05
1.70777e-05
1.73099e-05
1.57577e-05
1.77382e-05
1.70846e-05
1.77186e-05
1.92388e-05
1.42393e-05
1.59071e-05
1.49421e-05
9.14128e-06
7.66094e-06
9.95554e-06
8.15613e-06
8.74469e-06
8.97677e-06
9.08703e-06
8.91685e-06
9.40348e-06
9.53672e-06
9.56763e-06
9.3246e-06
1.03487e-05
1.00528e-05
1.04514e-05
9.87248e-06
1.14492e-05
1.10204e-05
1.10297e-05
1.14244e-05
1.06607e-05
1.25649e-05
1.36045e-05
1.38341e-05
1.51515e-05
1.41704e-05
1.46176e-05
1.47283e-05
1.77152e-05
1.51187e-05
1.67976e-05
1.70888e-05
1.85456e-05
2.19438e-05
2.50847e-05
7.49538e-05
0.000134225
0.000232624
0.000530221
0.000262802
0.000782598
0.00451099
0.00975496
0.00906485
0.00919073
0.0076638
0.00583541
0.00288859
0.00330495
0.00231594
0.00153335
4.0689e-05
0.000145979
1.1233e-05
4.54924e-05
9.76964e-05
0.000135035
0.000252796
0.000308869
0.000672676
0.000781808
0.000922436
0.00116585
0.00205744
0.0024906
0.00274374
0.00343418
0.00347209
0.00727482
0.00796972
0.0103101
0.011729
0.0124344
0.0135611
0.013374
0.0189379
0.0197452
0.0223139
0.0219983
0.0270652
0.0311818
0.0225104
0.029883
0.0353218
0.030652
0.0432707
0.0361406
0.0294839
0.0346048
0.0143934
0.00618972
0.00576578
0.00603059
0.00527082
0.00541018
0.00538849
0.00653135
0.00610935
0.00581273
0.00769545
0.0079366
0.00672848
0.00606021
0.00612384
0.00579258
0.00528801
0.00565332
0.00527657
0.00504126
0.0050705
0.00211276
0.00042403
0.000171392
0.000137207
2.28968e-05
7.71019e-05
0.000220316
0.000184051
7.33236e-05
8.16777e-05
0.000822912
0.000777914
0.00135296
0.000716757
0.00245169
0.00299716
0.00159995
0.00513731
0.00302204
0.0034752
0.00320157
0.007169
0.0055479
0.0104112
0.00992692
0.00689135
0.0100482
0.00884674
0.00926874
0.00875577
0.00814007
0.00627942
0.00770014
0.00669201
0.00689783
0.00638228
0.00462822
0.00561133
0.00665474
0.00805712
0.00654711
0.0061157
0.00442385
0.00399808
0.00212207
0.00322704
0.000924054
0.00151139
0.00128465
4.0149e-05
0.000270254
0.000221659
0.000215136
0.000134692
0.00133706
0.00291307
4.26835e-11
4.82903e-11
5.23021e-11
5.99332e-11
6.62265e-11
6.11084e-11
1.71972e-11
1.73365e-11
7.75093e-08
1.85012e-06
5.09159e-06
0.000147968
0.000133762
0.000166999
0.00014096
0.000108062
4.73105e-05
5.36497e-05
2.64904e-05
2.01365e-05
1.91137e-05
1.37573e-05
1.444e-05
1.14559e-05
1.16978e-05
1.15566e-05
1.00492e-05
8.05399e-06
7.95245e-06
8.74318e-06
8.08606e-06
8.58803e-06
8.49619e-06
6.84484e-06
1.03387e-05
9.23907e-06
9.71315e-06
9.78422e-06
9.78191e-06
8.05996e-06
7.99999e-06
8.67509e-06
3.06686e-05
2.27264e-05
2.08246e-05
1.66244e-05
2.88207e-05
2.34057e-05
3.12121e-05
2.67588e-05
1.73568e-05
1.85585e-05
3.85288e-06
6.70944e-06
4.16751e-06
3.87339e-06
5.72322e-06
6.26088e-06
5.43046e-06
5.91844e-06
7.96095e-06
7.03872e-06
9.05831e-06
8.67086e-06
1.35804e-05
1.39063e-05
1.46786e-05
1.58891e-05
1.23265e-05
1.43278e-05
1.50536e-05
1.22673e-05
1.28455e-05
1.88778e-05
0.000191234
0.000108613
6.36247e-05
3.99667e-05
2.89629e-05
2.64588e-05
1.96263e-05
1.94676e-05
1.80566e-05
3.50158e-06
3.65488e-06
3.68134e-06
3.99159e-06
4.45334e-06
4.98954e-06
5.8676e-06
7.53028e-06
1.01843e-05
1.34132e-05
2.26608e-05
3.86296e-05
3.76772e-05
6.39374e-05
0.000107845
0.000211935
0.000373801
0.000536043
0.00401137
0.00529518
0.0102072
0.0145686
0.0155912
0.012096
0.00886774
0.00726975
0.0043634
0.00361414
0.00229733
0.00114333
0.000667663
0.000305099
0.000231392
6.89264e-05
0.000103879
1.20185e-05
8.02787e-09
6.58494e-05
8.50166e-05
0.000114687
0.000112781
0.000600628
0.000831167
0.000912729
0.00152529
0.00162545
0.00154526
0.00246611
0.00326583
0.00359158
0.00365341
0.00502365
0.00458169
0.00660403
0.00968144
0.0103366
0.00937295
0.00830305
0.00988717
0.014543
0.0134799
0.0103489
0.0177302
0.0201268
0.0132157
0.0144521
0.0162228
0.0110845
0.0121699
0.011561
0.0138915
0.00445133
0.00408409
0.00381515
0.00350091
0.00331611
0.00368632
0.00360507
0.00301769
0.00308671
0.00296985
0.00327851
0.00261149
0.00290724
0.00240516
0.00274461
0.00246846
0.00287082
0.00248621
0.00248886
0.00246555
0.00227464
0.00256835
0.00246181
0.0025265
0.00235622
0.00243996
0.00220839
0.00225491
0.00251491
0.00221309
0.00250746
0.000931443
0.0012907
0.000702181
7.0493e-05
2.8845e-08
5.99059e-12
8.37799e-05
3.6847e-06
0.000155774
0.000601825
0.000367031
0.000510868
0.00104245
0.00104515
0.00100114
0.00411939
0.00496279
0.00462791
0.0058833
0.00522394
0.00646097
0.00667427
0.00547883
0.00724986
0.00362071
0.00920503
0.00699444
0.00625852
0.00567456
0.00450996
0.00458857
0.00268409
0.00361141
0.00245019
0.00268627
0.00122885
0.001131
0.00124878
0.000770167
0.00145782
0.000505209
0.000954559
6.81553e-05
0.000535458
0.000372552
0.000481126
0.000185169
0.000151246
0.00677807
0.000410424
0.000214557
8.7282e-12
8.78808e-12
8.79343e-12
8.75674e-12
8.76532e-12
8.76664e-12
1.42584e-11
3.78989e-09
3.54678e-07
7.40527e-06
2.74829e-05
6.02683e-05
0.000117692
8.81556e-05
5.16757e-05
4.99892e-05
3.52055e-05
2.36953e-05
1.67921e-05
1.19967e-05
1.15808e-05
8.37578e-06
6.30641e-06
1.1856e-05
1.12946e-05
1.0004e-05
1.07704e-05
1.04013e-05
1.04651e-05
8.35189e-06
6.44487e-06
6.74476e-06
6.50234e-06
6.53058e-06
5.2173e-06
5.41802e-06
5.35805e-06
4.10535e-06
5.35916e-06
5.24911e-06
3.99195e-06
4.52365e-06
4.12479e-06
1.15716e-05
8.94926e-06
1.06438e-05
1.02472e-05
1.00926e-05
1.1661e-05
9.62588e-06
9.47021e-06
9.66953e-06
8.46304e-06
1.73945e-05
1.41776e-05
1.21259e-05
1.28827e-05
1.00068e-05
9.59658e-06
9.68248e-06
9.59613e-06
8.81892e-06
8.77264e-06
8.86723e-06
8.66466e-06
7.60205e-06
8.27607e-06
8.47208e-06
8.5253e-06
7.49989e-06
7.31712e-06
8.60353e-06
9.10156e-06
7.38626e-06
8.59278e-06
8.58682e-06
9.66334e-06
8.58009e-06
2.62005e-05
1.98287e-05
1.70692e-05
1.58356e-05
1.89548e-05
1.68985e-05
1.57574e-05
1.51232e-05
1.4668e-05
1.57387e-05
3.288e-06
3.86197e-06
4.1322e-06
5.00311e-06
6.89761e-06
8.82584e-06
1.32603e-05
2.02578e-05
2.44778e-05
2.18483e-05
4.08547e-05
0.000127838
0.000163165
9.96662e-05
0.000482772
0.0063676
0.0108865
0.0173092
0.016602
0.0185138
0.0168942
0.0160694
0.0124168
0.0113439
0.00999644
0.0063236
0.00207506
0.00266219
0.00273538
0.00212972
0.0014414
0.000806824
0.000148893
0.000106837
5.87017e-05
4.48597e-05
1.89057e-06
1.04252e-05
0.000114503
8.41996e-05
0.000463739
0.00065289
0.00057964
0.00113061
0.00151947
0.00247632
0.00267365
0.00274487
0.003485
0.00410158
0.00422591
0.00561726
0.00612206
0.0121322
0.00991778
0.00986128
0.00987888
0.00983607
0.0117113
0.00735249
0.00937597
0.00497964
0.00428596
0.00388111
0.0032323
0.00321664
0.00262727
0.00270053
0.00282802
0.00270827
0.00237883
0.00248383
0.00239433
0.00265258
0.00243092
0.0023932
0.00237242
0.00236465
0.00229622
0.00232941
0.00234525
0.00226013
0.00231516
0.00228018
0.00219069
0.00223162
0.0023937
0.00202863
0.00247657
0.00238326
0.00205227
0.00109007
0.000381637
0.000233666
2.38897e-05
0.000241581
0.000273399
0.000235821
0.000302431
0.00212846
0.00160514
0.00206878
0.00274701
0.00221968
0.00251983
0.00230867
0.00320307
0.00601912
0.00235352
0.00353458
0.00121971
0.00239746
0.00139969
0.00115539
0.000755505
3.78303e-05
0.000117607
0.000694957
7.56043e-05
0.000668407
0.000858282
0.000136068
0.00112714
0.000573246
0.000165814
0.000553418
8.11998e-05
2.28186e-05
0.00151771
0.000778849
1.95456e-05
0.000229152
0.00848853
0.0128264
0.00464041
0.00392054
0.00285422
0.00384633
0.00281949
1.03531e-11
1.0369e-11
1.03714e-11
1.03157e-11
1.01945e-11
1.01944e-11
1.01949e-11
4.49238e-11
7.09749e-10
9.98003e-07
3.09834e-05
0.000278074
0.000245178
0.000368808
0.000685085
0.000270648
0.000179927
8.98248e-05
4.93441e-05
3.54521e-05
2.347e-05
2.19963e-05
1.58856e-05
1.77201e-05
1.69472e-05
1.2398e-05
9.94531e-06
9.0771e-06
7.57256e-06
7.72132e-06
7.37032e-06
5.94424e-06
6.25772e-06
7.66152e-06
7.29559e-06
8.23796e-06
8.09134e-06
7.92437e-06
8.59538e-06
7.48324e-06
7.50977e-06
7.55049e-06
7.34253e-06
8.63611e-06
6.90057e-06
8.17109e-06
1.0311e-05
1.16279e-05
1.11534e-05
1.16107e-05
1.03347e-05
8.78061e-06
8.62874e-06
8.68069e-06
7.8358e-06
7.99665e-06
8.26758e-06
8.86178e-06
9.09023e-06
2.14313e-05
1.74259e-05
1.58152e-05
1.51728e-05
1.21857e-05
1.228e-05
1.13952e-05
1.03523e-05
1.27408e-05
1.0757e-05
1.16691e-05
1.13195e-05
9.86018e-06
1.00229e-05
1.02967e-05
1.11502e-05
9.53105e-06
1.04621e-05
1.03586e-05
1.10169e-05
1.2682e-05
1.22833e-05
1.20714e-05
1.23711e-05
1.27159e-05
3.68857e-06
3.48589e-06
4.63783e-06
5.71327e-06
7.31171e-06
1.10757e-05
1.30982e-05
2.25356e-05
3.54403e-05
5.3145e-05
9.36361e-05
0.000212271
0.000200014
0.00153168
0.00647947
0.0087453
0.0128198
0.0179752
0.0174227
0.0167423
0.0148033
0.0144674
0.0129818
0.0103049
0.00912788
0.00369515
0.00386834
0.00257837
0.00148923
0.00205352
0.000763768
0.000826957
0.00119191
0.00027881
0.000847808
0.000418323
0.000249866
8.99957e-06
1.48856e-06
3.03656e-06
8.9348e-07
4.41337e-06
0.00012541
0.00013419
0.000797329
0.00110757
0.00257455
0.00349322
0.0035811
0.00395534
0.0053892
0.00594928
0.00554852
0.00811464
0.00869773
0.00872272
0.00913312
0.0122611
0.00471729
0.00429075
0.00543417
0.00428702
0.00439694
0.00400939
0.00407412
0.00489145
0.00478447
0.00431278
0.00372211
0.00385274
0.00392761
0.00413559
0.00411371
0.00420192
0.00438752
0.00405006
0.00446951
0.00429053
0.00465481
0.00406109
0.00441199
0.00429906
0.00373101
0.00424829
0.00399778
0.00425421
0.00434084
0.00198844
0.00416782
0.00174122
0.00045044
2.48303e-05
0.00010858
2.11721e-05
0.000170394
0.000417865
0.000557474
0.00202503
0.00210709
0.003219
0.00191522
0.00278734
0.00586074
0.00600733
0.0065845
0.00703286
0.0100344
0.00856742
0.00867556
0.00880649
0.0111948
0.0106627
0.0067417
0.00981199
0.0082891
0.00576709
0.0076096
0.00631839
0.00332791
0.00690838
0.00428649
0.00387263
0.00429297
0.00408119
0.00284613
0.00375673
0.00483657
0.00444828
0.00606466
0.00494942
0.01456
0.00768616
0.00832191
0.00710322
3.00741e-11
3.20946e-11
3.28003e-11
3.33009e-11
3.5407e-11
3.49176e-11
2.24442e-11
4.82477e-11
4.90382e-11
4.44861e-09
4.45829e-07
5.07488e-07
8.10389e-05
0.00202539
0.00206394
0.00224368
0.00154112
0.00080022
0.000358674
0.000211756
0.000129841
0.000133793
6.54216e-05
6.04769e-05
4.97118e-05
4.53612e-05
3.30385e-05
3.16137e-05
2.93914e-05
2.72691e-05
2.6161e-05
1.81775e-05
1.60623e-05
1.95469e-05
1.83236e-05
1.66695e-05
1.71641e-05
1.73103e-05
1.4405e-05
2.02915e-05
2.07243e-05
1.89549e-05
1.888e-05
1.89267e-05
1.85389e-05
1.94695e-05
1.58e-05
1.53738e-05
1.76175e-05
1.42514e-05
1.10475e-05
8.43769e-06
8.98104e-06
8.81357e-06
9.66067e-06
1.00988e-05
1.35676e-05
1.38847e-05
1.07989e-05
1.25414e-05
1.23672e-05
1.12104e-05
1.11998e-05
1.23278e-05
1.09646e-05
1.09218e-05
1.1335e-05
1.0649e-05
1.07907e-05
1.11804e-05
1.21772e-05
1.03349e-05
1.25275e-05
1.34005e-05
1.34956e-05
1.42264e-05
1.25907e-05
1.45685e-05
1.45844e-05
1.46901e-05
1.40726e-05
1.51547e-05
1.54409e-05
1.531e-05
1.76707e-05
1.76011e-05
1.75262e-05
2.11883e-05
2.67011e-05
3.62634e-05
5.02968e-05
5.75112e-05
9.35548e-05
0.000166374
0.000577361
8.82155e-06
0.002202
0.00633321
0.00730703
0.00889983
0.00870703
0.00668644
0.00414556
0.0025217
0.000830874
0.00118289
0.000626525
0.00023882
0.000168554
3.74703e-05
7.45913e-06
3.384e-05
0.000125083
0.000122719
0.0001804
0.000444827
0.000467161
0.00082774
0.00113402
0.001659
0.00189754
0.00190893
0.0024129
0.00581933
0.00799052
0.0080301
0.0111029
0.0114937
0.0133886
0.0115673
0.0123907
0.0161053
0.0212927
0.0180909
0.0280389
0.0287291
0.0217431
0.0276956
0.029258
0.0329423
0.029742
0.0436176
0.0460897
0.0232073
0.0222303
0.0088161
0.00830586
0.0101647
0.0100491
0.00856146
0.00692537
0.00634843
0.00684578
0.0057846
0.00548823
0.00558858
0.00519563
0.00441168
0.0048065
0.00450666
0.0048825
0.00458171
0.00454315
0.00441219
0.00422478
0.00370644
0.00386008
0.00221545
0.00363829
0.00135609
0.000964548
0.000289242
0.000264252
0.000250516
0.000641299
3.21982e-07
0.00108662
7.77121e-05
0.00114238
0.00183966
0.00089471
0.000931748
0.00157993
0.0028797
0.00401679
0.00445466
0.00425678
0.00394389
0.00532916
0.00523787
0.00785591
0.00664262
0.00891566
0.00658104
0.00596162
0.00657406
0.00645233
0.0104577
0.00570901
0.0111511
0.010854
0.00606871
0.0062156
0.00572413
0.00483855
0.00433884
0.0032913
0.00353834
0.000942409
0.00482925
0.000705703
0.00300746
0.000959969
0.00101973
0.00306896
0.00327325
0.000442102
0.000512097
0.00300421
0.000198061
0.000446077
0.00378771
0.00170449
2.67661e-05
1.28461e-11
1.4899e-11
1.51538e-11
1.23601e-11
1.52828e-11
1.27744e-11
1.64468e-11
1.71718e-11
1.64542e-11
3.07041e-09
3.23717e-09
3.89552e-07
5.87903e-06
9.63505e-05
0.000297266
0.000483213
0.00050717
0.000282322
0.000194643
0.00011143
9.83785e-05
4.86613e-05
4.28161e-05
2.5584e-05
2.90925e-05
1.85062e-05
1.55477e-05
1.51692e-05
1.72394e-05
1.52341e-05
1.44401e-05
1.17963e-05
1.12791e-05
8.99731e-06
8.10977e-06
1.02984e-05
8.31222e-06
6.57463e-06
7.59231e-06
7.17159e-06
9.17867e-06
6.42699e-06
6.35501e-06
5.90567e-06
5.54834e-06
1.51104e-05
1.73095e-05
1.40044e-05
1.21192e-05
1.65835e-05
1.96572e-05
1.31602e-05
1.23617e-05
1.1137e-05
1.69861e-05
1.38875e-05
1.34201e-05
1.40223e-05
1.25888e-05
1.23643e-05
1.15562e-05
1.14294e-05
1.07819e-05
9.96937e-06
1.15389e-05
1.14375e-05
9.10525e-06
9.87645e-06
9.13114e-06
1.01668e-05
8.38099e-05
5.30037e-05
6.15517e-06
4.41405e-05
3.21435e-05
2.53878e-05
2.10458e-05
1.82897e-05
1.51008e-05
1.46539e-05
1.68227e-05
1.5314e-05
1.51422e-05
1.73898e-05
1.64694e-05
3.53682e-06
3.98258e-06
3.65748e-06
4.1922e-06
5.03727e-06
5.89095e-06
6.32618e-06
8.05914e-06
1.34542e-05
1.67946e-05
2.38656e-05
2.40275e-05
3.55351e-05
7.21212e-05
0.000138409
0.000258791
0.000208817
0.00190779
0.00599596
0.0083601
0.0118514
0.0146397
0.0152885
0.0131194
0.0099803
0.00875511
0.00525783
0.00248064
0.00264928
0.00130067
0.000937397
0.000450276
0.000309755
0.000129516
1.45797e-05
1.49342e-07
4.62858e-05
0.000186465
0.000139976
0.000349684
0.000676598
0.000793588
0.00120292
0.0016098
0.00194928
0.00297967
0.00363866
0.00341813
0.00472424
0.00533761
0.00591956
0.00740095
0.00857953
0.00981161
0.0147208
0.013158
0.0140063
0.0182691
0.0117889
0.0166328
0.0107024
0.011648
0.00900854
0.00808838
0.0146674
0.0156271
0.0112205
0.00940035
0.018041
0.0161743
0.00362102
0.00339389
0.00341635
0.00318874
0.00329533
0.00319361
0.00302254
0.00306289
0.00283723
0.00268226
0.00278701
0.00282984
0.00254124
0.00308005
0.00251599
0.00248839
0.00252374
0.00235188
0.00247774
0.00222999
0.00238483
0.00281539
0.00231758
0.00219688
0.00218922
0.00246418
0.00240013
0.00253518
0.00211714
0.0023566
0.00199531
0.000736543
0.000437886
0.000816155
0.000405819
0.000565616
0.000107832
1.58939e-05
0.000818456
0.000386771
0.000799311
0.0028057
0.000660735
0.00241727
0.00348612
0.00370797
0.00276346
0.00305394
0.00303937
0.0048483
0.00584078
0.00298217
0.00752973
0.00604686
0.00772441
0.00716491
0.00608934
0.00603492
0.00485493
0.00357691
0.00377438
0.00654137
0.00442989
0.00301877
0.00233139
0.00202362
0.00184279
0.00412466
0.00130532
0.00106942
0.00111409
0.000474294
0.000432931
0.000403467
0.000402637
0.000890997
0.000476856
0.000286639
0.000382519
0.000211028
0.000203103
0.00782838
1.00281e-11
9.87896e-12
9.88136e-12
1.00723e-11
9.92282e-12
9.92598e-12
9.53431e-12
1.23069e-11
2.08768e-09
2.59317e-07
1.80302e-06
1.17303e-05
3.63284e-05
7.10659e-05
6.69804e-05
3.10307e-05
2.9686e-05
2.26832e-05
1.67745e-05
1.07439e-05
1.03758e-05
8.03998e-06
7.09727e-06
1.56291e-05
1.14913e-05
9.00204e-06
9.93252e-06
9.38144e-06
9.15267e-06
8.49484e-06
7.27059e-06
6.41923e-06
6.4595e-06
6.18372e-06
5.07183e-06
6.93192e-06
6.21392e-06
6.91732e-06
9.09954e-06
8.43059e-06
7.0598e-06
5.20202e-06
6.52055e-06
1.65717e-05
1.23208e-05
1.13363e-05
1.26125e-05
1.21967e-05
1.17134e-05
8.59427e-06
1.0062e-05
6.51731e-06
7.60821e-06
6.80615e-06
6.14606e-06
6.11653e-06
6.45593e-06
6.70873e-06
4.45928e-06
6.15938e-06
5.26424e-06
6.46049e-06
5.34863e-06
6.04925e-06
5.09865e-06
5.18031e-06
5.95995e-06
5.07586e-06
5.92877e-06
5.68465e-06
5.80384e-06
5.95808e-06
6.17718e-06
6.35558e-06
6.57127e-06
5.60813e-06
6.07628e-06
6.03341e-06
6.6326e-06
5.42098e-06
5.87686e-06
5.90065e-06
7.98143e-06
8.77728e-06
7.92719e-06
0.000144994
5.55462e-06
5.96324e-06
6.00083e-06
6.99167e-06
9.44976e-06
1.1328e-05
1.16161e-05
1.33104e-05
2.5706e-05
2.89351e-05
5.26088e-05
9.63245e-05
0.000188937
0.000335971
0.00106129
0.00508538
0.0105926
0.0117352
0.0171315
0.016846
0.0157502
0.0133884
0.0097724
0.00622466
0.0037301
0.00339972
0.00290253
0.00282163
0.00131813
0.0012131
0.000445107
0.000390446
0.000250136
7.06911e-05
8.55197e-05
1.49671e-05
6.34296e-05
4.13903e-05
0.000104409
0.00022825
0.000518423
0.000777176
0.00109724
0.00133065
0.00202365
0.00226778
0.0033494
0.0041391
0.00501217
0.00662663
0.00648513
0.0074727
0.00772606
0.0107452
0.0111103
0.0161473
0.0137715
0.0420367
0.00793122
0.00674116
0.00818298
0.0146598
0.00966666
0.00907707
0.0054024
0.00495448
0.00429788
0.0039151
0.00333136
0.00342857
0.00342545
0.00303765
0.00269828
0.00258405
0.00286982
0.00267638
0.00253097
0.00242628
0.00216657
0.00252481
0.00285368
0.0022
0.00212761
0.00235946
0.0023308
0.00219207
0.00180706
0.00229799
0.00230527
0.00219155
0.00134427
0.000941554
4.36921e-05
0.000251502
5.22044e-08
0.000747271
0.000106888
4.12088e-05
0.00102249
0.00193905
0.00106418
0.00406209
0.00344306
0.00256099
0.00568951
0.00419042
0.00413739
0.00199742
0.00178005
0.00362587
0.00147295
0.00107592
0.000880769
0.00075867
0.000555743
1.44659e-06
0.00162289
0.000183255
9.96424e-05
0.00200067
8.08884e-05
0.000906788
0.000405539
0.000211675
5.04027e-06
0.00127701
2.81467e-05
0.000473142
0.00636828
0.00897515
0.00565718
0.00573052
0.0032181
0.00279585
0.00322696
0.00179259
0.00589633
9.55469e-12
9.57102e-12
9.58109e-12
9.57692e-12
9.53497e-12
9.44208e-12
9.43399e-12
4.59031e-11
7.45224e-10
4.853e-07
1.78167e-05
1.41445e-05
3.84218e-05
0.000209462
0.000219726
0.000222543
8.61623e-05
6.26651e-05
4.12291e-05
2.72367e-05
2.51307e-05
1.64933e-05
1.24559e-05
1.27122e-05
1.11082e-05
1.08218e-05
9.243e-06
8.32973e-06
5.62005e-06
5.27872e-06
6.53637e-06
6.98798e-06
5.5044e-06
6.34501e-06
6.1673e-06
6.19567e-06
5.37257e-06
4.12712e-06
5.9884e-06
4.02433e-06
5.57272e-06
5.62666e-06
6.38318e-06
4.92684e-06
8.4283e-06
8.80099e-06
9.03875e-06
7.81858e-06
8.11475e-06
6.66711e-06
7.8263e-06
5.52063e-06
5.64888e-06
6.58198e-06
6.0486e-06
1.23812e-05
1.0393e-05
9.86886e-06
1.00305e-05
8.62666e-06
8.44348e-06
8.53825e-06
8.13582e-06
7.03513e-06
7.80618e-06
7.83591e-06
7.1479e-06
8.38013e-06
8.0584e-06
7.94473e-06
8.15023e-06
8.04414e-06
8.29504e-06
7.2641e-06
8.92711e-06
8.22223e-06
8.32966e-06
8.5444e-06
8.85422e-06
8.46077e-06
3.45446e-06
3.58928e-06
3.58623e-06
4.62536e-06
6.10763e-06
6.94562e-06
1.08746e-05
1.62043e-05
2.08982e-05
4.11869e-05
8.13088e-05
0.000127763
0.000254451
0.000167653
0.00143288
0.00607706
0.0122634
0.0190408
0.0208478
0.0170702
0.0133587
0.0141821
0.00808521
0.00562843
0.00365511
0.00290562
0.0019767
0.00108902
0.000839694
0.000790709
0.000598138
0.000827647
0.000843555
0.000205182
3.11215e-05
3.96824e-05
1.38269e-05
2.85111e-05
3.95937e-06
1.98944e-05
0.000529285
0.00056317
0.000802869
0.00172951
0.00254683
0.00313587
0.00356832
0.00349007
0.00580821
0.00651599
0.0096252
0.010096
0.0129317
0.0117229
0.0145911
0.00583946
0.0140891
0.00555998
0.0048188
0.00484348
0.00455147
0.00453455
0.00443086
0.00385938
0.00410129
0.00467249
0.00410721
0.00457003
0.00474128
0.00419265
0.00405744
0.00367445
0.00406752
0.00333236
0.00387326
0.00385141
0.00401009
0.0038421
0.00372911
0.00382203
0.00351603
0.00374118
0.00387856
0.00351732
0.00385858
0.00167674
0.000882168
8.9023e-06
0.000122198
6.58226e-05
0.000381126
0.000699183
0.000117293
0.000130248
0.00265892
0.00158829
0.00338824
0.00202489
0.00400899
0.0070398
0.0047121
0.0141358
0.00823641
0.0100168
0.00966798
0.00666326
0.0107632
0.0106334
0.00804578
0.0109458
0.010799
0.00610997
0.0125442
0.00860132
0.00898553
0.00895056
0.00594374
0.00821258
0.00470766
0.00326326
0.00299006
0.00272835
0.00170732
0.00153124
0.00484457
0.00277835
0.00298579
0.00170229
0.00166508
0.000997521
0.000316967
1.71704e-11
1.72543e-11
1.74075e-11
1.74878e-11
1.76981e-11
1.80481e-11
1.80057e-11
1.72603e-11
9.48193e-10
2.60833e-07
9.0606e-06
0.00144736
0.00448307
0.00413988
0.00469166
0.00271531
0.00122611
0.000775872
0.000448178
0.000193184
0.000159547
8.81469e-05
7.40262e-05
4.56301e-05
3.98075e-05
2.58558e-05
2.29851e-05
1.87206e-05
1.76818e-05
1.94703e-05
1.53635e-05
1.56149e-05
1.24031e-05
1.31358e-05
1.0722e-05
1.07214e-05
9.37536e-06
9.46378e-06
9.50909e-06
1.06811e-05
1.10833e-05
9.18452e-06
1.02629e-05
1.12931e-05
1.01559e-05
9.6556e-06
9.79819e-06
9.57552e-06
8.97738e-06
8.91006e-06
1.1684e-05
8.97725e-06
8.90156e-06
1.09522e-05
1.10829e-05
6.22489e-06
6.48225e-06
6.93792e-06
6.44424e-06
6.21732e-06
6.46415e-06
6.14604e-06
6.54818e-06
6.35857e-06
6.36289e-06
6.74759e-06
6.7363e-06
7.06626e-06
6.9008e-06
7.95957e-06
7.51642e-06
6.73092e-06
7.35349e-06
7.75405e-06
7.90277e-06
8.14092e-06
8.9319e-06
8.32291e-06
8.32185e-06
9.61448e-06
1.00252e-05
1.15643e-05
1.27696e-05
1.19523e-05
1.96964e-05
2.15528e-05
5.06522e-05
8.6984e-05
0.000161078
0.000286018
0.000111469
7.84973e-07
0.00480926
0.00507279
0.0113171
0.0133641
0.0124676
0.0106359
0.00749814
0.00594716
0.00305365
0.00204652
0.00221106
0.000995641
0.000404936
7.38172e-05
8.1683e-05
0.000282985
3.45665e-05
1.09685e-05
8.41343e-05
3.84043e-05
0.000152717
0.000659606
0.000863473
0.00115517
0.00186654
0.00497413
0.0054586
0.00596891
0.00692328
0.0085333
0.0106655
0.0115173
0.0157188
0.0155883
0.0211876
0.0187333
0.0230442
0.0201796
0.0276993
0.0378231
0.0277077
0.0259362
0.0275331
0.0240001
0.020054
0.00306491
0.00323813
0.00336339
0.00374869
0.00331419
0.00376716
0.0033838
0.0034991
0.00380813
0.00370652
0.00396223
0.00446893
0.00407419
0.0041676
0.0042244
0.00439091
0.00437624
0.0042704
0.00531439
0.00440275
0.00518818
0.00464679
0.00463226
0.00465
0.0039735
0.00407078
0.000777464
0.00181193
0.00180248
0.000629721
0.000591724
0.00116406
0.000865013
2.84211e-06
0.000106271
8.83774e-05
2.60437e-05
0.00167408
0.00223712
0.00070737
0.00190656
0.00153887
0.00252411
0.00132188
0.00171478
0.0072386
0.00569932
0.00579547
0.00840228
0.013704
0.00781192
0.0098053
0.00913927
0.00609998
0.00886257
0.00692705
0.00753748
0.00740625
0.00674802
0.00655808
0.00476739
0.00326606
0.00271907
0.00197478
0.000940184
4.08723e-05
3.54159e-06
0.000940193
0.00137009
0.00420514
0.00781098
0.0154932
0.0202214
0.0279879
0.0221124
0.0181275
0.0169717
0.0153139
0.018348
0.016675
0.017909
0.0106009
0.0148191
0.0187708
0.0041867
0.00409195
0.00439814
0.00462951
0.00569243
5.94254e-11
7.96741e-11
9.93554e-11
1.20698e-10
9.37674e-10
2.09986e-08
2.51433e-06
3.31394e-05
4.69562e-05
5.03535e-05
4.41101e-05
2.40901e-05
1.62444e-05
1.1758e-05
6.75716e-06
5.63762e-06
5.5982e-06
4.72923e-06
3.80375e-06
3.96928e-06
3.63417e-06
4.05184e-06
3.18196e-06
3.04411e-06
2.8357e-06
2.33235e-06
1.81351e-06
2.39309e-06
1.96712e-06
1.87534e-06
1.94462e-06
1.92612e-06
2.00414e-06
1.49064e-06
1.7768e-06
1.60413e-06
4.24582e-06
3.25747e-06
3.46804e-06
4.05102e-06
2.95793e-06
2.78223e-06
3.43695e-06
2.87401e-06
3.36656e-06
3.05175e-06
2.95941e-06
2.94917e-06
2.70023e-06
2.77757e-06
2.64795e-06
2.83336e-06
2.78e-06
2.60962e-06
2.65496e-06
2.5774e-06
2.55455e-06
2.46959e-06
1.99046e-06
2.29111e-06
2.35184e-06
2.56897e-06
2.66569e-06
2.13835e-06
2.22104e-06
2.50252e-06
2.48378e-06
2.50106e-06
1.40464e-05
9.46458e-06
8.22372e-06
5.93887e-06
4.46605e-06
4.20722e-06
3.92088e-06
3.81451e-06
3.66983e-06
3.74653e-06
3.75296e-06
1.11723e-06
1.02286e-06
1.10063e-06
1.25302e-06
1.45789e-06
1.71915e-06
2.05422e-06
2.83849e-06
3.77716e-06
9.263e-06
1.39621e-05
5.40718e-05
6.09974e-05
0.000132614
0.00066742
0.00507448
0.0120679
0.0174666
0.0198118
0.0256441
0.0270251
0.0247596
0.0187794
0.0165818
0.0177421
0.0107
0.00834683
0.00749586
0.00361184
0.00349874
0.00294931
0.00249738
0.00222205
0.00135052
0.00158345
0.000710735
0.000576157
0.000644568
0.000231164
0.000149891
8.32839e-05
2.95525e-05
0.000101524
3.18265e-05
0.000230943
0.00245452
0.00238365
0.00392422
0.00521862
0.00708012
0.00906042
0.00929077
0.00403294
0.00403176
0.0039121
0.00598884
0.00745691
0.010279
0.0121227
0.0152961
0.008986
0.0064765
0.00245008
0.00223171
0.00246716
0.00239719
0.00247021
0.00251823
0.00214924
0.00251818
0.00211897
0.00242334
0.0023006
0.00210197
0.00224412
0.00226764
0.00227998
0.00219059
0.00222066
0.00225234
0.00235786
0.00199836
0.00233285
0.0021349
0.00249896
0.00207745
0.00208295
0.00213006
0.00207153
0.0010626
0.00168529
0.000145058
0.00117518
4.32117e-07
1.25282e-05
0.00025607
0.0011552
0.000896299
0.00537364
0.0059099
0.00541035
0.00843021
0.00678069
0.00917853
0.00970736
0.0152109
0.013606
0.00817039
0.0120349
0.0105794
0.00762107
0.0112496
0.00908873
0.00376863
0.00277985
0.00535828
0.00394214
0.00275466
0.00267691
0.00145072
0.0015604
0.000555721
0.00104599
0.00116311
0.000904624
0.000208827
0.00036279
0.000703502
0.000166426
0.000374437
0.000492482
0.000460554
0.00100773
0.00184905
8.53734e-12
8.65323e-12
8.55787e-12
8.68795e-12
8.662e-12
8.5673e-12
8.22894e-12
2.58024e-10
1.77948e-06
1.6917e-06
2.43885e-05
4.89832e-05
0.000144376
9.6525e-05
3.46412e-05
2.47458e-05
1.41918e-05
1.3226e-05
1.77001e-05
1.74737e-05
1.0606e-05
1.00221e-05
1.16343e-05
9.16888e-06
1.03331e-05
9.79207e-06
8.30964e-06
6.66226e-06
7.83195e-06
7.07596e-06
6.10765e-06
5.24933e-06
5.53271e-06
5.07149e-06
5.31465e-06
9.80146e-06
8.03126e-06
7.93823e-06
8.08778e-06
8.97436e-06
6.48029e-06
6.41831e-06
6.41907e-06
6.18276e-06
5.77286e-06
5.73928e-06
5.01352e-06
5.9019e-06
5.04305e-06
4.74014e-06
4.27554e-06
4.3668e-06
5.41979e-06
4.41688e-06
4.40907e-06
4.12526e-06
4.37268e-06
4.1415e-06
4.55451e-06
4.20065e-06
4.52781e-06
4.49535e-06
4.5571e-06
5.12613e-06
4.88333e-06
4.507e-06
5.57843e-06
6.26517e-06
4.83157e-06
4.89832e-06
4.88259e-06
6.20011e-06
6.26593e-06
7.3261e-06
9.47913e-06
1.31347e-05
1.75627e-05
2.68559e-05
5.23786e-05
9.0361e-05
5.03968e-05
0.000425895
0.0061921
0.0138122
0.018407
0.019332
0.0183584
0.0147519
0.0157919
0.0113983
0.00984436
0.00470157
0.00613113
0.00347858
0.00176895
0.000747665
0.00078411
0.000577075
0.00049446
0.000280349
0.000131458
7.57475e-05
6.4125e-06
2.18444e-09
0.000287436
0.000448058
0.000937439
0.00135312
0.00233356
0.00306999
0.00382456
0.00409967
0.00488681
0.00571346
0.00691949
0.00886904
0.0113142
0.0134208
0.0152696
0.0646381
0.0154336
0.00897996
0.00670017
0.0056895
0.00468051
0.00420682
0.00377823
0.00335045
0.00321979
0.00282622
0.0026199
0.0024393
0.00220582
0.00225465
0.0021069
0.00221021
0.00233423
0.00207022
0.00259806
0.00201984
0.00207127
0.00222027
0.00223512
0.00189413
0.00199147
0.00211159
0.00205387
0.00170415
0.0017882
0.00126998
0.000298341
6.71879e-05
6.99928e-05
0.000159335
0.000501855
0.000645933
0.000432574
0.0039424
0.00644742
0.00555074
0.00528878
0.00361859
0.00307125
0.00772969
0.00220773
0.00314971
0.00282022
0.00204167
0.0021386
0.00179029
0.00020887
0.00119798
0.000112054
0.000242407
0.00151032
6.06012e-06
0.00119185
0.000525535
0.000147083
0.000223051
0.00103169
1.53407e-06
0.000509221
4.49952e-05
0.00144364
0.000698918
0.00193506
1.69578e-05
0.0147022
0.00932375
0.00601648
0.017181
0.00827752
0.00665273
0.00858397
1.02101e-11
1.02454e-11
1.02462e-11
1.02476e-11
1.02404e-11
1.00842e-11
2.12337e-10
1.95006e-06
3.05708e-05
0.000107663
0.000242537
0.000213996
0.00028208
0.000108301
6.55953e-05
4.10465e-05
3.30557e-05
2.57597e-05
1.8642e-05
1.26398e-05
9.52783e-06
1.26144e-05
1.24932e-05
1.03949e-05
7.6176e-06
6.72492e-06
6.80188e-06
6.74944e-06
6.39858e-06
6.94589e-06
8.58244e-06
7.38274e-06
8.31374e-06
6.79561e-06
6.42274e-06
6.63323e-06
7.79037e-06
6.85538e-06
5.48907e-06
1.15475e-05
1.11412e-05
8.79141e-06
8.46256e-06
7.74344e-06
6.885e-06
8.08484e-06
6.94582e-06
6.00664e-06
1.61564e-05
1.42875e-05
1.38157e-05
1.10028e-05
1.06728e-05
1.08429e-05
9.38484e-06
1.01617e-05
9.91396e-06
9.53939e-06
8.86936e-06
9.9584e-06
8.71447e-06
9.31973e-06
9.32677e-06
9.15716e-06
1.02771e-05
1.04498e-05
9.74289e-06
1.00069e-05
9.22425e-06
9.32249e-06
3.75334e-06
3.81603e-06
4.04163e-06
4.90827e-06
5.48693e-06
6.90071e-06
9.73363e-06
1.34387e-05
1.79245e-05
2.9128e-05
5.85768e-05
8.94085e-05
0.000103471
7.77885e-07
0.000238737
0.00283517
0.00818303
0.0194192
0.0190076
0.0154305
0.0119057
0.00849538
0.00639888
0.00637415
0.0040031
0.00290693
0.00241989
0.00185841
0.00133676
0.000937827
0.000971102
0.00056356
0.00106321
0.000532622
0.000104014
7.23266e-05
6.4109e-05
4.62034e-05
3.48265e-05
7.99097e-06
6.52346e-08
6.46652e-05
5.67279e-05
0.000566001
0.00168365
0.00275675
0.00279465
0.00314268
0.00458743
0.00506128
0.00650672
0.00860781
0.00838723
0.00893408
0.0100371
0.0115869
0.0141954
0.0140271
0.00985249
0.00652682
0.00607995
0.00545699
0.00596139
0.00496522
0.00521945
0.00504648
0.00561101
0.004107
0.00475089
0.00439197
0.00451231
0.00427524
0.00415122
0.00377157
0.00403928
0.00407316
0.00389581
0.00368145
0.00406109
0.00390106
0.00374997
0.00372392
0.00412988
0.00410603
0.00376178
0.00336966
0.00372228
0.00339499
0.0032814
0.00346199
0.00152475
0.00129441
1.8056e-05
0.000506112
0.000616863
8.11991e-05
3.55449e-05
0.000273439
6.03822e-05
0.00198384
0.000603016
0.00147593
0.00446516
0.00499548
0.00645593
0.00585697
0.00834609
0.00993056
0.00934506
0.00891569
0.00835183
0.00922097
0.0128748
0.0104472
0.0115831
0.012675
0.0104561
0.00871895
0.00837096
0.0135873
0.00995379
0.00709258
0.00495767
0.00735301
0.00595569
0.00557277
0.0058299
0.00959505
0.00185211
0.00356184
0.00153231
1.33868e-05
1.46853e-11
1.47873e-11
1.49899e-11
1.47854e-11
1.49446e-11
1.52016e-11
1.98974e-09
2.94654e-07
1.07173e-05
0.00106648
0.00426021
0.00598203
0.00337916
0.00132239
0.00114622
0.000408809
0.000329548
0.000184413
8.21214e-05
6.87856e-05
3.6546e-05
2.97092e-05
1.78374e-05
1.90542e-05
1.46678e-05
1.41128e-05
1.24091e-05
1.31618e-05
1.01556e-05
1.09735e-05
1.00699e-05
9.86031e-06
7.00165e-06
7.25515e-06
8.12847e-06
6.95544e-06
7.19828e-06
8.06797e-06
7.25967e-06
6.72556e-06
7.3977e-06
6.88876e-06
7.03883e-06
6.45933e-06
6.64719e-06
6.96517e-06
6.61868e-06
6.9071e-06
7.06421e-06
7.84833e-06
8.09386e-06
7.97726e-06
7.60355e-06
9.58083e-06
6.21223e-06
6.09799e-06
6.5863e-06
7.03003e-06
7.5696e-06
9.84517e-06
8.71277e-06
6.66709e-06
7.04921e-06
7.10601e-06
6.50286e-06
1.51362e-05
1.34614e-05
1.33346e-05
1.36579e-05
1.25258e-05
1.27912e-05
1.1372e-05
1.64122e-05
1.88329e-05
1.70543e-05
1.68253e-05
1.61288e-05
1.4634e-05
1.44715e-05
1.44876e-05
1.44472e-05
6.30913e-06
6.7836e-06
7.06892e-06
8.55104e-06
1.33534e-05
1.98405e-05
3.0211e-05
3.14544e-05
0.000103001
0.000192693
0.000336198
0.000338173
0.000919503
0.00549037
0.0102471
0.0147551
0.013868
0.0122461
0.00851957
0.00717051
0.00425416
0.00262573
0.00308237
0.00109799
0.000951745
0.000878449
0.000898247
0.000987824
0.000674364
0.000340062
0.000304503
0.000240756
0.000112855
3.09366e-06
2.30406e-06
4.29355e-06
0.000208331
0.000234439
0.000349512
0.000493723
0.00097533
0.00301147
0.00774407
0.00524609
0.00608425
0.00604947
0.0114331
0.0108921
0.0120082
0.0192825
0.0225397
0.0231643
0.0190187
0.0171108
0.0250975
0.029264
0.0466626
0.0309913
0.00339871
0.00372284
0.00373366
0.00382881
0.00400153
0.00400869
0.00395038
0.00453619
0.00411926
0.00447693
0.00467378
0.00416882
0.00419002
0.00421128
0.00400605
0.00432864
0.00456046
0.00442248
0.00343616
0.00138238
0.00254541
0.000168858
0.000437522
1.03568e-05
6.16798e-06
1.7682e-05
8.25808e-05
0.000475419
0.00033395
0.000380335
0.00409
0.00302332
0.0037137
0.00220245
0.0050702
0.00467887
0.00523368
0.00510963
0.0114753
0.00548446
0.0140891
0.00746607
0.0087846
0.00863265
0.0115609
0.00971263
0.010132
0.00861918
0.00815981
0.00835753
0.00635094
0.0071671
0.0074315
0.00577254
0.00520826
0.00810018
0.00471717
0.00431638
0.00683371
0.00358288
0.0031862
0.00378263
0.00198572
0.00102561
0.0011154
0.000718146
0.000810158
0.000226615
6.71685e-05
4.71609e-06
1.14436e-07
0.000292859
0.000672106
0.00104218
0.00329239
0.007852
7.81672e-11
8.64227e-11
9.9937e-11
1.15452e-10
1.38538e-10
1.72025e-10
2.16032e-10
2.52442e-10
1.50798e-08
9.22446e-07
1.13173e-05
5.72224e-05
0.000490376
0.000662217
0.000580655
0.000177588
0.000165202
0.000123798
3.69599e-05
2.24142e-05
1.54806e-05
1.27698e-05
1.20589e-05
1.01697e-05
1.12279e-05
9.60862e-06
9.48287e-06
8.34002e-06
8.13422e-06
7.3352e-06
7.38383e-06
6.58239e-06
6.90423e-06
5.23582e-06
4.93471e-06
6.53426e-06
5.46467e-06
5.84106e-06
5.95541e-06
8.11915e-06
7.56206e-06
6.48886e-06
1.65364e-05
1.87642e-05
1.7035e-05
1.39749e-05
1.84375e-05
1.68256e-05
1.51559e-05
1.44374e-05
1.15719e-05
9.3937e-06
9.5335e-06
9.1083e-06
8.30997e-06
7.9371e-06
8.29345e-06
9.38951e-06
9.99378e-06
9.75828e-06
8.726e-06
1.04852e-05
9.62157e-06
1.12079e-05
1.12698e-05
8.94811e-06
9.15071e-06
9.1821e-06
1.0097e-05
9.90182e-06
8.66184e-06
1.10268e-05
7.74757e-05
4.86388e-05
3.50406e-05
2.96315e-05
2.25555e-05
1.98107e-05
1.77461e-05
1.64586e-05
1.69741e-05
1.68765e-05
1.74347e-05
1.52681e-05
3.67812e-06
3.83334e-06
3.9956e-06
4.30872e-06
5.17143e-06
5.71447e-06
7.10033e-06
9.73458e-06
1.66394e-05
2.35849e-05
4.36031e-05
5.63661e-05
0.000252777
0.000375135
0.00398224
0.00848835
0.0133797
0.0143616
0.0146897
0.0116391
0.0102311
0.00524745
0.00365046
0.00173272
0.00127274
0.000921289
0.000598653
0.000461729
8.64641e-05
0.00016639
2.27578e-05
4.28615e-06
1.52939e-05
2.59904e-05
6.32263e-05
0.000458924
0.000214773
0.000862695
0.000986569
0.00197621
0.00156011
0.00169742
0.00248486
0.0025126
0.0040444
0.00468498
0.00379168
0.00280152
0.00315788
0.00238234
0.00390166
0.00324554
0.0024355
0.00246362
0.00195021
0.00189932
0.00243166
0.00163702
0.00218967
0.00230159
0.00153614
0.00143098
0.00151619
0.00109288
0.00141107
0.000868002
0.00110876
0.00134868
0.00166316
0.000970262
0.00110046
0.0010514
0.00078859
0.000918559
0.00126534
0.000663539
0.000814461
0.000793192
0.000899251
0.000420214
0.000557804
0.000775102
0.000793557
0.000320753
0.000607787
0.000933399
0.000782915
0.00027911
0.000292367
0.000513427
0.000170988
0.000320692
0.000337114
0.000183638
0.000218909
7.37563e-05
0.000512252
0.000318064
0.000133773
0.000314906
9.22059e-05
0.00010194
0.000199132
0.000101143
0.000368143
5.24732e-05
0.000176414
0.000189439
0.000319283
0.000233544
0.000271241
0.000169534
8.19063e-05
7.34069e-06
0.000131486
0.000129187
0.000125828
0.000124331
0.000123237
0.000122595
0.000137838
0.000134895
0.000134553
0.000129091
0.000126991
0.000117947
0.000160481
0.000145004
0.000141074
0.000150884
0.000148367
0.000164072
0.000152327
0.000144508
0.000153108
0.000139473
0.000136482
0.000144193
0.000141451
0.000142403
0.000119069
0.000117067
0.000118565
0.000134469
0.00011721
0.000116655
0.000124639
0.000126581
0.000125061
7.62276e-05
7.87301e-05
7.97904e-05
9.99531e-05
0.000101528
0.000105452
8.68095e-05
9.53275e-05
0.00010089
0.000124283
0.000151603
0.000160165
0.000158903
0.000170177
0.000198751
0.000219901
0.000227653
0.000225131
0.000272482
0.000289903
0.000345723
0.000376428
0.000573499
0.000628645
0.000640103
0.000710947
0.000824598
0.000921175
0.00100073
0.001151
0.00167049
0.00235734
0.00274163
0.00318853
0.00391866
0.00443117
0.00517728
0.00771694
0.0091057
0.00806087
0.00876874
0.00594865
0.00213113
0.00122075
0.00213634
0.00122621
0.000504574
0.00275995
0.00417029
0.00283909
0.00133457
0.00269597
0.00292344
0.00060628
0.000301726
0.00101092
0.00212822
0.00112384
0.00111899
0.000625238
0.00240129
0.00290598
0.00201748
0.000622893
0.00198508
0.00151674
0.00129957
0.00099718
0.00411467
0.0028613
0.00325097
0.00204861
0.0053232
0.0042129
0.00440433
0.00215415
0.00577939
0.00717839
0.00535215
0.0058838
0.00461758
0.0104206
0.00806147
0.0150346
0.0114136
0.0114476
0.012779
0.00966982
0.00534151
0.000680115
0.000701452
0.000580649
0.00727927
0.000635149
0.000641554
0.000672035
0.000673021
0.000687635
0.000808822
0.000706654
0.00073989
0.000641408
0.000642376
0.000656667
0.000633675
0.000634431
0.000661407
0.000799747
0.000687797
0.000686933
0.000702343
0.000708602
0.000734908
0.000750355
0.000805647
0.000846493
0.000780431
0.000853583
0.00084729
0.000864342
0.000851513
0.000947179
0.000937665
0.000958978
0.00094334
0.000947471
0.000927673
0.000967382
0.00100034
0.000989149
0.00100808
0.00107935
0.00106551
0.00107292
0.00100643
0.000975865
0.000965639
0.000988462
0.00100327
0.00100932
0.00105344
0.00112477
0.000523729
0.000442805
0.000243554
0.00100523
0.000994272
0.00101957
0.00104324
0.00105696
0.000350208
0.00104999
0.00103693
0.00107009
0.00109996
0.0010508
0.00107154
0.00112495
0.00067665
0.000974779
0.000963205
0.000624649
0.000658064
0.00040163
2.65186e-06
2.54465e-06
3.02102e-05
7.44794e-06
7.23615e-06
8.84236e-05
8.67086e-05
0.000224564
0.000133006
0.000130728
0.000347162
0.000902831
0.00118482
0.0016778
0.00329933
0.00323143
0.00392504
0.00306357
0.00339179
0.00303948
0.00297168
0.00440025
0.00604298
0.00587658
0.00590032
0.00505108
0.00490729
0.00507059
0.0100165
0.0109134
0.0050478
0.00530213
0.0113136
0.0107829
0.0113691
0.0107578
0.0106535
0.00872216
0.00860389
0.0113556
0.0105101
0.0106675
0.00865052
0.00791338
0.00863856
0.00534164
0.00683124
0.00892731
0.00891695
0.00780308
0.00729583
0.00448653
0.00421878
0.00501915
0.00465362
0.00397207
0.00358576
0.00343062
0.00304125
0.00224564
0.00233391
0.00281392
0.0021633
0.00184592
0.00191187
0.000193554
0.000239846
0.000498818
0.000493738
0.000213034
1.43052e-05
3.16532e-05
4.707e-05
2.57251e-05
5.18852e-08
0.000140892
5.31616e-05
5.55911e-06
4.87258e-05
1.04547e-05
0.000250176
0.000261113
0.000113261
5.05735e-05
0.00090646
0.000664071
2.05861e-05
0.000767396
0.000257948
0.000113197
1.97416e-05
3.31543e-05
4.36565e-06
5.31531e-05
0.000725921
0.000311558
0.000265673
0.000404104
3.23464e-06
0.0042152
6.81668e-12
6.81801e-12
6.81628e-12
6.81944e-12
6.81946e-12
6.82245e-12
6.83255e-12
6.82885e-12
6.91866e-12
6.90738e-12
7.25872e-12
1.5749e-11
1.64167e-11
1.6472e-11
3.44755e-09
8.12917e-07
8.13828e-07
8.04428e-07
8.22435e-07
1.34587e-05
1.32485e-05
2.26945e-05
2.23282e-05
2.89444e-05
2.82991e-05
1.87031e-05
1.83046e-05
1.10212e-05
1.08557e-05
1.08668e-05
6.90888e-06
6.90686e-06
4.40022e-06
4.35667e-06
3.0028e-06
2.99304e-06
3.00221e-06
2.79844e-06
2.8421e-06
2.84781e-06
3.59457e-06
2.69498e-06
2.71325e-06
2.17058e-06
2.18941e-06
1.90276e-06
1.92526e-06
2.19702e-06
2.25586e-06
2.59968e-06
2.95266e-06
3.00845e-06
3.02584e-06
3.26797e-06
3.36355e-06
3.00266e-06
3.03364e-06
3.06106e-06
2.61562e-06
2.42727e-06
2.45023e-06
2.47797e-06
2.05817e-06
2.00656e-06
2.02101e-06
2.43249e-06
2.42012e-06
2.35246e-06
2.38014e-06
3.02493e-06
3.0076e-06
2.60233e-06
2.65652e-06
2.35448e-06
2.33065e-06
2.83872e-06
2.65744e-06
3.35926e-06
3.38099e-06
3.39229e-06
3.3899e-06
3.10645e-06
3.10487e-06
3.12775e-06
2.78485e-06
2.62436e-06
2.64717e-06
2.69834e-06
2.66857e-06
2.66878e-06
2.67056e-06
2.197e-06
2.21933e-06
2.9679e-06
2.97232e-06
2.51679e-06
2.56472e-06
3.02787e-06
3.14244e-06
3.30743e-06
3.42696e-06
3.10391e-06
3.21717e-06
3.78204e-06
4.0232e-06
3.75042e-06
3.27372e-06
3.46587e-06
3.57103e-06
3.7292e-06
3.50997e-06
3.71309e-06
4.15327e-06
4.09505e-06
3.43476e-06
3.99724e-06
3.95542e-06
4.65491e-06
3.78858e-06
4.41132e-06
4.32424e-06
4.67522e-06
5.4801e-06
5.41214e-06
5.25725e-06
5.48782e-06
5.006e-06
5.42916e-06
5.8043e-06
6.88136e-05
3.84458e-05
2.13495e-05
1.3705e-05
1.0068e-05
8.55143e-06
7.04595e-06
6.27534e-06
5.39128e-06
5.24553e-06
5.19891e-06
4.98118e-06
4.8623e-06
4.83723e-06
4.76316e-06
4.86296e-06
4.95183e-06
4.90938e-06
4.96023e-06
5.2936e-06
5.29417e-06
4.98385e-06
4.95284e-06
4.98947e-06
4.62285e-06
4.16518e-06
4.29437e-06
4.75409e-06
4.86202e-06
4.85814e-06
4.98756e-06
5.2436e-06
5.21339e-06
4.89159e-06
1.61863e-06
1.67048e-06
1.51095e-06
1.6081e-06
2.04264e-06
2.09186e-06
2.17493e-06
2.10863e-06
2.29981e-06
2.33373e-06
2.67617e-06
2.70752e-06
3.06271e-06
2.9885e-06
3.69846e-06
4.52017e-06
4.84101e-06
4.70458e-06
6.08093e-06
6.33094e-06
9.45609e-06
8.96357e-06
1.30108e-05
1.40006e-05
2.28164e-05
2.51489e-05
1.87891e-05
3.45325e-05
3.73903e-05
6.34106e-05
7.07543e-05
7.43171e-05
0.000140858
0.000156995
0.000120769
0.00028194
7.79289e-05
0.000734085
0.000716619
0.000525077
0.00477063
0.0041724
0.00963959
0.0100036
0.0163684
0.0163035
0.0149866
0.018181
0.0179959
0.0204092
0.0225969
0.0206804
0.0229916
0.0218068
0.0208576
0.0198743
0.0181481
0.0182561
0.0152749
0.0141268
0.0125892
0.0058914
0.00630365
0.00498212
0.00680373
0.00556244
0.00407868
0.00474643
0.00345849
0.00233009
0.0027309
0.0017199
0.00156963
0.00171337
0.00127823
0.00158817
0.00157552
0.000688628
0.00074206
0.000354074
0.000925386
0.00063337
0.000355268
0.00035551
0.000359629
0.000418115
0.000543274
8.44414e-05
0.000104013
1.96688e-06
7.19356e-06
2.29445e-05
1.76246e-06
4.59873e-07
3.82293e-06
0.000188715
0.000123592
0.000245896
0.000190528
0.00025834
0.000296192
0.000449157
0.000931036
0.00119358
0.00096388
0.000937941
0.000866108
0.00121077
0.00194194
0.00201412
0.00188506
0.00207077
0.00244988
0.00211664
0.00236594
0.00292311
0.00333678
0.00302474
0.00317216
0.00266463
0.00277001
0.00350476
0.00443574
0.00299037
0.00208847
0.00172645
0.00405764
0.00223941
0.00307471
0.00234174
0.00288453
0.00309946
0.00242013
0.00570548
0.00423864
0.00671872
0.00510576
0.00513271
0.00243387
0.0069643
0.00513
0.00777986
0.00617057
0.00356875
0.00226001
0.00435624
0.00235687
0.00230736
0.00246868
0.00236368
0.00236045
0.00208443
0.00208166
0.00239532
0.0023623
0.00226702
0.00220118
0.0022276
0.00221671
0.00257979
0.00252811
0.00233394
0.00233506
0.00226435
0.00223624
0.00220517
0.0022095
0.00236669
0.0022803
0.00207555
0.00216937
0.0019114
0.00190074
0.00217268
0.00218149
0.00222298
0.00215442
0.00227541
0.00211195
0.00205047
0.00209323
0.00202602
0.00203278
0.00210836
0.00214012
0.00207963
0.00211429
0.00231951
0.00237602
0.00208838
0.00203263
0.00208405
0.00200702
0.00195654
0.00195955
0.00231997
0.00228546
0.00182186
0.00178242
0.00180704
0.0020744
0.00202277
0.00202832
0.00189588
0.00190778
0.00190679
0.00186528
0.00163406
0.000214115
7.99045e-05
0.000400522
0.000391868
0.000298741
0.000113718
0.000111179
1.41607e-05
1.13425e-05
0.000824996
0.00117254
0.00144335
0.000236857
0.00023091
0.000293482
0.00159265
0.00154596
0.001883
0.00210971
0.00294655
0.000632656
0.000615689
0.000838246
0.0021934
0.0021196
0.00256208
0.00130497
0.00126346
0.00193277
0.00573986
0.0060119
0.00503387
0.0047953
0.00639991
0.00583523
0.00571077
0.00573684
0.00497104
0.00859428
0.00900899
0.00890154
0.00815648
0.0078282
0.00673178
0.00609579
0.00419434
0.0073799
0.00648505
0.00570944
0.00357959
0.00399763
0.00351303
0.00322069
0.00303613
0.00458636
0.00390326
0.00372163
0.00212757
0.00183326
0.00134438
0.00155021
0.00121648
0.00107411
0.00121226
0.00146139
0.00227907
0.00202848
0.000782438
0.000824435
0.000164815
0.000176404
0.000183937
0.000435001
0.000452733
0.00104027
0.00107512
0.000547635
0.000505611
0.000590363
0.00527456
0.00306138
0.00157657
0.000866314
0.000393209
0.000187555
0.000109236
6.00701e-05
1.10728e-07
7.38887e-06
1.24246e-09
3.05239e-07
0.000197142
0.000266657
0.000201755
5.94681e-05
1.34419e-05
1.14751e-05
2.40095e-05
2.5906e-07
0.000141289
0.000142634
0.000145748
0.000932845
0.00114134
3.97059e-05
9.77431e-06
5.2498e-07
0.0001711
0.00507155
0.00387329
1.05458e-11
1.05593e-11
1.05699e-11
1.05703e-11
1.05715e-11
1.05799e-11
1.05348e-11
1.05481e-11
1.05631e-11
1.05825e-11
1.19477e-11
1.20004e-11
1.22565e-11
3.14767e-09
3.21005e-09
6.05204e-07
6.23725e-07
1.04642e-05
1.0388e-05
5.02292e-05
4.99918e-05
0.0001074
0.000105188
8.19262e-05
7.99664e-05
3.5258e-05
3.73484e-05
3.74753e-05
1.86946e-05
1.83872e-05
1.39065e-05
1.38445e-05
1.03802e-05
1.05379e-05
1.1146e-05
1.11651e-05
9.444e-06
9.61576e-06
8.69976e-06
8.78145e-06
8.84393e-06
8.94348e-06
7.9253e-06
8.16436e-06
6.59261e-06
6.70063e-06
5.62505e-06
5.76483e-06
5.69277e-06
5.83554e-06
5.51822e-06
5.66936e-06
5.88093e-06
6.11563e-06
6.31431e-06
5.0205e-06
5.32957e-06
6.3056e-06
5.8691e-06
4.29516e-06
8.48774e-06
8.04473e-06
6.53466e-06
6.25383e-06
5.74022e-06
5.603e-06
7.64827e-06
7.35497e-06
7.31384e-06
7.05834e-06
6.98386e-06
6.11886e-06
5.97839e-06
5.28563e-06
5.24394e-06
5.88391e-06
4.98822e-06
4.94741e-06
6.1241e-06
6.05603e-06
5.39215e-06
5.34129e-06
6.19873e-06
6.13461e-06
5.87137e-06
5.75555e-06
5.7091e-06
5.14215e-06
4.54367e-06
4.5585e-06
5.74619e-06
5.66216e-06
5.76105e-06
4.54059e-06
1.36333e-05
1.27968e-05
1.04859e-05
9.77268e-06
9.4911e-06
9.07986e-06
8.81838e-06
1.07133e-05
1.01067e-05
9.89362e-06
8.87878e-06
8.43884e-06
8.37706e-06
8.00833e-06
8.02816e-06
6.43303e-06
6.74888e-06
6.57568e-06
6.67803e-06
5.94245e-06
5.82707e-06
7.63087e-06
7.41031e-06
7.51684e-06
7.41987e-06
7.27177e-06
7.30078e-06
6.00965e-06
5.90693e-06
5.98931e-06
5.98876e-06
5.96142e-06
6.43368e-06
6.30597e-06
7.63532e-06
7.50334e-06
6.89135e-06
6.73426e-06
6.87629e-06
6.02041e-06
5.93032e-06
6.08607e-06
6.02238e-06
7.62153e-06
6.87805e-06
6.8096e-06
6.92768e-06
6.78117e-06
6.87775e-06
6.70771e-06
6.65798e-06
7.04896e-06
6.88416e-06
6.87048e-06
6.78625e-06
9.37334e-06
1.18339e-05
1.1087e-05
1.07565e-05
7.36729e-06
1.15283e-05
1.84317e-05
1.66378e-05
1.58611e-05
1.34591e-05
1.25689e-05
1.27718e-05
1.22369e-05
1.07851e-05
1.07662e-05
1.22617e-05
1.17883e-05
1.17294e-05
1.24247e-05
1.22305e-05
1.06287e-05
1.06216e-05
1.03891e-05
1.01744e-05
1.04415e-05
1.09102e-05
1.06861e-05
1.10418e-05
1.23976e-05
1.213e-05
1.25969e-05
1.27448e-05
1.12693e-05
1.10897e-05
1.11981e-05
1.18667e-05
1.16749e-05
1.23002e-05
1.31558e-05
1.37881e-05
1.43433e-05
1.5819e-05
1.52697e-05
1.56617e-05
1.70767e-05
1.65377e-05
3.22938e-05
3.15672e-05
2.72436e-05
1.91672e-05
2.03467e-05
3.83697e-05
2.96041e-05
5.3637e-05
5.3544e-05
6.98026e-05
0.000122155
0.000167863
0.00012267
0.000236434
3.67675e-07
0.00310684
0.00305925
0.00233788
0.00417696
0.00412064
0.00965784
0.0120638
0.0118652
0.0132744
0.0156396
0.0150784
0.0132894
0.0152736
0.014449
0.0161164
0.0169477
0.0161581
0.0147881
0.0136378
0.0135283
0.0119479
0.00726687
0.00684314
0.00853564
0.00577849
0.0056813
0.00370623
0.00432297
0.00298186
0.00307215
0.00214658
0.00160478
0.00102564
0.00133746
0.0009517
0.000466748
0.000448316
0.000284465
0.00055024
0.00028079
6.87845e-05
2.70413e-05
9.09865e-05
5.03514e-05
0.000137502
0.000146553
0.00032663
0.00013196
0.000456391
0.00216612
0.00227187
0.002231
0.00233365
0.00212423
0.00199514
0.00208271
0.00212798
0.00200689
0.00208973
0.00213714
0.00203015
0.00212327
0.00210469
0.00200832
0.00205833
0.00187503
0.00221423
0.00224885
0.00214959
0.00207458
0.00219405
0.00227949
0.00235164
0.00241269
0.00225042
0.00261954
0.00252234
0.0026015
0.00250016
0.00241398
0.00259259
0.00281908
0.00271982
0.00286128
0.00254309
0.00246708
0.00253638
0.00234266
0.00241639
0.00268476
0.00281114
0.00291983
0.00279214
0.00271235
0.0027824
0.00284153
0.00282421
0.0029273
0.00296605
0.00332268
0.00329205
0.00310095
0.00313531
0.00264619
0.00264236
0.00278903
0.00274738
0.00269364
0.00238754
0.00246128
0.0025788
0.0025279
0.00263387
0.00242639
0.00258265
0.00307317
0.00298882
0.00310714
0.00276788
0.00293796
0.00319707
0.00327714
0.00290479
0.00303089
0.00336687
0.00352454
0.00367135
0.00332104
0.00358488
0.00373825
0.00360516
0.00379864
0.00337617
0.00362229
0.00188525
0.00182041
0.000892045
2.60002e-05
2.65719e-05
5.75247e-05
0.000497553
7.96827e-05
7.56289e-06
0.00132438
0.00124356
0.00191536
0.000551615
0.00170169
0.00285402
0.00355464
0.00309478
0.00301547
0.00486123
0.00502276
0.0045664
0.00593797
0.00819092
0.00837445
0.00561577
0.00488906
0.00731813
0.00621124
0.00867881
0.00921534
0.00601467
0.00597271
0.00691433
0.00596554
0.00711225
0.00540026
0.0049714
0.00515259
0.00449417
0.00340791
0.00292952
0.00229596
0.00293752
0.00244062
0.00275028
0.00251467
0.00245808
0.00183331
0.00588084
0.00486353
0.0015191
0.00134383
0.00273813
0.00238
0.00488803
0.0053201
0.00687949
0.0107427
0.0104896
0.0109511
0.00494998
0.00456342
0.00422326
0.000128905
0.0388857
0.0332262
0.00811605
0.00756691
0.000161645
2.0464e-05
1.9789e-05
2.01174e-05
2.29924e-05
3.08824e-06
3.25765e-06
2.14992e-06
1.53322e-06
1.52495e-06
4.36374e-06
4.37505e-06
1.89166e-05
1.82127e-05
1.80489e-05
1.71505e-05
1.67928e-05
2.82825e-05
2.79817e-05
3.24846e-05
3.18346e-05
2.27923e-05
2.24109e-05
2.92632e-05
2.93273e-05
2.9447e-05
2.2631e-05
2.23189e-05
1.70207e-05
1.69908e-05
1.65808e-05
1.63672e-05
1.65806e-05
1.52473e-05
1.4829e-05
2.27329e-05
2.34212e-05
2.29161e-05
2.28645e-05
2.26233e-05
2.27937e-05
2.3314e-05
2.40878e-05
2.43425e-05
1.8762e-05
1.84195e-05
1.84049e-05
1.6263e-05
1.63038e-05
1.79968e-05
1.82613e-05
1.26988e-05
1.26731e-05
1.26963e-05
1.73958e-05
1.75053e-05
1.77753e-05
1.77257e-05
1.74634e-05
1.7732e-05
1.88705e-05
1.90456e-05
1.69539e-05
1.72919e-05
1.20861e-05
1.24381e-05
1.12863e-05
1.15856e-05
1.34838e-05
1.33749e-05
1.36988e-05
1.52164e-05
1.5559e-05
1.55093e-05
1.64419e-05
1.60042e-05
1.61632e-05
1.63341e-05
2.00816e-05
2.03017e-05
2.06914e-05
2.17977e-05
2.18578e-05
2.15143e-05
2.1581e-05
2.03146e-05
2.00185e-05
1.97567e-05
1.9528e-05
1.95199e-05
1.88441e-05
1.64699e-05
1.63599e-05
1.64274e-05
1.61384e-05
1.66709e-05
1.72211e-05
1.69137e-05
1.95343e-05
1.94314e-05
1.60583e-05
1.35968e-05
1.3167e-05
1.44717e-05
1.45405e-05
1.43807e-05
1.78394e-05
1.78185e-05
1.61205e-05
1.59732e-05
1.62675e-05
1.72768e-05
1.72369e-05
1.70102e-05
1.75211e-05
1.85723e-05
1.8459e-05
1.84131e-05
1.60842e-05
1.64976e-05
1.66615e-05
1.85717e-05
1.85452e-05
1.67681e-05
1.67946e-05
1.87986e-05
1.88874e-05
1.70455e-05
1.71656e-05
2.07774e-05
2.105e-05
1.81196e-05
1.88138e-05
1.7859e-05
1.81422e-05
1.93867e-05
1.97893e-05
1.99396e-05
2.04002e-05
2.19771e-05
2.25448e-05
2.2907e-05
2.09374e-05
2.15625e-05
2.26983e-05
2.44872e-05
2.42494e-05
2.53938e-05
2.47103e-05
2.57727e-05
2.7616e-05
2.88291e-05
2.92142e-05
2.96913e-05
3.05546e-05
3.07657e-05
3.05854e-05
3.03466e-05
3.12398e-05
3.53182e-05
3.35367e-05
3.39294e-05
2.871e-05
0.000251724
0.000206061
0.000188632
0.000163367
0.000139129
0.000202169
0.000107393
0.000132433
0.00012074
2.1862e-05
2.00491e-05
1.92492e-05
1.78978e-05
1.95911e-05
2.15543e-05
2.19791e-05
2.28663e-05
2.4737e-05
2.30324e-05
2.67472e-05
2.82297e-05
3.39566e-05
3.03552e-05
3.67233e-05
3.95139e-05
4.20122e-05
5.41064e-05
5.97131e-05
5.57189e-05
8.50407e-05
9.35333e-05
0.000148556
0.000162152
0.0001224
0.00025311
0.000265234
0.000532631
0.000583564
0.000422736
0.000328695
0.000382108
0.000591515
0.000255896
0.000594553
0.00124705
0.00325415
0.00291152
0.00603195
0.00663729
0.00576533
0.00629583
0.00701258
0.00624442
0.0055653
0.00451426
0.00440954
0.00326583
0.00145995
0.00130733
0.00112582
0.000919128
0.000198484
0.000212694
0.000102152
5.75669e-05
2.45566e-07
6.94655e-05
2.12865e-06
2.09486e-05
0.000201529
0.000245949
0.000263825
0.00012063
0.000432295
0.000335759
0.000335115
0.000499984
0.000640798
0.00067541
0.000925721
0.00104465
0.00132367
0.00151694
0.00170185
0.00130658
0.00164281
0.0020871
0.00232097
0.00226467
0.00263411
0.00421112
0.00482466
0.00274707
0.00263245
0.0031906
0.0037537
0.00426074
0.00468884
0.0042827
0.00470279
0.00440105
0.00465447
0.0041764
0.00460453
0.00581386
0.00661611
0.00596012
0.00694336
0.00718667
0.00635015
0.00687682
0.00744826
0.00723922
0.00961089
0.00945174
0.0106801
0.00807622
0.0106923
0.0101975
0.0106925
0.0112215
0.00969173
0.011475
0.00969802
0.0124524
0.0120921
0.0163292
0.0105371
0.0136509
0.0139223
0.0131985
0.015202
0.0188046
0.0237484
0.0227253
0.022744
0.0184022
0.0184836
0.0145186
0.0119579
0.0153863
0.0256895
0.0268436
0.0225706
0.0115265
0.0211851
0.0134122
0.0267182
0.026446
0.0117111
0.00233237
0.00235614
0.00233504
0.00210465
0.00210333
0.00229271
0.0022248
0.00222159
0.00241543
0.0034269
0.00214572
0.00307222
0.00305123
0.00337137
0.00326366
0.00193186
0.00281598
0.00203462
0.00285906
0.0019972
0.00198464
0.0020711
0.00204826
0.00225799
0.00312036
0.00193239
0.00257758
0.00256845
0.00194153
0.00254426
0.00209906
0.00209358
0.00229647
0.00259768
0.00222807
0.00225565
0.00240919
0.00236845
0.00247907
0.00242693
0.00247092
0.00299215
0.00292206
0.00234746
0.00231126
0.00235625
0.00237707
0.00230603
0.00230958
0.0021511
0.00214193
0.00213992
0.0021195
0.00209148
0.00215692
0.00200694
0.0019591
0.00201172
0.00214336
0.00220635
0.00209646
0.00182131
0.000213093
0.000134246
0.000679321
0.00040532
0.00105169
0.00103929
0.000598292
1.28656e-05
1.16059e-05
3.06837e-05
4.0428e-08
1.05238e-08
7.90761e-06
1.1177e-05
0.000243998
0.000449349
0.00099658
0.000977443
0.00116006
0.00147663
0.00132334
0.00148688
0.00164804
0.00320639
0.00396819
0.00374033
0.00358957
0.00408116
0.00483506
0.00461023
0.00479634
0.00685029
0.00689712
0.00489731
0.00484743
0.00553028
0.00514466
0.00531168
0.00473263
0.00543619
0.00473814
0.00450659
0.00500645
0.00829291
0.00835758
0.00616336
0.00719919
0.00697595
0.00645675
0.00632808
0.00582752
0.00542312
0.00591443
0.00560936
0.00946326
0.00841561
0.00736716
0.0027869
0.0025466
0.00237482
0.00363935
0.00326479
0.002134
0.00245557
0.00222443
0.00216105
0.00242599
0.00218784
0.00212997
0.0033356
0.00292921
0.00280154
0.00229873
0.00232009
0.00427865
0.00388953
0.000881714
0.000842082
0.000709535
0.001126
0.00130975
0.000954896
0.00101671
0.00105531
0.00100325
0.000915599
0.00491641
0.00436146
0.00388429
0.00312141
0.00314985
0.0029975
0.00245613
0.00214469
0.00208493
0.0016469
0.0015793
0.00192636
0.00155849
0.00124487
0.00104759
0.00104393
0.000235584
0.000178274
0.000191414
0.000329499
0.000246685
0.000346538
5.34274e-05
2.57692e-05
3.30546e-05
1.02554e-06
6.90104e-06
3.06922e-05
1.06058e-05
6.33244e-05
7.99309e-05
2.49581e-07
4.90205e-06
9.17008e-06
2.64693e-05
0.000425575
0.000365737
0.000985176
0.00112936
0.00080787
0.00106566
0.000877305
9.5744e-11
9.07883e-11
1.02382e-10
1.06466e-10
1.05945e-10
1.06112e-10
1.15197e-10
9.48651e-11
1.06806e-10
2.26873e-11
2.262e-11
1.88374e-11
1.89252e-11
1.81427e-11
3.13403e-11
2.99779e-11
1.88018e-08
1.95062e-08
3.22184e-06
3.30985e-06
6.30438e-05
6.23692e-05
0.000146397
0.000146063
0.00018541
0.000186752
0.000128888
0.000125962
5.8937e-05
5.89606e-05
4.4926e-05
4.55035e-05
4.5956e-05
4.67492e-05
4.68907e-05
3.36629e-05
3.49614e-05
2.53202e-05
2.49839e-05
1.88114e-05
1.9357e-05
1.95539e-05
2.03951e-05
2.12355e-05
2.17624e-05
1.60807e-05
1.68872e-05
1.43057e-05
1.50775e-05
1.39338e-05
1.40094e-05
1.40889e-05
1.66959e-05
1.77274e-05
1.91058e-05
2.05774e-05
1.01643e-05
1.03773e-05
1.05244e-05
1.06074e-05
1.07227e-05
9.48642e-06
9.69151e-06
1.06025e-05
1.06404e-05
8.94236e-06
9.30223e-06
7.95073e-06
8.15905e-06
8.34802e-06
8.25721e-06
8.18493e-06
8.24617e-06
7.03751e-06
6.99345e-06
7.10142e-06
7.75198e-06
7.89183e-06
1.00622e-05
9.99335e-06
9.80136e-06
1.00304e-05
1.2584e-05
1.26487e-05
1.26265e-05
9.66505e-06
9.83103e-06
1.18934e-05
1.22999e-05
9.08508e-06
9.27896e-06
9.39972e-06
1.01944e-05
1.06858e-05
9.46051e-06
9.89401e-06
1.35085e-05
1.40843e-05
1.20179e-05
1.26863e-05
1.25765e-05
1.31516e-05
1.32656e-05
1.05843e-05
1.1113e-05
1.18273e-05
1.16426e-05
1.23999e-05
1.27139e-05
1.63626e-05
1.75696e-05
1.77495e-05
1.70135e-05
1.83141e-05
1.85316e-05
2.17583e-05
2.41419e-05
2.22734e-05
2.5064e-05
2.27216e-05
2.5382e-05
2.54164e-05
2.74664e-05
3.09192e-05
3.35139e-05
3.83724e-05
3.59191e-05
4.1966e-05
4.19865e-05
4.87944e-05
5.34134e-05
5.71572e-05
6.74849e-05
6.83754e-05
5.57924e-05
6.61134e-05
6.75944e-05
8.08501e-05
8.66116e-05
0.000105592
0.000107896
0.00010206
9.74062e-05
1.46978e-05
6.81195e-05
1.72773e-05
1.39714e-05
1.33416e-05
1.34459e-05
1.78722e-05
1.70677e-05
1.69677e-05
1.43009e-05
1.37826e-05
1.3634e-05
1.35762e-05
1.30726e-05
1.325e-05
1.30672e-05
1.26525e-05
1.28071e-05
1.23644e-05
1.20436e-05
1.09671e-05
1.09531e-05
1.1729e-05
1.14299e-05
1.17293e-05
1.0794e-05
1.08214e-05
1.28873e-05
1.25964e-05
1.26976e-05
1.24703e-05
1.22188e-05
1.25372e-05
1.32107e-05
1.17335e-05
1.17678e-05
1.16103e-05
1.20418e-05
1.42528e-05
1.40551e-05
1.431e-05
1.26424e-05
1.24944e-05
1.31098e-05
1.25047e-05
1.27567e-05
1.23586e-05
1.28426e-05
1.4686e-05
1.45918e-05
1.49024e-05
1.56792e-05
1.61041e-05
1.46451e-05
0.00107225
0.000927643
0.000692893
0.000552377
0.000423778
0.000336141
0.000267138
0.000221
0.000172729
0.000146966
0.000110027
0.000100189
1.9628e-05
2.36456e-05
2.42841e-05
3.90493e-05
3.65808e-05
5.92399e-05
6.45404e-05
0.000101359
0.000111989
0.000111769
0.000238107
0.00017432
9.0399e-05
0.000107136
0.000213031
0.00092481
0.0056625
0.00559323
0.00481132
0.00692696
0.0116932
0.0140061
0.0137241
0.0103799
0.0152653
0.016112
0.0149662
0.0156715
0.0139856
0.0120479
0.0121257
0.0112126
0.0106536
0.00904121
0.00860765
0.00586203
0.00595591
0.00498295
0.0046975
0.00376125
0.00258605
0.00179519
0.00116826
0.00112185
0.00173041
0.000597407
0.000175336
0.000179729
0.000224412
2.8085e-05
2.78951e-05
2.67097e-06
5.05238e-06
2.59113e-06
1.72538e-05
2.42092e-05
1.65132e-05
6.57618e-05
3.70011e-05
0.000211497
3.79793e-05
0.000113976
0.000213088
0.00027866
0.000422963
0.000377417
0.000599596
0.000410539
0.00571909
0.00504252
0.00491566
0.00478329
0.00469502
0.00488397
0.00442472
0.00437473
0.00432497
0.00375364
0.0036785
0.00397785
0.00402582
0.00340862
0.00342466
0.00382636
0.0039332
0.00309808
0.00322123
0.003045
0.00318052
0.00295819
0.0028152
0.00277848
0.00279084
0.0027308
0.0030867
0.0029472
0.00303412
0.00279473
0.00268422
0.00284524
0.00261817
0.00252476
0.00263648
0.00272662
0.0026303
0.00280365
0.00272723
0.00263437
0.00282658
0.00280897
0.00271751
0.00292907
0.00285805
0.00296472
0.00305369
0.00301752
0.00292329
0.00308932
0.00327795
0.0034582
0.00390539
0.00350577
0.0033904
0.00354994
0.00332816
0.0034803
0.00365816
0.00352934
0.00376317
0.0036936
0.00380532
0.0038607
0.0040317
0.00396364
0.00413847
0.00387383
0.00429735
0.00445102
0.00494128
0.00531546
0.00438888
0.00442048
0.00497084
0.00512389
0.00412421
0.0028186
0.000779058
0.00258188
0.00154854
0.000122317
0.000189044
0.000301871
0.000696309
0.00218518
0.00344075
0.00209275
0.00273344
0.00345176
0.0048497
0.00455884
0.00415548
0.00563823
0.00655811
0.00834595
0.00523716
0.00462372
0.00635292
0.00451788
0.00605177
0.00663438
0.00660662
0.00600561
0.00648606
0.00762512
0.00669137
0.00582261
0.00512493
0.00549238
0.00472264
0.00426873
0.00427891
0.00480977
0.00350212
0.00386484
0.00336397
0.00279264
0.00314337
0.00389657
0.00242886
0.00416216
0.00354131
0.00290738
0.00362434
0.00559692
0.00490936
0.00441491
0.00298847
0.00367834
0.00431458
0.0043033
0.00273476
0.00256071
0.00373497
0.00621398
0.00682367
0.0138894
0.0131151
0.0136929
0.00324639
0.00318247
0.00369609
0.00188543
0.0152879
0.012347
0.00904187
0.00742894
0.000219589
4.49731e-06
4.21495e-05
4.05164e-05
1.60568e-06
1.58783e-06
1.60515e-06
6.55611e-07
6.5937e-07
1.5845e-06
1.58753e-06
4.57238e-06
1.85374e-05
1.83337e-05
4.78142e-05
4.62286e-05
5.96196e-05
5.79148e-05
5.7507e-05
5.66234e-05
4.38265e-05
4.36547e-05
4.2597e-05
4.13445e-05
2.66974e-05
2.13234e-05
2.10794e-05
2.07886e-05
2.101e-05
1.68344e-05
1.71968e-05
3.23289e-05
3.23039e-05
2.43498e-05
2.42962e-05
3.32591e-05
3.30038e-05
3.35779e-05
2.95999e-05
2.95206e-05
2.92488e-05
2.00626e-05
2.05389e-05
2.01964e-05
2.05676e-05
2.44163e-05
2.46875e-05
2.06586e-05
2.1055e-05
2.39872e-05
2.41438e-05
2.55472e-05
2.55483e-05
2.49177e-05
2.54935e-05
2.27684e-05
2.28362e-05
1.99914e-05
2.00132e-05
2.03191e-05
2.16569e-05
2.17932e-05
2.22315e-05
2.69819e-05
2.74777e-05
2.62023e-05
2.60731e-05
2.44528e-05
2.49486e-05
2.44949e-05
2.44827e-05
2.47934e-05
2.63547e-05
2.63234e-05
2.60687e-05
2.24356e-05
2.26401e-05
2.30284e-05
2.31866e-05
2.38867e-05
2.34203e-05
2.4767e-05
3.1236e-05
3.1663e-05
2.66633e-05
2.71303e-05
4.04521e-05
4.12236e-05
3.14659e-05
3.46056e-05
3.49653e-05
3.78083e-05
3.09282e-05
3.2228e-05
3.24386e-05
3.2779e-05
3.33969e-05
3.50022e-05
3.47875e-05
3.68584e-05
3.7407e-05
3.48406e-05
3.7872e-05
4.00315e-05
4.29895e-05
4.3105e-05
3.65856e-05
3.85222e-05
3.81547e-05
3.9504e-05
4.77712e-05
4.80908e-05
4.22828e-05
4.56423e-05
4.4378e-05
5.43252e-05
5.92119e-05
4.95964e-05
5.35619e-05
6.03805e-05
6.65018e-05
6.46625e-05
6.79426e-05
7.35541e-05
6.5027e-05
6.11779e-05
7.82353e-05
7.54904e-05
6.48275e-05
8.41114e-05
8.03875e-05
6.19387e-05
6.86826e-05
7.35445e-05
0.00208218
0.00112407
0.000603195
0.000327023
0.000201978
0.000144711
0.00012344
0.000100347
8.67473e-05
7.85898e-05
6.3983e-05
6.13613e-05
6.26151e-05
7.58042e-05
7.20784e-05
6.1573e-05
6.07282e-05
6.36225e-05
5.81748e-05
5.79594e-05
5.89139e-05
6.8965e-05
6.88875e-05
7.45249e-05
7.33855e-05
7.26317e-05
6.16411e-05
5.89532e-05
5.69647e-05
6.02788e-05
6.00203e-05
6.04831e-05
6.62895e-05
6.60046e-05
6.58452e-05
6.67025e-05
6.60164e-05
7.05849e-05
8.07386e-05
7.88733e-05
8.00265e-05
7.84898e-05
8.12436e-05
7.33106e-05
7.25424e-05
7.60376e-05
1.10426e-05
1.12267e-05
1.19459e-05
1.30866e-05
1.31611e-05
1.43431e-05
1.5176e-05
1.56554e-05
1.65264e-05
1.5637e-05
1.77861e-05
1.62193e-05
1.85956e-05
2.06783e-05
2.50842e-05
2.69742e-05
3.18969e-05
3.46585e-05
3.55992e-05
4.41677e-05
4.736e-05
4.8402e-05
6.80372e-05
7.40392e-05
6.83333e-05
0.00011173
9.74825e-05
0.000120149
0.000118347
0.000196793
0.000220385
0.000196509
0.000357241
0.000341577
0.000526683
0.000588036
4.63793e-05
6.11816e-06
0.00129217
0.00123512
0.00148023
0.00523633
0.00477287
0.00565171
0.00657359
0.00695012
0.00699808
0.00667054
0.00680969
0.00669557
0.0054606
0.00522183
0.00435151
0.00372855
0.00257794
0.00151626
0.00136108
0.0009938
0.000933586
0.000469834
0.000241442
0.000254135
0.000690162
0.000271887
1.90364e-06
4.07644e-05
2.39066e-06
0.000135992
0.000436296
0.000813086
0.000493461
0.000866182
0.00110455
0.00117307
0.00113975
0.00131885
0.00106107
0.00138908
0.00143794
0.00141917
0.00146514
0.00193063
0.00161094
0.00216994
0.00229177
0.00263189
0.0021868
0.00235735
0.00267193
0.00264303
0.00299995
0.00313716
0.00375538
0.00453183
0.00475719
0.00526779
0.00466028
0.00562695
0.00487042
0.00485888
0.00616462
0.00702462
0.00725654
0.00583118
0.00582825
0.00710867
0.006966
0.00831912
0.00796909
0.00970913
0.00816845
0.00937327
0.0061389
0.00655302
0.00663996
0.00865513
0.0074415
0.00663113
0.0064256
0.00726411
0.0064098
0.00479724
0.00424463
0.00517914
0.00454068
0.00512232
0.0044588
0.00501523
0.00661371
0.00649835
0.00640037
0.00605639
0.00654591
0.00554186
0.00614397
0.0076097
0.00640211
0.00683891
0.00871532
0.00774325
0.00784865
0.00721949
0.00824821
0.00641206
0.00619881
0.00571074
0.00556673
0.00517588
0.00540583
0.00496165
0.00479968
0.00428464
0.00419345
0.00449746
0.00419999
0.00412508
0.00389423
0.00367477
0.0036058
0.003318
0.00335752
0.00337638
0.00321901
0.00320709
0.00321937
0.00317735
0.00291903
0.00280709
0.00282075
0.0028636
0.0028237
0.00300131
0.00288407
0.00289034
0.00305867
0.002938
0.00293205
0.00243307
0.00243909
0.00253798
0.003161
0.00303626
0.00302264
0.0028383
0.00280256
0.00257757
0.00270448
0.00276721
0.00284486
0.00247959
0.00241195
0.00243641
0.00281282
0.00289277
0.00292161
0.0031276
0.0031258
0.00279676
0.00279747
0.00278443
0.00274806
0.00271563
0.0026737
0.00100819
0.000641549
0.00118031
0.000878499
0.000506788
0.00024898
0.000419502
0.000246207
0.000137242
0.000727403
0.000851348
0.000156641
0.000149462
0.00026019
0.000389986
0.000373047
0.000884149
0.000809125
0.00151015
0.00202813
0.00220799
0.00173279
0.00327299
0.00358173
0.00286363
0.00311104
0.00305309
0.00382678
0.00356606
0.0047828
0.00435012
0.00468023
0.00408617
0.00373077
0.00387076
0.00603411
0.00573502
0.00482939
0.00505912
0.00510504
0.00443682
0.00386027
0.00364746
0.00363896
0.00310613
0.00277373
0.00335587
0.00277155
0.00196166
0.00112594
0.00367939
0.00167687
0.00152875
0.00203604
0.00169145
0.00172063
0.00062341
0.000553077
0.000476085
0.00102932
0.000881798
0.000871018
0.00119867
0.000729685
0.000632474
0.000604329
0.000164251
0.000286067
0.000388128
0.000477493
0.000868024
0.000693904
0.000229296
0.000348956
2.26906e-05
3.86503e-05
6.33473e-05
4.24836e-05
0.000337114
0.00587977
0.00493537
0.000939384
0.00168208
0.00102365
0.000733169
0.000347425
4.40257e-05
1.54364e-05
1.26588e-05
0.000249653
8.48108e-05
3.69507e-05
8.09315e-05
8.26362e-07
2.44619e-06
5.14693e-06
2.08637e-05
3.03942e-05
0.000170119
0.000232416
1.77779e-05
0.00455404
0.0033257
1.43553e-11
1.43645e-11
1.43913e-11
1.43268e-11
1.43004e-11
1.43022e-11
1.43107e-11
1.43198e-11
1.57076e-11
1.51612e-11
1.64512e-11
1.63321e-11
1.67994e-11
1.61792e-08
1.6469e-08
9.9536e-07
1.00018e-06
1.04418e-06
2.81918e-05
2.84576e-05
9.1406e-05
6.31396e-05
6.24732e-05
3.20059e-05
3.1643e-05
3.18171e-05
3.38106e-05
1.94518e-05
1.95123e-05
9.30906e-06
9.33076e-06
9.32135e-06
9.74243e-06
9.78373e-06
1.03148e-05
1.0494e-05
1.05595e-05
1.08838e-05
8.84068e-06
8.84842e-06
6.94058e-06
7.07421e-06
6.10432e-06
6.25565e-06
7.06971e-06
7.28911e-06
4.83818e-06
5.7365e-06
5.93751e-06
5.64302e-06
5.80372e-06
5.95463e-06
6.6238e-06
5.96197e-06
6.16521e-06
6.30466e-06
6.27962e-06
6.44312e-06
5.12693e-06
5.34586e-06
5.48293e-06
6.66027e-06
9.58863e-06
8.14227e-06
9.49828e-06
9.18349e-06
8.08106e-06
7.80773e-06
7.50908e-06
7.53896e-06
7.34252e-06
7.15516e-06
8.64865e-06
8.36153e-06
8.4344e-06
8.27613e-06
8.11105e-06
7.56715e-06
7.51297e-06
8.48619e-06
8.27645e-06
8.20204e-06
8.41765e-06
8.2168e-06
8.36353e-06
6.7813e-06
6.64527e-06
6.62525e-06
5.96676e-06
5.86942e-06
5.9495e-06
7.20732e-06
7.0584e-06
7.37932e-06
7.20999e-06
5.04264e-06
4.97801e-06
5.10554e-06
5.63756e-06
5.68656e-06
5.20169e-06
5.22332e-06
5.30887e-06
6.0028e-06
1.91206e-05
1.48865e-05
1.38629e-05
1.28213e-05
1.24713e-05
1.11762e-05
1.05679e-05
7.96321e-06
7.6751e-06
8.43252e-06
1.11544e-05
1.08104e-05
1.14163e-05
1.0886e-05
1.06853e-05
9.18837e-06
8.95009e-06
8.97258e-06
9.61107e-06
1.12908e-05
1.09117e-05
8.37201e-06
8.16508e-06
8.15767e-06
8.73977e-06
8.38751e-06
8.31861e-06
7.45071e-06
7.36154e-06
8.04161e-06
8.12472e-06
8.36909e-06
8.27428e-06
8.44235e-06
8.25445e-06
8.33621e-06
8.18463e-06
8.97504e-06
8.76719e-06
8.92315e-06
8.65184e-06
8.58999e-06
8.41691e-06
8.48464e-06
9.74145e-06
1.20501e-05
1.19237e-05
1.01276e-05
1.01297e-05
1.53134e-05
1.46851e-05
2.00794e-05
2.14386e-05
2.02433e-05
1.87368e-05
1.58155e-05
1.48418e-05
1.46336e-05
1.66946e-05
1.60628e-05
1.32143e-05
1.27579e-05
1.29743e-05
1.30083e-05
1.28734e-05
1.47461e-05
1.46867e-05
1.20751e-05
1.18302e-05
1.21127e-05
1.24329e-05
1.25539e-05
1.23271e-05
1.30104e-05
1.24052e-05
1.27956e-05
1.53429e-05
1.50169e-05
1.54072e-05
1.69838e-05
1.71582e-05
1.44166e-05
1.48775e-05
1.73953e-05
1.80565e-05
1.56081e-05
1.725e-05
1.86099e-05
1.88459e-05
2.07016e-05
1.86009e-05
2.75442e-05
2.85753e-05
3.4152e-05
2.06727e-05
3.16619e-05
3.55782e-05
3.85317e-05
6.2864e-05
8.28682e-05
0.000139879
0.000156355
0.00012908
0.000235956
6.10361e-05
4.8467e-05
0.00221572
0.0023003
0.0079373
0.00775743
0.00744796
0.00941543
0.0115605
0.0136849
0.0133095
0.0122577
0.0134954
0.0127995
0.0114768
0.0122606
0.0118653
0.0109865
0.00928868
0.00941838
0.00837831
0.0068944
0.00549546
0.00476978
0.00315943
0.00316991
0.00225639
0.00317397
0.000787845
0.00133469
0.00095968
0.00077494
0.000339315
0.000277642
0.000430995
0.000107223
0.000375188
8.751e-05
2.86907e-05
2.22708e-05
2.47127e-05
4.56497e-07
5.28176e-05
6.65046e-05
2.35313e-05
0.000100084
0.000189573
0.000253228
0.000485116
0.000587627
0.000777257
0.000630279
0.000949236
0.00305002
0.00286356
0.00335204
0.002579
0.00262464
0.00245527
0.002552
0.00267399
0.00250872
0.00255356
0.00288305
0.00287537
0.00243138
0.00249756
0.00239732
0.00228436
0.002365
0.00226036
0.00246893
0.00253439
0.00245014
0.00258944
0.00220655
0.00212647
0.00226346
0.00245796
0.00264562
0.00243696
0.00251171
0.00264237
0.00255245
0.00301392
0.00317214
0.00281523
0.00273554
0.00291997
0.00282547
0.00288322
0.00275813
0.00280884
0.00297215
0.00288001
0.00299423
0.00297211
0.00303988
0.00284798
0.00277094
0.00279758
0.00291597
0.00366411
0.00353591
0.00352748
0.00297734
0.00297312
0.00292573
0.00347343
0.00339789
0.00319487
0.00309723
0.00304843
0.00246706
0.00259794
0.00251709
0.00306539
0.00287538
0.00297069
0.00273075
0.00266822
0.00285323
0.0029696
0.00289843
0.00309744
0.00296068
0.00313295
0.00340348
0.00356945
0.0032781
0.00342763
0.0036112
0.00396182
0.00370255
0.00397604
0.00382925
0.00223497
0.00270546
0.00112557
0.001905
0.000852588
0.000141029
0.000150898
0.000746975
6.69687e-06
0.00113712
0.000660575
0.00104213
0.00281313
0.00260662
0.00345805
0.00182955
0.0016879
0.00280922
0.00559956
0.00505067
0.00618547
0.00422109
0.00738709
0.00695383
0.00606265
0.00717346
0.00601656
0.00726108
0.00577195
0.00465043
0.00449727
0.00398202
0.00432075
0.00468509
0.00352972
0.00352572
0.00235875
0.00181277
0.0015868
0.00204152
0.00232442
0.00192635
0.00147912
0.00120733
0.00143503
0.00135901
0.00148181
0.00335054
0.00264793
0.00102423
0.00108058
0.00117789
0.00116491
0.000992913
0.00122945
0.00280132
0.00237631
0.0024622
0.00284954
0.00266054
0.00186771
0.00189512
0.00290866
0.00260432
0.00162412
0.00746781
0.00679651
0.00832921
0.0152228
0.0169303
0.00544914
0.00540858
0.00737243
0.00691374
0.00128784
0.000204195
0.000237282
0.0156784
0.0355268
0.000256494
5.04112e-06
2.90488e-06
2.85241e-06
2.84235e-06
1.90901e-07
2.45342e-08
2.94764e-08
2.96178e-08
4.50868e-07
4.5627e-07
4.24673e-06
4.11737e-06
4.16439e-06
1.47879e-05
1.42065e-05
1.4477e-05
5.7304e-05
5.46096e-05
5.35753e-05
0.00010123
9.7693e-05
9.70959e-05
0.000151699
0.000146038
0.000147611
9.85e-05
9.48676e-05
7.68381e-05
7.66052e-05
6.59277e-05
6.53792e-05
5.82443e-05
5.82792e-05
4.10805e-05
4.0086e-05
4.01807e-05
4.37845e-05
4.30663e-05
4.33875e-05
3.84328e-05
3.80936e-05
3.85605e-05
2.98455e-05
2.84968e-05
2.87281e-05
2.28309e-05
2.26519e-05
2.66494e-05
2.70293e-05
2.20022e-05
2.21202e-05
1.65035e-05
1.64791e-05
1.69138e-05
1.83455e-05
1.85447e-05
1.8987e-05
1.85964e-05
1.87955e-05
1.8713e-05
2.46361e-05
2.4891e-05
2.53096e-05
2.12128e-05
2.1161e-05
2.12856e-05
3.03463e-05
3.09882e-05
2.55479e-05
2.64026e-05
1.99317e-05
2.04554e-05
2.09048e-05
2.40424e-05
2.46444e-05
2.49611e-05
2.51232e-05
2.52445e-05
2.24965e-05
2.55496e-05
2.54913e-05
2.58705e-05
2.6208e-05
2.03646e-05
2.05342e-05
2.09139e-05
2.19306e-05
2.30706e-05
2.55372e-05
2.59294e-05
2.21249e-05
2.24961e-05
2.27794e-05
2.18652e-05
2.12862e-05
2.13546e-05
2.63192e-05
2.59949e-05
2.29244e-05
2.2422e-05
2.26675e-05
2.59276e-05
2.54929e-05
2.07198e-05
2.02871e-05
2.06068e-05
2.66754e-05
2.64662e-05
2.27877e-05
2.27417e-05
2.36384e-05
2.34916e-05
1.82494e-05
1.79964e-05
1.80725e-05
1.92319e-05
1.9263e-05
1.95033e-05
2.03943e-05
2.05549e-05
2.18367e-05
2.15811e-05
2.15086e-05
2.15614e-05
2.17106e-05
2.16178e-05
2.17832e-05
2.15879e-05
2.16642e-05
2.40259e-05
2.38574e-05
2.4005e-05
2.15273e-05
2.17403e-05
2.61491e-05
2.60571e-05
2.63231e-05
2.26674e-05
2.28308e-05
2.11356e-05
2.15522e-05
2.29573e-05
2.30314e-05
2.29928e-05
1.91951e-05
1.97387e-05
2.26613e-05
2.34062e-05
2.46474e-05
2.495e-05
2.51286e-05
2.63594e-05
2.70143e-05
2.78416e-05
2.60841e-05
2.65986e-05
3.01711e-05
3.09216e-05
3.17165e-05
2.8678e-05
2.94805e-05
3.08341e-05
3.08266e-05
3.25565e-05
3.35806e-05
3.5705e-05
3.92738e-05
4.22634e-05
3.73479e-05
3.74429e-05
3.85199e-05
4.14037e-05
4.05197e-05
4.06533e-05
3.02679e-05
3.67157e-05
0.000317044
0.0002912
0.000286932
0.000245197
0.000248892
0.000296988
0.000252678
0.000213213
3.19738e-05
2.87483e-05
2.85703e-05
2.63756e-05
2.82175e-05
2.89168e-05
2.78137e-05
2.88909e-05
2.65284e-05
2.80031e-05
3.05585e-05
3.58046e-05
3.94515e-05
4.44574e-05
4.8411e-05
4.42601e-05
5.77551e-05
5.60867e-05
8.00225e-05
0.000113518
0.000121026
0.000111944
0.00019743
0.000205683
0.000363626
0.000307994
0.000394128
0.000549185
0.000666438
0.000743966
0.000763011
0.000120537
0.000376105
0.000589323
0.000536422
0.000207888
0.00359051
0.00476134
0.00440388
0.00618657
0.00680054
0.00620041
0.00491298
0.00465206
0.00516931
0.00424877
0.00399646
0.00313786
0.00269683
0.00308041
0.00250138
0.00114345
0.00120327
0.000840129
0.000483619
0.000265689
0.000338254
3.98175e-05
3.87476e-06
0.000160923
0.000155498
0.000168218
0.000252166
0.000452373
0.000516238
0.000714746
0.000404935
0.00117333
0.00106126
0.000874335
0.00110968
0.000720521
0.00154312
0.00201648
0.00220168
0.00248683
0.00217532
0.00273827
0.00308646
0.00291587
0.00343895
0.00272163
0.00330351
0.00392748
0.00469221
0.00422722
0.00511905
0.00416962
0.00410463
0.00505238
0.00622691
0.00566291
0.00607495
0.00670017
0.00680561
0.00538115
0.00570195
0.00708495
0.00734404
0.00728288
0.00940084
0.00825263
0.00919514
0.00841438
0.00855715
0.0101253
0.00971757
0.0118238
0.0126297
0.0100011
0.011796
0.0118124
0.0141744
0.0112297
0.0156092
0.0127886
0.0162575
0.0158777
0.0125224
0.0119266
0.0142083
0.0121244
0.0132256
0.0115234
0.019015
0.0156934
0.0152477
0.0143441
0.0117611
0.0118792
0.0181916
0.0145051
0.0148658
0.00997804
0.0169119
0.0175456
0.0141111
0.0134452
0.0153786
0.0124772
0.00892059
0.0189329
0.0149766
0.0160622
0.0129872
0.00373933
0.00359416
0.00287986
0.00430834
0.0122788
0.00285096
0.0032605
0.00321702
0.00326458
0.00321263
0.00251945
0.0025255
0.00266135
0.00258022
0.00256589
0.0024574
0.00351996
0.00392946
0.00374635
0.00251678
0.00249874
0.00222062
0.00295411
0.00334996
0.0032002
0.00321759
0.00282938
0.00291301
0.00290403
0.00299396
0.00288082
0.00285091
0.00253007
0.00245767
0.00249943
0.00289074
0.00284699
0.00256302
0.0025738
0.00315504
0.00313452
0.0024786
0.00249801
0.00262592
0.00266631
0.00259328
0.00255073
0.0024516
0.00248293
0.00262188
0.00253847
0.00209925
0.00242964
0.00236322
0.00227842
0.00152443
0.00148088
0.00122521
0.00154217
0.00153086
0.00083051
0.000407727
0.000409722
0.000244569
5.52094e-05
5.17612e-06
0.000169956
0.00016387
3.99104e-05
1.59093e-06
8.25427e-06
1.45261e-05
0.000801931
0.00100639
0.00101372
0.000968444
0.000962425
0.000282927
0.000571822
0.00120693
0.00109815
0.00252979
0.00300705
0.00310333
0.00336242
0.00549392
0.00530169
0.00558359
0.00802087
0.00853047
0.00493843
0.00504245
0.0047229
0.00444261
0.00496666
0.00786501
0.00709261
0.00754888
0.0105578
0.010726
0.010764
0.00998415
0.00980074
0.00937885
0.00821204
0.00788933
0.00931351
0.00892476
0.00683726
0.00605549
0.00499024
0.00450236
0.00440208
0.0059717
0.00279614
0.00636833
0.00627486
0.00599248
0.00546773
0.00410751
0.00431949
0.0033953
0.00318392
0.00161402
0.00148782
0.00581759
0.00512272
0.00462525
0.00524166
0.00513113
0.00428542
0.0038017
0.0035242
0.0016921
0.0015016
0.00140884
0.00207318
0.00193169
0.00191084
0.00155305
0.00161795
0.00125463
0.0010549
0.000960857
0.000534737
0.000413307
0.000844514
0.000676547
0.000735409
0.000206353
0.000154861
0.000256416
0.000202445
3.8588e-06
1.13736e-11
7.56499e-05
0.00012545
9.02296e-05
2.6391e-06
1.25684e-05
0.000252768
0.000233352
0.000389467
0.000543774
0.00038016
0.000168196
0.000291345
0.000205333
7.95351e-05
7.03898e-05
0.000138599
0.000265324
0.0039999
0.0041609
0.00471066
7.60558e-11
7.50456e-11
8.42948e-11
8.43244e-11
8.94368e-11
1.04643e-10
1.04683e-10
1.05693e-10
8.64278e-11
8.98012e-11
2.05547e-11
2.0527e-11
6.70983e-11
1.86822e-11
1.84985e-11
1.83273e-11
