0.000667831
0.000526823
0.000525991
0.00046575
0.00040648
0.000389676
0.00034646
0.00034629
0.000105286
0.000118762
9.60845e-05
0.000117351
9.1943e-05
0.000106492
0.000121791
0.000129787
0.000150565
0.000184624
0.000209555
0.000243281
0.000358083
0.00052767
0.000779066
0.00108802
0.00157195
0.00214376
0.00280098
0.00439376
0.00570991
0.00302322
0.00234617
0.000643302
0.000267782
6.32635e-06
4.9985e-05
7.23415e-05
2.3267e-05
1.22126e-06
3.41444e-06
7.85893e-05
0.000364147
0.000598248
0.000523173
0.000497164
0.000932496
0.00114412
0.00105315
0.00109348
0.00144769
0.00274137
0.00333756
0.00413143
0.00421459
0.00329302
0.00432732
0.004194
0.00541483
0.00374624
0.00505459
0.00609542
0.00502949
0.0057721
0.00685552
0.00660631
0.00510881
0.00856615
0.00704779
0.00514152
0.0127533
0.0114398
0.0113175
0.00716198
0.00883653
0.00975016
0.0111328
0.013819
0.0146158
0.0192861
0.022718
0.0142337
0.0120915
0.0262616
0.0336488
0.00196573
0.00206696
0.00217373
0.00216236
0.00221883
0.00237338
0.00196436
0.00219476
0.00223152
0.00233832
0.00233732
0.0022598
0.00266995
0.00215124
0.00228658
0.00236356
0.00177723
0.00242213
0.000430424
0.000421926
0.001704
0.000263998
0.000335874
0.000190998
0.000799548
0.000423493
0.000208724
0.00164266
0.000209196
0.0016556
0.00254201
0.00455865
0.00356265
0.00485135
0.00541201
0.00919115
0.00653689
0.00693668
0.0141201
0.00676274
0.0104364
0.00719151
0.0104663
0.0109399
0.0081006
0.0109927
0.00966174
0.0101262
0.00922697
0.010551
0.00961083
0.00735077
0.00843442
0.00801131
0.00767234
0.00767525
0.0101276
0.00768987
0.00672651
0.00634236
0.00470723
0.00218183
0.00215746
0.000268578
1.82177e-05
1.3975e-05
1.50234e-06
0.000623965
0.00137641
0.000918506
0.00179567
0.00247736
0.00214345
0.00622653
0.00122521
0.00283749
0.000387325
0.00156578
4.27309e-11
4.6124e-11
5.49593e-11
5.9574e-11
2.09981e-10
0.000479661
0.00127883
0.00326083
0.00542609
0.00801773
4.65449e-05
0.0103723
0.0198045
0.0144098
0.00665118
0.00604417
0.0132369
0.0143387
0.0145647
0.0117829
0.00822296
0.00622974
0.00142606
8.89432e-05
0.00056061
0.00248242
0.0099072
0.0154305
0.0232822
0.0140146
0.0128688
0.0114229
4.24044e-07
4.66664e-07
3.72902e-07
3.32463e-07
3.18708e-07
5.18552e-07
9.14885e-07
1.38833e-06
1.22506e-06
1.19799e-06
1.49374e-06
1.93197e-06
1.70475e-06
2.46107e-06
2.67138e-06
2.90026e-06
3.54797e-06
3.00608e-06
3.36107e-06
3.62875e-06
3.62478e-06
3.50681e-06
3.85144e-06
3.8493e-06
3.51321e-06
3.93344e-06
3.36303e-06
3.3096e-06
3.90713e-06
4.46397e-06
3.82988e-06
4.79496e-06
5.26899e-06
5.86587e-06
7.28398e-06
1.97706e-05
1.61863e-05
1.4032e-05
1.36653e-05
1.23824e-05
1.14267e-05
1.05107e-05
1.02817e-05
9.48159e-06
9.95478e-06
9.24949e-06
3.8196e-06
3.76864e-06
3.91809e-06
4.03164e-06
4.27482e-06
4.0994e-06
4.94158e-06
5.17478e-06
6.0726e-06
7.88069e-06
1.01759e-05
1.53459e-05
2.6444e-05
4.20609e-05
7.12568e-05
0.000159659
4.43243e-05
0.000948489
0.00515485
0.0114245
0.0160159
0.0160791
0.0166646
0.0136556
0.0110482
0.00802423
0.0045737
0.00355663
0.00268751
0.000619178
0.000663645
0.000477739
7.23699e-05
0.000128935
0.000100628
6.26836e-05
2.2498e-05
2.72355e-05
9.59717e-05
2.20554e-05
0.000104847
0.000132426
0.000262827
0.000666305
0.000543857
0.000705654
0.00104848
0.00176941
0.00210635
0.00254886
0.00397025
0.00385099
0.00519218
0.00543225
0.00999676
0.0100293
0.0116751
0.0110456
0.0197734
0.0178521
0.0236917
0.0281623
0.0155272
0.0174348
0.0228025
0.0222141
0.0281243
0.0446099
0.0438058
0.0319243
0.0360962
0.0293143
0.0278423
0.0240137
0.00290806
0.00292645
0.0237806
0.00356148
0.00278269
0.00223875
0.00231744
0.00232491
0.00260223
0.00274382
0.00367708
0.00266713
0.00345252
0.00315605
0.00189104
0.000140335
1.3367e-05
0.000558842
4.18466e-06
0.000510816
0.0013965
0.00172114
0.0010487
0.00176289
0.00291658
0.00276332
0.00415183
0.00518994
0.00531159
0.0049334
0.00497142
0.00420839
0.00749209
0.00740259
0.00708086
0.00804425
0.00715708
0.00702574
0.00787375
0.00734944
0.00779356
0.00502454
0.00802621
0.00460928
0.0046394
0.00738865
0.00433575
0.00675277
0.00510826
0.00737266
0.00477614
0.00509429
0.00520107
0.00452689
0.00150388
0.00271064
0.00210137
0.00153607
0.00130494
0.000338225
2.37678e-05
9.47128e-07
3.80816e-06
1.17782e-05
0.000180043
0.00016405
9.42411e-05
0.00164677
2.308e-05
0.000278204
0.000279281
0.00211778
2.3238e-11
2.42303e-11
2.56632e-11
2.5873e-11
2.61449e-11
2.37326e-11
8.14796e-12
1.01935e-11
4.01755e-11
2.08107e-08
5.83472e-07
7.08755e-06
1.73789e-05
1.68309e-05
2.54346e-05
2.5e-05
7.03321e-05
5.26134e-05
2.39609e-05
1.55868e-05
1.05717e-05
6.90556e-06
6.74739e-06
4.94739e-06
5.25502e-06
4.67965e-06
3.52669e-06
3.58354e-06
3.18875e-06
4.09835e-06
4.02303e-06
4.59051e-06
4.03815e-06
4.03268e-06
3.7096e-06
4.12563e-06
4.15699e-06
4.61172e-06
4.95036e-06
3.96589e-06
3.90466e-06
4.02814e-06
3.70199e-06
3.3032e-06
3.71056e-06
9.44314e-06
7.31282e-06
1.04212e-05
8.86206e-06
8.95387e-06
8.54246e-06
6.52371e-06
7.757e-06
9.40192e-06
1.04322e-05
1.08527e-05
9.83148e-06
8.58193e-06
7.89957e-06
9.14236e-06
7.56658e-06
6.41053e-06
7.52269e-06
7.44403e-06
6.93316e-06
6.29285e-06
6.53742e-06
6.67465e-06
7.1677e-06
7.14419e-06
7.02092e-06
6.8709e-06
7.16582e-06
6.63759e-06
6.7116e-06
6.5688e-06
6.78316e-06
7.19728e-06
2.23413e-05
1.60622e-05
1.31726e-05
1.17606e-05
9.98678e-06
9.61995e-06
1.0579e-05
8.78719e-06
2.41563e-06
2.47049e-06
2.65905e-06
2.82774e-06
3.24714e-06
3.97554e-06
4.44446e-06
8.26362e-06
9.77471e-06
1.42898e-05
2.32176e-05
4.17536e-05
6.61367e-05
0.000121201
0.000242032
0.000911815
0.00503404
0.010894
0.0178884
0.0178115
0.0195154
0.0184418
0.0150489
0.0121938
0.00938938
0.00750482
0.00546137
0.00330932
0.00270366
0.00231822
0.00074528
0.000852984
0.00046048
0.000386335
0.000250953
0.000176512
0.000101347
3.1411e-05
1.60066e-05
5.4132e-05
0.000231243
0.000202281
0.000435886
0.00109578
0.00106933
0.00220181
0.00216978
0.00259449
0.00292798
0.00350055
0.00405321
0.00514033
0.00592276
0.00590306
0.00765068
0.0110864
0.00984547
0.00908765
0.0108484
0.0132111
0.0171062
0.0245235
0.0232156
0.0172866
0.0176056
0.0137911
0.0113772
0.00923409
0.0167097
0.00215355
0.00900051
0.0103623
0.00189451
0.00186802
0.00204074
0.00212674
0.00220398
0.00231473
0.00208916
0.00249069
0.00215248
0.00224006
0.00192091
0.00223237
0.00213338
0.00247574
0.00219912
0.00214137
0.00232791
0.0024865
0.00253166
0.00224586
0.00215626
0.00165399
0.00218075
0.00112662
0.000448123
0.00106572
3.20529e-05
0.000611183
0.000409134
5.90192e-06
0.000279134
0.000510556
0.000163836
0.000360548
0.000592582
0.0013495
0.00317401
0.00144375
0.00161947
0.0028551
0.00382655
0.00520012
0.00763242
0.00695207
0.00187945
0.00501101
0.00804536
0.00794776
0.0086814
0.0112738
0.0137484
0.008005
0.00554509
0.00481369
0.00370489
0.00304656
0.00610371
0.00202307
0.00377054
0.00231578
0.00153234
0.00181898
0.00163361
0.00115791
0.000745497
0.00110827
0.0001017
0.000237208
0.000414337
0.000152572
0.00100283
0.000781351
1.4988e-05
1.09927e-07
0.00464866
7.27281e-12
7.28102e-12
7.28523e-12
7.29008e-12
7.29605e-12
7.29856e-12
7.30358e-12
5.27356e-10
1.03936e-07
2.16673e-06
4.74604e-05
8.68214e-05
6.80238e-05
4.57783e-05
4.2726e-05
3.25701e-05
1.96395e-05
1.48001e-05
1.22984e-05
1.94174e-05
2.61625e-05
1.89376e-05
2.05963e-05
1.69669e-05
1.46684e-05
1.50586e-05
1.13537e-05
9.55152e-06
1.12153e-05
8.88195e-06
7.99463e-06
7.99418e-06
7.2969e-06
7.17989e-06
6.03401e-06
6.24349e-06
5.92449e-06
1.18082e-05
1.29447e-05
1.09989e-05
1.11767e-05
9.64055e-06
1.00566e-05
8.54134e-06
7.97523e-06
7.28073e-06
7.15735e-06
6.45068e-06
1.47248e-05
1.38701e-05
1.32611e-05
1.17893e-05
1.02087e-05
9.06582e-06
8.79178e-06
8.9436e-06
1.00338e-05
8.56629e-06
9.65463e-06
9.17354e-06
7.60414e-06
6.58642e-06
8.18912e-06
9.12987e-06
7.91596e-06
8.43449e-06
2.24975e-05
1.92974e-05
1.58058e-05
2.12991e-05
1.55096e-05
1.47422e-05
1.39053e-05
1.60245e-05
1.46271e-05
2.98026e-06
3.44092e-06
3.61538e-06
4.71854e-06
5.18519e-06
9.89705e-06
1.32659e-05
2.05834e-05
0.000180207
0.000207883
0.00281619
0.00719652
0.0138626
0.0187304
0.019045
0.0199888
0.0175824
0.0132998
0.00842019
0.00623016
0.00466186
0.00261153
0.00271857
0.00285429
0.00180013
0.00157425
0.00113094
0.00124847
0.000512022
0.000231466
3.02955e-05
5.74632e-07
4.43408e-06
0.000125945
0.000273688
0.000950783
0.00225665
0.00314482
0.00266667
0.00443818
0.00481828
0.00470128
0.0066433
0.0126627
0.0255791
0.0137147
0.00718811
0.00629774
0.00509038
0.00435998
0.00369077
0.00338998
0.003924
0.00307663
0.00297854
0.00277837
0.00289304
0.00292683
0.00293483
0.0027328
0.00265383
0.00263447
0.00277854
0.00278514
0.00269643
0.00256619
0.00254013
0.00240224
0.00247924
0.00237868
0.00253054
0.00250301
0.00245894
0.00266401
0.00197617
0.00124554
0.00183306
0.000635629
0.000301419
0.000330552
2.585e-05
8.71492e-05
0.000286879
0.00074731
0.00212712
0.00126768
0.00250978
0.00379034
0.00369988
0.00408784
0.00505925
0.00324956
0.00232569
0.00222145
0.00136526
0.0041478
0.00225153
0.00170481
6.97113e-06
0.00107765
0.000127928
0.000214604
0.000396426
0.000484186
2.16487e-06
0.000280558
6.53473e-06
0.00268858
3.87629e-05
0.000120994
1.09345e-05
0.000550756
0.000387606
6.30221e-05
4.62478e-07
0.000200072
0.00158688
4.57158e-05
0.0200236
0.0324004
0.00442443
0.0345071
9.85652e-12
9.88086e-12
9.87802e-12
9.86003e-12
9.75826e-12
9.75848e-12
7.09264e-11
7.08092e-11
4.55492e-09
2.47693e-06
3.00142e-05
9.12769e-05
0.000398231
0.000408724
0.000543178
0.000327706
0.000204736
0.000106746
8.2473e-05
3.17134e-05
2.57072e-05
2.10037e-05
2.00389e-05
1.91371e-05
1.82557e-05
1.43192e-05
1.44088e-05
1.38854e-05
1.00969e-05
1.16354e-05
9.38687e-06
1.07935e-05
1.10276e-05
9.55192e-06
9.85204e-06
7.7324e-06
9.99759e-06
9.96227e-06
1.2264e-05
1.14753e-05
1.61588e-05
1.43354e-05
1.56455e-05
1.39447e-05
1.10862e-05
1.00732e-05
1.11264e-05
9.99114e-06
9.30066e-06
1.30622e-05
1.42079e-05
1.17739e-05
3.27472e-05
2.46117e-05
2.05913e-05
1.81839e-05
1.79669e-05
1.5046e-05
1.36444e-05
1.44583e-05
1.36003e-05
1.41123e-05
1.45857e-05
1.23456e-05
1.3668e-05
1.34944e-05
1.40861e-05
1.33698e-05
1.34486e-05
1.30508e-05
1.32193e-05
1.45132e-05
1.4578e-05
1.36858e-05
1.36291e-05
1.63113e-05
4.75141e-06
5.04025e-06
6.33101e-06
6.75434e-06
8.14467e-06
1.18545e-05
1.5107e-05
2.06065e-05
3.34794e-05
6.03437e-05
0.000100372
0.00018811
8.2067e-05
0.00109767
0.00415551
0.0107079
0.0130056
0.0122424
0.0153131
0.0164077
0.0161394
0.0151924
0.0131089
0.00742937
0.00526548
0.003323
0.00332049
0.00178467
0.000715455
0.000448503
0.000440445
0.000476299
0.000219869
0.000239631
9.42049e-05
7.90945e-05
5.89254e-05
8.2314e-05
4.97513e-05
7.03011e-05
0.000104928
0.00104484
0.00118983
0.00123525
0.0023392
0.00222665
0.00376907
0.00372817
0.00524322
0.00581875
0.00550332
0.00499192
0.00645338
0.00769766
0.00749279
0.00783821
0.0120629
0.00573237
0.00511458
0.00450687
0.00443596
0.00425265
0.00451458
0.00425683
0.00441418
0.00471837
0.00467619
0.00392696
0.00398411
0.00434504
0.00418208
0.00409514
0.00434006
0.00429571
0.00481401
0.00513724
0.00443539
0.00487677
0.00550645
0.00571968
0.00541637
0.00531213
0.00517809
0.005101
0.00491965
0.00525207
0.0049058
0.00246445
0.000938746
0.000556217
2.33482e-05
1.21284e-09
2.32121e-07
3.18669e-05
9.07031e-05
0.000819404
0.000776808
0.00100694
0.00163692
0.00128136
0.00267834
0.00261464
0.0057894
0.00525323
0.00766321
0.0075145
0.0075244
0.0134523
0.0098158
0.0104015
0.00762516
0.0126634
0.00942441
0.00867253
0.0113544
0.0117298
0.0114171
0.0116039
0.0106792
0.0111369
0.00785535
0.0110079
0.00807366
0.00772649
0.00589647
0.00711467
0.00696208
0.00495051
0.00457748
0.0170599
0.00248972
2.21635e-11
2.27087e-11
2.29684e-11
2.36491e-11
2.45913e-11
2.5663e-11
1.92113e-11
6.3888e-10
2.55528e-07
9.96694e-06
4.17085e-05
7.4141e-05
7.33761e-05
7.20728e-05
7.20693e-05
6.58619e-05
3.58314e-05
2.6454e-05
1.7633e-05
1.74061e-05
0.000358782
0.000224672
0.000192206
0.000137956
9.60498e-05
7.67284e-05
5.57694e-05
4.6787e-05
4.06561e-05
3.37343e-05
2.5794e-05
3.01109e-05
2.25778e-05
1.8217e-05
1.64887e-05
1.43425e-05
1.7188e-05
1.77793e-05
1.41645e-05
1.57066e-05
1.67811e-05
1.35899e-05
1.15649e-05
1.74705e-05
1.77102e-05
1.6129e-05
1.81489e-05
1.74871e-05
1.81376e-05
1.96901e-05
1.45882e-05
1.62993e-05
1.53106e-05
9.3486e-06
7.90047e-06
1.02861e-05
8.43661e-06
9.04215e-06
9.28092e-06
9.38966e-06
9.21444e-06
9.71311e-06
9.84678e-06
9.87608e-06
9.62276e-06
1.06746e-05
1.03665e-05
1.07735e-05
1.01724e-05
1.17889e-05
1.13441e-05
1.13499e-05
1.17558e-05
1.09717e-05
1.29302e-05
1.39957e-05
1.42287e-05
1.55746e-05
1.45624e-05
1.50162e-05
1.51328e-05
1.82003e-05
1.55269e-05
1.72023e-05
1.74078e-05
1.87474e-05
2.20024e-05
2.5088e-05
7.26043e-05
0.000128553
0.000220674
0.000500426
0.000233873
0.000862269
0.00476314
0.0102425
0.00954309
0.00972539
0.00813154
0.00618148
0.00307388
0.0035264
0.00246266
0.00164569
3.64305e-05
0.000153816
1.48993e-05
5.56339e-05
0.000118417
0.000144275
0.00028015
0.00032808
0.000695254
0.000783643
0.000890938
0.001107
0.0019571
0.00236699
0.00255218
0.00319838
0.0032788
0.00697295
0.00770811
0.0099565
0.0113921
0.0120453
0.0131469
0.0130014
0.0183776
0.0191644
0.0216882
0.0214338
0.0263526
0.0304277
0.0219579
0.0291703
0.0345705
0.029997
0.0424598
0.0354266
0.0288979
0.0339492
0.0143129
0.00631364
0.00587806
0.00614269
0.00536345
0.00549834
0.00546887
0.00659179
0.00616428
0.00585057
0.0077046
0.00794154
0.00673202
0.00606346
0.00612784
0.0058
0.0052953
0.00566233
0.0052883
0.00504929
0.00508497
0.00212789
0.000422814
0.000171195
0.000134945
2.2243e-05
7.53524e-05
0.000219692
0.000184086
7.34655e-05
8.24013e-05
0.000821663
0.000774712
0.00134357
0.000705895
0.00242584
0.0029664
0.00155933
0.00505059
0.0029539
0.00339489
0.00312106
0.00703027
0.00542548
0.0102186
0.00973159
0.00676943
0.00987048
0.0086272
0.00908784
0.00851765
0.0079032
0.00611267
0.00746015
0.00646808
0.00671441
0.00620381
0.00444076
0.00541881
0.00642836
0.0078861
0.00641313
0.00599205
0.00433917
0.00392432
0.00207777
0.00318509
0.00090343
0.00149377
0.00127522
3.96965e-05
0.000270838
0.000225997
0.000222107
0.000142919
0.00130717
0.0028624
3.31956e-11
3.72026e-11
4.00144e-11
4.49812e-11
4.90408e-11
4.29608e-11
1.55263e-11
1.56234e-11
8.02224e-08
1.91862e-06
5.1801e-06
0.000149225
0.000135027
0.000168207
0.000142118
0.000109396
4.80334e-05
5.45193e-05
2.69904e-05
2.05606e-05
1.95338e-05
1.40889e-05
1.48086e-05
1.17607e-05
1.20026e-05
1.18672e-05
1.03495e-05
8.28735e-06
8.18847e-06
9.00902e-06
8.34007e-06
8.86404e-06
8.77124e-06
7.07669e-06
1.06778e-05
9.54181e-06
1.00258e-05
1.01093e-05
1.01081e-05
8.339e-06
8.27032e-06
8.97432e-06
3.07072e-05
2.28651e-05
2.10029e-05
1.6841e-05
2.87395e-05
2.34183e-05
2.96949e-05
2.55326e-05
1.74808e-05
1.86794e-05
3.99253e-06
6.77317e-06
4.29572e-06
4.0428e-06
5.97257e-06
6.52071e-06
5.65973e-06
6.16264e-06
8.26657e-06
7.30556e-06
9.37904e-06
8.96109e-06
1.39145e-05
1.42092e-05
1.49679e-05
1.62259e-05
1.26048e-05
1.46534e-05
1.54052e-05
1.25712e-05
1.3157e-05
1.91306e-05
0.000180711
0.000103002
6.08815e-05
3.87294e-05
2.84496e-05
2.62802e-05
1.96722e-05
1.96343e-05
1.82876e-05
3.72726e-06
3.87949e-06
3.8926e-06
4.19702e-06
4.67587e-06
5.20941e-06
6.06956e-06
7.73357e-06
1.03272e-05
1.34566e-05
2.24952e-05
3.78234e-05
3.69774e-05
6.20445e-05
0.000103687
0.000202534
0.000355417
0.000571202
0.00414222
0.00546469
0.0105403
0.0150259
0.0161035
0.0125155
0.00913585
0.0074879
0.00445781
0.00369732
0.00230462
0.00112911
0.000629581
0.000273408
0.000204812
5.57409e-05
9.18351e-05
7.80319e-06
2.87917e-07
7.1015e-05
8.52575e-05
0.000119044
0.000103881
0.000574002
0.000776812
0.000895053
0.00148032
0.00156916
0.00148657
0.0023847
0.0031541
0.00347047
0.00353681
0.00485611
0.00441885
0.00638905
0.00943182
0.0100908
0.00918982
0.00808064
0.00965518
0.0142793
0.0131478
0.0100325
0.0173136
0.0197036
0.0128806
0.0141088
0.015878
0.0108253
0.0119008
0.0113314
0.0136088
0.00454331
0.0041604
0.00388028
0.00355659
0.00336432
0.0037365
0.00365103
0.00305522
0.00312335
0.00300408
0.00331492
0.00263994
0.00293798
0.00243094
0.00277231
0.00249409
0.00289947
0.00251202
0.00251472
0.0024913
0.00229888
0.00259521
0.00248741
0.00255324
0.0023818
0.00246628
0.00223274
0.00227979
0.0025417
0.00223749
0.00253406
0.000948202
0.00131076
0.000717207
7.56186e-05
2.3443e-07
1.068e-07
9.00494e-05
2.46989e-06
0.000146834
0.00058298
0.00035171
0.000491865
0.00101301
0.00101357
0.000968304
0.00404763
0.00487619
0.00453638
0.00576932
0.00510737
0.00631901
0.00651604
0.00532388
0.00705432
0.00347893
0.00895218
0.00676166
0.00602764
0.00544812
0.00430721
0.0043854
0.00253396
0.00344154
0.00231813
0.00255447
0.0011466
0.00105879
0.00117872
0.000719763
0.00139292
0.000470464
0.000910831
5.7091e-05
0.000507648
0.000352233
0.000457021
0.000171039
0.000139221
0.00670363
0.000431132
0.000227244
8.73064e-12
8.79143e-12
8.79566e-12
8.75209e-12
8.7582e-12
8.75795e-12
1.43981e-11
3.94245e-09
3.67638e-07
7.62647e-06
2.82172e-05
6.17808e-05
0.000120414
9.036e-05
5.30644e-05
5.13521e-05
3.62013e-05
2.44013e-05
1.73034e-05
1.23737e-05
1.19477e-05
8.64973e-06
6.51842e-06
1.20566e-05
1.15005e-05
1.0267e-05
1.09801e-05
1.06144e-05
1.06905e-05
8.54487e-06
6.60301e-06
6.91421e-06
6.67162e-06
6.70943e-06
5.36421e-06
5.57337e-06
5.51458e-06
4.2293e-06
5.51833e-06
5.40723e-06
4.11488e-06
4.66243e-06
4.25115e-06
1.16315e-05
9.02316e-06
1.07464e-05
1.03643e-05
1.02258e-05
1.18268e-05
9.78221e-06
9.6357e-06
9.84667e-06
8.62949e-06
1.73918e-05
1.42235e-05
1.21813e-05
1.29682e-05
1.01012e-05
9.70908e-06
9.80965e-06
9.74509e-06
8.97635e-06
8.9368e-06
9.03588e-06
8.83611e-06
7.75779e-06
8.43713e-06
8.63724e-06
8.6967e-06
7.65635e-06
7.47417e-06
8.78799e-06
9.31746e-06
7.56744e-06
8.78299e-06
8.77998e-06
9.87957e-06
8.78507e-06
2.59395e-05
1.97208e-05
1.70887e-05
1.58471e-05
1.89449e-05
1.69584e-05
1.58662e-05
1.52649e-05
1.48286e-05
1.59285e-05
3.45566e-06
4.02975e-06
4.28132e-06
5.13917e-06
7.01303e-06
8.86706e-06
1.31749e-05
1.9953e-05
2.40322e-05
2.14496e-05
3.96462e-05
0.000122056
0.000155486
8.98042e-05
0.000512285
0.00654281
0.0111868
0.0178014
0.0170982
0.0190832
0.0174415
0.0165914
0.0128008
0.0117459
0.0102875
0.00646503
0.00204967
0.00267483
0.00277542
0.00216171
0.00146161
0.000833498
0.000144265
0.00010626
6.03417e-05
4.88846e-05
3.61409e-06
6.65855e-06
9.82708e-05
6.18611e-05
0.0004112
0.000594809
0.00051895
0.00104524
0.00141969
0.00234755
0.00257324
0.00261641
0.00336706
0.00397208
0.00407975
0.00543054
0.00593133
0.0118552
0.00963738
0.00957967
0.00960356
0.00955708
0.0115607
0.00727238
0.00912005
0.00494738
0.00426212
0.00386342
0.00322499
0.00321415
0.00262965
0.00270616
0.00283636
0.00272067
0.00239457
0.00249925
0.00241116
0.00267088
0.00244869
0.00241155
0.00239029
0.00238259
0.00231529
0.00234781
0.00236441
0.00227921
0.0023361
0.00230049
0.00221076
0.00225182
0.00241501
0.00204776
0.00250099
0.00240571
0.00207311
0.0011055
0.00039114
0.000241453
2.12736e-05
0.00023217
0.000262467
0.000224678
0.000288908
0.00208822
0.00156631
0.0020198
0.0026863
0.00215783
0.00244704
0.00223285
0.0031075
0.00587005
0.0022498
0.00340572
0.0011751
0.0022878
0.00132256
0.00110112
0.000717846
3.25931e-05
0.000120071
0.000657769
7.39883e-05
0.000664213
0.00082121
0.000133722
0.00109327
0.000560571
0.000163156
0.00052423
8.00793e-05
2.42563e-05
0.00149336
0.000757991
1.85424e-05
0.000211563
0.00812568
0.0123029
0.00434295
0.00367014
0.00265911
0.00363396
0.00264866
1.0338e-11
1.03497e-11
1.03518e-11
1.03093e-11
1.02195e-11
1.02195e-11
1.02199e-11
4.58839e-11
7.31319e-10
1.00724e-06
3.12144e-05
0.000277766
0.000244975
0.000368713
0.000678706
0.000271042
0.000180442
9.02843e-05
4.97381e-05
3.58129e-05
2.37573e-05
2.22936e-05
1.6144e-05
1.79706e-05
1.72064e-05
1.26416e-05
1.01488e-05
9.2737e-06
7.74715e-06
7.90167e-06
7.53587e-06
6.0888e-06
6.41392e-06
7.84423e-06
7.47404e-06
8.43655e-06
8.28923e-06
8.12482e-06
8.81181e-06
7.67343e-06
7.70328e-06
7.74663e-06
7.53874e-06
8.86147e-06
7.08811e-06
8.37324e-06
1.04443e-05
1.17824e-05
1.13194e-05
1.17919e-05
1.05129e-05
8.94336e-06
8.79506e-06
8.85215e-06
8.00138e-06
8.16953e-06
8.45006e-06
9.05781e-06
9.28726e-06
2.12002e-05
1.73294e-05
1.5794e-05
1.52061e-05
1.2255e-05
1.23775e-05
1.15134e-05
1.04776e-05
1.29038e-05
1.08954e-05
1.18143e-05
1.14757e-05
1.00076e-05
1.01796e-05
1.04606e-05
1.13284e-05
9.69434e-06
1.06465e-05
1.05464e-05
1.12172e-05
1.29058e-05
1.25055e-05
1.22906e-05
1.26012e-05
1.29594e-05
3.88116e-06
3.66292e-06
4.80306e-06
5.85942e-06
7.42389e-06
1.11369e-05
1.30357e-05
2.21088e-05
3.44477e-05
5.12508e-05
8.94325e-05
0.000202013
0.000187204
0.00158966
0.00665737
0.00898692
0.0131789
0.0185134
0.0179738
0.0172857
0.0152643
0.0149196
0.0134136
0.0106332
0.00939025
0.0037056
0.00390373
0.00258055
0.00145675
0.00206152
0.000742725
0.000819938
0.00123485
0.000273127
0.000895537
0.000438766
0.000262534
1.03985e-05
2.40348e-06
4.81159e-06
2.7038e-06
9.87072e-07
9.95e-05
0.000102469
0.00073028
0.00102803
0.00244697
0.00332353
0.00344615
0.00382086
0.00520838
0.00576349
0.00535931
0.00789765
0.00844717
0.00845531
0.0088672
0.0119417
0.00481315
0.0043763
0.00552981
0.00435895
0.00446647
0.00407046
0.00413472
0.00496
0.00484826
0.004369
0.00377013
0.00390234
0.00397481
0.00418387
0.00415888
0.0042477
0.00443184
0.00409307
0.00451373
0.00433305
0.0047018
0.00410147
0.00445705
0.0043422
0.00376877
0.00428871
0.00403519
0.00429559
0.00438134
0.00201716
0.00420603
0.00176572
0.0004621
2.20429e-05
0.000115068
1.81589e-05
0.000161238
0.000402221
0.000538706
0.00198635
0.0020646
0.00316166
0.00186882
0.00272637
0.00576185
0.00589875
0.00646106
0.00689685
0.00985163
0.00839
0.00848871
0.00859553
0.0109495
0.0104079
0.00652268
0.00954532
0.00803894
0.00556696
0.00736778
0.00610264
0.00318143
0.00668846
0.00412162
0.00371808
0.00413915
0.00393923
0.00273022
0.00363335
0.00467183
0.00429882
0.00589215
0.00481945
0.0143728
0.00756207
0.00820929
0.00701342
2.8145e-11
2.97833e-11
3.03486e-11
3.07525e-11
3.24528e-11
3.20825e-11
2.184e-11
4.78592e-11
4.85478e-11
4.57355e-09
4.60256e-07
5.25629e-07
7.9246e-05
0.00193385
0.00197025
0.00214085
0.00147338
0.000766524
0.000344506
0.000204031
0.000125696
0.000129984
6.3977e-05
5.94505e-05
4.91e-05
4.49864e-05
3.29072e-05
3.15729e-05
2.94545e-05
2.73931e-05
2.6324e-05
1.84004e-05
1.63129e-05
1.98535e-05
1.86193e-05
1.69572e-05
1.74627e-05
1.76147e-05
1.46714e-05
2.0645e-05
2.10911e-05
1.93056e-05
1.92344e-05
1.92802e-05
1.88951e-05
1.98461e-05
1.61207e-05
1.56912e-05
1.79748e-05
1.45556e-05
1.14332e-05
8.74775e-06
9.30662e-06
9.13189e-06
1.00036e-05
1.04537e-05
1.40307e-05
1.43551e-05
1.11695e-05
1.29659e-05
1.27854e-05
1.15898e-05
1.15775e-05
1.2737e-05
1.13322e-05
1.12871e-05
1.17092e-05
1.10018e-05
1.11466e-05
1.15472e-05
1.25748e-05
1.06743e-05
1.29353e-05
1.3832e-05
1.39269e-05
1.4676e-05
1.29878e-05
1.5018e-05
1.50306e-05
1.51343e-05
1.44899e-05
1.55947e-05
1.58803e-05
1.57538e-05
1.81669e-05
1.80289e-05
1.78534e-05
2.14154e-05
2.67385e-05
3.58805e-05
4.92028e-05
5.63557e-05
9.06539e-05
0.000159571
0.000547437
1.55824e-05
0.00233388
0.00665488
0.00766473
0.00934996
0.00916961
0.00704111
0.00437862
0.00263509
0.000862608
0.00125696
0.000660522
0.00024616
0.000174211
4.04143e-05
9.66406e-06
3.47297e-05
0.000125878
0.000116046
0.000153586
0.000407465
0.000413701
0.000735275
0.00101157
0.00152234
0.00178563
0.00182668
0.00226479
0.00561364
0.00770387
0.00780081
0.0107866
0.011128
0.013047
0.0113101
0.0120296
0.0157147
0.020787
0.0176418
0.0274197
0.028128
0.0213254
0.027115
0.0286801
0.0323512
0.0291725
0.0429241
0.0453997
0.0228123
0.0218405
0.00881814
0.00830785
0.010054
0.00995034
0.00849216
0.00689905
0.00632749
0.00680718
0.00577598
0.00548228
0.00558899
0.00519675
0.00441401
0.004814
0.00451425
0.0048913
0.00459223
0.00457787
0.0044239
0.00424401
0.00374043
0.00389658
0.00224441
0.00367391
0.00137897
0.000984346
0.00030026
0.000275609
0.000261899
0.00065866
8.84531e-07
0.0011101
7.10993e-05
0.00110945
0.00179563
0.000864282
0.000904185
0.00156318
0.00284953
0.00396906
0.00439831
0.00419155
0.00387511
0.00524192
0.00512684
0.00770117
0.00648425
0.00875715
0.00642547
0.00578459
0.00641897
0.00625461
0.0101835
0.00554306
0.0108454
0.0105409
0.00587543
0.00601508
0.00549192
0.00464978
0.00416107
0.00314698
0.00336336
0.000886469
0.00462835
0.000658105
0.00285926
0.000881758
0.000965234
0.00293315
0.00313668
0.000395987
0.000464668
0.00289014
0.000176226
0.000407667
0.00368424
0.00163375
3.56949e-05
1.25106e-11
1.40275e-11
1.42136e-11
1.21488e-11
1.43103e-11
1.24568e-11
1.51473e-11
1.56693e-11
1.59532e-11
3.08554e-09
3.24157e-09
3.94862e-07
6.05423e-06
9.60263e-05
0.000296115
0.000480974
0.000505191
0.000281874
0.000194511
0.000111787
9.87286e-05
4.90107e-05
4.32513e-05
2.58968e-05
2.9508e-05
1.88159e-05
1.58307e-05
1.54627e-05
1.75572e-05
1.55571e-05
1.47329e-05
1.20668e-05
1.15532e-05
9.23473e-06
8.32937e-06
1.05671e-05
8.53075e-06
6.76601e-06
7.80927e-06
7.37777e-06
9.43303e-06
6.61096e-06
6.53965e-06
6.09001e-06
5.72067e-06
1.51181e-05
1.72798e-05
1.40527e-05
1.2219e-05
1.65167e-05
1.96189e-05
1.32248e-05
1.24545e-05
1.12529e-05
1.71434e-05
1.40639e-05
1.36102e-05
1.42006e-05
1.27967e-05
1.25812e-05
1.17474e-05
1.16286e-05
1.10151e-05
1.01875e-05
1.1773e-05
1.16603e-05
9.3016e-06
1.00945e-05
9.35593e-06
1.04147e-05
7.95415e-05
5.06187e-05
6.36113e-06
4.25121e-05
3.12766e-05
2.48785e-05
2.08375e-05
1.82488e-05
1.51522e-05
1.4757e-05
1.69724e-05
1.54863e-05
1.5328e-05
1.76096e-05
1.67e-05
3.76218e-06
4.20901e-06
3.85982e-06
4.39978e-06
5.24475e-06
6.07593e-06
6.53104e-06
8.24306e-06
1.35906e-05
1.68091e-05
2.36633e-05
2.38041e-05
3.48268e-05
7.00128e-05
0.000133343
0.000247667
0.000193975
0.0019796
0.00617539
0.00859362
0.0122019
0.0150746
0.0157641
0.0135223
0.0102679
0.00901771
0.00533298
0.00245257
0.00264782
0.00125737
0.00090204
0.000417565
0.000283649
0.000120483
1.18518e-05
9.2104e-09
4.31262e-05
0.000177257
0.000125546
0.000335064
0.000671681
0.000768982
0.00117253
0.0015451
0.00184584
0.00283429
0.00349962
0.00329064
0.00456138
0.00520472
0.0058165
0.00721519
0.00840491
0.00956902
0.0144427
0.0128555
0.0136663
0.0178537
0.0114629
0.0162505
0.010408
0.0113607
0.00880237
0.00788611
0.0143439
0.0153079
0.0109774
0.00920142
0.017731
0.0158923
0.00367695
0.00344355
0.00346197
0.00322947
0.00333499
0.00323047
0.00305597
0.00309588
0.0028666
0.0027096
0.00281366
0.00285692
0.00256509
0.00310738
0.00253954
0.00251181
0.00254744
0.00237534
0.00250137
0.0022519
0.00240839
0.00284159
0.00233978
0.00221815
0.00221113
0.00248852
0.00242453
0.00256028
0.00213866
0.00237993
0.00201649
0.000750208
0.000448706
0.000831276
0.000416859
0.000578872
0.00011367
1.82647e-05
0.000800818
0.000373581
0.00077878
0.00276323
0.000639199
0.00237396
0.00342853
0.00364154
0.00270271
0.00298561
0.00296638
0.00474791
0.00571993
0.0028916
0.00736548
0.00588779
0.00752639
0.0069623
0.00588877
0.00582419
0.00466318
0.00341076
0.00360351
0.00631126
0.00423826
0.0028682
0.00220563
0.00191388
0.00174465
0.00398419
0.0012319
0.00100837
0.00105739
0.000442019
0.000403686
0.000377251
0.000379539
0.000857176
0.000452942
0.000268889
0.000363588
0.000198244
0.000191178
0.00775159
1.00382e-11
9.88354e-12
9.88429e-12
1.00792e-11
9.92392e-12
9.92367e-12
9.51054e-12
1.23654e-11
2.17551e-09
2.69906e-07
1.86974e-06
1.21037e-05
3.7389e-05
7.30343e-05
6.88571e-05
3.19579e-05
3.05798e-05
2.33967e-05
1.7319e-05
1.10986e-05
1.07216e-05
8.3124e-06
7.33789e-06
1.58925e-05
1.1712e-05
9.18764e-06
1.01417e-05
9.58756e-06
9.36108e-06
8.69071e-06
7.44821e-06
6.58353e-06
6.62823e-06
6.35021e-06
5.21163e-06
7.12052e-06
6.38759e-06
7.11112e-06
9.35279e-06
8.67196e-06
7.26512e-06
5.35776e-06
6.69947e-06
1.66236e-05
1.23977e-05
1.1433e-05
1.27283e-05
1.23322e-05
1.18625e-05
8.72583e-06
1.02204e-05
6.68669e-06
7.80572e-06
7.01426e-06
6.33597e-06
6.28613e-06
6.65667e-06
6.92024e-06
4.60502e-06
6.35604e-06
5.4352e-06
6.64835e-06
5.52325e-06
6.24913e-06
5.27025e-06
5.35538e-06
6.1621e-06
5.24992e-06
6.13e-06
5.88119e-06
6.00468e-06
6.16387e-06
6.37272e-06
6.56015e-06
6.79686e-06
5.80137e-06
6.28686e-06
6.24323e-06
6.84805e-06
5.60842e-06
6.08103e-06
6.10548e-06
8.22934e-06
9.04993e-06
8.17495e-06
0.00013668
5.73719e-06
6.13326e-06
6.14237e-06
7.10369e-06
9.50312e-06
1.12989e-05
1.16011e-05
1.32489e-05
2.51558e-05
2.82719e-05
5.08459e-05
9.23196e-05
0.000179815
0.000317142
0.00111081
0.00523484
0.0108961
0.0120788
0.0176414
0.0173785
0.0162148
0.0137501
0.00999676
0.00626748
0.00371073
0.00338497
0.00290127
0.00283932
0.00130969
0.00122036
0.000417007
0.000382292
0.000249069
6.88894e-05
8.81528e-05
1.96668e-05
5.49767e-05
3.0099e-05
8.86288e-05
0.000195013
0.000460006
0.000729202
0.00101232
0.00125759
0.00194817
0.00218765
0.00325264
0.00403458
0.00488121
0.00645689
0.00635117
0.00726249
0.00749569
0.0104273
0.0107731
0.0156836
0.0133515
0.039716
0.00772114
0.00657372
0.00798394
0.0143095
0.0094918
0.00887499
0.00534314
0.00491099
0.00426683
0.00389061
0.00331568
0.00341726
0.0034139
0.00303051
0.00269448
0.00258362
0.00287038
0.0026778
0.00253974
0.00243646
0.00217705
0.00253552
0.00286624
0.00221293
0.00214114
0.00237388
0.00234748
0.00220863
0.00181947
0.00231781
0.00232705
0.00221158
0.00136097
0.000955918
4.04329e-05
0.00025977
3.43582e-09
0.000731066
0.000100363
3.8052e-05
0.00100319
0.00189943
0.00103099
0.00399676
0.00337505
0.00249071
0.00556759
0.00406634
0.00400222
0.00188853
0.00167878
0.00349168
0.00140719
0.000997098
0.000842585
0.000722772
0.000517154
1.96708e-06
0.00156354
0.000174715
9.90827e-05
0.001938
8.09103e-05
0.000877911
0.000390296
0.000210074
4.72902e-06
0.00123635
2.75144e-05
0.000449355
0.0060791
0.00854531
0.00533031
0.00541619
0.00300046
0.00260733
0.00303581
0.00166119
0.00566773
9.55526e-12
9.56737e-12
9.57526e-12
9.57195e-12
9.53973e-12
9.47166e-12
9.46282e-12
4.69751e-11
7.68902e-10
4.93922e-07
1.78774e-05
1.42296e-05
3.8793e-05
0.000209094
0.000221052
0.000223299
8.69837e-05
6.33917e-05
4.17961e-05
2.76217e-05
2.55281e-05
1.68336e-05
1.27435e-05
1.30079e-05
1.1359e-05
1.11016e-05
9.49838e-06
8.56724e-06
5.78951e-06
5.43656e-06
6.73319e-06
7.18495e-06
5.67436e-06
6.54446e-06
6.36649e-06
6.3972e-06
5.55253e-06
4.26787e-06
6.18506e-06
4.16237e-06
5.76029e-06
5.8169e-06
6.58339e-06
5.08674e-06
8.595e-06
8.9909e-06
9.23829e-06
8.00417e-06
8.31868e-06
6.84232e-06
8.0297e-06
5.67705e-06
5.81337e-06
6.77284e-06
6.22635e-06
1.24916e-05
1.05175e-05
1.00128e-05
1.01946e-05
8.78948e-06
8.61418e-06
8.72195e-06
8.32149e-06
7.20325e-06
7.99411e-06
8.02976e-06
7.33947e-06
8.60499e-06
8.27807e-06
8.16224e-06
8.37538e-06
8.26917e-06
8.52321e-06
7.47288e-06
9.1826e-06
8.46051e-06
8.56912e-06
8.79141e-06
9.10608e-06
8.7142e-06
3.63834e-06
3.76775e-06
3.74819e-06
4.77006e-06
6.2463e-06
7.03378e-06
1.08925e-05
1.60691e-05
2.05e-05
3.99566e-05
7.81189e-05
0.000122186
0.000242354
0.000156785
0.00148312
0.00622279
0.012548
0.019504
0.0213621
0.0174559
0.0135817
0.0144943
0.0081231
0.00558695
0.00356317
0.00281515
0.00187416
0.000985876
0.000744648
0.000717946
0.000537852
0.000795332
0.000824447
0.000194686
2.53272e-05
3.61853e-05
1.49395e-05
3.2061e-05
2.70476e-06
1.42373e-05
0.000484818
0.000500038
0.000747647
0.00166785
0.00246153
0.00299776
0.00342248
0.00334894
0.00560715
0.00628579
0.00933094
0.00978017
0.0125806
0.0113979
0.0142141
0.00591057
0.0137607
0.00562487
0.00487142
0.00489366
0.00459668
0.00458321
0.00447432
0.00389866
0.00413778
0.00471
0.00414099
0.00460688
0.00477813
0.00422625
0.00408834
0.00370386
0.00409941
0.00335947
0.0039074
0.00388504
0.0040423
0.00387317
0.00376016
0.00385477
0.0035468
0.00377413
0.00391268
0.00354654
0.00388687
0.00169535
0.000896562
7.43893e-06
0.000128159
6.11788e-05
0.000368678
0.000681039
0.000109644
0.000121869
0.00261457
0.00155345
0.00333314
0.00198025
0.00393898
0.00693386
0.00461906
0.0139507
0.00808334
0.00983635
0.00947593
0.00650309
0.0105301
0.0103857
0.00782795
0.0106764
0.010511
0.00589348
0.0122105
0.00832581
0.00869354
0.00866876
0.00572442
0.00794962
0.00451738
0.00312232
0.00286282
0.00260801
0.00161966
0.0014533
0.00470686
0.00268115
0.0028879
0.00163141
0.00159726
0.000948135
0.000290595
1.68608e-11
1.69299e-11
1.70545e-11
1.71203e-11
1.72995e-11
1.7591e-11
1.75574e-11
1.6735e-11
9.67257e-10
2.70226e-07
9.33339e-06
0.00137545
0.00425066
0.00393658
0.00446986
0.00259396
0.00117437
0.000743937
0.000430081
0.00018605
0.000154049
8.55192e-05
7.21637e-05
4.47753e-05
3.92642e-05
2.56558e-05
2.29314e-05
1.87539e-05
1.77665e-05
1.95953e-05
1.55101e-05
1.57963e-05
1.26304e-05
1.33835e-05
1.09481e-05
1.0955e-05
9.58514e-06
9.67842e-06
9.72832e-06
1.09259e-05
1.13397e-05
9.40704e-06
1.05063e-05
1.15613e-05
1.04046e-05
9.89597e-06
1.00419e-05
9.81573e-06
9.20622e-06
9.14393e-06
1.19787e-05
9.21728e-06
9.13914e-06
1.12396e-05
1.13761e-05
6.48385e-06
6.75112e-06
7.22252e-06
6.70916e-06
6.47227e-06
6.72693e-06
6.39595e-06
6.8116e-06
6.61293e-06
6.61526e-06
7.01235e-06
6.99869e-06
7.33862e-06
7.1649e-06
8.25929e-06
7.79775e-06
6.9812e-06
7.62287e-06
8.03434e-06
8.18445e-06
8.42671e-06
9.23973e-06
8.60537e-06
8.5994e-06
9.92842e-06
1.03455e-05
1.19052e-05
1.30887e-05
1.21541e-05
1.98451e-05
2.15104e-05
4.94135e-05
8.3919e-05
0.000154256
0.000272236
9.74834e-05
2.7634e-06
0.00499173
0.00527343
0.0117328
0.0138767
0.0129603
0.0110571
0.00777249
0.00613374
0.00310186
0.00204507
0.0022538
0.000981292
0.000381898
6.42944e-05
8.05364e-05
0.000303604
4.82884e-05
3.58411e-06
6.72874e-05
2.60649e-05
0.000126422
0.000610444
0.000779205
0.00108749
0.00173331
0.00479927
0.00527165
0.00578198
0.00670738
0.0082797
0.0103392
0.0111652
0.0153018
0.0151771
0.0207129
0.018345
0.0225484
0.0197205
0.0271347
0.0371692
0.0271743
0.0254366
0.027065
0.0235583
0.019708
0.00316525
0.00334191
0.00346892
0.00386266
0.00341419
0.00387704
0.0034815
0.00359769
0.00391211
0.00380586
0.00406521
0.00458027
0.00417434
0.00426672
0.00432186
0.00448948
0.00447038
0.00435975
0.00541994
0.00448914
0.00528421
0.00473044
0.0047124
0.00473074
0.0040463
0.00414513
0.000811154
0.00180532
0.00182018
0.000645791
0.000601366
0.00118609
0.000891699
1.48792e-06
9.68658e-05
8.03189e-05
2.19415e-05
0.0016384
0.00217794
0.000685759
0.0018686
0.00149987
0.00246732
0.00127903
0.00166324
0.00712285
0.00559492
0.00569114
0.00827468
0.0135384
0.00769066
0.00967037
0.00901134
0.00599735
0.00874629
0.00683492
0.00744783
0.00732404
0.00668087
0.00651548
0.00476723
0.00328704
0.00274682
0.00201092
0.000976496
5.73641e-05
4.17226e-07
0.000858404
0.00126912
0.00401632
0.00754495
0.0151262
0.0198488
0.0275709
0.0217795
0.0178727
0.0167416
0.0151018
0.0180776
0.0164208
0.0176525
0.0104306
0.0146102
0.0185319
0.00418512
0.0040904
0.00439649
0.00462777
0.00569029
3.76951e-11
4.82388e-11
5.8113e-11
6.85846e-11
7.93333e-10
2.14333e-08
2.61742e-06
3.35521e-05
4.76775e-05
5.10663e-05
4.48699e-05
2.46102e-05
1.66009e-05
1.20576e-05
6.95449e-06
5.81263e-06
5.77861e-06
4.88454e-06
3.93874e-06
4.11274e-06
3.76338e-06
4.20601e-06
3.30402e-06
3.16355e-06
2.94943e-06
2.42947e-06
1.89104e-06
2.49164e-06
2.05245e-06
1.95865e-06
2.02986e-06
2.01004e-06
2.09131e-06
1.55656e-06
1.85618e-06
1.67716e-06
4.31399e-06
3.32937e-06
3.54498e-06
4.11634e-06
3.01518e-06
2.84332e-06
3.51219e-06
2.95082e-06
3.45042e-06
3.13724e-06
3.05225e-06
3.0445e-06
2.78999e-06
2.87103e-06
2.7386e-06
2.92238e-06
2.87202e-06
2.69934e-06
2.74571e-06
2.67232e-06
2.65049e-06
2.56279e-06
2.0676e-06
2.37446e-06
2.44034e-06
2.66889e-06
2.76471e-06
2.22057e-06
2.30701e-06
2.59977e-06
2.57919e-06
2.59809e-06
1.36798e-05
9.26329e-06
8.11578e-06
5.92855e-06
4.5011e-06
4.26974e-06
3.99788e-06
3.90263e-06
3.76293e-06
3.84775e-06
3.85862e-06
1.19877e-06
1.09513e-06
1.17446e-06
1.33072e-06
1.53893e-06
1.80215e-06
2.13263e-06
2.91884e-06
3.84547e-06
9.20727e-06
1.3755e-05
5.21201e-05
5.87636e-05
0.000126963
0.000687524
0.00515694
0.0122514
0.0177468
0.0201315
0.0260873
0.0274824
0.0251156
0.0188991
0.0166374
0.0179227
0.0106043
0.00820767
0.00736795
0.00342559
0.00332832
0.00282861
0.00239135
0.00212816
0.00128723
0.00153377
0.000646912
0.000547035
0.000622658
0.000219489
0.000149056
9.32022e-05
2.58208e-05
8.39105e-05
2.49215e-05
0.000205119
0.00236248
0.00231997
0.0037901
0.00504764
0.00687367
0.00881942
0.00905139
0.00389413
0.00389128
0.00379559
0.00582048
0.00726998
0.0100595
0.0118945
0.0150434
0.00880805
0.00634336
0.00250546
0.00228024
0.00251757
0.00244454
0.00251614
0.00256343
0.00218676
0.00256002
0.00215399
0.00246222
0.00233638
0.00213429
0.00227829
0.00230197
0.00231342
0.00222308
0.00225243
0.00228405
0.00238954
0.00202583
0.00236342
0.00216247
0.00252992
0.00210391
0.00210928
0.00215739
0.00209682
0.0010811
0.00170841
0.000152255
0.00119509
9.16522e-07
1.03683e-05
0.000245268
0.00113076
0.000873629
0.00530613
0.00583245
0.0053251
0.00830848
0.00666081
0.00901977
0.00952247
0.0149424
0.0133169
0.00792744
0.0117054
0.0102424
0.00731783
0.0108544
0.00872004
0.00353892
0.00259453
0.00510924
0.00374023
0.00259793
0.00253551
0.0013561
0.00147085
0.000509006
0.000989181
0.0011076
0.000860249
0.000189782
0.000339716
0.000671475
0.000151725
0.000353428
0.000470467
0.000440444
0.000975235
0.00181001
8.5303e-12
8.64799e-12
8.54913e-12
8.68251e-12
8.65328e-12
8.55461e-12
8.19757e-12
2.6721e-10
1.84461e-06
1.75402e-06
2.51125e-05
5.03834e-05
0.000148082
9.91706e-05
3.57153e-05
2.55389e-05
1.46736e-05
1.36846e-05
1.80417e-05
1.78373e-05
1.08574e-05
1.02685e-05
1.19258e-05
9.41084e-06
1.06055e-05
1.006e-05
8.54567e-06
6.85995e-06
8.06279e-06
7.28935e-06
6.29793e-06
5.41614e-06
5.71137e-06
5.23921e-06
5.48512e-06
9.88997e-06
8.13651e-06
8.05584e-06
8.21829e-06
9.13061e-06
6.65877e-06
6.60678e-06
6.60362e-06
6.36547e-06
5.94885e-06
5.91682e-06
5.17181e-06
6.09231e-06
5.21158e-06
4.90069e-06
4.42837e-06
4.52396e-06
5.61381e-06
4.57776e-06
4.57136e-06
4.27907e-06
4.53534e-06
4.29745e-06
4.71312e-06
4.35044e-06
4.70088e-06
4.66791e-06
4.73191e-06
5.31331e-06
5.06626e-06
4.6817e-06
5.77834e-06
6.49114e-06
5.01604e-06
5.07529e-06
5.0351e-06
6.36225e-06
6.41179e-06
7.44533e-06
9.56002e-06
1.30875e-05
1.73328e-05
2.62216e-05
5.06229e-05
8.66794e-05
4.3406e-05
0.000452673
0.00635193
0.0141711
0.0188847
0.0198643
0.0188566
0.0150735
0.0162206
0.0115968
0.0100025
0.0046279
0.00617723
0.00343307
0.00168126
0.000655854
0.000707871
0.000507246
0.000448694
0.000253403
0.000116462
6.50019e-05
3.83125e-06
1.32622e-07
0.000262625
0.000409984
0.000925027
0.00130017
0.00227037
0.00294875
0.00364657
0.00394045
0.00471789
0.0055334
0.00674275
0.00858938
0.0109323
0.0129797
0.0148093
0.0613865
0.0150416
0.00881974
0.00660296
0.00562084
0.0046347
0.00417265
0.00375442
0.00333389
0.00320782
0.00281981
0.00261789
0.00244046
0.00220919
0.00226171
0.00211484
0.00221998
0.00234621
0.00208219
0.00261419
0.00203318
0.00208737
0.00223667
0.00225204
0.00190973
0.00201093
0.00213034
0.00207253
0.00172261
0.00180618
0.00128486
0.000307094
6.2197e-05
6.49344e-05
0.000149894
0.000483608
0.00062361
0.000412446
0.00387079
0.0063349
0.00542676
0.00514974
0.00349325
0.00294696
0.00749665
0.0020775
0.00299168
0.0026715
0.00193698
0.00205354
0.00168884
0.000193918
0.00114281
0.000100734
0.000238278
0.00145216
5.90336e-06
0.00115472
0.000503065
0.000140704
0.000217154
0.00099692
1.11687e-06
0.000494986
4.45491e-05
0.00139393
0.000694487
0.00189448
1.79372e-05
0.014167
0.00889196
0.00569012
0.0166599
0.00793793
0.00637778
0.00827083
1.01634e-11
1.0191e-11
1.01917e-11
1.01928e-11
1.0187e-11
1.00709e-11
2.18337e-10
1.99672e-06
3.07291e-05
0.000108335
0.000244473
0.000215758
0.00028347
0.000109493
6.63325e-05
4.16583e-05
3.35953e-05
2.62305e-05
1.90197e-05
1.29223e-05
9.75632e-06
1.29177e-05
1.28061e-05
1.06407e-05
7.83495e-06
6.92168e-06
7.00386e-06
6.95391e-06
6.5957e-06
7.16289e-06
8.83913e-06
7.61419e-06
8.57548e-06
7.01025e-06
6.63347e-06
6.85188e-06
8.04382e-06
7.06572e-06
5.66633e-06
1.17726e-05
1.13744e-05
8.99247e-06
8.66569e-06
7.93898e-06
7.06721e-06
8.29996e-06
7.13677e-06
6.17966e-06
1.6316e-05
1.44824e-05
1.40271e-05
1.11993e-05
1.08799e-05
1.10698e-05
9.60059e-06
1.03995e-05
1.01551e-05
9.78028e-06
9.09607e-06
1.0214e-05
8.94397e-06
9.5734e-06
9.58557e-06
9.41399e-06
1.05641e-05
1.07411e-05
1.00156e-05
1.02961e-05
9.49623e-06
9.59904e-06
3.94693e-06
3.99922e-06
4.217e-06
5.08458e-06
5.64506e-06
7.03791e-06
9.83691e-06
1.34408e-05
1.77006e-05
2.85177e-05
5.66878e-05
8.59139e-05
9.9371e-05
1.63628e-07
0.000256378
0.00291829
0.00838206
0.0199226
0.0195156
0.0158041
0.0121411
0.00859634
0.00640884
0.00642065
0.00396788
0.00285828
0.00236734
0.00180341
0.00128246
0.000886379
0.000945952
0.000530427
0.0010577
0.00051556
8.24227e-05
5.88612e-05
5.74806e-05
4.73745e-05
3.78256e-05
4.92435e-06
6.7811e-07
4.68927e-05
3.51848e-05
0.000512641
0.00162218
0.0026472
0.0026748
0.00300423
0.00439673
0.00486256
0.00627573
0.00837219
0.00814212
0.00865867
0.00975129
0.011263
0.0138239
0.0136701
0.00961296
0.00662804
0.00616581
0.00552935
0.00602864
0.00502115
0.00527898
0.00509969
0.00566547
0.0041469
0.00478978
0.0044293
0.00454892
0.00430938
0.00418251
0.00380167
0.00407081
0.00410708
0.00392763
0.00371135
0.0040933
0.00393147
0.00377848
0.00375467
0.0041633
0.00413811
0.00379214
0.0033979
0.00375188
0.00342293
0.00330905
0.00349207
0.00154458
0.00131497
2.0456e-05
0.000519257
0.000631822
8.67728e-05
3.96339e-05
0.000262076
5.48571e-05
0.00195105
0.000584053
0.00144424
0.0044034
0.00492419
0.00636614
0.00576323
0.00822515
0.0097798
0.00918799
0.0087486
0.00817873
0.00901941
0.0126213
0.0102091
0.0113112
0.0123701
0.0101734
0.00844982
0.00809725
0.0132179
0.00963891
0.00683099
0.00474243
0.00709289
0.00572794
0.00535676
0.00561394
0.00932404
0.00173982
0.00341331
0.00144063
1.38467e-05
1.42988e-11
1.43795e-11
1.45377e-11
1.4378e-11
1.4503e-11
1.47059e-11
2.047e-09
3.05593e-07
1.10841e-05
0.00103674
0.00407899
0.0057405
0.00325388
0.00127717
0.00110751
0.000396084
0.000319646
0.00017938
8.02533e-05
6.7508e-05
3.61015e-05
2.94973e-05
1.78229e-05
1.91098e-05
1.47733e-05
1.42543e-05
1.257e-05
1.33558e-05
1.03288e-05
1.11731e-05
1.02682e-05
1.00628e-05
7.16014e-06
7.42299e-06
8.33603e-06
7.1547e-06
7.40364e-06
8.29649e-06
7.46842e-06
6.95719e-06
7.65285e-06
7.12537e-06
7.27846e-06
6.67916e-06
6.87272e-06
7.19987e-06
6.84176e-06
7.14093e-06
7.30293e-06
8.11076e-06
8.36543e-06
8.24434e-06
7.86058e-06
9.89845e-06
6.42742e-06
6.31073e-06
6.81661e-06
7.27583e-06
7.83238e-06
1.01822e-05
9.01576e-06
6.90734e-06
7.30524e-06
7.36627e-06
6.74047e-06
1.53981e-05
1.37162e-05
1.36042e-05
1.39493e-05
1.28074e-05
1.309e-05
1.16463e-05
1.66348e-05
1.91227e-05
1.73427e-05
1.71345e-05
1.64476e-05
1.49451e-05
1.47928e-05
1.48212e-05
1.47907e-05
6.60344e-06
7.07189e-06
7.32989e-06
8.80608e-06
1.34814e-05
1.97977e-05
2.97789e-05
3.10149e-05
9.93844e-05
0.000184388
0.000320297
0.000319259
0.000967706
0.00566671
0.0105713
0.0152417
0.0143367
0.0126644
0.00879742
0.00737884
0.0043168
0.00263791
0.00315238
0.0010671
0.000939062
0.000872511
0.000920573
0.0010189
0.000695205
0.000353736
0.000333926
0.000273059
0.000125408
1.63611e-06
5.31398e-06
7.94385e-07
0.000183691
0.000188299
0.000300294
0.000424374
0.000895636
0.00284388
0.00756359
0.0050365
0.0058507
0.0058526
0.011119
0.0106278
0.011715
0.0188738
0.0220948
0.0227392
0.0186785
0.0168024
0.0246734
0.0288179
0.0461258
0.0305515
0.00351952
0.00385297
0.00386252
0.0039568
0.00413205
0.00413599
0.00407327
0.00467162
0.00423988
0.00460383
0.00480152
0.00428125
0.00430025
0.00431894
0.00410718
0.004434
0.00466827
0.00452483
0.00352613
0.00144063
0.00262031
0.000189503
0.000404127
1.59904e-05
1.06278e-05
1.17343e-05
6.89791e-05
0.000441327
0.000305633
0.000350124
0.00398101
0.00292958
0.00360726
0.00212155
0.00494087
0.00455338
0.0050984
0.00497436
0.0112577
0.00533877
0.0138357
0.00728578
0.00858477
0.00843324
0.0113245
0.00949515
0.0099088
0.00841582
0.00796629
0.00816045
0.00618331
0.00699566
0.00726257
0.00562885
0.00507875
0.00794432
0.00460999
0.00422314
0.0067224
0.00351429
0.00313021
0.00373157
0.0019541
0.00100934
0.00110327
0.000714315
0.000812217
0.000229845
7.0286e-05
6.11854e-06
6.54305e-10
0.000276033
0.000640239
0.000999638
0.0032042
0.0077042
5.48371e-11
5.96034e-11
6.70606e-11
7.55942e-11
8.80002e-11
1.05599e-10
1.27976e-10
1.4608e-10
1.38095e-08
9.43997e-07
1.17558e-05
5.92511e-05
0.00049493
0.000668444
0.000585339
0.000180244
0.00016781
0.00012589
3.77807e-05
2.29806e-05
1.58841e-05
1.31302e-05
1.24021e-05
1.04649e-05
1.1568e-05
9.90073e-06
9.78215e-06
8.61645e-06
8.4103e-06
7.58791e-06
7.64095e-06
6.80726e-06
7.15254e-06
5.42106e-06
5.11754e-06
6.77227e-06
5.6686e-06
6.05793e-06
6.17313e-06
8.41679e-06
7.83266e-06
6.73451e-06
1.67011e-05
1.89265e-05
1.72258e-05
1.42119e-05
1.85418e-05
1.69683e-05
1.53598e-05
1.46486e-05
1.17704e-05
9.58478e-06
9.73992e-06
9.3202e-06
8.52023e-06
8.13719e-06
8.51438e-06
9.63785e-06
1.02554e-05
1.00209e-05
8.97136e-06
1.0759e-05
9.88182e-06
1.15075e-05
1.15773e-05
9.21595e-06
9.43602e-06
9.45579e-06
1.03885e-05
1.02003e-05
8.92449e-06
1.13549e-05
7.44113e-05
4.71434e-05
3.42648e-05
2.91463e-05
2.24233e-05
1.98478e-05
1.78964e-05
1.6667e-05
1.72338e-05
1.71694e-05
1.77607e-05
1.5577e-05
3.9216e-06
4.07759e-06
4.23574e-06
4.54779e-06
5.42471e-06
5.95071e-06
7.32714e-06
9.95831e-06
1.66791e-05
2.35349e-05
4.27537e-05
5.5107e-05
0.000242884
0.000359827
0.00410392
0.00873059
0.0137546
0.0147835
0.0151275
0.0119748
0.0105043
0.00531705
0.00366664
0.00169525
0.00123054
0.000881577
0.00057138
0.000444438
7.44109e-05
0.000160891
2.02466e-05
7.84618e-06
1.85882e-05
2.64678e-05
6.33426e-05
0.000454566
0.000203766
0.000847953
0.000935359
0.00190577
0.00146928
0.00162965
0.00235341
0.00239851
0.00387981
0.00449025
0.00366623
0.00270259
0.00305854
0.00230706
0.00381152
0.00314262
0.00233309
0.00238123
0.00187479
0.00182278
0.00237122
0.00157528
0.00210226
0.00222063
0.00148568
0.00136701
0.00144965
0.00104658
0.00135637
0.000822415
0.00105289
0.00129465
0.00159787
0.000917387
0.00105775
0.00100402
0.000746772
0.000881386
0.00122585
0.000631596
0.000781211
0.000755608
0.000856665
0.000395758
0.000527005
0.000745734
0.000758283
0.000300125
0.000579824
0.000895558
0.000754281
0.000271802
0.000277904
0.000492267
0.000160699
0.000301376
0.000323631
0.000170248
0.000200236
6.51515e-05
0.000490573
0.000302763
0.000125184
0.000292895
8.34529e-05
9.49182e-05
0.000187734
9.15393e-05
0.000352821
4.63596e-05
0.000166614
0.000178105
0.000312412
0.00021905
0.000254073
0.00016015
7.77534e-05
5.42389e-06
0.000138774
0.0001363
0.000132743
0.000131136
0.000129911
0.00012922
0.000145171
0.000142079
0.000141687
0.000135922
0.000133727
0.00012425
0.000167181
0.000151705
0.00014765
0.000157306
0.000154757
0.000171058
0.000158934
0.00015085
0.000159897
0.00014575
0.000142689
0.000150753
0.000147949
0.000148948
0.000124601
0.000122557
0.000124125
0.000140688
0.000122735
0.000122195
0.000130536
0.000132619
0.000131071
8.10916e-05
8.36792e-05
8.47308e-05
0.000105894
0.000107457
0.000111581
9.17511e-05
0.000100458
0.00010604
0.000130065
0.000158193
0.000166861
0.000165232
0.000176671
0.000205744
0.000227203
0.000234656
0.00023158
0.000279128
0.000296383
0.000352877
0.000382041
0.000578747
0.000633066
0.00064499
0.000714835
0.000825554
0.000920389
0.000999992
0.00114785
0.00166125
0.00233677
0.0027135
0.00315141
0.00386865
0.00437589
0.00510816
0.00760819
0.00897479
0.00794697
0.00863024
0.00582586
0.00205234
0.00115889
0.00205663
0.00116511
0.000465604
0.00267603
0.00406968
0.0027539
0.00127604
0.00261535
0.00284102
0.000569605
0.000278334
0.00096429
0.00206149
0.00107663
0.00107427
0.000594876
0.00233745
0.00283615
0.00196238
0.000603834
0.0019438
0.00149211
0.00126801
0.000979344
0.00405143
0.00281649
0.00319836
0.0020289
0.00525034
0.00415298
0.00434565
0.00213363
0.00570949
0.00710851
0.00530089
0.00582066
0.00457046
0.010331
0.0079869
0.0149381
0.0113331
0.0113682
0.0126827
0.00958685
0.00529325
0.00070831
0.000730604
0.000604731
0.00722497
0.000661782
0.000668382
0.00070009
0.000701229
0.000716305
0.000841794
0.000736024
0.000770647
0.000667962
0.000669114
0.000683872
0.000660014
0.000660946
0.000688877
0.000831992
0.00071578
0.000714993
0.000730849
0.000737213
0.000764603
0.000780679
0.000837717
0.000880082
0.000811553
0.000887257
0.000880723
0.000898084
0.000884631
0.000983772
0.000973852
0.000995509
0.000978903
0.000983126
0.000962351
0.00100337
0.0010369
0.00102527
0.0010444
0.00111777
0.00110337
0.00111051
0.00104137
0.00100967
0.000999127
0.00102231
0.00103739
0.00104363
0.00108871
0.00116221
0.000551714
0.000468508
0.000262833
0.00103831
0.00102706
0.00105318
0.00107751
0.00109164
0.000371788
0.00108393
0.00107012
0.00110431
0.00113571
0.00108557
0.0011045
0.00115979
0.000704084
0.00100664
0.00099479
0.000650083
0.00068367
0.000421918
1.22357e-06
1.13712e-06
2.46364e-05
4.839e-06
4.64073e-06
7.84326e-05
7.66877e-05
0.000208021
0.000120423
0.00011807
0.000325959
0.00086746
0.00114291
0.00162594
0.0032228
0.00315296
0.00383524
0.00298277
0.00330336
0.00295476
0.00288535
0.00428996
0.00590727
0.00573687
0.00575517
0.00491224
0.00476545
0.00492161
0.00978658
0.0106568
0.00487686
0.00511998
0.0110176
0.0104777
0.0110366
0.0104182
0.0102964
0.00838873
0.00825811
0.0109299
0.0100818
0.0102148
0.00823259
0.00750319
0.00819411
0.00499622
0.00642904
0.00844985
0.00842994
0.00734537
0.00685307
0.0041515
0.00390164
0.00467862
0.00433564
0.00368944
0.00332964
0.00319111
0.00282698
0.00207489
0.00216952
0.00264446
0.00202315
0.0017245
0.00179775
0.000165013
0.000210573
0.000466622
0.00046352
0.000199644
1.24075e-05
2.87522e-05
4.40001e-05
2.60555e-05
2.70869e-08
0.000136914
5.15519e-05
5.08367e-06
4.51362e-05
9.32187e-06
0.000245399
0.000249889
0.000107691
4.73222e-05
0.000866788
0.000634255
1.83552e-05
0.000730737
0.000249759
0.000109161
1.82432e-05
2.83731e-05
3.19179e-06
4.96712e-05
0.000702906
0.000299499
0.000282978
0.000417165
1.72475e-06
0.00414074
6.81187e-12
6.81278e-12
6.81159e-12
6.81379e-12
6.81381e-12
6.81595e-12
6.82324e-12
6.82055e-12
6.88685e-12
6.87852e-12
7.14301e-12
1.5892e-11
1.64227e-11
1.6479e-11
3.60478e-09
8.52427e-07
8.52714e-07
8.42226e-07
8.60736e-07
1.40203e-05
1.3795e-05
2.35964e-05
2.32059e-05
3.00669e-05
2.9386e-05
1.943e-05
1.90067e-05
1.14448e-05
1.12651e-05
1.12746e-05
7.17608e-06
7.16894e-06
4.56994e-06
4.52116e-06
3.1179e-06
3.10528e-06
3.11431e-06
2.90048e-06
2.94291e-06
2.94818e-06
3.71617e-06
2.78333e-06
2.79888e-06
2.24083e-06
2.25743e-06
1.96218e-06
1.9825e-06
2.26307e-06
2.32035e-06
2.66904e-06
3.02586e-06
3.07798e-06
3.09565e-06
3.34458e-06
3.43694e-06
3.07353e-06
3.10267e-06
3.13059e-06
2.6745e-06
2.48581e-06
2.50749e-06
2.5358e-06
2.10609e-06
2.05932e-06
2.07407e-06
2.49059e-06
2.48309e-06
2.41382e-06
2.44483e-06
3.10412e-06
3.08706e-06
2.6766e-06
2.73152e-06
2.4183e-06
2.39825e-06
2.92467e-06
2.73544e-06
3.46171e-06
3.48577e-06
3.50624e-06
3.50368e-06
3.20619e-06
3.20576e-06
3.22927e-06
2.87836e-06
2.71479e-06
2.74098e-06
2.79385e-06
2.76405e-06
2.76453e-06
2.76633e-06
2.27688e-06
2.30122e-06
3.07754e-06
3.08254e-06
2.61154e-06
2.66231e-06
3.14324e-06
3.26245e-06
3.43366e-06
3.55758e-06
3.22281e-06
3.33972e-06
3.92459e-06
4.17153e-06
3.89226e-06
3.39659e-06
3.59371e-06
3.70285e-06
3.86469e-06
3.63731e-06
3.84438e-06
4.28943e-06
4.23088e-06
3.55462e-06
4.12262e-06
4.08903e-06
4.7943e-06
3.91147e-06
4.53621e-06
4.44953e-06
4.81743e-06
5.62162e-06
5.55598e-06
5.4077e-06
5.63729e-06
5.14215e-06
5.56462e-06
5.94221e-06
6.52898e-05
3.65621e-05
2.04688e-05
1.33092e-05
9.9065e-06
8.51192e-06
7.08256e-06
6.35218e-06
5.48749e-06
5.35989e-06
5.32555e-06
5.11317e-06
4.99514e-06
4.97517e-06
4.9022e-06
5.00781e-06
5.10037e-06
5.05882e-06
5.11253e-06
5.45519e-06
5.4573e-06
5.13794e-06
5.10717e-06
5.14421e-06
4.76714e-06
4.31647e-06
4.44922e-06
4.91926e-06
5.02876e-06
5.02246e-06
5.15511e-06
5.41641e-06
5.38537e-06
5.05185e-06
1.72764e-06
1.77888e-06
1.60834e-06
1.70589e-06
2.1655e-06
2.2153e-06
2.30206e-06
2.2305e-06
2.42111e-06
2.44632e-06
2.78464e-06
2.81664e-06
3.18002e-06
3.1031e-06
3.80815e-06
4.60779e-06
4.93472e-06
4.79822e-06
6.14251e-06
6.40596e-06
9.45297e-06
8.95029e-06
1.28466e-05
1.38564e-05
2.23083e-05
2.4597e-05
1.84165e-05
3.34927e-05
3.63322e-05
6.11029e-05
6.82161e-05
7.14812e-05
0.000134621
0.000150146
0.000115859
0.000295653
8.5028e-05
0.000758941
0.000742049
0.00054445
0.00485573
0.00425551
0.00981036
0.0101747
0.0166461
0.0165958
0.0152513
0.0185063
0.0183322
0.0208025
0.0230496
0.0211046
0.0234581
0.0222342
0.0212884
0.0202958
0.0185054
0.0186253
0.0155367
0.0143466
0.0127506
0.00581087
0.00625021
0.00491348
0.00678871
0.00553326
0.00399893
0.00470282
0.00340179
0.00224065
0.00267949
0.00163878
0.00150532
0.00165985
0.00124226
0.00154785
0.00153859
0.000654052
0.000726975
0.000332593
0.00091888
0.000619941
0.000341003
0.000354187
0.000374849
0.000425714
0.000565985
9.00551e-05
0.000112279
1.86309e-06
6.85641e-06
2.50448e-05
1.42095e-06
3.96576e-07
2.59427e-06
0.000190694
0.000112009
0.000231292
0.000184196
0.000248921
0.000274614
0.000412195
0.000896304
0.00117903
0.000925165
0.000902251
0.000849581
0.00119557
0.0018876
0.00198635
0.00181381
0.00202586
0.00237358
0.00206867
0.00231882
0.002818
0.00324903
0.00297101
0.00307839
0.0026018
0.00270847
0.00340715
0.00429757
0.0029098
0.00201583
0.0016372
0.00390642
0.00214143
0.00297087
0.00226766
0.00280806
0.00298875
0.00233444
0.0055495
0.00411313
0.00655783
0.00497351
0.00500327
0.00236447
0.00681508
0.00501243
0.00762911
0.00604781
0.00350052
0.00234042
0.00428658
0.00243791
0.00238457
0.00254742
0.00243725
0.00243122
0.00214534
0.0021413
0.00246012
0.0024249
0.00232578
0.00225741
0.00228267
0.00227073
0.00263933
0.00258539
0.00238592
0.00238634
0.00231218
0.00228306
0.00225072
0.00225476
0.00241293
0.00232454
0.00211574
0.00221101
0.00194763
0.0019369
0.00221217
0.00222102
0.00226186
0.00219213
0.00231389
0.00214759
0.00208531
0.00212789
0.00205879
0.00206582
0.00214262
0.00217441
0.00211324
0.00214759
0.00235437
0.00241165
0.00211934
0.00206317
0.00211455
0.00203564
0.0019849
0.0019874
0.00235095
0.00231616
0.00184725
0.00180781
0.00183234
0.0021016
0.00204979
0.00205483
0.00192065
0.00193314
0.00193164
0.00189015
0.00165702
0.000222775
8.54396e-05
0.00041241
0.000403885
0.000309187
0.000120146
0.000117737
1.65792e-05
1.35531e-05
0.000805691
0.00114804
0.00141447
0.000225267
0.000219086
0.000279996
0.00155962
0.0015118
0.00184418
0.00206735
0.00289306
0.000608585
0.000591193
0.000809174
0.00214447
0.00206932
0.00250507
0.00126392
0.00122175
0.00187965
0.00564055
0.00590349
0.00493224
0.00469063
0.0062712
0.0057059
0.00558005
0.00559856
0.00483856
0.00840326
0.00879984
0.00868185
0.00793493
0.00760286
0.00651652
0.00588428
0.00401931
0.00713816
0.00625249
0.00548752
0.00340733
0.00381713
0.00334458
0.003063
0.00288666
0.00440284
0.00373592
0.0035635
0.00201374
0.00173146
0.00126276
0.00146716
0.0011464
0.00101102
0.00114984
0.00139755
0.00220278
0.00195788
0.000742256
0.00078471
0.000149461
0.000161223
0.000169958
0.000417775
0.000435221
0.00101736
0.00105062
0.000534373
0.000491925
0.000576703
0.00510171
0.00294686
0.00150572
0.000823484
0.000368339
0.000174257
0.000100658
5.43086e-05
3.54093e-09
6.24388e-06
1.02431e-08
4.40678e-07
0.000199376
0.000266678
0.000202403
6.00925e-05
1.33177e-05
1.12434e-05
2.32725e-05
3.34769e-07
0.00013742
0.000138051
0.000141581
0.000922299
0.00112629
4.19168e-05
1.08866e-05
3.45609e-07
0.000164779
0.00502145
0.00382105
1.04611e-11
1.04721e-11
1.04804e-11
1.04808e-11
1.04837e-11
1.04881e-11
1.04532e-11
1.04636e-11
1.04753e-11
1.04939e-11
1.15721e-11
1.1609e-11
1.18115e-11
3.25401e-09
3.31423e-09
6.29244e-07
6.47847e-07
1.08318e-05
1.0745e-05
5.1804e-05
5.1533e-05
0.000110482
0.000108156
8.42637e-05
8.21996e-05
3.63027e-05
3.84278e-05
3.85287e-05
1.9237e-05
1.89047e-05
1.43007e-05
1.42231e-05
1.06697e-05
1.08194e-05
1.14397e-05
1.14453e-05
9.68044e-06
9.84397e-06
8.90299e-06
8.97424e-06
9.03751e-06
9.12593e-06
8.0863e-06
8.3167e-06
6.72149e-06
6.82118e-06
5.72192e-06
5.85305e-06
5.78276e-06
5.91715e-06
5.59869e-06
5.73935e-06
5.94261e-06
6.17975e-06
6.36619e-06
5.06181e-06
5.36103e-06
6.34035e-06
5.93293e-06
4.43074e-06
8.74946e-06
8.29762e-06
6.74443e-06
6.45788e-06
5.92899e-06
5.78971e-06
7.89753e-06
7.59793e-06
7.55579e-06
7.29462e-06
7.21798e-06
6.32399e-06
6.18094e-06
5.46632e-06
5.42461e-06
6.08477e-06
5.16171e-06
5.12056e-06
6.3358e-06
6.26637e-06
5.58042e-06
5.52844e-06
6.41357e-06
6.34799e-06
6.07625e-06
5.95684e-06
5.90869e-06
5.32256e-06
4.70447e-06
4.71974e-06
5.94646e-06
5.85965e-06
5.96162e-06
4.70076e-06
1.3798e-05
1.29674e-05
1.06831e-05
9.97181e-06
9.69201e-06
9.28866e-06
9.0316e-06
1.09474e-05
1.03412e-05
1.0129e-05
9.07455e-06
8.63609e-06
8.57768e-06
8.20974e-06
8.23351e-06
6.62269e-06
6.95743e-06
6.78349e-06
6.88922e-06
6.13623e-06
6.02033e-06
7.8481e-06
7.62688e-06
7.73746e-06
7.66781e-06
7.51808e-06
7.5475e-06
6.21529e-06
6.11174e-06
6.19628e-06
6.1941e-06
6.1681e-06
6.64438e-06
6.51571e-06
7.86275e-06
7.73212e-06
7.11097e-06
6.95281e-06
7.09911e-06
6.22741e-06
6.13651e-06
6.29675e-06
6.24067e-06
7.85543e-06
7.11489e-06
7.04675e-06
7.15013e-06
7.00251e-06
7.10205e-06
6.92963e-06
6.88134e-06
7.27389e-06
7.10786e-06
7.09388e-06
7.00767e-06
9.6036e-06
1.20424e-05
1.13e-05
1.09725e-05
7.61521e-06
1.18198e-05
1.86044e-05
1.68327e-05
1.60704e-05
1.36646e-05
1.27844e-05
1.30039e-05
1.24777e-05
1.10113e-05
1.10043e-05
1.25322e-05
1.20613e-05
1.20057e-05
1.2719e-05
1.25305e-05
1.08976e-05
1.08975e-05
1.06605e-05
1.0447e-05
1.07211e-05
1.12013e-05
1.09777e-05
1.13422e-05
1.273e-05
1.24617e-05
1.29398e-05
1.30974e-05
1.15871e-05
1.14076e-05
1.15199e-05
1.22077e-05
1.20155e-05
1.26558e-05
1.35278e-05
1.41818e-05
1.47494e-05
1.62623e-05
1.57047e-05
1.60936e-05
1.7543e-05
1.6988e-05
3.25004e-05
3.18257e-05
2.75209e-05
1.90026e-05
2.01569e-05
3.7491e-05
2.90816e-05
5.21229e-05
5.19837e-05
6.75983e-05
0.00011752
0.000161193
0.00011803
0.000226501
1.25838e-06
0.00319563
0.00315023
0.00241225
0.00429002
0.00423634
0.00989676
0.0123589
0.0121651
0.0136016
0.0160286
0.0154739
0.0136484
0.0156882
0.0148633
0.0165574
0.0174139
0.0166155
0.0152249
0.0140337
0.0139325
0.0123182
0.00744651
0.00702971
0.00875047
0.0058997
0.00582613
0.00372516
0.00437947
0.00300844
0.00313296
0.00215611
0.00159476
0.00101876
0.00135192
0.000958565
0.000452481
0.000442447
0.000287194
0.000578351
0.000297694
7.40134e-05
2.92047e-05
0.000105407
5.18636e-05
0.000131766
0.000137531
0.000320024
0.000135566
0.000464295
0.00220693
0.00231226
0.0022687
0.00237226
0.00215823
0.00202701
0.00211452
0.0021589
0.0020363
0.00211916
0.00216637
0.0020582
0.00215155
0.00213194
0.00203476
0.0020847
0.00189892
0.00224177
0.00227704
0.00217628
0.00210055
0.00222068
0.00230662
0.0023792
0.00244115
0.00227727
0.00265032
0.00255251
0.00263168
0.00252844
0.00244205
0.00262163
0.00284927
0.00274959
0.00289144
0.00257077
0.00249469
0.0025641
0.0023681
0.00244306
0.00271291
0.00284086
0.00295084
0.00282115
0.00274126
0.00281127
0.00287068
0.00285305
0.00295677
0.00299557
0.00335412
0.00332303
0.00313086
0.00316548
0.00267228
0.0026686
0.0028158
0.00277442
0.00272046
0.0024116
0.0024866
0.00260483
0.00255368
0.00265993
0.0024512
0.00260934
0.00310299
0.00301775
0.0031359
0.00279394
0.00296485
0.00322483
0.00330502
0.00293036
0.00305765
0.00339478
0.00355337
0.00370025
0.00334822
0.00361304
0.00376516
0.00363159
0.00382452
0.00339947
0.003647
0.00190213
0.00183757
0.000903655
2.80446e-05
2.86795e-05
5.45215e-05
0.000506839
8.3438e-05
6.39394e-06
0.00130739
0.00122536
0.00189189
0.000539204
0.00167789
0.00282233
0.00351502
0.0030544
0.00297191
0.00480198
0.00495648
0.00449722
0.00585475
0.00808718
0.00825761
0.00551653
0.00479004
0.00718826
0.00608351
0.00852412
0.00904417
0.00587176
0.00582673
0.00675937
0.00581963
0.0069566
0.0052647
0.00485046
0.00503259
0.00438878
0.00331854
0.00285378
0.00223063
0.00287124
0.002381
0.00269383
0.00246119
0.0024105
0.00179172
0.00581681
0.00480138
0.0014837
0.00131046
0.00269638
0.00233995
0.00483717
0.00526867
0.00681938
0.0106731
0.0104085
0.0108662
0.00484917
0.00447539
0.00414273
0.000145414
0.039287
0.0335229
0.00820871
0.00764983
0.000165251
2.10319e-05
2.03266e-05
2.06505e-05
2.35662e-05
3.17797e-06
3.34976e-06
2.21141e-06
1.57759e-06
1.56871e-06
4.47884e-06
4.48919e-06
1.93384e-05
1.86168e-05
1.84435e-05
1.75221e-05
1.71547e-05
2.88468e-05
2.85374e-05
3.3109e-05
3.2444e-05
2.3243e-05
2.2851e-05
2.98143e-05
2.98736e-05
2.99904e-05
2.30604e-05
2.27404e-05
1.73509e-05
1.73182e-05
1.6899e-05
1.66795e-05
1.68945e-05
1.55372e-05
1.51096e-05
2.31378e-05
2.38346e-05
2.33183e-05
2.32639e-05
2.30165e-05
2.31885e-05
2.37148e-05
2.4496e-05
2.47537e-05
1.90895e-05
1.87384e-05
1.87224e-05
1.65476e-05
1.65875e-05
1.83058e-05
1.85727e-05
1.29254e-05
1.28981e-05
1.29211e-05
1.76919e-05
1.77997e-05
1.80756e-05
1.80225e-05
1.77566e-05
1.80293e-05
1.91842e-05
1.93605e-05
1.7239e-05
1.75824e-05
1.22966e-05
1.26557e-05
1.14841e-05
1.17897e-05
1.37175e-05
1.36063e-05
1.39349e-05
1.54746e-05
1.5823e-05
1.57725e-05
1.67184e-05
1.62747e-05
1.64358e-05
1.66092e-05
2.04076e-05
2.06318e-05
2.10276e-05
2.21423e-05
2.22072e-05
2.18611e-05
2.19291e-05
2.06432e-05
2.03466e-05
2.00822e-05
1.98521e-05
1.98444e-05
1.91596e-05
1.67508e-05
1.66385e-05
1.67065e-05
1.64114e-05
1.69515e-05
1.75093e-05
1.71948e-05
1.98558e-05
1.97492e-05
1.63269e-05
1.38254e-05
1.33817e-05
1.47041e-05
1.47713e-05
1.46032e-05
1.81092e-05
1.80792e-05
1.63584e-05
1.62007e-05
1.64982e-05
1.75192e-05
1.74691e-05
1.72423e-05
1.77474e-05
1.88093e-05
1.86816e-05
1.86348e-05
1.62803e-05
1.66859e-05
1.68361e-05
1.87627e-05
1.87186e-05
1.69326e-05
1.69418e-05
1.89476e-05
1.90162e-05
1.71706e-05
1.727e-05
2.0879e-05
2.11232e-05
1.81939e-05
1.8863e-05
1.79068e-05
1.81642e-05
1.94003e-05
1.977e-05
1.99201e-05
2.03439e-05
2.19324e-05
2.24582e-05
2.28189e-05
2.08579e-05
2.14397e-05
2.25655e-05
2.42958e-05
2.40624e-05
2.51451e-05
2.44629e-05
2.54592e-05
2.72872e-05
2.84262e-05
2.88065e-05
2.92984e-05
3.01095e-05
3.03181e-05
3.01583e-05
2.99349e-05
3.08166e-05
3.48871e-05
3.32175e-05
3.36066e-05
2.90748e-05
0.000244748
0.000200335
0.000183227
0.000158852
0.000135729
0.000194817
0.00010487
0.000128394
0.000117298
2.2288e-05
2.04507e-05
1.96493e-05
1.82493e-05
1.99703e-05
2.19663e-05
2.23441e-05
2.32414e-05
2.50216e-05
2.3306e-05
2.68872e-05
2.83722e-05
3.38948e-05
3.02549e-05
3.62859e-05
3.90442e-05
4.1464e-05
5.29209e-05
5.84117e-05
5.46048e-05
8.24907e-05
9.08562e-05
0.000142793
0.000155902
0.000117915
0.000241271
0.0002532
0.000504744
0.000553309
0.000401345
0.00029963
0.000349473
0.000551276
0.000226548
0.000660386
0.00134905
0.00345544
0.00309913
0.00638423
0.00703731
0.00610485
0.00668569
0.00743674
0.00664734
0.00592268
0.00482678
0.00470744
0.00353236
0.00158605
0.00143276
0.00121916
0.00100553
0.000219171
0.000234986
0.000115894
6.8675e-05
9.19303e-07
8.21338e-05
2.99377e-06
1.94614e-05
0.000212207
0.000254802
0.000252353
0.000118051
0.000440255
0.000329886
0.000317204
0.00048167
0.000615197
0.000635069
0.000874957
0.00101739
0.00129787
0.00150425
0.00165289
0.00123469
0.00155341
0.0020406
0.00221986
0.00223748
0.00257196
0.00413806
0.00471765
0.00267426
0.00251946
0.00307522
0.00362804
0.00414005
0.00457926
0.00422432
0.00464826
0.00432947
0.00458518
0.0041564
0.00458973
0.00565933
0.00652356
0.00582531
0.00687943
0.00702085
0.00624792
0.0067787
0.00723966
0.00709739
0.00936388
0.00927781
0.0104398
0.00792349
0.0104129
0.00996695
0.0104024
0.0109354
0.00951015
0.0111572
0.00945738
0.0120966
0.0118329
0.0158959
0.010283
0.0132547
0.0135336
0.0128557
0.0147994
0.0183462
0.023219
0.0222204
0.0222512
0.017974
0.0180657
0.014171
0.0116687
0.0150431
0.0252367
0.0263936
0.0221649
0.0112558
0.0208115
0.0131236
0.0263337
0.0260723
0.0114637
0.00237817
0.00240138
0.00238008
0.00214616
0.00214499
0.00233651
0.00226769
0.00226363
0.00246082
0.00344155
0.00218558
0.00308156
0.00306011
0.0033811
0.00327436
0.00196831
0.0028252
0.00207221
0.00286824
0.00203403
0.00202162
0.00210819
0.00208535
0.00229738
0.00312907
0.00196687
0.00258551
0.00257618
0.00197504
0.00255236
0.00213361
0.00212844
0.002319
0.00260646
0.00224317
0.0022718
0.002418
0.00238057
0.00248953
0.00243651
0.0024818
0.00300361
0.00293426
0.00235945
0.00232212
0.002367
0.00238733
0.00231716
0.00232047
0.0021641
0.0021527
0.00215051
0.00213173
0.00210273
0.00216819
0.00202005
0.00197287
0.00202554
0.0021573
0.00222145
0.00211055
0.00183253
0.000217748
0.000137785
0.000688072
0.000411737
0.00106281
0.00104977
0.000606201
1.16018e-05
1.04409e-05
2.87494e-05
1.64383e-07
1.0178e-07
6.73043e-06
9.86979e-06
0.000237056
0.000440113
0.000982462
0.000962359
0.0011432
0.00145491
0.00130296
0.00146325
0.00162149
0.00316799
0.00392471
0.00369434
0.00354396
0.00403055
0.00477479
0.00455062
0.00473307
0.00676684
0.00681062
0.0048196
0.00476854
0.00543767
0.00505566
0.00521788
0.00464226
0.00533307
0.00463507
0.00440166
0.00489239
0.0081373
0.00819148
0.00601855
0.00703347
0.00680696
0.00628762
0.00615679
0.00565796
0.00525755
0.00573721
0.00543285
0.00922317
0.00818263
0.00714798
0.0026567
0.00242369
0.00225945
0.00349793
0.00313223
0.0020311
0.00234785
0.00212397
0.00206594
0.00232854
0.00209724
0.00204451
0.00323164
0.00283344
0.00271202
0.00222058
0.00224332
0.00417762
0.00379416
0.000838012
0.000801093
0.000674541
0.00108433
0.00126621
0.000920244
0.000981993
0.00101827
0.000968473
0.00088441
0.00487252
0.00432451
0.00384934
0.00309522
0.0031292
0.00298209
0.00244981
0.00214342
0.00208293
0.00164594
0.00158283
0.00192929
0.00156546
0.00125218
0.00105806
0.00105337
0.000240808
0.000184609
0.000197525
0.000337695
0.000255853
0.000356709
5.78396e-05
2.96154e-05
3.71263e-05
1.86513e-06
9.31902e-06
3.59069e-05
1.42745e-05
5.46898e-05
6.90157e-05
1.07071e-06
2.58902e-06
1.37604e-05
3.45708e-05
0.000396831
0.000336372
0.000938242
0.00107463
0.000760682
0.00100803
0.000827244
7.69743e-11
7.33141e-11
8.18071e-11
8.48245e-11
8.44466e-11
8.46091e-11
9.1153e-11
7.64265e-11
8.51576e-11
2.1269e-11
2.12057e-11
1.70501e-11
1.7341e-11
1.65238e-11
3.0164e-11
2.90152e-11
1.93561e-08
2.00332e-08
3.32479e-06
3.40867e-06
6.46527e-05
6.386e-05
0.000150368
0.000149883
0.000189136
0.000190258
0.000132882
0.000129781
6.00143e-05
5.99387e-05
4.56562e-05
4.61578e-05
4.66121e-05
4.73256e-05
4.7465e-05
3.40743e-05
3.53096e-05
2.58799e-05
2.54945e-05
1.90227e-05
1.95313e-05
1.97289e-05
2.05209e-05
2.13139e-05
2.18421e-05
1.61008e-05
1.68641e-05
1.44547e-05
1.52017e-05
1.42362e-05
1.42896e-05
1.43695e-05
1.66477e-05
1.76269e-05
1.89487e-05
2.03525e-05
1.04038e-05
1.06052e-05
1.08237e-05
1.09168e-05
1.10341e-05
9.75411e-06
9.97764e-06
1.08384e-05
1.08603e-05
9.10212e-06
9.4514e-06
8.07196e-06
8.26634e-06
8.43938e-06
8.48612e-06
8.40141e-06
8.46368e-06
7.22915e-06
7.17507e-06
7.28536e-06
7.95071e-06
8.08273e-06
1.03087e-05
1.02116e-05
1.00294e-05
1.02382e-05
1.28336e-05
1.28799e-05
1.28571e-05
9.84323e-06
9.99476e-06
1.20733e-05
1.24628e-05
9.20841e-06
9.38627e-06
9.50845e-06
1.03066e-05
1.07792e-05
9.5397e-06
9.95305e-06
1.36004e-05
1.41488e-05
1.20814e-05
1.27223e-05
1.26111e-05
1.31543e-05
1.32685e-05
1.06052e-05
1.11059e-05
1.17857e-05
1.15962e-05
1.23143e-05
1.26268e-05
1.62423e-05
1.73883e-05
1.7567e-05
1.68269e-05
1.8062e-05
1.82772e-05
2.14334e-05
2.37092e-05
2.18226e-05
2.44802e-05
2.22117e-05
2.47336e-05
2.4768e-05
2.67548e-05
3.00321e-05
3.25862e-05
3.71989e-05
3.48058e-05
4.05383e-05
4.05455e-05
4.69839e-05
5.14809e-05
5.49832e-05
6.47374e-05
6.55974e-05
5.34907e-05
6.32236e-05
6.46048e-05
7.70904e-05
8.26003e-05
0.000100479
0.000102688
9.72174e-05
9.24975e-05
1.52165e-05
6.51888e-05
1.788e-05
1.44631e-05
1.38112e-05
1.39167e-05
1.8483e-05
1.76512e-05
1.75458e-05
1.47922e-05
1.42551e-05
1.41002e-05
1.40393e-05
1.35175e-05
1.36992e-05
1.35091e-05
1.30786e-05
1.3237e-05
1.27802e-05
1.24468e-05
1.1335e-05
1.13173e-05
1.21174e-05
1.18054e-05
1.21133e-05
1.11492e-05
1.11735e-05
1.33001e-05
1.29951e-05
1.30987e-05
1.28633e-05
1.25984e-05
1.29256e-05
1.36186e-05
1.20887e-05
1.21164e-05
1.19461e-05
1.23889e-05
1.46633e-05
1.44497e-05
1.47109e-05
1.30019e-05
1.28399e-05
1.3471e-05
1.28517e-05
1.31001e-05
1.26855e-05
1.31691e-05
1.50614e-05
1.495e-05
1.52677e-05
1.60679e-05
1.6496e-05
1.50262e-05
0.00102395
0.000882804
0.000658059
0.000523301
0.000400766
0.000317882
0.000252614
0.000209449
0.000164188
0.000140337
0.000105605
9.67417e-05
1.9512e-05
2.34472e-05
2.40898e-05
3.83369e-05
3.59715e-05
5.76363e-05
6.28109e-05
9.79048e-05
0.000108217
0.000107967
0.000228396
0.000167379
8.2577e-05
9.82836e-05
0.000200438
0.00096511
0.00580212
0.00573586
0.00493547
0.00709949
0.0119667
0.0143317
0.0140532
0.0106395
0.0156434
0.016518
0.0153518
0.0160541
0.0142998
0.0122911
0.0124283
0.0114648
0.0109137
0.00922234
0.00881144
0.00590599
0.0060132
0.00502055
0.00470886
0.00377064
0.00254353
0.00174865
0.00111457
0.00106658
0.00170307
0.00056877
0.000139688
0.000149876
0.000195418
1.76344e-05
1.76903e-05
2.77399e-07
2.52239e-06
7.15811e-06
2.74189e-05
3.64087e-05
2.54437e-05
8.33148e-05
4.58728e-05
0.000227137
4.51254e-05
0.000121653
0.000223443
0.00027438
0.000434029
0.000379568
0.00060538
0.000405048
0.00563373
0.00497378
0.00485081
0.00472521
0.00464267
0.0048338
0.00438415
0.00433607
0.00429072
0.00372561
0.00365442
0.00394937
0.00400054
0.00339191
0.00341061
0.00380926
0.00391835
0.00309083
0.00321517
0.00304205
0.00317783
0.00295741
0.0028169
0.00278088
0.00279372
0.00273573
0.00309153
0.00295415
0.00304148
0.00280271
0.00269393
0.00285549
0.00262876
0.00253683
0.00264911
0.00273924
0.00264432
0.00281834
0.00274196
0.00265042
0.00284339
0.00282627
0.0027359
0.0029483
0.00287673
0.00298518
0.00307582
0.00303956
0.00294613
0.00311274
0.00330251
0.003484
0.00393443
0.00353196
0.00341707
0.00357682
0.00335327
0.00350723
0.00368529
0.0035569
0.00379106
0.00371884
0.00383194
0.00388758
0.00406009
0.00399104
0.00416736
0.00389888
0.00432568
0.00448055
0.00497055
0.00534616
0.00441483
0.00444716
0.0049975
0.00515142
0.00414673
0.00283783
0.000789571
0.00260003
0.0015632
0.000118423
0.000195011
0.000293879
0.000684239
0.00216238
0.00340817
0.0020648
0.00269808
0.00341046
0.00479509
0.00450452
0.00409786
0.0055678
0.00647461
0.00824077
0.00515121
0.00453669
0.00624771
0.00442704
0.00594023
0.00651534
0.00648038
0.00588281
0.00635347
0.00748372
0.00655463
0.00569774
0.00500711
0.00537113
0.00461344
0.00416662
0.00418843
0.00471584
0.00342367
0.00378423
0.00329173
0.0027273
0.00308028
0.00383657
0.00237947
0.00410515
0.00348703
0.00286062
0.00357615
0.00553584
0.00484999
0.00436094
0.00294451
0.00362959
0.00426544
0.00425301
0.00269682
0.00252325
0.00369316
0.00616452
0.00677031
0.0138185
0.0130428
0.0136211
0.00320664
0.00314259
0.00365526
0.00185567
0.0154262
0.012459
0.00916542
0.00752782
0.000224886
4.64627e-06
4.33213e-05
4.16254e-05
1.65879e-06
1.63971e-06
1.65718e-06
6.7731e-07
6.80904e-07
1.63448e-06
1.63675e-06
4.70775e-06
1.90263e-05
1.8807e-05
4.89262e-05
4.72838e-05
6.09384e-05
5.91712e-05
5.87423e-05
5.78146e-05
4.47615e-05
4.45616e-05
4.34733e-05
4.21727e-05
2.72394e-05
2.17584e-05
2.14938e-05
2.11792e-05
2.14019e-05
1.7144e-05
1.74955e-05
3.28728e-05
3.28187e-05
2.47281e-05
2.46485e-05
3.37502e-05
3.34571e-05
3.4036e-05
2.99878e-05
2.98738e-05
2.95976e-05
2.03194e-05
2.07749e-05
2.04358e-05
2.07835e-05
2.46796e-05
2.49192e-05
2.08544e-05
2.12267e-05
2.41939e-05
2.43676e-05
2.57946e-05
2.57822e-05
2.51261e-05
2.57486e-05
2.29692e-05
2.30674e-05
2.01731e-05
2.02239e-05
2.05322e-05
2.18808e-05
2.20256e-05
2.25124e-05
2.73072e-05
2.77988e-05
2.65409e-05
2.6409e-05
2.47654e-05
2.52616e-05
2.48378e-05
2.48246e-05
2.51386e-05
2.67208e-05
2.66875e-05
2.64291e-05
2.27634e-05
2.29849e-05
2.3378e-05
2.35448e-05
2.42806e-05
2.38011e-05
2.52005e-05
3.1759e-05
3.21992e-05
2.7145e-05
2.76261e-05
4.11745e-05
4.1963e-05
3.20428e-05
3.52523e-05
3.561e-05
3.85116e-05
3.15141e-05
3.28406e-05
3.30553e-05
3.34025e-05
3.40312e-05
3.56601e-05
3.54415e-05
3.75349e-05
3.80944e-05
3.54863e-05
3.85351e-05
4.07272e-05
4.36936e-05
4.38162e-05
3.72072e-05
3.91457e-05
3.87793e-05
4.01509e-05
4.83954e-05
4.87303e-05
4.2932e-05
4.6278e-05
4.501e-05
5.50101e-05
5.98789e-05
5.01618e-05
5.40862e-05
6.0961e-05
6.69914e-05
6.51739e-05
6.84745e-05
7.39992e-05
6.54344e-05
6.15903e-05
7.83034e-05
7.56252e-05
6.51497e-05
8.39941e-05
8.03639e-05
6.2197e-05
6.88136e-05
7.37544e-05
0.00192223
0.00103741
0.000558524
0.000305117
0.000190924
0.000138691
0.000119778
9.8414e-05
8.57518e-05
7.81612e-05
6.39249e-05
6.14988e-05
6.28601e-05
7.61323e-05
7.24918e-05
6.19935e-05
6.11922e-05
6.41103e-05
5.86605e-05
5.84632e-05
5.94184e-05
6.94984e-05
6.94453e-05
7.50942e-05
7.39766e-05
7.32345e-05
6.24618e-05
5.97083e-05
5.77513e-05
6.1047e-05
6.07355e-05
6.11947e-05
6.70176e-05
6.67292e-05
6.6546e-05
6.73826e-05
6.67032e-05
7.12879e-05
8.15169e-05
7.96565e-05
8.08038e-05
7.92765e-05
8.20358e-05
7.40287e-05
7.32755e-05
7.67847e-05
1.16018e-05
1.17673e-05
1.25141e-05
1.37093e-05
1.37301e-05
1.49555e-05
1.58164e-05
1.62376e-05
1.71345e-05
1.62141e-05
1.83172e-05
1.67063e-05
1.90222e-05
2.11333e-05
2.54333e-05
2.73252e-05
3.20507e-05
3.48246e-05
3.57731e-05
4.39923e-05
4.71732e-05
4.82164e-05
6.70062e-05
7.29268e-05
6.73984e-05
0.000108866
9.52086e-05
0.000117012
0.000115204
0.000189711
0.00021255
0.000189837
0.000342676
0.000327572
0.000502951
0.000561907
5.90689e-05
1.09866e-05
0.00137248
0.00131556
0.00157894
0.00549115
0.0049929
0.00592587
0.00690397
0.00731242
0.00734839
0.00703349
0.00717382
0.0070541
0.00578103
0.00551491
0.00459046
0.00394105
0.00273792
0.00160509
0.00143889
0.00105417
0.00101262
0.000506657
0.000264606
0.000266713
0.000737835
0.000296642
2.67969e-06
4.26419e-05
3.22125e-06
0.000143678
0.000452874
0.000862715
0.000512117
0.000917342
0.00115539
0.00121957
0.00118459
0.00136942
0.00110113
0.00140811
0.00143178
0.00144689
0.00152189
0.00200223
0.00162483
0.00223322
0.00235862
0.00266976
0.0022437
0.00235729
0.00270643
0.00265725
0.00302032
0.00312464
0.00372036
0.00454061
0.00470409
0.00521975
0.00462241
0.00550703
0.00478593
0.00472592
0.00603285
0.00688162
0.00717767
0.00567061
0.00572479
0.00695261
0.00687615
0.00812252
0.00788489
0.00948744
0.00805516
0.00915922
0.00599979
0.00633503
0.00642632
0.00852142
0.00729046
0.00654219
0.00625308
0.00711023
0.00631716
0.00462383
0.00411834
0.00499771
0.00440916
0.00494452
0.00433178
0.00488861
0.00642307
0.00635873
0.00618717
0.00589223
0.00633341
0.00538369
0.00598601
0.00736669
0.00621028
0.00664831
0.00845608
0.0075363
0.00797049
0.00731564
0.00799184
0.00649256
0.00626605
0.00576771
0.00561502
0.00521815
0.00544488
0.00499608
0.00482982
0.00430979
0.00421789
0.00452179
0.00422322
0.00414642
0.00391321
0.00369374
0.00362369
0.00333439
0.00337481
0.00339377
0.00323683
0.00322438
0.00323601
0.0031948
0.00293497
0.00282368
0.00283718
0.00287986
0.00284072
0.00301823
0.00290149
0.00290742
0.00307567
0.00295545
0.00294904
0.00244857
0.00245554
0.0025558
0.00318084
0.00305623
0.00304187
0.00285662
0.00282148
0.00259473
0.002723
0.00278526
0.00286397
0.00249704
0.00242981
0.00245411
0.00283245
0.00291339
0.00294143
0.00314847
0.00314716
0.00281653
0.00281777
0.00280372
0.00276782
0.00273446
0.00269297
0.00102039
0.000651756
0.00119366
0.000890525
0.000515671
0.000255538
0.000427725
0.000252866
0.000142499
0.000715277
0.000836993
0.000150478
0.00014308
0.000251627
0.000378995
0.00036163
0.000866097
0.000791661
0.00148439
0.00199713
0.00217309
0.00170135
0.00322551
0.00352801
0.00281436
0.00305608
0.00299599
0.00375886
0.00349644
0.00469849
0.00426723
0.00458853
0.00399852
0.00364282
0.00377896
0.00591312
0.00560982
0.00471056
0.00493179
0.00497702
0.00431348
0.00374521
0.00353346
0.00352592
0.0030009
0.00267681
0.00325043
0.00267622
0.00188579
0.00106988
0.00358194
0.00161174
0.00146813
0.00197033
0.00163262
0.00166526
0.000591438
0.000524131
0.000451604
0.000997882
0.000852773
0.000844475
0.00116938
0.000706291
0.000613256
0.000585524
0.000155142
0.000274223
0.000376126
0.000463774
0.000853424
0.000679714
0.000222799
0.000340411
2.06958e-05
3.59223e-05
6.02701e-05
4.10188e-05
0.000331015
0.00563757
0.00473213
0.000930812
0.00158359
0.000957884
0.000685032
0.00032121
3.67567e-05
1.2192e-05
1.497e-05
0.000242117
8.15962e-05
3.90478e-05
8.24902e-05
9.47426e-07
2.47334e-06
4.94702e-06
2.02073e-05
2.92717e-05
0.000164739
0.000225838
1.50667e-05
0.00450569
0.0032781
1.41774e-11
1.41846e-11
1.42044e-11
1.41551e-11
1.41352e-11
1.41373e-11
1.4144e-11
1.41531e-11
1.52433e-11
1.48088e-11
1.58264e-11
1.574e-11
1.611e-11
1.67888e-08
1.7072e-08
1.03552e-06
1.03941e-06
1.08488e-06
2.91773e-05
2.94272e-05
9.42687e-05
6.51499e-05
6.44218e-05
3.30346e-05
3.26329e-05
3.2805e-05
3.4836e-05
2.00498e-05
2.00935e-05
9.5917e-06
9.60358e-06
9.59224e-06
1.00282e-05
1.00589e-05
1.05993e-05
1.07711e-05
1.08251e-05
1.11559e-05
9.05951e-06
9.05515e-06
7.10181e-06
7.22754e-06
6.2385e-06
6.38348e-06
7.21205e-06
7.42472e-06
4.92931e-06
5.83503e-06
6.02846e-06
5.72934e-06
5.8809e-06
6.03364e-06
6.71097e-06
6.02759e-06
6.2202e-06
6.36083e-06
6.3384e-06
6.49345e-06
5.16358e-06
5.37152e-06
5.50931e-06
6.69574e-06
9.88498e-06
8.39663e-06
9.79282e-06
9.47211e-06
8.33938e-06
8.06048e-06
7.75496e-06
7.78561e-06
7.58321e-06
7.39197e-06
8.93281e-06
8.6387e-06
8.71355e-06
8.54987e-06
8.38112e-06
7.8188e-06
7.76418e-06
8.76907e-06
8.55371e-06
8.47667e-06
8.69751e-06
8.4914e-06
8.64247e-06
7.01113e-06
6.87111e-06
6.85022e-06
6.16987e-06
6.06973e-06
6.15222e-06
7.44956e-06
7.29632e-06
7.6273e-06
7.45264e-06
5.21567e-06
5.14847e-06
5.27994e-06
5.8289e-06
5.87946e-06
5.3789e-06
5.40109e-06
5.48924e-06
6.20495e-06
1.93437e-05
1.51142e-05
1.40969e-05
1.30578e-05
1.27111e-05
1.14202e-05
1.08114e-05
8.16672e-06
7.87892e-06
8.65685e-06
1.14431e-05
1.10996e-05
1.16817e-05
1.1151e-05
1.095e-05
9.45595e-06
9.21633e-06
9.24031e-06
9.86033e-06
1.15823e-05
1.12026e-05
8.61247e-06
8.40511e-06
8.39838e-06
8.99419e-06
8.66954e-06
8.60084e-06
7.70496e-06
7.61496e-06
8.32679e-06
8.41417e-06
8.62211e-06
8.52876e-06
8.7025e-06
8.51326e-06
8.59751e-06
8.44525e-06
9.24802e-06
9.03861e-06
9.1992e-06
8.92423e-06
8.86162e-06
8.68703e-06
8.75656e-06
1.00425e-05
1.23577e-05
1.22316e-05
1.04371e-05
1.04439e-05
1.55935e-05
1.49727e-05
2.03436e-05
2.16727e-05
2.04786e-05
1.89891e-05
1.60567e-05
1.50935e-05
1.48954e-05
1.69995e-05
1.63775e-05
1.34878e-05
1.30357e-05
1.3262e-05
1.33022e-05
1.3175e-05
1.50939e-05
1.50431e-05
1.23722e-05
1.21292e-05
1.24194e-05
1.27501e-05
1.28803e-05
1.26541e-05
1.33535e-05
1.27352e-05
1.31403e-05
1.57505e-05
1.54228e-05
1.58214e-05
1.74262e-05
1.76119e-05
1.48056e-05
1.5283e-05
1.78615e-05
1.85453e-05
1.60397e-05
1.77227e-05
1.91225e-05
1.93615e-05
2.12593e-05
1.91068e-05
2.79726e-05
2.90389e-05
3.45539e-05
2.05848e-05
3.11476e-05
3.48979e-05
3.78007e-05
6.10514e-05
8.03533e-05
0.00013455
0.000150468
0.000124385
0.000226174
7.04003e-05
5.72018e-05
0.00229675
0.00238232
0.00814903
0.00797596
0.007654
0.00968549
0.0118805
0.0140653
0.0136932
0.0126257
0.0139337
0.0132415
0.0118945
0.012681
0.0122837
0.0113878
0.0096169
0.00976605
0.00869804
0.00711055
0.00567096
0.00493417
0.00323981
0.00325468
0.00231531
0.00326987
0.000777711
0.00135866
0.000974801
0.000789069
0.000341508
0.000270698
0.000434186
0.000105758
0.000398262
9.61765e-05
3.05261e-05
1.96649e-05
2.30678e-05
9.11904e-09
4.58973e-05
6.37774e-05
1.89135e-05
9.16163e-05
0.000170922
0.000242573
0.000473662
0.000589496
0.000764796
0.000600323
0.000929998
0.00310574
0.00291275
0.00340524
0.00261989
0.00266482
0.00249111
0.00258814
0.00270921
0.00254165
0.00258551
0.00291627
0.00290862
0.00245924
0.00252563
0.00242365
0.00230997
0.00239063
0.00228546
0.0024951
0.00256106
0.00247551
0.00261524
0.00222908
0.00214899
0.00228673
0.00248283
0.00267239
0.00246245
0.00253827
0.00266914
0.00257896
0.0030418
0.00320138
0.00284231
0.00276178
0.00294685
0.0028528
0.00291049
0.0027847
0.00283538
0.00299976
0.00290756
0.00302192
0.00299884
0.00306678
0.00287405
0.00279717
0.00282354
0.0029428
0.00369555
0.0035657
0.00355603
0.00300171
0.00299814
0.00295119
0.0035021
0.00342636
0.00322006
0.00312241
0.00307265
0.0024881
0.00262054
0.00253978
0.00309095
0.00289968
0.00299512
0.00275402
0.00269183
0.00287736
0.0029941
0.00292208
0.00312138
0.00298404
0.00315654
0.00342815
0.00359498
0.00330214
0.00345144
0.0036356
0.00398635
0.00372593
0.00399997
0.00385266
0.0022518
0.00272304
0.00113721
0.00192052
0.000863402
0.00014552
0.000146387
0.000736766
5.63314e-06
0.00112241
0.000648822
0.00102597
0.00278532
0.00257726
0.00342246
0.00180166
0.00165881
0.00277041
0.00554138
0.00498901
0.00611293
0.00415863
0.00729546
0.00685978
0.00596617
0.00705973
0.00590427
0.00713402
0.00565562
0.00454177
0.00439168
0.00388476
0.0042195
0.00457945
0.00344006
0.0034377
0.00228987
0.00175403
0.00153679
0.00199135
0.00227247
0.00188266
0.00144104
0.00117603
0.00140163
0.0013295
0.00145119
0.00330976
0.00260839
0.00099973
0.00105836
0.00115412
0.00114343
0.000972176
0.00120857
0.00277297
0.00234702
0.00243385
0.00282128
0.00263043
0.00184252
0.00186849
0.0028774
0.00257279
0.00159943
0.00742475
0.00675033
0.00828012
0.0151632
0.0168565
0.00536261
0.00532748
0.00728721
0.00683499
0.00125081
0.00018949
0.000222372
0.0159057
0.0358686
0.000262919
5.21225e-06
3.00393e-06
2.94792e-06
2.93598e-06
1.96424e-07
2.51685e-08
3.04421e-08
3.05848e-08
4.66134e-07
4.71602e-07
4.37713e-06
4.2422e-06
4.2886e-06
1.51848e-05
1.45836e-05
1.48544e-05
5.85775e-05
5.58184e-05
5.47469e-05
0.000103241
9.96254e-05
9.89945e-05
0.00015444
0.000148676
0.000150244
0.000100345
9.66445e-05
7.83078e-05
7.80614e-05
6.71992e-05
6.66306e-05
5.93692e-05
5.93963e-05
4.18988e-05
4.08811e-05
4.09722e-05
4.46323e-05
4.38962e-05
4.42179e-05
3.91762e-05
3.88256e-05
3.92973e-05
3.04306e-05
2.90543e-05
2.9286e-05
2.32852e-05
2.30985e-05
2.71637e-05
2.75479e-05
2.24311e-05
2.2551e-05
1.68335e-05
1.68066e-05
1.72481e-05
1.87054e-05
1.89083e-05
1.93573e-05
1.8958e-05
1.91608e-05
1.90761e-05
2.50968e-05
2.53566e-05
2.57811e-05
2.16163e-05
2.15623e-05
2.16883e-05
3.08937e-05
3.15485e-05
2.60171e-05
2.68886e-05
2.0308e-05
2.0843e-05
2.12995e-05
2.44868e-05
2.51009e-05
2.54223e-05
2.55872e-05
2.57101e-05
2.29151e-05
2.60192e-05
2.59597e-05
2.63447e-05
2.66883e-05
2.07496e-05
2.09221e-05
2.13081e-05
2.23416e-05
2.34993e-05
2.60062e-05
2.6405e-05
2.25382e-05
2.29143e-05
2.32026e-05
2.22755e-05
2.16881e-05
2.17577e-05
2.6803e-05
2.64733e-05
2.33531e-05
2.28422e-05
2.30916e-05
2.64033e-05
2.59591e-05
2.1111e-05
2.06697e-05
2.09944e-05
2.71617e-05
2.69466e-05
2.32058e-05
2.31547e-05
2.40604e-05
2.39044e-05
1.85783e-05
1.83141e-05
1.8391e-05
1.95777e-05
1.96039e-05
1.98402e-05
2.07459e-05
2.08992e-05
2.2201e-05
2.19315e-05
2.18576e-05
2.19097e-05
2.2049e-05
2.19546e-05
2.21088e-05
2.19136e-05
2.19754e-05
2.43642e-05
2.41755e-05
2.43245e-05
2.18191e-05
2.20171e-05
2.64683e-05
2.63521e-05
2.66204e-05
2.29347e-05
2.30766e-05
2.13645e-05
2.1763e-05
2.31792e-05
2.32264e-05
2.31874e-05
1.93571e-05
1.9879e-05
2.28124e-05
2.35313e-05
2.47782e-05
2.5045e-05
2.52242e-05
2.64671e-05
2.70855e-05
2.78663e-05
2.6096e-05
2.65667e-05
3.01395e-05
3.08331e-05
3.16258e-05
2.85905e-05
2.93425e-05
3.06277e-05
3.06242e-05
3.22748e-05
3.33139e-05
3.53459e-05
3.88541e-05
4.17189e-05
3.68628e-05
3.69537e-05
3.80177e-05
4.08894e-05
4.01126e-05
4.00785e-05
3.0593e-05
3.63584e-05
0.000309944
0.000284893
0.000280057
0.000239985
0.000243123
0.000287734
0.000245297
0.000207198
3.25856e-05
2.93238e-05
2.91422e-05
2.68794e-05
2.87515e-05
2.94617e-05
2.82573e-05
2.93486e-05
2.6963e-05
2.83268e-05
3.09125e-05
3.59805e-05
3.96731e-05
4.43623e-05
4.83056e-05
4.40976e-05
5.71156e-05
5.54621e-05
7.8452e-05
0.000110166
0.000117469
0.000108864
0.000189938
0.000197865
0.000347436
0.000294696
0.000376455
0.000522265
0.000632821
0.000706882
0.000714625
9.89074e-05
0.000339002
0.000655874
0.000601621
0.000247238
0.00382512
0.0050527
0.00469161
0.00656119
0.00720935
0.00659477
0.00526511
0.00500255
0.00553191
0.00456917
0.00431027
0.0034005
0.00291548
0.00333306
0.00272363
0.00125812
0.00132379
0.000935795
0.000537774
0.000302748
0.000389745
4.82211e-05
8.06238e-06
0.000167292
0.000155281
0.000165035
0.000240252
0.000455879
0.000511785
0.000726432
0.00038908
0.00116032
0.0010619
0.000856304
0.00109328
0.000694654
0.00151752
0.00202843
0.00222874
0.00247287
0.00209881
0.00270279
0.00304138
0.00282838
0.00335214
0.00267377
0.00323258
0.003884
0.00456414
0.00414722
0.00493905
0.00408046
0.00396372
0.00490914
0.00609909
0.00559233
0.00600811
0.00653017
0.00669708
0.00522211
0.00560102
0.00688098
0.00720086
0.0071276
0.00913545
0.00806142
0.00900613
0.00816982
0.0083755
0.00988399
0.00954956
0.0114824
0.01229
0.00976727
0.0114726
0.0115715
0.0138312
0.0109753
0.0151875
0.0125175
0.0158322
0.0154662
0.0121936
0.0116619
0.0138539
0.0118423
0.0128932
0.0112546
0.0186184
0.0153764
0.0149405
0.0139983
0.0114776
0.0116017
0.0177931
0.0141673
0.0145329
0.00974871
0.0165598
0.0172035
0.0138263
0.0131721
0.0150666
0.0122108
0.0087284
0.0186049
0.0146937
0.0157837
0.0127557
0.00378835
0.00364101
0.00294169
0.0043375
0.0120625
0.00291052
0.00332458
0.00327961
0.00332545
0.00327204
0.0025673
0.00257359
0.00271033
0.00262787
0.00261225
0.00250111
0.00353137
0.00394019
0.00375786
0.00255938
0.00254128
0.00225647
0.00296393
0.003359
0.00321024
0.0032271
0.00284697
0.00292262
0.00291326
0.00300625
0.00289378
0.00286332
0.00254
0.00246856
0.0025115
0.00290279
0.00285998
0.0025762
0.00258411
0.0031669
0.00314735
0.00248933
0.00250985
0.00263994
0.00267812
0.00260737
0.00256561
0.00246557
0.00249475
0.00263434
0.00255167
0.00211088
0.00244463
0.00237883
0.00229341
0.00153529
0.00149238
0.00123551
0.00155404
0.00154106
0.000837937
0.000414039
0.000415266
0.000248857
5.77243e-05
5.88426e-06
0.000174581
0.000168727
4.23349e-05
2.08493e-06
7.08276e-06
1.30725e-05
0.000789018
0.00099265
0.000997689
0.000953595
0.000947293
0.000274477
0.000558974
0.0011888
0.00107958
0.00249712
0.00296861
0.00306356
0.00332044
0.00543796
0.00524199
0.00551942
0.00793514
0.00843399
0.00486253
0.00496571
0.00464183
0.00436294
0.00487924
0.0077484
0.00696877
0.00741244
0.0103842
0.0105382
0.0105623
0.00977851
0.00958857
0.00916072
0.00800166
0.0076754
0.00907169
0.00868
0.00662302
0.00585104
0.00480531
0.00432676
0.00423035
0.00577054
0.00266234
0.0061641
0.00607239
0.00579729
0.00528361
0.00395287
0.00416443
0.00326291
0.00305973
0.00153022
0.0014108
0.00565953
0.00497896
0.00449384
0.00513953
0.00503811
0.00420361
0.00373131
0.00345826
0.00165125
0.00146816
0.00137759
0.0020376
0.00190308
0.00188816
0.00153419
0.00160418
0.00124807
0.00105325
0.000958973
0.000533288
0.000414904
0.00084859
0.000683719
0.000742284
0.000210354
0.000160185
0.000265086
0.000212036
5.39363e-06
1.89966e-07
6.88288e-05
0.000114993
8.1817e-05
1.37989e-06
9.16953e-06
0.000236592
0.000215275
0.000364833
0.000511318
0.000354279
0.000151339
0.000266999
0.000185892
6.95483e-05
5.98469e-05
0.000123169
0.000241624
0.00391146
0.00406049
0.0045935
5.7287e-11
5.66194e-11
6.26549e-11
6.26942e-11
6.59943e-11
7.57152e-11
7.57672e-11
7.639e-11
6.31781e-11
6.55588e-11
1.86203e-11
1.85813e-11
5.07946e-11
1.71845e-11
1.69178e-11
1.67884e-11
