0.0119429
0.00697875
0.004011
0.00252381
0.00170266
0.00119292
0.000893572
0.000680196
0.0026441
0.00226076
0.00203164
0.00182612
0.00163233
0.00141125
0.00115727
0.000998258
0.000858624
0.000818366
0.000809018
0.000879422
0.00126761
0.00189402
0.00272945
0.00379151
0.00505877
0.0059964
0.00769255
0.0102893
0.0119079
0.0093149
0.00831478
0.00552157
0.00451645
0.00258273
0.00167025
0.00117636
0.000826515
0.00121068
0.000875436
0.00111292
0.00103577
0.00152634
0.00102984
0.00144969
0.00184069
0.00197732
0.00203707
0.00215061
0.00247683
0.00342433
0.00353595
0.00451546
0.00470308
0.00350876
0.00411626
0.00381243
0.00461463
0.00290649
0.00393579
0.00448586
0.00328584
0.00411528
0.00494052
0.00378344
0.00233694
0.00607786
0.00409811
0.00221226
0.00761768
0.00621239
0.00569714
0.00209145
0.00386041
0.00366839
0.00398048
0.00559903
0.00615972
0.00964957
0.0120409
0.00529163
0.0039545
0.0125099
0.0123476
0.00257993
0.00238424
0.00220656
0.00211631
0.00200366
0.00187748
0.0019809
0.00181439
0.00174714
0.00166738
0.00162678
0.00160863
0.00148769
0.00156919
0.00150782
0.00146604
0.00114618
0.00141444
0.0007279
0.000716108
0.00113186
0.000676064
0.00121832
0.00105099
0.0016191
0.00127103
0.00103435
0.00229707
0.00102028
0.00231354
0.00303148
0.00460757
0.00392767
0.00499122
0.0055319
0.00858302
0.00676218
0.00728114
0.0132992
0.00774412
0.0112001
0.00880358
0.0121339
0.0131423
0.0110426
0.0144584
0.0137701
0.0150193
0.0146487
0.0167031
0.0165333
0.0141115
0.0159791
0.0147476
0.0136546
0.0131966
0.0160312
0.0134713
0.01246
0.011564
0.00913836
0.00547266
0.00545133
0.0021927
0.00132406
0.00134301
0.00104224
0.000110963
2.54768e-06
3.35342e-05
3.07551e-05
9.04018e-05
6.28288e-05
0.00144173
1.17041e-07
0.00035047
1.64991e-05
0.00283999
1.42347e-05
1.49549e-05
1.66414e-05
1.74627e-05
3.36758e-05
0.000309762
0.000944711
0.00262519
0.00451227
0.00441507
0.000883373
0.00274993
0.00326101
0.00185766
0.00108658
0.00116812
0.00206651
0.00225971
0.00214084
0.00154935
0.00100779
0.000809338
0.00105407
0.00209404
0.00391547
0.00635726
0.0118977
0.0155359
0.0191103
0.0137316
0.0127126
0.0110604
0.00475048
0.0030648
0.00182216
0.00111326
0.000713069
0.00060677
0.000565158
0.000535921
0.000133107
7.66698e-05
8.19606e-05
4.06207e-05
6.07912e-05
2.37661e-05
2.21035e-05
2.10095e-05
1.6184e-05
2.90073e-05
2.50009e-05
2.38782e-05
2.71196e-05
3.06306e-05
3.20125e-05
3.45139e-05
4.83195e-05
3.97289e-05
6.13154e-05
6.64379e-05
3.64482e-05
3.35312e-05
4.66694e-05
3.87974e-05
2.58618e-05
0.000188791
0.000270784
0.00446008
0.00281142
0.00176112
0.00117781
0.000706989
0.00042293
0.000219988
0.000142243
7.62033e-05
6.85091e-05
3.57659e-05
0.00283391
0.00263265
0.00235898
0.00206551
0.00178464
0.00159776
0.00120667
0.00102542
0.000701089
0.000379712
0.000196733
0.000124304
0.000284782
0.000666358
0.00122796
0.00266354
0.00336332
0.00207996
0.00170245
0.00207398
0.00258792
0.00253071
0.00270473
0.00256539
0.00232453
0.00212643
0.00197055
0.00181287
0.00165209
0.00160828
0.0014133
0.00137913
0.00160026
0.00122889
0.000901378
0.000505801
0.000414156
0.000329126
0.000232004
0.000167159
6.96172e-05
2.56641e-05
8.97474e-05
0.000243727
0.000839718
0.000335585
0.000828058
0.000938323
0.00108765
0.00173602
0.00267811
0.00265568
0.00338124
0.00316203
0.0063242
0.0060332
0.00729795
0.00595908
0.0116662
0.00957383
0.0129387
0.0160346
0.00649584
0.00634229
0.0123014
0.011244
0.0152119
0.0253087
0.0245433
0.0162598
0.0172519
0.0142278
0.013719
0.0109656
0.00134701
0.00133928
0.00957645
0.00132417
0.00129238
0.00140749
0.00140097
0.00139127
0.00134608
0.00128898
0.00133686
0.00109854
0.00131673
0.00128938
0.000792498
0.000261253
0.000310193
0.000353403
0.000324578
0.000950883
0.00168511
0.00195451
0.00144676
0.00203313
0.00292106
0.00284081
0.00390603
0.00473255
0.00490815
0.00472068
0.00483253
0.00433536
0.00696626
0.00702315
0.00690542
0.00792177
0.00781393
0.00798609
0.00833717
0.00837158
0.00902911
0.00730903
0.00984593
0.006801
0.00794419
0.00995924
0.0081878
0.0113675
0.00834985
0.00785264
0.00514012
0.0053402
0.0054514
0.0048883
0.00210241
0.00320592
0.00264612
0.00209772
0.0018516
0.000787323
0.000289637
0.000149919
0.0001995
0.000230632
3.75923e-05
3.71768e-05
4.37127e-05
0.000664743
0.000214052
0.000572835
0.000573101
0.00238547
9.93243e-06
1.0221e-05
1.06493e-05
1.06698e-05
1.07523e-05
1.10271e-05
3.81856e-06
5.16765e-06
3.8076e-05
0.000209166
0.000567148
0.000206915
0.00347982
0.00024596
0.000157262
0.000138902
0.00240775
0.00199161
0.00149578
0.00113386
0.000690101
0.000396264
0.00030291
0.000121499
0.000114715
6.28151e-05
2.32795e-05
1.84542e-05
2.53966e-05
2.22664e-05
1.9551e-05
2.77177e-05
1.99359e-05
2.19106e-05
5.05732e-05
2.66897e-05
4.49455e-05
2.64851e-05
3.99296e-05
5.92267e-05
6.96976e-05
3.38535e-05
6.10825e-05
0.000120255
9.23708e-05
0.00213583
0.00126358
0.00335148
0.00216777
0.00146714
0.00101845
0.000517807
0.000969128
0.00138358
0.00145142
0.000499546
0.000289468
0.000404457
6.57832e-05
0.000218943
9.70033e-05
4.02685e-05
4.68737e-05
3.54631e-05
2.70579e-05
2.9091e-05
2.72356e-05
2.81857e-05
2.9288e-05
2.80311e-05
2.78039e-05
3.17186e-05
3.97498e-05
4.05166e-05
3.23409e-05
3.54433e-05
3.56545e-05
3.18855e-05
0.00412058
0.00185785
0.000711226
0.000270003
9.7374e-05
5.03051e-05
4.4879e-05
3.26569e-05
0.00703064
0.00610945
0.00517974
0.0043476
0.0034893
0.00257462
0.00191423
0.000773586
0.000576021
0.000289106
0.000195747
0.000397073
0.000818923
0.00165733
0.0027224
0.00146545
0.00126205
0.00174988
0.00275622
0.00260201
0.00295556
0.00298413
0.00315208
0.00281076
0.00274634
0.00253435
0.00241372
0.00214677
0.00183483
0.0015232
0.00184405
0.00161382
0.00120759
0.00098088
0.000611997
0.000534408
0.000210857
0.000201953
0.000112858
0.000155144
0.000205922
0.000333986
0.000343536
0.000876337
0.000715037
0.00135562
0.00138423
0.0014941
0.00180399
0.00239344
0.00272547
0.00328581
0.0036305
0.00386979
0.00516832
0.00677488
0.00534035
0.00618647
0.00704876
0.00874689
0.0134662
0.0185933
0.0174905
0.012167
0.0124092
0.0092672
0.007197
0.00567991
0.0113016
0.00153025
0.00484745
0.00582807
0.00148188
0.00146368
0.00142459
0.00140459
0.00139053
0.00138116
0.00137624
0.00137399
0.00136129
0.00135706
0.00134885
0.00134781
0.00134005
0.00135544
0.00133437
0.00132753
0.00133695
0.00134942
0.0013335
0.00132241
0.00131196
0.00100549
0.00130824
0.0007903
0.000468103
0.000783712
0.00032603
0.000560556
0.000570769
0.000276677
0.000479053
0.000626766
0.000401212
0.000532029
0.00068301
0.00117759
0.00234713
0.00128969
0.00142996
0.0022766
0.00299332
0.00402309
0.00587266
0.00570481
0.00213413
0.00470222
0.00734747
0.00783502
0.00908366
0.0123076
0.0160712
0.0121673
0.0106426
0.0107476
0.0101323
0.00981496
0.0149615
0.00926763
0.0128011
0.0106106
0.00906544
0.00945339
0.00886019
0.00732914
0.0058797
0.00636339
0.00306496
0.00312673
0.00323043
0.00220751
0.00369967
0.00312036
0.0010986
0.00070302
0.00723938
2.79571e-06
2.80852e-06
2.81461e-06
2.82088e-06
2.82929e-06
2.83088e-06
2.83766e-06
0.000979406
0.00337303
0.00636067
0.00604379
0.00476529
0.0045361
0.0041414
0.00345953
0.0030508
0.00250683
0.00189666
0.00158342
0.00416558
0.00501831
0.00410382
0.00331395
0.00260415
0.00199861
0.00160981
0.00106327
0.000769704
0.000645856
0.000402865
0.000272221
0.000202639
0.000124996
9.63174e-05
5.58449e-05
5.57212e-05
5.35498e-05
0.00304723
0.00209194
0.00153516
0.00107472
0.000729631
0.000519887
0.000306582
0.000211614
0.000141656
0.00010108
6.74318e-05
0.00247956
0.00135556
0.00105218
0.000652036
0.000321362
0.000131791
9.54597e-05
9.54573e-05
0.000103428
6.47634e-05
8.08535e-05
6.77306e-05
9.55293e-05
0.000131515
9.15437e-05
7.23757e-05
9.18934e-05
9.49298e-05
0.00376994
0.00212
0.00102848
0.00165869
0.000761159
0.000403173
0.000227934
0.000186883
0.000117835
0.00977226
0.00835299
0.00715342
0.00562514
0.00453642
0.00244355
0.00170222
0.000954285
0.00173141
0.00241166
0.000405826
0.000360152
0.000811081
0.00121691
0.00129618
0.00158348
0.00167756
0.00142852
0.00138977
0.00115437
0.00113627
0.000988224
0.000716577
0.000606031
0.000462349
0.000274422
0.000252622
9.27544e-05
0.000147718
0.000183344
0.000229322
0.00029136
0.000340263
0.00107094
0.0011313
0.00191041
0.00195726
0.00265243
0.00283426
0.00320885
0.00432974
0.00477309
0.00564521
0.0116154
0.0233587
0.00771463
0.00463644
0.00434935
0.00368017
0.00335712
0.0030477
0.00294485
0.00330723
0.00296347
0.00299407
0.00292259
0.00292203
0.00292758
0.00290829
0.0028762
0.00278226
0.00275573
0.00277831
0.00277577
0.00273357
0.0026815
0.002654
0.00259993
0.00259885
0.00255875
0.00256596
0.00254117
0.00251513
0.00253497
0.00212599
0.00167199
0.00210311
0.00127886
0.00100766
0.00102491
0.000696265
0.000538999
0.000532574
0.00065673
0.0012299
0.000845696
0.00147473
0.00226824
0.00241849
0.00296135
0.00412227
0.00344386
0.00322445
0.00369199
0.00319497
0.00694102
0.00590237
0.00529359
0.00199948
0.00356909
0.00176205
0.00177973
0.00159411
0.00181675
0.000551657
0.000943124
0.000251616
0.00333353
0.000200777
0.000567891
0.000247538
0.000921196
0.000833926
0.000123387
0.0001714
0.000142954
0.00146223
0.00010231
0.0161018
0.0295768
0.00599001
0.0351166
2.03698e-06
2.05234e-06
2.05063e-06
2.03961e-06
1.95809e-06
1.9584e-06
8.00848e-05
7.905e-05
0.00492602
0.0149752
0.0154374
0.01072
0.00803217
0.00724843
0.0060373
0.00559422
0.00458007
0.00362478
0.00331072
0.0017987
0.00119413
0.00102928
0.000716083
0.000364776
0.000246956
0.000134752
0.000123358
0.000114182
0.000111748
0.00012137
0.000137215
0.000113776
0.000125931
0.00016279
0.000154449
0.000196228
0.000141704
0.000146095
0.000100548
9.51762e-05
0.00064869
0.000407867
0.000306694
0.000214896
0.000111724
9.03267e-05
9.47658e-05
8.76564e-05
9.34708e-05
0.00010099
0.000108574
0.000124514
0.00370057
0.00214342
0.00122821
0.000746037
0.000438346
0.00020821
0.000148958
0.000125098
0.000104587
0.000108374
0.000111456
0.000104153
0.000106832
0.000109853
0.000114341
0.00011651
0.000117917
0.000125786
0.000119711
0.000121303
0.000122131
0.000155907
0.00014514
0.000124109
0.00735
0.00647611
0.00532477
0.00449148
0.00350072
0.00253015
0.00173133
0.00119309
0.000777748
0.000725012
0.001036
0.00184959
0.00241505
0.000822448
0.000378369
0.00042685
0.000562769
0.000451254
0.000694209
0.000766454
0.000795741
0.000771764
0.000926525
0.000748384
0.000710129
0.000760455
0.000558805
0.000593983
0.000628073
0.000694292
0.000470198
0.000309057
0.00025481
0.000152317
0.000232667
0.000118624
0.00010891
0.000159734
0.000238251
0.000505443
0.000544718
0.0010981
0.00138073
0.000967878
0.00165456
0.00191306
0.00278944
0.00269885
0.00321462
0.00467039
0.0040314
0.00304195
0.00395463
0.00469051
0.00545869
0.00591312
0.00851055
0.00362463
0.00345562
0.00334097
0.003389
0.00336909
0.00358408
0.00351829
0.00355113
0.00357171
0.00354127
0.00340742
0.00338959
0.00341487
0.00336923
0.00333446
0.00334877
0.00331769
0.00338733
0.00342927
0.00328107
0.00338109
0.0035702
0.0036009
0.00352934
0.00347586
0.00341728
0.00324715
0.003178
0.00336762
0.00322257
0.00185419
0.000980397
0.000764652
0.000423126
0.000416373
0.000420768
0.000429167
0.000446368
0.000842241
0.000822452
0.000951955
0.0013292
0.0011293
0.00200716
0.00200295
0.00407961
0.00384913
0.00559919
0.00570827
0.00593343
0.0105575
0.00835379
0.00922396
0.00740407
0.0120304
0.0098602
0.00967837
0.0115316
0.0116085
0.0116094
0.0122126
0.0117587
0.0125894
0.00966246
0.0128083
0.0100053
0.00978314
0.00789928
0.00911245
0.00895307
0.00675984
0.006267
0.0184932
0.00388878
3.39866e-06
3.49113e-06
3.53446e-06
3.64612e-06
3.7964e-06
3.96169e-06
2.85432e-06
0.00022212
0.000909574
0.000156382
0.000401493
0.000598121
0.000568415
0.000542567
0.000528946
0.000486883
0.000305802
0.000256997
0.000231682
0.00020252
0.0263969
0.0221071
0.0182015
0.0145303
0.0110288
0.00826169
0.00562635
0.00366798
0.00238444
0.00150712
0.000834387
0.000671121
0.000338953
0.000133957
0.000144869
0.00062067
0.00059041
0.000485403
0.000509394
0.000418254
0.000360294
0.000408562
0.000430826
0.000289546
0.000278683
0.00029043
0.000249728
0.000258623
0.000250212
0.000231399
0.000282938
0.000269591
0.000260065
0.00314743
0.00294535
0.00222347
0.00197556
0.00165936
0.00136852
0.00124515
0.000956098
0.000807483
0.000748849
0.00061555
0.000575031
0.000487171
0.000484219
0.00044308
0.000478778
0.000415715
0.000405909
0.000383512
0.000321797
0.000288789
0.000170313
0.00016697
0.000172561
0.000191
0.000206819
0.000205601
0.000177421
0.000141031
0.000179171
0.000244462
0.000303866
0.000319428
0.000310643
0.000310202
0.000901912
0.00167773
0.00282366
0.00496485
0.00548086
0.00288013
0.00132625
0.000684092
0.000667442
0.000449619
0.000326946
0.000260607
0.000128526
0.000144043
0.000111461
7.13641e-05
6.82829e-05
1.09958e-05
5.52648e-05
9.08537e-05
0.00017649
3.6689e-05
0.000137177
7.60195e-05
0.000133073
0.000203202
0.000476123
0.000831157
0.00151309
0.00190545
0.00314017
0.00405762
0.00315802
0.00549848
0.00497941
0.00693344
0.00698546
0.00798493
0.00867357
0.00794436
0.0126786
0.0133745
0.0150116
0.0135706
0.0186425
0.0208587
0.0136807
0.0199854
0.0223959
0.018498
0.0287946
0.0226299
0.0167859
0.0205953
0.00607756
0.0030009
0.00290523
0.00295252
0.00279647
0.00282489
0.00282316
0.00316686
0.00305718
0.00302809
0.00362637
0.00369123
0.00337813
0.00318982
0.0031855
0.00306556
0.00291691
0.00298832
0.00286097
0.00280102
0.00276392
0.00121228
0.000307652
0.000190379
0.000163421
0.000115625
0.000209231
0.00021486
0.000202595
0.000172388
0.000168339
0.000658586
0.000644689
0.00104261
0.000653115
0.00182487
0.00223579
0.00136388
0.00378496
0.00243087
0.00279255
0.00265719
0.00550065
0.00452379
0.00816187
0.00815335
0.00655511
0.00940789
0.00828678
0.00990041
0.00899617
0.00877251
0.00851867
0.00899987
0.00836636
0.0104946
0.010345
0.00685761
0.0088027
0.00860372
0.00709298
0.00577801
0.00550991
0.00399627
0.00366677
0.00204021
0.00294234
0.000972606
0.00145293
0.00123836
8.96637e-05
0.000310682
0.000253638
0.000242935
0.000165823
0.000938077
0.00212148
7.73699e-06
8.26886e-06
8.63273e-06
9.30256e-06
9.81165e-06
9.792e-06
4.14779e-06
4.1778e-06
0.000463585
0.000165512
0.00591614
0.00645158
0.0056361
0.00545515
0.00481889
0.00356345
0.00286312
0.00236124
0.00166582
0.00113041
0.000886105
0.000518756
0.000361865
0.000228258
0.000244148
0.000182369
7.49982e-05
7.15675e-05
6.24039e-05
6.39992e-05
6.85215e-05
8.06785e-05
8.44453e-05
0.000142753
9.03196e-05
8.78095e-05
7.60894e-05
9.90923e-05
0.000101507
0.00016232
0.000113148
0.000143328
0.00448946
0.00287743
0.00208544
0.00116031
0.00394358
0.00274072
0.000517987
0.000545044
0.00141669
0.00136464
0.00455891
0.00289481
0.00369548
0.00301028
0.00161024
0.000923387
0.00106606
0.000782353
0.000311191
0.000267941
0.000103811
6.32244e-05
0.00044234
0.000637045
0.000777319
0.000568101
0.000360681
0.000343683
0.000284084
0.000168687
0.00018593
0.00113449
0.019325
0.0135343
0.00845388
0.0045057
0.00199612
0.000860574
0.0003101
0.000170653
0.000117063
0.0105259
0.00930489
0.00823105
0.0070762
0.00615376
0.00517989
0.0041104
0.00317641
0.00215951
0.00145703
0.000844717
0.000513066
0.000526979
0.000558239
0.000932014
0.00178112
0.00297148
0.00128121
0.000576082
0.000540238
0.000650147
0.00111363
0.00125981
0.0011625
0.00113602
0.000955548
0.000827966
0.000669778
0.000781559
0.000641419
0.000825488
0.000799724
0.000733657
0.000591985
0.000461878
0.000427573
0.000281268
0.000212336
0.000154794
0.000191428
0.000186985
0.000491029
0.0009356
0.000513115
0.00095863
0.00112402
0.00114026
0.00168573
0.00233677
0.0025708
0.00252327
0.00371948
0.00355709
0.00503298
0.00645542
0.00656692
0.0052248
0.00563058
0.00624592
0.00819891
0.00955946
0.00895683
0.0152412
0.01716
0.0103468
0.0110484
0.0113533
0.00751314
0.00812939
0.00696316
0.00915283
0.00251477
0.00245044
0.00240145
0.00234077
0.00230808
0.00237012
0.00234878
0.00223012
0.00223479
0.00220465
0.00225222
0.00212502
0.00216639
0.00207193
0.00212132
0.00206167
0.00212336
0.00204171
0.00203156
0.00201689
0.00197649
0.00201359
0.00198606
0.00198458
0.00194497
0.00194861
0.00190242
0.00189946
0.00193383
0.00187374
0.00191396
0.000986985
0.00122202
0.00087246
0.000451906
0.000374768
0.0003685
0.000452103
0.000358531
0.000393599
0.000591158
0.000475328
0.000541611
0.000818929
0.000831011
0.000817937
0.00257489
0.00314218
0.00304985
0.00394418
0.00369583
0.00469222
0.00510702
0.00456308
0.00618867
0.00374213
0.00858971
0.00751584
0.00753402
0.00766444
0.00712183
0.00783937
0.00604879
0.00761434
0.00648271
0.00707249
0.00492515
0.00470234
0.00483656
0.00384236
0.00493267
0.00307019
0.00376799
0.00151241
0.00249781
0.00205524
0.00206084
0.0013203
0.00110337
0.00924289
4.6507e-05
5.55188e-05
2.56042e-06
2.63794e-06
2.64209e-06
2.58302e-06
2.58875e-06
2.58755e-06
7.54859e-06
0.00275524
0.000651007
0.00276207
0.00289376
0.00255837
0.00234329
0.00193788
0.00160964
0.00138012
0.001126
0.000795095
0.000598726
0.000382906
0.000294532
0.000152808
7.58919e-05
0.00218977
0.00165589
0.000418129
0.0011196
0.000836966
0.000617908
0.000369921
0.00019873
0.000154592
0.000103398
6.79986e-05
5.12891e-05
5.41505e-05
5.95518e-05
8.55929e-05
6.51791e-05
7.36191e-05
0.000101934
8.77142e-05
8.69435e-05
0.00274486
0.00179666
0.00140455
0.00100069
0.000696758
0.000560054
0.000326814
0.000231082
0.000181798
0.000112693
0.00226519
0.00142688
0.00106236
0.000749395
0.000407164
0.000244605
0.000178057
0.000104273
7.06418e-05
6.97404e-05
7.04227e-05
7.13995e-05
7.28375e-05
6.80349e-05
6.92289e-05
6.96109e-05
7.02548e-05
7.45776e-05
7.39161e-05
0.000108469
0.000132586
7.44751e-05
7.73698e-05
7.8106e-05
9.81535e-05
0.00391677
0.00235189
0.00105452
0.000947033
0.000998567
0.000505127
0.000268006
0.000168617
0.000131589
0.000124023
0.00988452
0.00830807
0.00704782
0.00566675
0.00422364
0.0030484
0.00200112
0.00130754
0.00106477
0.00106198
0.00064958
0.00107794
0.00133993
0.00208316
0.000878956
0.000356588
0.000635706
0.00137408
0.00121856
0.00160615
0.00151354
0.00149574
0.0014176
0.000966744
0.00126935
0.00111869
0.00111708
0.00092728
0.00072535
0.000598129
0.000480145
0.000229027
0.000386945
0.000291231
0.000227597
0.000176126
0.000181637
0.000248432
0.000430886
0.000785718
0.0011869
0.00123797
0.00137556
0.00184936
0.0021718
0.00287372
0.002291
0.00290603
0.00281061
0.00318041
0.0035559
0.00476229
0.00497611
0.00846809
0.0083138
0.0085095
0.00837647
0.00878663
0.0073161
0.00525627
0.00836604
0.00371937
0.0033053
0.00308658
0.00273279
0.0027925
0.00247462
0.00261001
0.00273697
0.00267493
0.00258204
0.00258887
0.00255206
0.00258351
0.00252394
0.00249965
0.00248285
0.00246637
0.00243433
0.00242867
0.00241384
0.00238304
0.00237164
0.0023526
0.00232272
0.00231557
0.00232887
0.00225538
0.00230553
0.00227811
0.0020107
0.00141311
0.000917576
0.000797261
0.000484971
0.000487223
0.000473454
0.00044657
0.000450712
0.00126346
0.00102258
0.00129207
0.00170793
0.00151681
0.00181934
0.00183782
0.00265598
0.005169
0.00291333
0.00447201
0.00285116
0.00431991
0.00359876
0.00361541
0.00310252
0.0013589
0.00149702
0.00202754
0.00101441
0.00192863
0.00207675
0.000185178
0.00187564
0.00147978
0.00011197
0.000955757
0.000465661
0.000108242
0.00184798
0.00143174
0.00020906
0.000569703
0.00782108
0.0123961
0.00572344
0.00532122
0.00436351
0.00551476
0.00443772
2.32411e-06
2.33124e-06
2.33281e-06
2.3044e-06
2.22449e-06
2.22434e-06
2.22491e-06
3.70172e-05
0.000986446
0.0222554
0.0129888
0.0101935
0.00884556
0.00684469
0.00773964
0.00493268
0.00428471
0.00360718
0.00267241
0.0018873
0.0012467
0.000875245
0.00044237
0.000541565
0.000372714
0.000117303
8.45179e-05
7.97297e-05
9.7154e-05
9.98059e-05
8.09318e-05
0.000129369
0.000138091
9.21761e-05
0.000104689
9.17229e-05
9.75011e-05
0.000116138
0.000107257
0.000114591
0.000119928
0.000120954
0.0001413
0.000109874
0.000151109
7.8665e-05
0.000543524
0.000467313
0.000300319
0.000238425
0.000140376
8.81942e-05
7.66367e-05
7.33205e-05
7.04113e-05
7.36465e-05
7.73626e-05
7.75781e-05
7.45706e-05
0.00407654
0.00236749
0.00137471
0.000797546
0.000396593
0.000253392
0.000145421
9.91447e-05
0.000111713
9.7317e-05
0.000115577
9.26398e-05
7.87961e-05
7.99685e-05
8.12912e-05
8.50195e-05
8.52549e-05
8.95476e-05
9.32654e-05
9.29769e-05
9.31942e-05
9.4889e-05
9.47754e-05
9.92168e-05
0.000105831
0.00794215
0.00717067
0.00590383
0.00470986
0.00360363
0.00251644
0.00185283
0.0010239
0.000684476
0.000600689
0.000837756
0.00167569
0.00214357
0.000465077
0.000360896
0.00048342
0.000837734
0.00151851
0.00144972
0.0015022
0.0016121
0.00155582
0.00124764
0.0011299
0.00116857
0.00114594
0.00102032
0.000893358
0.000900763
0.000690525
0.000627626
0.000476719
0.000177248
0.000318113
6.02361e-05
8.9321e-05
9.02793e-05
0.000108245
0.000105438
0.000102579
0.000142003
0.000370443
0.000720528
0.0010493
0.00137298
0.00162402
0.00273028
0.00386599
0.00302115
0.0030908
0.00435237
0.0045839
0.00462298
0.00578108
0.00678944
0.00742341
0.00747607
0.00992161
0.00297581
0.0028209
0.00342568
0.00294356
0.00306465
0.00292534
0.00303155
0.00343411
0.00339049
0.00327309
0.00314414
0.00313963
0.00313766
0.00315366
0.00313402
0.00312604
0.00314935
0.00305142
0.00311939
0.00305954
0.00310408
0.00296882
0.00300942
0.00296877
0.00284359
0.00292665
0.00286151
0.00288532
0.00288849
0.001532
0.00282168
0.00146217
0.000709087
0.000424539
0.000499372
0.000432818
0.000503424
0.000641657
0.000716392
0.00157664
0.00164991
0.0023623
0.00159257
0.00218192
0.0042376
0.00447772
0.00503616
0.00555225
0.00799229
0.00731705
0.00782155
0.00835299
0.0109889
0.0113299
0.0082411
0.0118925
0.0111474
0.00918768
0.0115577
0.0106778
0.00737692
0.0117788
0.00887182
0.00825075
0.00889344
0.00865531
0.00676517
0.00796874
0.00791691
0.00742035
0.00782316
0.00561487
0.014295
0.00799055
0.00851175
0.00730536
4.51412e-06
4.76186e-06
4.84114e-06
4.89947e-06
5.14343e-06
5.10792e-06
3.37389e-06
1.20951e-05
1.22527e-05
0.00120754
0.000594559
0.000244175
0.0274145
0.0298924
0.0239811
0.019807
0.0158236
0.0131505
0.0109654
0.00870394
0.00641056
0.00478049
0.00296766
0.00195606
0.00124305
0.000817467
0.000449402
0.000335377
0.000224112
0.000177676
0.000160913
0.000191309
0.000278876
0.000225427
0.000215721
0.000234262
0.000211813
0.000198494
0.000221193
0.000164814
0.00016618
0.000179749
0.000179459
0.000170413
0.000178635
0.000175438
0.000202391
0.000203717
0.000177721
0.00021367
0.00149879
0.00177933
0.00151173
0.00137436
0.00114064
0.000996896
0.000731352
0.000663242
0.000736336
0.000615423
0.000590749
0.000587389
0.000550773
0.00045918
0.000499619
0.000478584
0.00041042
0.000424414
0.000398763
0.000373547
0.000356827
0.00038775
0.000387174
0.000358667
0.000350656
0.000329382
0.000373385
0.000337082
0.000318252
0.000310138
0.000337046
0.000314032
0.000307055
0.000254343
0.000242022
0.000321297
0.000359784
0.000335131
0.000314318
0.000352284
0.000502441
0.000540433
0.000960894
0.00175632
0.0046897
0.00361944
0.00161756
0.000822407
0.000728616
0.000566373
0.000456451
0.000379176
0.000240024
0.000234122
0.000116538
7.56973e-05
5.87338e-05
5.49884e-05
4.0402e-05
6.69143e-06
4.66461e-05
5.25304e-06
1.52185e-05
5.67826e-05
0.000405636
0.000489209
0.000834315
0.00163825
0.00234142
0.00239792
0.0017742
0.0012789
0.00251575
0.00390383
0.00577119
0.00475181
0.00692226
0.00802282
0.00791335
0.00605928
0.00812548
0.00952091
0.0132558
0.0113101
0.0181393
0.0177796
0.011575
0.0173544
0.0177013
0.0189912
0.0180627
0.0279326
0.0276943
0.0117483
0.0114857
0.00414885
0.00399715
0.00510632
0.00503235
0.00450573
0.00379398
0.0035792
0.00380659
0.00330086
0.00317685
0.00314265
0.00300533
0.00275341
0.00281587
0.00271094
0.00279167
0.00267936
0.00252686
0.00259008
0.00248247
0.00225775
0.00227516
0.00133886
0.00219889
0.000920768
0.000722098
0.000362284
0.000358838
0.000357689
0.000575636
0.000235538
0.000836366
0.000287715
0.000953973
0.00137923
0.000814588
0.000812725
0.00111018
0.00194619
0.00272956
0.0030846
0.00305551
0.00293457
0.00395368
0.00401783
0.00594516
0.00524852
0.00717971
0.00568066
0.00526102
0.00617271
0.00602347
0.00939892
0.00631328
0.01066
0.0108712
0.00787396
0.00838429
0.00715821
0.00729421
0.00696683
0.00617051
0.00543984
0.00373784
0.00657177
0.00326933
0.00457145
0.00225165
0.00359716
0.00447086
0.0046859
0.00134788
0.00138395
0.00409475
0.00156286
0.00106767
0.00590124
0.00244482
8.48119e-05
3.26103e-06
3.82856e-06
3.89137e-06
3.09987e-06
3.92215e-06
3.23812e-06
4.19415e-06
4.353e-06
5.00021e-06
0.00128856
0.00131041
0.00102788
0.000207215
0.00745706
0.00552782
0.00478502
0.00430516
0.00410384
0.00395569
0.00333446
0.00308297
0.00245198
0.00181575
0.001377
0.00103567
0.000653662
0.000458234
0.000345762
0.000401289
0.000207723
0.000232343
0.000106025
7.86909e-05
7.25437e-05
8.2149e-05
6.97842e-05
6.57875e-05
0.000147448
0.000108838
0.000110997
7.56024e-05
0.000102062
0.000111661
0.000227496
0.000206443
0.00294749
0.00307611
0.00183715
0.00100378
0.00275197
0.00213981
0.00094367
0.000611221
0.000344395
0.000481601
0.000223077
0.000156896
0.000212671
8.94582e-05
7.77058e-05
8.52778e-05
7.53489e-05
9.46123e-05
9.4629e-05
7.17351e-05
7.01687e-05
8.0808e-05
8.36121e-05
0.000143929
0.00011966
0.0144244
0.00996639
0.0018717
0.00703726
0.0038095
0.00218859
0.000844393
0.000325109
0.000135445
9.58988e-05
0.0001015
8.62498e-05
8.64667e-05
9.44997e-05
9.47257e-05
0.0112579
0.00978369
0.00887994
0.00755498
0.00617588
0.00493255
0.00446169
0.00338136
0.00211574
0.00150465
0.000972951
0.000904211
0.000571437
0.000558124
0.000963003
0.00178984
0.00247476
0.000559226
0.000478725
0.000649011
0.000942347
0.00135203
0.00175317
0.0016989
0.00152098
0.00128136
0.00142618
0.00135516
0.0011576
0.00118081
0.00100587
0.000934415
0.000825593
0.000460787
0.000346954
0.000272523
0.000124804
0.000184921
0.000224625
0.000268245
0.000323143
0.000479089
0.000652477
0.00115844
0.00189018
0.00287713
0.00281765
0.00257667
0.00351085
0.00314458
0.00292539
0.00458999
0.00474646
0.00633959
0.00838904
0.00857628
0.00994397
0.0141363
0.00981545
0.0133793
0.00868882
0.00845365
0.0056113
0.00537747
0.011178
0.0110127
0.0073564
0.00578054
0.0112849
0.00992884
0.00235908
0.00230295
0.00230548
0.00224942
0.00226284
0.00223211
0.00218934
0.00218591
0.00213403
0.00209465
0.00210906
0.00210455
0.00204154
0.00213985
0.00201345
0.00199762
0.00199346
0.00194898
0.00196383
0.00191127
0.00192563
0.00199954
0.00189634
0.00186726
0.00185458
0.00189107
0.00186765
0.00188398
0.00180449
0.00180277
0.00161638
0.000870841
0.000687313
0.000935783
0.000680117
0.000789061
0.000474848
0.000390951
0.000674239
0.000477567
0.000672328
0.00171617
0.00060497
0.00153426
0.00216499
0.00235918
0.00186446
0.00208929
0.00214622
0.00336425
0.00416221
0.00242767
0.00571985
0.00501872
0.00662594
0.00671891
0.00636962
0.00686065
0.00636352
0.00554595
0.00617733
0.00980394
0.00823376
0.00705767
0.00641455
0.00615826
0.00598359
0.00952317
0.00546333
0.00486911
0.00478648
0.00331079
0.00289707
0.00257181
0.00237944
0.00307002
0.00219124
0.00164188
0.0016905
0.00123835
0.00110142
0.00983778
3.30503e-06
3.17192e-06
3.17197e-06
3.33748e-06
3.20512e-06
3.2035e-06
2.80225e-06
5.14888e-06
0.0018553
0.000636518
0.00182169
0.00311053
0.0029718
0.00260996
0.0022755
0.00185696
0.00154552
0.00108735
0.000745961
0.000506959
0.000361984
0.000215293
0.000155256
0.00283847
0.0019192
0.00133767
0.0010784
0.000784112
0.000573391
0.0004462
0.000256605
0.000145448
0.000109333
7.47746e-05
5.15049e-05
7.06598e-05
5.69013e-05
6.0766e-05
7.49217e-05
6.92111e-05
7.0358e-05
9.51878e-05
5.87378e-05
0.00297215
0.00197976
0.00137121
0.00114967
0.000795477
0.000554838
0.000268722
0.000254626
0.000157238
0.000129534
0.000372786
0.000376218
0.000156822
0.000322248
0.000318476
0.000457737
0.000296996
0.000337941
0.000109971
0.000312055
0.000301122
0.000356299
0.000340288
0.000309326
0.000346586
0.000276284
0.000323405
0.000309237
0.00028763
9.98212e-05
0.000117495
0.000248383
0.000264189
0.00027135
0.000280005
0.000103396
0.000258521
0.000273707
0.000270367
6.55172e-05
6.94762e-05
6.77414e-05
0.0218532
0.00129498
0.00130074
0.00125447
0.00106326
0.000765658
0.000581151
0.000549571
0.000458792
0.000316762
0.000328095
0.000552995
0.00105524
0.00197283
0.00329091
0.00108669
0.000628965
0.000824947
0.000885725
0.00153704
0.00152044
0.0019103
0.00188884
0.00166889
0.00177248
0.00152136
0.00137687
0.00111319
0.000918828
0.000706302
0.00050563
0.000807678
0.000438431
0.000288898
0.000259966
0.000167394
0.000109222
0.000230658
0.000345576
0.000357052
0.00071361
0.00119284
0.000898782
0.00165327
0.0013982
0.00157505
0.00170817
0.00223827
0.00257944
0.00320163
0.00424097
0.00370563
0.00514646
0.00559409
0.00813865
0.00875874
0.0138901
0.0124019
0.0341676
0.00704011
0.00546472
0.00677145
0.014882
0.00964466
0.00908379
0.00516073
0.00449279
0.00389314
0.00352599
0.00310251
0.00301709
0.00295337
0.00272068
0.00253513
0.00243982
0.00250055
0.002404
0.00228325
0.00222526
0.00213564
0.00222383
0.00229271
0.00208572
0.00205334
0.00209869
0.00206545
0.00201848
0.00194051
0.0020117
0.00199127
0.00195997
0.00144088
0.00119313
0.000385692
0.000676901
0.000401711
0.000553742
0.000323237
0.000269262
0.000593027
0.00110458
0.000703462
0.00225379
0.00203989
0.00170559
0.00388555
0.00337265
0.00382387
0.00254499
0.00262054
0.004883
0.00346595
0.00290367
0.00314494
0.00296865
0.00241594
0.000868563
0.00328466
0.00146535
0.00113283
0.00346561
0.000331374
0.0018561
0.00132059
9.83717e-05
0.000149099
0.00157291
0.000134986
0.000768048
0.00595899
0.00862613
0.00645376
0.00706475
0.00489134
0.00458154
0.00516602
0.00354678
0.00825128
2.71029e-06
2.71895e-06
2.72485e-06
2.7223e-06
2.69768e-06
2.63037e-06
2.62009e-06
4.28477e-05
0.00105525
0.0124487
0.0160299
0.011982
0.00734718
0.00755618
0.00446506
0.00441843
0.00323557
0.00251363
0.00186927
0.00153357
0.00109463
0.000447226
0.000214785
0.000191603
0.000186048
8.61292e-05
6.9562e-05
7.42064e-05
0.000120223
0.000102159
8.7361e-05
5.80504e-05
0.000108147
0.000106837
0.000128823
0.000126594
0.000168005
0.000214113
0.000103611
0.000194615
0.000115795
0.000114046
5.59133e-05
7.75771e-05
0.00061773
0.000393291
0.00031395
0.000170467
0.00011205
6.49623e-05
8.09477e-05
5.31147e-05
5.98805e-05
5.64992e-05
5.92068e-05
0.00176795
0.00104226
0.000618583
0.000407335
0.000199477
0.000134346
9.64535e-05
6.98841e-05
5.60131e-05
6.05188e-05
5.98071e-05
7.57161e-05
7.09146e-05
7.44695e-05
7.36837e-05
7.47301e-05
7.795e-05
6.96956e-05
9.03434e-05
8.01521e-05
8.58533e-05
7.91521e-05
7.99254e-05
7.26347e-05
9.82106e-05
0.00550369
0.00506291
0.00463022
0.00369174
0.00283813
0.002226
0.00141838
0.000891748
0.0005859
0.000433412
0.000710865
0.00112333
0.00208117
0.00206736
0.000513851
0.000487798
0.00113585
0.00221667
0.00273352
0.00280709
0.00277118
0.00237924
0.00239192
0.00224943
0.00214986
0.00197774
0.00195905
0.00204654
0.0020297
0.00163129
0.00147464
0.000896705
0.000699084
0.000478162
0.000492543
0.000344117
0.000179215
0.000143528
0.000182408
0.000267464
0.000951849
0.00150392
0.00117039
0.00144491
0.00202673
0.00315162
0.00339186
0.00329055
0.00503951
0.00592368
0.00820469
0.00912281
0.0107225
0.0097598
0.0125335
0.00403701
0.0101368
0.00386219
0.00350117
0.00353849
0.00341254
0.00335467
0.00330025
0.00308597
0.00314498
0.00328669
0.00308358
0.00317634
0.00319239
0.00300578
0.00294959
0.0028175
0.00289336
0.00268517
0.00277922
0.00275277
0.00278134
0.00271831
0.00266727
0.00266506
0.00257432
0.00260583
0.00261886
0.00252808
0.00260355
0.00134967
0.000891598
0.000311226
0.000416268
0.000335267
0.000490457
0.000660284
0.000358163
0.000363976
0.00178907
0.0011878
0.00226548
0.0014895
0.00273734
0.00471967
0.0033705
0.00971385
0.00612386
0.0076553
0.00778175
0.00590912
0.00940042
0.00986479
0.00832182
0.0114638
0.0120285
0.00818024
0.0150138
0.0119646
0.0127404
0.0135941
0.0107405
0.0133865
0.00941677
0.00793433
0.0074434
0.00665671
0.0050675
0.00456935
0.00853377
0.00597038
0.00594222
0.00402944
0.00367697
0.00259139
0.00131641
3.78069e-06
3.80121e-06
3.83637e-06
3.85497e-06
3.9112e-06
3.99472e-06
3.98684e-06
3.56157e-06
0.000410353
0.000231153
0.000378632
0.0316461
0.0274414
0.0212741
0.0176083
0.0141002
0.0119204
0.0102733
0.00899107
0.00736265
0.00571985
0.00411813
0.00289059
0.0017193
0.00112086
0.000566613
0.000310737
0.000176958
0.00013473
0.000143193
9.50945e-05
9.45507e-05
0.000206438
0.00017372
0.000239172
0.000221437
0.000221478
0.000195755
0.000181048
0.000145684
0.000136992
0.000174309
0.000132938
0.00012134
0.000140048
0.000146772
0.000135022
0.000134805
0.000143534
0.000160955
0.000108839
0.000164594
0.0001526
0.000119317
0.000121461
0.00183065
0.00165068
0.00141848
0.00138603
0.00130798
0.00116134
0.00115076
0.00100769
0.000952014
0.000863024
0.000760976
0.000716865
0.000643675
0.000614319
0.000517785
0.000513087
0.000563462
0.000488362
0.000437808
0.000415018
0.000388407
0.000341135
0.00036011
0.000347696
0.000287725
0.000270524
0.000265168
0.000276167
0.000304254
0.000230898
0.000227624
0.00055667
0.00107393
0.00188218
0.00298554
0.00378703
0.00313949
0.000971684
0.000923688
0.000904679
0.00112128
0.00101709
0.000967073
0.000869214
0.000869991
0.000778552
0.000798075
0.00053756
0.000582219
0.000549549
0.000351715
0.000131648
2.12961e-05
8.64163e-05
0.000451776
0.000267115
0.000286848
0.000441439
0.000693321
0.00146898
0.00102288
0.00241383
0.00341381
0.00372579
0.00383755
0.00455346
0.00559756
0.00755058
0.00836092
0.0107442
0.0106435
0.0134486
0.0108286
0.0146306
0.0131649
0.0185218
0.0254368
0.0177799
0.0163784
0.0154116
0.0141295
0.0105509
0.00237521
0.00240256
0.00242561
0.00249092
0.00241901
0.00250236
0.0024387
0.00246149
0.00252153
0.00248392
0.00253739
0.00266834
0.00257053
0.00261549
0.00263855
0.00266094
0.00270795
0.00269142
0.00292752
0.00272197
0.00292995
0.00281875
0.00283332
0.00277007
0.00234463
0.00234832
0.000567664
0.00155444
0.00144088
0.00063242
0.000637454
0.000970473
0.000715194
0.000194715
0.000249776
0.000230346
0.000193659
0.00113434
0.00178286
0.000559935
0.0012821
0.00112923
0.00183101
0.00112185
0.00145165
0.00522685
0.00431387
0.00432478
0.00609838
0.00974047
0.00577493
0.00719415
0.00679504
0.00472134
0.00666702
0.00527131
0.00574218
0.0056931
0.00522836
0.00505999
0.00370118
0.00260946
0.0022343
0.00170869
0.000933099
0.000261833
0.000112601
0.000122543
0.000216342
0.00119698
0.00223184
0.00479673
0.0057122
0.00872928
0.0060172
0.00422108
0.00381034
0.00326263
0.00484694
0.00427191
0.00490374
0.00192968
0.00370269
0.00559305
0.00354518
0.00346031
0.00373296
0.00393931
0.00489118
1.47126e-05
1.66616e-05
1.82425e-05
1.97179e-05
0.000252132
0.00155867
2.28063e-05
0.00272265
0.0019593
0.00193901
0.00155138
0.00119958
0.00114156
0.000752792
0.000387339
0.00024216
0.000177359
0.000129475
4.17069e-05
3.61685e-05
4.0174e-05
2.60016e-05
2.52392e-05
3.26163e-05
4.62652e-05
9.88812e-05
0.000168642
5.77107e-05
0.000157126
0.000210629
0.00014859
0.000122023
0.000102457
0.000169859
0.00015519
0.000219645
0.00247215
0.00125867
0.00112816
0.00183252
0.00112004
0.000720591
0.000713266
0.000260513
0.000380952
0.000166998
5.18969e-05
3.55821e-05
2.21688e-05
2.14534e-05
1.85369e-05
5.69492e-05
2.73171e-05
1.82783e-05
1.93408e-05
3.26173e-05
4.06793e-05
4.14986e-05
7.67453e-05
2.01131e-05
3.05854e-05
4.37222e-05
2.02495e-05
4.28551e-05
4.12764e-05
3.44547e-05
2.73177e-05
3.07612e-05
0.0116512
0.00833987
0.00496615
0.00213556
0.000757762
0.000273395
0.000104429
4.73561e-05
2.962e-05
2.54267e-05
2.40747e-05
0.00831726
0.00754693
0.00659521
0.00560786
0.00464342
0.00374496
0.0028654
0.00198349
0.001315
0.000327245
0.000178348
0.00072757
0.000802935
0.00170649
0.000927506
0.00111858
0.00229744
0.00329353
0.00381269
0.005155
0.00594994
0.00619817
0.00608163
0.00579729
0.00506655
0.00506866
0.00472997
0.00433683
0.00419446
0.00391308
0.00310319
0.00279121
0.00253347
0.0019137
0.00165594
0.00206884
0.00115068
0.00096792
0.000725336
0.000415532
0.000194712
0.00033948
0.000682228
0.000402435
0.000818883
0.00260833
0.00202279
0.00401492
0.0054379
0.00709296
0.00938939
0.00969661
0.00429505
0.0044276
0.00358762
0.00578852
0.00683934
0.00901674
0.00970161
0.0126092
0.00683801
0.00477269
0.00174429
0.00169446
0.00173858
0.00171571
0.00172811
0.00173019
0.00164836
0.00171906
0.00162781
0.0016817
0.00165031
0.00160345
0.00162271
0.00161841
0.00161584
0.00158782
0.00158966
0.00158933
0.00160807
0.00152767
0.00159019
0.00154438
0.00161614
0.00151919
0.00151411
0.00147023
0.00150157
0.000896124
0.00127598
0.000356697
0.000996621
0.000245764
0.000238821
0.000330035
0.000765056
0.000636705
0.00307612
0.00344278
0.00326934
0.00515075
0.00434391
0.00601855
0.00665845
0.0107456
0.0104521
0.00721686
0.0109107
0.0108203
0.00919937
0.0137794
0.0132723
0.00830362
0.00748673
0.0115183
0.0103905
0.00898459
0.00905739
0.0068486
0.00680241
0.00445422
0.00519077
0.00509169
0.00433784
0.00244199
0.00250649
0.00287159
0.00154391
0.00178856
0.00186359
0.00168648
0.00232245
0.00339979
3.95235e-06
4.09044e-06
3.97365e-06
4.12966e-06
4.09424e-06
3.97784e-06
3.4998e-06
0.00035526
0.00422753
0.00312469
0.00483534
0.00402546
0.00338327
0.00304675
0.00251429
0.00207078
0.00143991
0.0010653
0.00463996
0.00359481
0.0024236
0.00186911
0.00151921
0.00105199
0.000914018
0.000653766
0.000431829
0.000242633
0.000242682
0.000161974
9.16436e-05
5.95669e-05
5.43011e-05
5.03343e-05
5.2014e-05
0.00282614
0.00167412
0.00120971
0.000903259
0.000688061
5.76964e-05
6.24875e-05
5.71706e-05
6.29746e-05
7.77453e-05
8.44963e-05
0.000104277
0.000110181
0.000161429
0.000177476
0.000293628
0.000283279
0.000219799
0.00027637
0.000286864
0.000317507
0.000280475
0.000311411
0.000104543
0.0001437
0.000324388
0.000330945
0.000315318
0.000138169
0.000205364
0.000373707
8.84801e-05
9.64515e-05
0.000649236
0.000757602
0.000868428
0.000725414
0.000679056
0.000567718
0.000423349
0.000293749
0.000251338
0.000320435
0.000670457
0.00119201
0.00279609
0.0015873
0.00074622
0.00115743
0.00175048
0.00194763
0.00202708
0.00220949
0.0017611
0.00198934
0.00178082
0.00197826
0.00144454
0.00143016
0.00156113
0.00198814
0.00156123
0.00160713
0.00105656
0.000747858
0.00056108
0.000511836
0.000436662
0.000213112
0.00070617
0.00099145
0.000795307
0.00142857
0.00190103
0.00303359
0.00436208
0.00399626
0.00436854
0.0047923
0.0050895
0.00761598
0.0109129
0.0136348
0.0146071
0.0482533
0.0207665
0.0107982
0.0072876
0.00568585
0.00455294
0.00395892
0.0034951
0.00313384
0.00295595
0.00269981
0.00254855
0.00243282
0.00232037
0.00229416
0.00222932
0.00223419
0.00224181
0.00215277
0.00226668
0.00210358
0.00209244
0.0021176
0.00210568
0.00201678
0.00201293
0.00203375
0.00200853
0.00173516
0.00182629
0.00151131
0.000817355
0.000442582
0.000406735
0.000418339
0.000497083
0.000529964
0.000444771
0.00210586
0.00354613
0.00326729
0.00335661
0.00258108
0.00246054
0.00615691
0.00262013
0.00379421
0.00402032
0.00394968
0.00483168
0.00439548
0.00245456
0.00354382
0.00159757
0.00178094
0.00311179
0.000674192
0.00232842
0.00160112
0.000957138
0.00011103
0.00141632
0.000253528
0.000905008
0.00012538
0.00159674
0.000253667
0.00184806
0.000129698
0.0113903
0.00835682
0.00629178
0.0173308
0.0102584
0.00914631
0.0109817
3.10068e-06
3.1217e-06
3.12215e-06
3.12293e-06
3.1184e-06
3.01192e-06
0.000285522
0.0156136
0.021844
0.0135982
0.00893639
0.00782827
0.00740075
0.0057503
0.00524477
0.00369016
0.00280724
0.00197125
0.00129149
0.000741454
0.000412924
0.000397229
0.00027593
0.000288025
6.87685e-05
6.41734e-05
6.70997e-05
7.32078e-05
8.07131e-05
8.50317e-05
7.20317e-05
8.52147e-05
8.50547e-05
8.85309e-05
0.000121502
0.000117541
9.45595e-05
6.55199e-05
9.76004e-05
0.000717264
0.000480173
0.000246496
0.000164548
0.000102618
6.83297e-05
7.80767e-05
6.25436e-05
6.78814e-05
0.00176442
0.000951855
0.000642596
0.00032571
0.00021286
0.000146552
8.40127e-05
8.72684e-05
7.94462e-05
7.78367e-05
7.63102e-05
7.97929e-05
7.99834e-05
8.91236e-05
9.45883e-05
9.66143e-05
9.19842e-05
9.03853e-05
9.00625e-05
0.00010355
0.000115049
0.000114108
0.00549394
0.00510513
0.00458333
0.00383643
0.00323307
0.00251069
0.00178476
0.00121335
0.000780465
0.000530076
0.000575204
0.000845236
0.000953876
0.00171909
0.00113986
0.00042114
0.000542117
0.00185638
0.00176416
0.00204518
0.00188585
0.0017347
0.0017196
0.00147048
0.00140084
0.00124302
0.00116299
0.00107287
0.00098717
0.00092684
0.000591025
0.000666283
0.000397237
0.000418288
0.000777615
0.000531156
0.000291601
0.000133117
0.000120638
0.000281774
0.000494268
0.000844757
0.00144781
0.00142794
0.00167546
0.00284748
0.00307988
0.00357142
0.00509644
0.00537707
0.00646881
0.00698506
0.00718903
0.00820031
0.00872281
0.0103328
0.0127868
0.0122188
0.00747295
0.00435655
0.00415616
0.00386236
0.00406904
0.0036627
0.0036616
0.00357153
0.00370392
0.00320868
0.00339323
0.00323508
0.00323881
0.00313749
0.00307929
0.00293638
0.00298255
0.00295231
0.00288298
0.00280507
0.00288078
0.00281884
0.0027621
0.0027238
0.00280524
0.00278302
0.00267482
0.00256103
0.00263141
0.00253454
0.00249077
0.00251219
0.00133075
0.00121271
0.000371477
0.000727521
0.000808805
0.000444557
0.000414622
0.000451492
0.000367637
0.00130823
0.000599045
0.00105689
0.00273485
0.00309223
0.00402137
0.00376103
0.00538715
0.00656372
0.00640905
0.00634903
0.0061929
0.00700944
0.0099836
0.00868385
0.0099688
0.0113666
0.0102269
0.00915367
0.00916148
0.0143189
0.0117803
0.00948795
0.00742189
0.0102141
0.00902401
0.00865638
0.00896279
0.0132008
0.00435768
0.00643108
0.00372942
9.91414e-05
3.43364e-06
3.46089e-06
3.51183e-06
3.46029e-06
3.50105e-06
3.56619e-06
0.000764279
0.00170948
8.08323e-05
0.0135897
0.0163287
0.0140207
0.0110106
0.0094312
0.00809401
0.00744439
0.00619065
0.00507039
0.00377034
0.00268085
0.00154226
0.000962457
0.000408685
0.000298477
0.000141634
0.000105275
7.28182e-05
7.36814e-05
6.54926e-05
6.66412e-05
7.15669e-05
7.19271e-05
0.000115972
0.000100457
0.000142148
0.000275986
0.000220406
0.000167182
0.000178559
0.000526296
0.000443291
0.000403846
0.000337712
0.000323252
0.000281333
0.00023685
0.000227931
0.000212414
0.000192392
0.000153312
0.000148509
0.000141412
0.000153268
0.000106707
0.000207949
0.000208142
0.000186757
0.000167458
0.000140681
0.000101802
0.000125646
0.000206714
0.000202107
0.000206742
0.00020237
0.00104108
0.000702485
0.00050132
0.000367719
0.000246886
0.000187484
0.000129294
0.000910872
0.000659261
0.000446434
0.000310616
0.000211993
0.000134394
0.000106076
8.99594e-05
8.02233e-05
0.00334044
0.00306591
0.0027331
0.00219954
0.00127233
0.000769542
0.000468926
0.000454753
0.000796019
0.0015535
0.00253436
0.00290758
0.000981424
0.000578485
0.000836204
0.00144696
0.00127246
0.00153702
0.00130273
0.00130209
0.00130606
0.00112653
0.000809067
0.00102502
0.000748321
0.00062987
0.00032735
0.000278665
0.000229825
0.000140413
1.4054e-05
8.48251e-06
2.62521e-05
4.88668e-05
6.30893e-05
0.00028325
0.000352644
0.0012266
0.00099547
0.00168897
0.00145456
0.00358793
0.00447525
0.00471013
0.00552039
0.00449461
0.00856422
0.00707211
0.0081109
0.0134196
0.0159833
0.0150138
0.0111809
0.00989518
0.0159953
0.0180228
0.0290029
0.0185782
0.0023127
0.00232688
0.00232264
0.00232226
0.00233376
0.00232879
0.00231791
0.00238511
0.00232759
0.00237183
0.00239718
0.00232334
0.00232304
0.00232188
0.00229131
0.00233431
0.00236998
0.00234667
0.00185856
0.000880239
0.00147885
0.000378277
0.000771462
0.000350599
0.000352277
0.000396834
0.000459182
0.000758595
0.000648172
0.000676913
0.00315149
0.00246605
0.00292827
0.0019253
0.00383278
0.00359409
0.00398282
0.00393744
0.00827244
0.00427334
0.0102799
0.00582196
0.00683615
0.00681082
0.00902535
0.00785187
0.00829084
0.00726618
0.00697412
0.00728359
0.0057951
0.00646102
0.00673849
0.00546459
0.00502359
0.00749683
0.0046623
0.00431809
0.0065428
0.00371455
0.00335578
0.00388743
0.00225992
0.00131747
0.00138867
0.000973735
0.00105303
0.000424676
0.000210883
8.69638e-05
5.12132e-05
8.0161e-05
0.000258488
0.000468055
0.00186267
0.00492525
1.09373e-05
1.14674e-05
1.22647e-05
1.30889e-05
1.41804e-05
1.5553e-05
1.70938e-05
1.82067e-05
0.00173538
0.0019639
7.00196e-05
0.000259599
0.00302668
0.00263823
0.00268883
0.00208214
0.0018219
0.00159707
0.000898503
0.000478041
0.000316798
0.000157589
0.00013112
8.90303e-05
7.1056e-05
5.78571e-05
5.20553e-05
6.52787e-05
8.01118e-05
9.54541e-05
0.000101103
8.24685e-05
0.000137508
0.000129784
0.000213389
0.000130091
0.000188895
0.000157142
0.000117909
9.74199e-05
7.08958e-05
0.000170519
0.00253368
0.00248055
0.00175987
0.000824267
0.00225625
0.00155149
0.000800336
0.000608924
0.000333216
0.000135168
9.92193e-05
6.40415e-05
4.53844e-05
4.43206e-05
4.74576e-05
4.90792e-05
5.27143e-05
5.04031e-05
5.49327e-05
5.84015e-05
5.01662e-05
5.81679e-05
5.58945e-05
7.92879e-05
0.000101115
6.66022e-05
5.44377e-05
6.66456e-05
7.1207e-05
5.87524e-05
0.0133746
0.00796982
0.00451087
0.00276739
0.00107862
0.000447047
0.000173801
9.92195e-05
8.53769e-05
7.67361e-05
7.68739e-05
7.24405e-05
0.00896865
0.00793113
0.00698079
0.00602777
0.00493923
0.00406122
0.00308454
0.00218712
0.00104077
0.000722314
0.000389978
0.00041426
0.00178231
0.00243098
0.000615007
0.000839821
0.00147914
0.00164932
0.00192631
0.00185635
0.00184435
0.00162326
0.00147555
0.00132715
0.00124067
0.00111623
0.000856294
0.000648182
0.000574007
0.000335869
0.00024779
0.000416881
0.000218686
9.50413e-05
8.6515e-05
0.000176712
0.000149286
0.000356275
0.000824738
0.00131154
0.0016742
0.00122848
0.00270547
0.00226827
0.00364231
0.00461626
0.00272421
0.00203179
0.00212423
0.00154838
0.00218852
0.0022456
0.00212337
0.00172793
0.00151309
0.00153988
0.00140269
0.00123618
0.0018519
0.00174688
0.00105436
0.00129292
0.00137
0.000918245
0.00113768
0.000897393
0.00115109
0.00114577
0.00144075
0.00111477
0.000914684
0.001008
0.000875442
0.000804219
0.000931636
0.000679974
0.000736815
0.000825303
0.000955729
0.000532902
0.000682098
0.00069416
0.000816269
0.000471223
0.000653737
0.0009166
0.000713984
0.000306836
0.000380126
0.000540485
0.000299674
0.000482631
0.00039295
0.000361401
0.000496605
0.000276499
0.000580888
0.000427761
0.00028322
0.000594637
0.000284694
0.000257431
0.000348658
0.000310112
0.000461436
0.000242375
0.000325018
0.000356965
0.000350712
0.000436529
0.000509409
0.000325707
0.00023431
0.000177571
0.00017261
0.000172292
0.000171848
0.000172486
0.000171936
0.000173542
0.00018878
0.000188448
0.000189509
0.000185518
0.000185931
0.000179773
0.000346667
0.000232608
0.000221297
0.000289367
0.000268168
0.000275095
0.000251582
0.00023647
0.000234045
0.000217362
0.0002109
0.000217084
0.000212966
0.000214143
0.000190876
0.000187974
0.000189898
0.0002075
0.000188973
0.000188756
0.00019795
0.000201198
0.000200764
0.00124044
0.00115924
0.00108726
0.00101137
0.000956959
0.000916892
0.000853322
0.000789285
0.000733468
0.000687978
0.000679831
0.000662708
0.000628138
0.000621189
0.000635859
0.000649721
0.000640063
0.000618535
0.000676694
0.000697581
0.000781989
0.00083846
0.00116519
0.00126256
0.00126366
0.00138363
0.00161153
0.00177742
0.00185907
0.00208855
0.00276054
0.00361367
0.00406194
0.00455742
0.00527607
0.0056221
0.00628021
0.00825949
0.00922249
0.00833248
0.00845558
0.00622827
0.00324345
0.00217725
0.00282972
0.00180991
0.00108325
0.00338513
0.00418379
0.00290875
0.00153294
0.00276726
0.00283108
0.000742893
0.000366327
0.0011069
0.00203112
0.00112176
0.000984763
0.0005286
0.00184861
0.00224951
0.0014592
0.000359636
0.00102454
0.000662042
0.000708159
0.000489017
0.00226515
0.00142825
0.00175959
0.000847738
0.00309862
0.00232254
0.00236044
0.000937713
0.00323225
0.00368892
0.0025491
0.00309504
0.0022511
0.00581962
0.00426811
0.00768077
0.00549753
0.00545383
0.00732149
0.0053072
0.00243134
0.00104225
0.00101917
0.00109125
0.0030642
0.00101965
0.00100347
0.000974858
0.000967146
0.000949301
0.000887677
0.000926052
0.000905788
0.000943617
0.00093745
0.000921023
0.000927135
0.000921719
0.000899501
0.000838485
0.000871717
0.000868168
0.000855728
0.000847628
0.000835306
0.000827124
0.000807321
0.000796333
0.000807259
0.000788643
0.000787076
0.000780413
0.000779209
0.000765573
0.000764106
0.000759197
0.000757285
0.000754748
0.000753485
0.000748492
0.000744054
0.000742383
0.000739198
0.000736413
0.000734357
0.000732244
0.000730204
0.000728766
0.000727149
0.000724131
0.000721816
0.000719864
0.000717925
0.000717994
0.000354499
0.000320442
0.000233807
0.000710207
0.000708478
0.000706658
0.000705042
0.000703506
0.00029157
0.000700368
0.000698274
0.000697355
0.000668114
0.000648207
0.000692458
0.000693156
0.000471647
0.000621651
0.000619769
0.000451782
0.000468872
0.000343871
0.000170297
0.000171099
0.000191568
0.000170869
0.000171605
0.000229622
0.000229544
0.000315307
0.000254512
0.00025476
0.00038874
0.000720165
0.000892756
0.00119052
0.0021439
0.00212661
0.0025524
0.00206752
0.00228677
0.00209218
0.00207438
0.00296638
0.0040016
0.00396019
0.00403329
0.00356437
0.00352795
0.00368744
0.00693577
0.00767453
0.00395525
0.00420547
0.00839506
0.00826913
0.00894063
0.00881369
0.00903788
0.00790517
0.00808535
0.0106479
0.010428
0.0110963
0.00982778
0.0096004
0.0108142
0.00809883
0.0100899
0.0127895
0.0135284
0.0130713
0.0133669
0.0106418
0.010681
0.0123303
0.0124511
0.011863
0.0118127
0.0118429
0.0114067
0.0103883
0.0105773
0.0117093
0.010362
0.00958911
0.00976002
0.00569928
0.00537494
0.00659394
0.00601019
0.00510382
0.00371454
0.00326081
0.00292126
0.00177185
0.00171804
0.000893844
0.000818944
0.000844114
0.000572408
0.000542427
0.00014923
0.000137087
0.000149204
0.000158156
0.000294867
0.000297437
0.000122383
0.000448459
0.000273227
0.000201492
0.000137565
0.000145793
0.000130202
0.000170223
0.000701816
0.000449671
0.000310197
0.000461061
0.000148318
0.0032721
4.77609e-06
4.78018e-06
4.77449e-06
4.78411e-06
4.78409e-06
4.79183e-06
4.81371e-06
4.80601e-06
4.94231e-06
4.92803e-06
5.28595e-06
2.17012e-05
2.16294e-05
2.17325e-05
0.00108305
0.0015221
0.00120025
0.000939866
0.00083633
0.0026404
0.00234408
0.00225317
0.0020339
0.00201798
0.0018296
0.00159579
0.0014208
0.00106373
0.00092383
0.000857593
0.000663467
0.000566098
0.000352809
0.000286767
0.000158466
0.000125854
0.000116313
7.89741e-05
6.62811e-05
6.18634e-05
8.48856e-05
3.83813e-05
3.63464e-05
3.07592e-05
3.30221e-05
3.81897e-05
4.2256e-05
3.34574e-05
3.56516e-05
3.61954e-05
3.89987e-05
4.03346e-05
4.03815e-05
4.25284e-05
4.3924e-05
3.97235e-05
4.04144e-05
4.05167e-05
4.16484e-05
4.09667e-05
4.14078e-05
4.04282e-05
5.16564e-05
4.28673e-05
4.1212e-05
3.72229e-05
3.39906e-05
3.40015e-05
3.23819e-05
4.08645e-05
4.03949e-05
3.38053e-05
3.44682e-05
3.27025e-05
3.05355e-05
4.25505e-05
3.50017e-05
6.20869e-05
6.40231e-05
8.8668e-05
8.33911e-05
5.159e-05
5.25385e-05
5.1635e-05
4.39642e-05
4.25369e-05
5.26615e-05
5.27372e-05
5.43913e-05
5.34734e-05
5.10359e-05
3.1768e-05
3.79027e-05
9.3792e-05
9.33294e-05
6.85139e-05
9.05685e-05
0.000162437
0.000192834
0.000215164
0.000275205
0.000246197
0.000300725
0.000365441
0.000523166
0.000296984
0.000334843
0.000421713
0.000390987
0.000454726
0.000421389
0.000525307
0.000888328
0.000751101
0.000430835
0.000896717
0.00050137
0.00100654
0.000542741
0.0010805
0.000882487
0.000643671
0.00124222
0.00101185
0.000660675
0.000770925
0.000684586
0.000911831
0.000997185
0.0236193
0.0188822
0.0139844
0.00893827
0.00500326
0.00246941
0.00102424
0.000431559
0.000161395
8.04979e-05
5.68659e-05
4.36778e-05
4.3427e-05
4.14169e-05
4.11214e-05
4.19139e-05
4.22648e-05
4.29015e-05
4.35491e-05
4.4101e-05
4.46955e-05
4.42609e-05
4.50852e-05
4.37765e-05
4.41844e-05
0.000215441
0.000156936
8.09534e-05
6.63038e-05
5.6697e-05
5.27643e-05
4.63414e-05
4.74281e-05
4.58862e-05
0.00924084
0.00834758
0.00752036
0.0067799
0.00558793
0.00493804
0.00431229
0.00387674
0.00346124
0.00311448
0.00260041
0.00234676
0.0019826
0.00183053
0.00139282
0.00100632
0.000886673
0.000846274
0.000549033
0.000513159
0.00026348
0.000256901
0.000163716
0.000166871
0.000248632
0.000270807
0.000195462
0.000456812
0.000461972
0.00090625
0.000953121
0.00103394
0.0018788
0.00193844
0.001469
0.00112056
0.00134062
0.000899826
0.000908263
0.000876419
0.000840524
0.000746008
0.00142634
0.00152157
0.00270764
0.00256
0.00232347
0.00295048
0.00280167
0.00327469
0.00379148
0.00322905
0.004101
0.00421211
0.00372118
0.00340227
0.00348361
0.00335783
0.00329542
0.00323203
0.00317096
0.00311887
0.00293259
0.0026516
0.00265358
0.00235696
0.0024157
0.00219462
0.00192797
0.0020491
0.00162377
0.00180495
0.00151026
0.00135764
0.00100251
0.00111929
0.00105773
0.000868794
0.000538425
0.000609322
0.000458678
0.000470824
0.000437462
0.000221802
6.13093e-05
0.000130381
5.06907e-05
7.03013e-05
6.16124e-05
0.000126199
0.0001293
8.75107e-05
0.000123035
0.000120499
0.000153781
0.000229899
0.000398788
0.000470308
0.000301944
0.000375742
0.000649655
0.00110486
0.00104922
0.000826775
0.00114081
0.00106983
0.000719007
0.000843499
0.00173254
0.00132586
0.00209477
0.00160227
0.00234135
0.00166906
0.00174387
0.00320683
0.00284359
0.00208672
0.00294699
0.00212121
0.00213379
0.00313791
0.00455544
0.00259488
0.00219099
0.00283825
0.00582442
0.00312486
0.00331745
0.00228465
0.00248208
0.00370973
0.00269478
0.00614529
0.00448491
0.00652495
0.00491335
0.00482324
0.00220441
0.00613222
0.00439617
0.00643909
0.00486014
0.00251262
0.00168113
0.00275426
0.00175303
0.00173612
0.00185375
0.00180692
0.00182328
0.00165347
0.00166902
0.00187526
0.00185224
0.00181674
0.00178746
0.00178644
0.00177115
0.00185737
0.00183072
0.00177187
0.00176005
0.00173926
0.00172082
0.00170372
0.00169369
0.00172734
0.00169592
0.00164015
0.00165088
0.00159032
0.00157872
0.00163239
0.00162441
0.00162974
0.00160464
0.00162729
0.00158249
0.00155979
0.00156401
0.00154508
0.00153763
0.00154509
0.00154555
0.00152372
0.00152668
0.00156972
0.00157393
0.0015053
0.00148493
0.00149166
0.00147198
0.00145323
0.0014495
0.00152747
0.00151135
0.00140462
0.00138969
0.00139002
0.00144401
0.00142486
0.00142222
0.0013894
0.00138447
0.00138055
0.00136486
0.00122865
0.000375671
0.000285208
0.000496626
0.000493953
0.000435575
0.000310678
0.000310563
0.000232137
0.0002286
0.000561113
0.000739596
0.000885298
0.000286472
0.000285536
0.000312135
0.000972051
0.000958154
0.00114202
0.00127156
0.00174849
0.000489136
0.000485256
0.000607392
0.00136459
0.00134242
0.0016087
0.000902008
0.000889887
0.00129066
0.00356719
0.0038076
0.00328499
0.00321099
0.00429707
0.0040466
0.00406909
0.00420232
0.00380259
0.00642719
0.00696249
0.00717146
0.00691501
0.00697779
0.00642132
0.00616643
0.00479216
0.00785761
0.00744369
0.00706895
0.00528513
0.00597589
0.00565605
0.00556769
0.00556457
0.00756581
0.00704041
0.00713216
0.00526447
0.00486972
0.00419779
0.00451441
0.00395319
0.00363518
0.00384327
0.00422681
0.00538325
0.00499254
0.00308077
0.00300117
0.00162354
0.00149049
0.00141097
0.00192139
0.00182158
0.00271166
0.00265499
0.00192055
0.0017229
0.00179187
0.00108207
0.0007313
0.000419036
0.000283969
0.000164697
0.000120191
0.000106377
9.64313e-05
8.80187e-05
8.33395e-05
8.34267e-05
8.46076e-05
0.000272553
0.000349445
0.000192596
0.000115106
8.75208e-05
8.71181e-05
9.54929e-05
7.62448e-05
0.0001789
0.000188359
0.00020617
0.000902607
0.00116262
7.97862e-05
7.59739e-05
8.68178e-05
0.0002486
0.00435559
0.00369849
3.96687e-06
3.97726e-06
3.98423e-06
3.9847e-06
3.98993e-06
3.99044e-06
3.96022e-06
3.96955e-06
3.97991e-06
4.00046e-06
4.62738e-06
4.63883e-06
4.73332e-06
0.00183468
0.00170154
1.97935e-05
1.588e-05
0.00121621
0.00102836
0.00171535
0.00155878
0.00163144
0.00152146
0.00139078
0.00128252
0.000974015
0.000909589
0.00082729
0.000514485
0.000452475
0.000328434
0.000290478
0.000199273
0.000181113
0.000185879
0.000169467
0.000130887
0.000126586
0.000109549
0.000108348
0.000108559
0.000108902
9.87028e-05
0.000102401
9.4117e-05
9.75693e-05
0.00010519
0.000108037
0.000105101
0.00010725
0.00010693
0.00010943
0.000109807
0.000106406
0.000108454
0.000121473
0.000117631
0.000108007
9.94571e-05
7.09364e-05
0.00204736
0.00162527
0.00124449
0.000959683
0.000786138
0.000599593
0.000706069
0.000536603
0.000473203
0.000353857
0.000312566
0.00028208
0.000209074
0.000154017
0.000117092
0.000142258
7.81352e-05
6.32037e-05
8.74568e-05
7.27843e-05
6.21847e-05
5.78159e-05
7.1537e-05
6.4495e-05
6.11345e-05
6.22626e-05
6.19925e-05
5.73143e-05
6.76084e-05
7.13203e-05
6.09965e-05
6.32989e-05
6.29195e-05
6.96765e-05
0.0052742
0.00433432
0.00241479
0.00181934
0.00148325
0.00103122
0.000767663
0.0010688
0.000773656
0.000633981
0.000759111
0.000537235
0.000441269
0.000305283
0.000259843
6.85603e-05
6.43322e-05
6.76864e-05
6.67125e-05
8.0543e-05
9.08716e-05
0.000139963
0.000104641
0.00010033
9.39984e-05
0.000104032
9.70665e-05
0.000113403
0.000125765
0.000111991
9.61667e-05
0.000104959
6.31666e-05
6.6205e-05
0.000136782
0.000102993
6.76582e-05
6.45458e-05
6.53225e-05
9.62731e-05
0.000105985
9.49113e-05
0.000166824
0.000114522
8.34462e-05
9.24949e-05
7.17178e-05
6.52088e-05
6.58937e-05
6.43665e-05
6.71767e-05
7.45839e-05
6.61396e-05
6.57548e-05
6.46198e-05
0.000576007
0.0015336
0.00109397
0.000850784
0.000135173
0.000312381
0.00269169
0.00188797
0.00141324
0.000935027
0.000623413
0.000483302
0.000328483
0.00021586
0.000161461
0.000180963
0.000134723
0.000123527
0.000127288
0.000108542
8.98356e-05
8.84925e-05
8.7488e-05
8.8517e-05
8.87179e-05
9.03459e-05
9.14096e-05
9.18498e-05
9.83795e-05
9.69169e-05
9.89557e-05
0.000100619
0.00010013
0.000104944
0.000104251
0.000103919
0.000108923
0.000104859
0.000102453
0.000106253
0.000107636
0.000114243
0.000112446
0.000115124
0.000123875
0.000120902
0.00235637
0.00172796
0.00120295
0.00303092
0.00274036
0.00158203
0.00184243
0.00114893
0.00109175
0.000965172
0.000957948
0.00111396
0.000950407
0.00139914
0.00110926
3.49302e-05
4.05323e-05
6.08754e-05
5.23644e-05
4.77871e-05
0.000523131
0.000856839
0.000792107
0.00104156
0.00145275
0.00129256
0.000951805
0.00132068
0.00114344
0.00153213
0.00181492
0.00166661
0.00132995
0.00165756
0.00147431
0.00124872
0.00128281
0.00105828
0.00138108
0.00117447
0.00093177
0.00129909
0.00115659
0.000951176
0.000669566
0.000803517
0.000818608
0.000594856
0.000458251
0.000399106
0.000519852
0.000381954
0.000214108
8.54754e-05
8.69584e-05
0.000112872
0.000206757
0.000125888
0.000196089
0.000271535
0.000322073
0.000357695
0.000227343
0.000327806
0.00280944
0.00275341
0.00262318
0.0025698
0.00236335
0.00220331
0.00222268
0.0022242
0.00210305
0.00214329
0.00216228
0.00207528
0.00213818
0.002125
0.00205764
0.00209841
0.00196981
0.00222568
0.0022641
0.0022041
0.00216271
0.00226169
0.00233784
0.00240595
0.00247127
0.00237039
0.00266238
0.00261853
0.00269237
0.00263226
0.00259304
0.00273942
0.00292143
0.00287834
0.00299998
0.00278879
0.00275375
0.00281814
0.00267563
0.0027524
0.00296818
0.00308992
0.00319937
0.00311705
0.00308083
0.003148
0.00321211
0.00321753
0.00329538
0.00327185
0.0032942
0.00326245
0.00320689
0.00318526
0.00310612
0.00307987
0.00306895
0.00303902
0.00300914
0.00296393
0.00294304
0.00292799
0.00290056
0.00288802
0.00284773
0.00283763
0.00288168
0.00284732
0.00284785
0.00277594
0.00278107
0.00280695
0.00280233
0.00271761
0.0027178
0.00276258
0.00277428
0.00278771
0.00269655
0.0027324
0.00275353
0.00270569
0.00273454
0.00262935
0.00266245
0.00162897
0.00160586
0.0010444
0.000451504
0.000447692
0.000402775
0.00077567
0.00048273
0.000390528
0.00100237
0.000969576
0.00133357
0.000594812
0.00122874
0.00189411
0.0023522
0.00213296
0.00213937
0.00335538
0.00357582
0.00340347
0.00446097
0.00624216
0.00672175
0.00499014
0.00467065
0.00692982
0.00641985
0.00905967
0.0102562
0.00787994
0.00833547
0.00994188
0.00948892
0.011405
0.00989266
0.00977923
0.0102152
0.0095335
0.00801736
0.00725727
0.00610661
0.00681281
0.00587273
0.00609031
0.00552184
0.00525441
0.00420628
0.00856477
0.00729028
0.00338495
0.00297422
0.0044221
0.00388354
0.00621711
0.00646987
0.00766348
0.0106316
0.0102097
0.0103598
0.00481314
0.00458296
0.00421516
5.44647e-05
0.0384313
0.0326798
0.0144637
0.0129184
0.00249215
0.00147176
0.00119348
0.00108565
0.00165214
0.000133239
0.000173894
6.393e-05
3.82233e-05
4.75551e-05
0.000172222
0.000128554
0.000870614
0.000685567
0.000615241
0.000531995
0.000424181
0.000678172
0.000565087
0.000616461
0.000525737
0.000344128
0.000312156
0.000381814
0.000376533
0.000362454
0.000252424
0.000233585
0.000174867
0.000173362
0.000170137
0.000169953
0.000170791
0.000163147
0.000168924
0.00021363
0.000219541
0.000212023
0.000211328
0.000209455
0.000210319
0.000213589
0.00021826
0.00021949
0.000189322
0.000195706
0.000194154
0.000188408
0.000188358
0.000186087
0.000187611
0.000188587
0.000188476
0.00018308
0.000176466
0.000182233
0.000177026
0.000180498
0.000177276
0.000176371
0.000181676
0.000183176
0.000170786
0.000170678
0.000176206
0.000155479
0.000174098
0.000150563
0.000144286
0.000145621
0.000146362
0.000154623
0.000157259
0.000156415
0.000174899
0.000164605
0.000168584
0.000168869
0.000235451
0.000226346
0.000222506
0.000279931
0.000249627
0.000229085
0.000224497
0.000216989
0.000195452
0.000187849
0.000178927
0.000177192
0.000173267
0.000165344
0.000173085
0.000174145
0.000183595
0.000180257
0.000178177
0.000187652
0.000178517
0.000182579
0.00017998
0.000209194
0.000246282
0.000223444
0.00022272
0.000235741
0.000206123
0.00021752
0.000220335
0.000231808
0.000223264
0.000214102
0.00022329
0.000214741
0.000223569
0.000217432
0.000226962
0.000222867
0.000227218
0.000233143
0.000242003
0.000230021
0.000238448
0.000234681
0.000243358
0.000239824
0.000247026
0.00024325
0.000250478
0.000248153
0.000255541
0.000251311
0.00025628
0.000253657
0.00025816
0.000254866
0.000260508
0.000257142
0.000262899
0.000259284
0.000266486
0.00026578
0.000259073
0.000265566
0.000267519
0.00027974
0.000277295
0.000288194
0.000284575
0.000295319
0.000304533
0.000317713
0.000319668
0.000320208
0.000329635
0.000330535
0.000326946
0.000323556
0.000329203
0.000354186
0.000331551
0.000333743
0.000305091
0.0155771
0.0140825
0.0129028
0.0111373
0.00884484
0.0117562
0.00647689
0.00777252
0.00635352
0.00092805
0.000951239
0.00123491
0.00151482
0.00129096
0.00109209
0.00116693
0.00104231
0.00105778
0.00101179
0.000934335
0.000849693
0.000750167
0.000749332
0.000648722
0.000614473
0.00058681
0.000564616
0.000571646
0.000556076
0.000686397
0.000720613
0.00111608
0.00118314
0.000925821
0.00183998
0.00184765
0.00335958
0.00350034
0.00269546
0.00362242
0.00380349
0.00413892
0.00365824
0.00153058
0.00109023
0.000540247
0.000589264
0.000254938
0.000217764
0.000252375
0.000207614
0.000218366
0.000239378
0.000277084
0.000199135
0.000219885
8.77051e-05
8.33681e-05
4.60114e-05
9.47429e-05
5.33931e-05
6.36498e-05
5.74191e-05
3.84677e-05
1.60647e-05
1.44917e-05
1.26594e-05
4.37137e-05
2.82137e-05
7.94306e-05
5.49566e-05
4.00144e-05
1.6984e-05
4.15977e-05
3.67386e-05
9.12544e-05
0.000118406
0.000194413
0.00034266
0.000489305
0.000292737
0.000347228
0.000317191
0.000626134
0.00082047
0.00110531
0.000710408
0.00136631
0.000617628
0.00100196
0.00153145
0.00203806
0.00114593
0.00161471
0.00175716
0.00201901
0.00208217
0.00207204
0.00147052
0.0015704
0.00163089
0.00169185
0.00119084
0.00129879
0.00294442
0.00252401
0.00276105
0.00240432
0.00348353
0.00255943
0.00269408
0.00413976
0.00325656
0.00527949
0.00430373
0.00550105
0.00366223
0.00610601
0.00526934
0.00632404
0.00641473
0.0045452
0.00708415
0.00536758
0.00815924
0.00636092
0.0108465
0.0059045
0.00970437
0.00963182
0.0083999
0.0104769
0.0129759
0.01732
0.0165426
0.0165404
0.0131903
0.0129852
0.00981201
0.00765296
0.0101091
0.0178968
0.0182944
0.0149685
0.00771657
0.0148507
0.00908492
0.0184308
0.0180074
0.00747752
0.00170638
0.00170482
0.00169284
0.00164585
0.00163838
0.00166438
0.00164513
0.00163879
0.00166654
0.00209191
0.00160462
0.0019913
0.00197637
0.00205959
0.00200872
0.00153202
0.0018614
0.0015333
0.00185769
0.00151436
0.00150688
0.00151516
0.00150587
0.00153682
0.00189207
0.00147063
0.00171916
0.00171008
0.00145321
0.00168716
0.00146804
0.00146171
0.00153158
0.00167201
0.00152995
0.00152697
0.00159824
0.00156392
0.00159721
0.0015806
0.00158047
0.00172072
0.00168999
0.00152184
0.00151144
0.00151893
0.00152148
0.00149219
0.00148887
0.00143128
0.00143337
0.00142862
0.00141112
0.00140299
0.00141551
0.00136378
0.00134465
0.0013532
0.00138223
0.00138955
0.00132641
0.00118035
0.000266874
0.000218158
0.000543587
0.000385526
0.000764112
0.000760654
0.000509162
0.000140263
0.00013627
0.000141269
0.000141691
0.000143862
0.000142035
0.000135835
0.000248722
0.000348799
0.000636392
0.00063347
0.000734168
0.000922575
0.000839205
0.00094232
0.00104331
0.00193086
0.00238304
0.00228557
0.00222127
0.00253784
0.00302576
0.00293274
0.00309153
0.00440954
0.00452624
0.00335153
0.00338411
0.00389025
0.00372546
0.00392228
0.00362259
0.00419171
0.00378613
0.00370142
0.00415743
0.00668449
0.00694299
0.00552546
0.00649728
0.00655294
0.00633578
0.00647479
0.00624418
0.00612929
0.00679256
0.0067256
0.0106142
0.0100788
0.00956626
0.00500196
0.00476507
0.00467348
0.0062878
0.00593084
0.00466913
0.00512368
0.00481572
0.00481267
0.00520967
0.00485892
0.00484358
0.00642479
0.00590399
0.00582914
0.00516562
0.00509002
0.00751361
0.00699856
0.00292158
0.00268369
0.00240181
0.00292534
0.00303017
0.00250953
0.00244809
0.00213439
0.00195797
0.00182961
0.00360327
0.00320159
0.00294322
0.0023284
0.00232677
0.00220151
0.00172946
0.00148133
0.00148721
0.00117891
0.00110649
0.00141271
0.00111187
0.000885101
0.000720051
0.000741051
0.00014671
9.94683e-05
0.000112991
0.000210046
0.000145397
0.000220842
2.91548e-05
1.50928e-05
1.87899e-05
1.35967e-05
1.18341e-05
1.77922e-05
1.27927e-05
0.000106247
0.000121951
1.66856e-05
3.07938e-05
1.58714e-05
2.75664e-05
0.000402689
0.000330016
0.000845887
0.000923703
0.000646095
0.000800936
0.000668041
1.36316e-05
1.32965e-05
1.40272e-05
1.42961e-05
1.42657e-05
1.43005e-05
1.47873e-05
1.36365e-05
1.43661e-05
6.56531e-06
6.53873e-06
4.81996e-06
4.87101e-06
4.6895e-06
1.15208e-05
1.12376e-05
3.27503e-06
1.00143e-06
7.66606e-05
6.5363e-05
0.00144015
0.00131331
0.0019122
0.00179429
0.00167096
0.00161256
0.00202925
0.00184904
0.000824338
0.000778982
0.000615156
0.000589009
0.000575773
0.000558629
0.000544924
0.000391394
0.000392669
0.000325332
0.000297489
0.000193626
0.000199177
0.00020013
0.000209737
0.000219607
0.000223667
0.000181033
0.00019018
0.000152967
0.000161136
0.000139968
0.000138484
0.000138723
0.000190335
0.000201107
0.000214938
0.000231115
0.000103186
0.000107208
0.000116199
0.000122921
0.000122441
9.64964e-05
0.000106432
0.000107657
0.000112085
0.000128409
0.000132643
0.000149608
0.000153617
0.000157361
8.4978e-05
8.39099e-05
8.42989e-05
7.65159e-05
8.12999e-05
8.0697e-05
8.20944e-05
8.66178e-05
0.000101328
0.000100541
9.77461e-05
0.000102451
0.000122795
0.000123183
0.000122828
0.000107956
0.000113607
0.000122181
0.000127863
0.000126598
0.000131653
0.000128952
0.000126729
0.000131947
0.000135411
0.000138978
0.000143042
0.000150102
0.000138611
0.000145339
0.000144705
0.000151339
0.000151531
0.00014228
0.000146195
0.00015116
0.000150883
0.000156594
0.000157213
0.000183283
0.0001986
0.000199907
0.000193342
0.000209835
0.000211506
0.000248273
0.000280778
0.000261178
0.000300225
0.000267718
0.000305562
0.000303744
0.000328118
0.000377239
0.000402841
0.000470472
0.000435366
0.000519383
0.000514005
0.000606041
0.000646456
0.0006924
0.000819311
0.000814547
0.00066391
0.000790122
0.000798245
0.000950098
0.000991915
0.00118746
0.00118616
0.0011005
0.00107112
0.000747631
0.000680666
0.000649048
0.000490472
0.000371129
0.000343493
0.000442407
0.000336822
0.000309884
0.00019987
0.000154537
0.00014548
0.000146807
0.000114932
0.000114954
0.000106599
9.29213e-05
9.40095e-05
9.19887e-05
8.65913e-05
8.29784e-05
8.84542e-05
8.69744e-05
9.22888e-05
9.13961e-05
9.02064e-05
9.87495e-05
9.70566e-05
0.000104322
0.000102949
0.000103511
0.000113702
0.000110252
0.000106448
0.000129975
0.000141749
0.000156011
0.000145118
0.000122754
0.00013314
0.000129592
0.000130908
0.000143125
0.000134707
0.000132682
0.000140634
0.000148026
0.000154454
0.000135407
0.0001451
0.000141153
0.000133698
0.000135575
0.000121356
0.0315948
0.0284544
0.0255157
0.0230812
0.0208122
0.0181517
0.0160433
0.0135224
0.0113792
0.0091581
0.00730833
0.00557747
0.00340962
0.00286053
0.00265159
0.00175911
0.00175301
0.00115139
0.00108095
0.000874033
0.000871644
0.000856135
0.00116315
0.000953169
0.00108405
0.00117148
0.00140137
0.000134652
0.000262293
0.000236809
0.000161353
0.000400628
0.00121429
0.00170092
0.00160399
0.000904687
0.00196621
0.00228473
0.00191416
0.00272605
0.00282743
0.00274871
0.00213779
0.00226977
0.00194161
0.0020571
0.00164997
0.00208207
0.00196042
0.00176246
0.00188573
0.00154635
0.00168159
0.00147851
0.00142489
0.00142601
0.00116549
0.000882571
0.00135681
0.00109295
0.000971532
0.000837501
0.000809547
0.000764995
0.000452718
0.000672637
0.000648543
0.000660568
0.000571123
0.000555348
0.000378311
0.000290898
0.000316197
0.000242447
0.000252621
0.000270189
0.000286691
0.000283786
0.000346188
0.000331958
0.00615475
0.00535189
0.00496121
0.00455935
0.00424097
0.00410151
0.00370273
0.00356314
0.00341626
0.00306601
0.00294576
0.00307388
0.0030429
0.00268113
0.00266299
0.00287108
0.00291985
0.00246517
0.0025367
0.00244371
0.00253061
0.00241391
0.00234371
0.00233325
0.00235245
0.00233413
0.00256256
0.00250271
0.00257236
0.00244233
0.00239557
0.00251169
0.00238267
0.00234356
0.00242838
0.00249589
0.00245661
0.00258293
0.00254673
0.00250948
0.00264944
0.00265525
0.00261905
0.00277303
0.00273696
0.00283499
0.00292267
0.00291596
0.00287981
0.00300576
0.00315422
0.00330088
0.00341343
0.00333171
0.00329016
0.00328575
0.00323253
0.00322599
0.00322914
0.00318387
0.00319895
0.00316893
0.00316372
0.0031513
0.0031595
0.00312645
0.00313729
0.0030714
0.00313141
0.00314166
0.00323621
0.00330216
0.00307681
0.00306272
0.00317336
0.003189
0.00265549
0.00195628
0.000811915
0.00186974
0.00129591
0.000434595
0.00049712
0.000543383
0.000762585
0.00165153
0.00245143
0.00165876
0.00209756
0.00260011
0.00359379
0.00349836
0.00333222
0.00449318
0.00534387
0.00692898
0.0048481
0.00455421
0.00621049
0.00493574
0.00653893
0.00745214
0.00783513
0.00769047
0.008578
0.0103208
0.00983594
0.00933866
0.00880618
0.00944331
0.00870226
0.00817599
0.00834599
0.0089166
0.00717631
0.00742504
0.0066305
0.00567553
0.00595228
0.00673278
0.00476782
0.00656697
0.00566809
0.00482193
0.00542126
0.00711154
0.00626658
0.00566585
0.00418229
0.00467766
0.00514531
0.00498911
0.00353064
0.00326231
0.00421371
0.00613728
0.00647984
0.0114713
0.0107393
0.0109884
0.00336977
0.00324295
0.00359506
0.00213171
0.00867581
0.00743054
0.0204068
0.0170356
0.00443189
0.000226504
0.00189935
0.00157484
0.000126643
0.000150003
0.00013881
0.000263698
0.000297624
0.000154936
0.000182286
0.000102058
0.00061656
0.000504529
0.00113565
0.000969965
0.00116425
0.00100708
0.000948451
0.000844209
0.000627676
0.000571057
0.000535959
0.000486633
0.000313479
0.00027242
0.000279451
0.000290246
0.000288241
0.000296324
0.000310512
0.000359823
0.000361894
0.000325263
0.000336356
0.000370706
0.000374969
0.000377521
0.000360162
0.000369762
0.000366292
0.000345008
0.00035659
0.000343803
0.000355463
0.000342768
0.000355011
0.000350517
0.000359168
0.000346975
0.000336744
0.000333902
0.000336338
0.000338881
0.000324194
0.000324221
0.000308863
0.000312733
0.00029301
0.000290572
0.00029244
0.000288166
0.00027413
0.000310435
0.000314835
0.000300434
0.000298711
0.000285538
0.000289597
0.000281308
0.000280596
0.000282715
0.000296126
0.000294949
0.000291832
0.000259266
0.000259096
0.000262008
0.000262843
0.000273886
0.000265434
0.000297437
0.000369887
0.000375487
0.000330476
0.000342256
0.000571797
0.000578952
0.00039222
0.00051814
0.000450152
0.000592875
0.000391779
0.000450497
0.000434641
0.000445843
0.000458814
0.000536484
0.000525084
0.000635815
0.000604035
0.000547473
0.000752338
0.000748523
0.000922156
0.000845907
0.000680321
0.000789294
0.000714884
0.000686755
0.00125569
0.00112897
0.000706893
0.000890481
0.000786168
0.00104351
0.0012161
0.00104232
0.00124712
0.00123749
0.00155247
0.00133422
0.00127363
0.00148848
0.0012873
0.00110586
0.00208249
0.00172441
0.00106452
0.00209474
0.00170161
0.00086871
0.00112796
0.00098726
0.037508
0.0233228
0.0139713
0.00762138
0.00356018
0.00167603
0.000932257
0.000556221
0.000434764
0.000391814
0.000352407
0.000351989
0.000355512
0.000400588
0.000388189
0.0003623
0.000362121
0.000364774
0.00035418
0.000352829
0.000349312
0.000375221
0.000374742
0.000391617
0.000388813
0.000388527
0.000543379
0.000471718
0.000495313
0.000422665
0.000385796
0.000378532
0.000373089
0.000372695
0.000366608
0.000362665
0.000362798
0.000369552
0.000396451
0.000393265
0.000395096
0.000394015
0.000398224
0.000377744
0.000377664
0.000381177
0.0138433
0.0126569
0.01124
0.00977668
0.00906135
0.00797817
0.00705562
0.00642103
0.00570811
0.00524942
0.0045817
0.00431907
0.00368851
0.00323209
0.00263547
0.00235124
0.00190848
0.00172042
0.00159611
0.00126348
0.0011704
0.00110901
0.0008857
0.000861957
0.000853853
0.000878092
0.000827848
0.00089868
0.000887584
0.00130104
0.00140531
0.00126434
0.00212774
0.00204042
0.00294868
0.00313743
0.00191729
0.00207701
0.000774705
0.000821302
0.000831179
0.000226357
0.000222229
0.000194688
0.000167713
0.000160522
0.000168199
0.000152645
0.00016618
0.000198366
0.000130931
0.000183434
0.000206601
0.000163884
9.86392e-05
0.00010009
9.97865e-05
6.87442e-05
1.81696e-05
1.82599e-05
5.98536e-06
5.31745e-05
3.13438e-05
7.10241e-06
5.1691e-05
1.03769e-05
7.83697e-07
1.40435e-05
2.17817e-05
5.54773e-05
2.71087e-05
6.04566e-05
7.40217e-05
8.64529e-05
8.58155e-05
0.000108091
8.43262e-05
0.000218388
0.000388696
0.000192106
0.000139829
0.000212536
0.000312847
0.000278259
0.000304992
0.000487248
0.000310286
0.000630996
0.000525263
0.000628402
0.000703834
0.000974437
0.00136585
0.00127381
0.00186054
0.00197864
0.00168364
0.00287905
0.00221727
0.00282811
0.00318648
0.00359104
0.00293306
0.00347849
0.00272176
0.00377664
0.0029425
0.00470293
0.00322377
0.00547572
0.00358618
0.0052552
0.00324006
0.00460694
0.00455773
0.00398523
0.00380744
0.00283403
0.0038235
0.00380719
0.00281669
0.00348482
0.00258219
0.0037476
0.00276073
0.00370671
0.00269666
0.00285629
0.00432888
0.0034993
0.00478933
0.00377616
0.00486182
0.00358018
0.00375138
0.00590481
0.00450067
0.00459825
0.00668352
0.00521229
0.0047752
0.00446005
0.00630279
0.00398573
0.00387254
0.00362651
0.00355834
0.0033663
0.00348497
0.00328302
0.00322447
0.00297942
0.00294996
0.0031452
0.00301811
0.00301218
0.00291364
0.00281946
0.00281039
0.00266085
0.00271238
0.0026976
0.00263233
0.00261353
0.00260234
0.00256965
0.00249175
0.00244538
0.00243447
0.00243107
0.00240318
0.00243418
0.00238721
0.002376
0.00240557
0.00235797
0.00234459
0.00221959
0.00220541
0.00220983
0.00234291
0.00229595
0.00228241
0.00222669
0.00220325
0.00214488
0.00215792
0.00216328
0.00216659
0.00207579
0.00204927
0.00204443
0.00211421
0.00211911
0.00211847
0.00215608
0.00214236
0.00205458
0.00204256
0.002033
0.0020125
0.00199829
0.00197713
0.000924858
0.000709488
0.00104318
0.000868903
0.000642734
0.000479137
0.000591134
0.000480431
0.000407255
0.00058571
0.000651677
0.000313177
0.000310194
0.00035579
0.000417729
0.000411631
0.000672551
0.000631041
0.00101955
0.00131575
0.00143999
0.00118125
0.00210602
0.0023362
0.0019435
0.00213988
0.00215055
0.00269588
0.00259891
0.00347296
0.00328737
0.00362434
0.00332695
0.00318131
0.00339726
0.00517374
0.00517732
0.00468831
0.00508559
0.0053985
0.00505619
0.00476884
0.00475751
0.00497084
0.00460376
0.00443369
0.00523549
0.00474407
0.00394546
0.00287054
0.006074
0.00375988
0.00355302
0.00426348
0.00380815
0.00388057
0.00223194
0.00200527
0.00181117
0.00263588
0.00233822
0.00228364
0.00268556
0.00195406
0.00178344
0.00165185
0.000869986
0.00100236
0.00112686
0.00118117
0.0017018
0.00143097
0.000795568
0.000908896
0.000309986
0.000304281
0.000331641
9.50181e-05
0.000641089
0.00233427
0.00253545
0.00078329
0.000910423
0.000690815
0.000613422
0.000398135
0.000153979
0.000122672
8.81537e-05
0.00034509
0.000206819
8.97861e-05
0.000116445
8.31571e-05
8.75717e-05
7.85731e-05
8.536e-05
9.20233e-05
0.000189143
0.000256059
8.05857e-05
0.00374798
0.00309178
4.02162e-06
4.02657e-06
4.03928e-06
4.00531e-06
3.99004e-06
3.99176e-06
3.99701e-06
4.00445e-06
4.51258e-06
4.33882e-06
4.71465e-06
4.69115e-06
4.81396e-06
0.00023081
0.000253927
0.000501586
0.00050706
0.00043931
0.000654841
0.000580367
0.00103823
0.00084079
0.00077279
0.00046526
0.000416735
0.000401774
0.000396067
0.000207723
0.000194917
0.000105239
0.000110749
0.000109579
0.000104998
0.000110414
0.000111235
0.000115865
0.000120898
0.000119564
0.000129088
0.000135464
0.000167261
0.000169359
0.000189677
0.000187499
0.000156513
0.000155247
0.000242684
0.000194088
0.000187651
0.000190017
0.000184833
0.000170971
0.000146167
0.000166788
0.000161289
0.000151716
0.000145689
0.000141764
0.000178374
0.000168207
0.000156736
0.000124987
0.00204669
0.00165389
0.00152771
0.0012095
0.000901328
0.000687421
0.000517541
0.000458698
0.000389177
0.000289872
0.000303563
0.000223982
0.000207276
0.000188245
0.00014408
0.000134274
0.000107295
0.000109658
8.88401e-05
8.53435e-05
9.82292e-05
8.1745e-05
8.27477e-05
6.3095e-05
6.68393e-05
6.62682e-05
6.10889e-05
6.64486e-05
6.4713e-05
6.52974e-05
6.53432e-05
6.69208e-05
7.01659e-05
0.00011859
0.000131373
0.000116921
9.33156e-05
8.09623e-05
8.63937e-05
8.09517e-05
7.6023e-05
7.0956e-05
0.00543688
0.00368622
0.00284527
0.00214834
0.00175199
0.00108347
0.000790436
0.000368851
0.000257206
0.000260035
0.000362012
0.000263814
0.000565084
0.000401639
0.00033275
8.35462e-05
7.38025e-05
7.37603e-05
0.000218843
0.00024566
0.000178731
7.56712e-05
6.8443e-05
6.83023e-05
7.66673e-05
0.000165703
0.000171504
0.000181707
0.000187788
0.000240484
0.000237522
8.10205e-05
7.18642e-05
7.23942e-05
6.83369e-05
6.87708e-05
6.95635e-05
8.26476e-05
7.30847e-05
7.41453e-05
7.03267e-05
7.03219e-05
7.30144e-05
7.23e-05
8.13042e-05
0.000381208
0.000320302
7.97205e-05
7.76484e-05
0.00121013
0.000881806
0.00187343
0.002074
0.00167748
0.00117832
0.000778201
0.000520466
0.000403797
0.000384273
0.00026863
0.000170157
0.000128991
0.000122793
0.000114947
0.00010097
0.000114013
0.000105302
8.96429e-05
8.97289e-05
9.02707e-05
9.17101e-05
9.37883e-05
9.67354e-05
9.5932e-05
9.55631e-05
9.86771e-05
0.000104248
0.000104788
0.000105442
0.000114132
0.000112582
0.000104395
0.000107472
0.000113351
0.000116345
0.000114084
0.000115174
0.000120213
0.000120282
0.00012697
0.000119578
0.000831386
0.000670194
0.00111259
0.00285041
0.00187405
0.00160785
0.00147574
0.00100428
0.000922993
0.000963807
0.00101737
0.000927036
0.00132912
0.000849787
0.000939478
0.000112585
9.51554e-05
0.000361985
0.000308366
0.000293703
0.00046736
0.000783559
0.00113117
0.0010346
0.000828354
0.00106105
0.00109404
0.000771537
0.00121564
0.000945976
0.000823109
0.00102189
0.000845188
0.000713535
0.00104822
0.000844591
0.000650802
0.000716783
0.000667408
0.000525715
0.000549352
0.000646289
0.000452483
0.00038305
0.000310506
0.000262892
0.000381015
0.000277563
0.0002117
6.03743e-05
6.02808e-05
9.52205e-05
0.000115111
0.000110749
0.000127619
0.000186742
0.00013184
0.000159057
0.000209798
0.000419565
0.000273291
0.000357627
0.000292294
0.000472615
0.000668449
0.000608965
0.00349053
0.00320331
0.00332697
0.00271931
0.00263968
0.00246866
0.00245875
0.00249767
0.00234759
0.00235211
0.00254414
0.00252158
0.00223441
0.0022752
0.00221169
0.00214028
0.00220156
0.0021407
0.0022924
0.00235113
0.00230813
0.00241696
0.00216718
0.00212654
0.00223575
0.00238897
0.0025412
0.00241817
0.00249257
0.0025986
0.00255901
0.00288888
0.00302823
0.00281365
0.00277792
0.0029269
0.00289213
0.00295296
0.0028864
0.00294057
0.00308044
0.00304156
0.00314259
0.00314433
0.00321547
0.003099
0.0030642
0.00309735
0.00320532
0.00330599
0.00325842
0.00323453
0.00312415
0.00309788
0.00306637
0.00312924
0.00309084
0.00303819
0.00299835
0.00297005
0.00288092
0.00286847
0.00283924
0.00288769
0.00283797
0.00283278
0.00277773
0.00274905
0.00275519
0.00275468
0.00272514
0.00274218
0.00269909
0.00271324
0.00274914
0.0027655
0.00268669
0.00270258
0.00272526
0.0027925
0.00271483
0.00276278
0.00271089
0.00179802
0.00210221
0.00116021
0.00164982
0.00100947
0.000535865
0.000426124
0.000689783
0.000370227
0.00089083
0.000643678
0.000847571
0.00183106
0.00174647
0.00227206
0.0013503
0.00129302
0.00200448
0.00382313
0.00361419
0.00451431
0.00333771
0.00576491
0.0057642
0.00541847
0.00665195
0.0061123
0.00762993
0.00680265
0.00613264
0.00635345
0.0061681
0.00686974
0.00763344
0.00659673
0.00678282
0.00540241
0.00461966
0.00426
0.00487108
0.00518006
0.00458843
0.00382636
0.00331305
0.00348022
0.00326619
0.00329347
0.005429
0.00454493
0.00247457
0.0024454
0.00244632
0.00234762
0.00203985
0.00224995
0.00383437
0.00334804
0.00338342
0.00370534
0.00346002
0.00265288
0.00261472
0.00349206
0.00316506
0.00223072
0.00698664
0.00640371
0.00748089
0.0122535
0.0132733
0.00460921
0.00452597
0.00597664
0.00557943
0.00137602
0.000406452
0.000411174
0.0250292
0.0380332
0.00525389
0.000589689
0.000255893
0.000182901
0.000162496
0.000462088
0.000152931
0.000399553
0.000383432
2.32135e-05
3.65473e-05
0.000451759
0.00031623
0.00028529
0.00113764
0.000882362
0.000802678
0.00206909
0.00173453
0.00157019
0.00204482
0.00181122
0.00168208
0.00199952
0.00178577
0.00169631
0.0012737
0.00112075
0.000897579
0.00082258
0.000659711
0.000632322
0.000529879
0.000512331
0.0003475
0.000328477
0.000327281
0.000352267
0.000340761
0.000341291
0.00030903
0.000306649
0.00030821
0.000272331
0.000274653
0.000277182
0.000270724
0.000282935
0.000269065
0.000266972
0.000277561
0.000263529
0.000300535
0.000296435
0.000278329
0.000248532
0.00023435
0.000227633
0.00023028
0.000219223
0.00021569
0.000227052
0.000225297
0.000226952
0.000209118
0.000209434
0.000208537
0.000257108
0.000265055
0.000227179
0.000229896
0.000209731
0.000198132
0.000198852
0.000214913
0.000217569
0.000219294
0.000220623
0.000220846
0.000205516
0.000221949
0.000220792
0.000222928
0.000228566
0.000189139
0.000188269
0.000189931
0.00019543
0.000211037
0.000229982
0.000229974
0.000199666
0.000206985
0.000207819
0.000193359
0.000188609
0.00018873
0.000221219
0.000216306
0.000197432
0.000197841
0.000198359
0.000216008
0.000218004
0.000190959
0.000198356
0.000196807
0.000218672
0.000219162
0.000214607
0.000223842
0.000232329
0.000242771
0.000262001
0.000278136
0.00026641
0.000223053
0.000231405
0.000242283
0.000229988
0.000241999
0.000231651
0.000242179
0.000237664
0.000234595
0.000244783
0.000240247
0.000250409
0.000242468
0.00025372
0.000247617
0.000257529
0.000253549
0.000251875
0.000260981
0.000256831
0.000265513
0.000262802
0.000256763
0.000266503
0.000266414
0.00027341
0.000265025
0.000274285
0.000269627
0.000280744
0.00028563
0.000272252
0.000278444
0.000273981
0.000282025
0.00027885
0.000275436
0.00028352
0.000293125
0.000290432
0.000297364
0.000303291
0.00031281
0.000314586
0.00030356
0.000311245
0.000322418
0.000320507
0.000334164
0.000335462
0.000353043
0.000375488
0.000401638
0.000370095
0.000370152
0.00037583
0.000391368
0.000376837
0.000390806
0.000251443
0.000351551
0.0168459
0.0144956
0.0137844
0.0110738
0.0104783
0.0121227
0.00988247
0.00832739
0.000667198
0.000963736
0.000869004
0.00111759
0.00097012
0.000869089
0.00103268
0.000926397
0.000883532
0.000937665
0.000821065
0.000784644
0.000699487
0.000676055
0.000633094
0.000632642
0.000597865
0.000586463
0.000634308
0.000811788
0.000845311
0.00078757
0.00132124
0.00135568
0.00225312
0.0019311
0.00235145
0.00312119
0.0036016
0.00381334
0.00456527
0.00341218
0.00395085
0.00145127
0.00152168
0.00190962
0.000425805
0.000275286
0.00030081
0.000185359
0.000192318
0.000168007
0.000163506
0.000124478
0.000135075
0.000112571
0.000103008
7.90286e-05
9.17511e-05
8.15387e-05
6.63403e-05
3.81951e-05
3.68797e-05
2.44539e-05
2.78363e-05
1.24647e-05
1.52475e-05
1.43579e-05
9.60579e-06
4.39443e-05
1.05073e-05
4.86772e-06
3.53823e-05
1.76401e-05
4.1242e-05
3.46431e-05
8.28192e-05
0.000208717
0.000121312
0.00018334
0.00022403
0.000218922
0.000392167
0.00029093
0.000277455
0.000557755
0.00104647
0.00078732
0.000963793
0.00134802
0.00147165
0.000898473
0.00127599
0.00120447
0.00229089
0.00162788
0.00312582
0.00171177
0.00234324
0.00259965
0.0027305
0.00197938
0.00207635
0.00338709
0.00270249
0.00290781
0.00229986
0.00398669
0.00325915
0.00338822
0.00554085
0.00413315
0.00438079
0.00499079
0.00411221
0.00539248
0.00430687
0.00759774
0.00776298
0.00528464
0.00731745
0.00593015
0.00830432
0.0059971
0.0105495
0.0067359
0.0109307
0.0105885
0.00792389
0.00650605
0.00900666
0.0069651
0.00842972
0.00665275
0.0114347
0.00878642
0.00852287
0.00952081
0.0073577
0.00730276
0.0129218
0.0100083
0.00999568
0.00600245
0.0116035
0.0112172
0.00866437
0.00829736
0.0106535
0.00831749
0.00533134
0.0129017
0.0100179
0.00973797
0.0074687
0.00222227
0.00216196
0.00183904
0.00248996
0.0064984
0.00178802
0.00188565
0.00186688
0.00187676
0.00185589
0.00168392
0.00167755
0.00170382
0.00167818
0.00167025
0.00164125
0.00211816
0.00224374
0.00216632
0.00162595
0.00161512
0.00155372
0.00187753
0.00200003
0.00193606
0.00193516
0.00175868
0.00181957
0.00181053
0.00181359
0.00176644
0.00175217
0.00165843
0.00162437
0.00162446
0.00173787
0.00171235
0.00161788
0.001629
0.00179215
0.00177377
0.00157855
0.00157299
0.0015948
0.0016116
0.00157288
0.00155086
0.00152022
0.00153381
0.0015397
0.00150612
0.00127484
0.00148337
0.00145663
0.00140409
0.000991045
0.000973618
0.000835236
0.00102093
0.00102086
0.00062458
0.000382532
0.000383031
0.000284377
0.00016948
0.000126694
0.000244008
0.00024298
0.000162321
0.000128462
0.000130391
0.000125674
0.000522001
0.000623447
0.000641674
0.000612163
0.000611171
0.000253127
0.000410598
0.000751099
0.000700581
0.00151602
0.00180503
0.00187598
0.00204265
0.00330798
0.00324931
0.00346882
0.00500701
0.00542265
0.00329535
0.0034233
0.00328275
0.00316628
0.00357801
0.00559835
0.00520042
0.00564185
0.00790711
0.00828262
0.00858395
0.00829569
0.00848734
0.00845819
0.00784241
0.00784052
0.0093815
0.00941043
0.00796726
0.00747266
0.00668764
0.00635451
0.00647657
0.00834216
0.00502616
0.00910484
0.00924794
0.00924267
0.00883371
0.00744779
0.00774819
0.00671132
0.00640277
0.00429026
0.00396963
0.00808296
0.007372
0.00697851
0.00529772
0.00516891
0.00447414
0.0039987
0.00380868
0.00201353
0.00176345
0.00168543
0.00232382
0.00212363
0.00204186
0.00170718
0.00170912
0.0013119
0.00108578
0.00100956
0.00061379
0.000465438
0.000848496
0.00066981
0.000728533
0.000240898
0.000176372
0.000258122
0.000201082
1.61764e-05
9.72516e-06
5.99346e-05
0.000102454
7.68684e-05
1.12082e-05
1.95085e-05
0.000208668
0.000192702
0.000314126
0.00042539
0.000303375
0.000138844
0.000221635
0.00015993
7.44934e-05
5.98896e-05
0.0001044
0.000176311
0.0030221
0.00306531
0.00337262
1.15762e-05
1.15107e-05
1.20772e-05
1.20813e-05
1.23735e-05
1.31778e-05
1.31825e-05
1.32302e-05
1.2088e-05
1.23061e-05
6.0863e-06
6.07339e-06
1.08865e-05
5.72755e-06
5.64052e-06
5.60623e-06
