0.00289948
0.00253975
0.00218282
0.00185871
0.00155306
0.00130604
0.00110085
0.000959754
9.66332e-05
0.000136573
0.000164327
0.000141984
0.00017032
0.000162359
0.000162472
0.000157827
0.000148345
0.0001426
0.000135825
0.000137736
0.000180687
0.000279583
0.000441566
0.000662789
0.000976264
0.00127048
0.00174152
0.00264603
0.00334141
0.00193036
0.00151789
0.000533052
0.000329205
8.75449e-05
0.000101746
8.77698e-05
3.20903e-05
1.59783e-05
5.30804e-06
3.01863e-05
0.000158778
0.000265885
0.000238187
0.000218842
0.000426273
0.00052903
0.000484472
0.000504343
0.000675756
0.00130643
0.00160382
0.00199018
0.00203273
0.00158346
0.00209533
0.00203496
0.00263887
0.00183818
0.00247717
0.00299804
0.00250199
0.00284831
0.00337861
0.00332371
0.00264999
0.0042284
0.00354626
0.00270128
0.00637021
0.00577689
0.0057708
0.0039839
0.0046327
0.00522182
0.00600847
0.00730772
0.0076988
0.00987615
0.0115258
0.00770671
0.00674251
0.0133518
0.0170211
0.00144798
0.00147367
0.00149826
0.00149032
0.00150349
0.00155213
0.00141904
0.00148288
0.00149049
0.00152236
0.00151798
0.00148737
0.00163234
0.00144354
0.00148473
0.00150776
0.00117403
0.00152189
0.000457379
0.000454408
0.00115061
0.000371244
0.000323618
0.000257028
0.000524126
0.000347976
0.00024975
0.000904697
0.000239204
0.000901011
0.0013161
0.00227929
0.00178801
0.00240194
0.00266385
0.00449371
0.00318585
0.00336967
0.00686603
0.0032579
0.00503678
0.00344512
0.00502925
0.00524803
0.00385654
0.00525518
0.00459817
0.00481778
0.00437473
0.0050132
0.00455421
0.00345692
0.00398307
0.00377847
0.00362046
0.00363151
0.0048332
0.00365164
0.00318977
0.00302062
0.00224521
0.00103835
0.00105091
0.000129056
9.71026e-06
9.76967e-06
3.59302e-06
0.000306186
0.000672488
0.000447532
0.000876908
0.00120691
0.00104365
0.00305534
0.00059431
0.00138656
0.000197992
0.000786072
5.10735e-05
5.20156e-05
5.43035e-05
5.53791e-05
7.58837e-05
0.000267261
0.000848594
0.00244828
0.00427228
0.00415754
0.00110377
0.00530649
0.0102773
0.00759426
0.00347448
0.00314031
0.00692283
0.0074727
0.00755535
0.00611019
0.00431363
0.00332621
0.000979029
0.00043615
0.00068618
0.0018548
0.00567252
0.00856826
0.012468
0.00776707
0.00716268
0.00632905
0.00088639
0.000698939
0.000473116
0.000326326
0.000234438
0.000253522
0.000333755
0.00041868
0.000150204
2.1563e-06
1.46286e-06
5.35504e-06
1.14811e-06
1.48678e-05
1.57307e-05
1.66519e-05
3.45572e-05
6.18767e-06
9.76428e-06
1.10554e-05
6.66214e-06
3.19571e-06
3.85389e-06
2.57932e-06
3.48204e-06
2.16555e-06
1.03643e-05
1.43114e-05
2.83243e-06
2.42984e-06
7.01342e-06
2.63489e-06
5.17702e-06
0.000140522
0.000226908
0.00279639
0.00186461
0.0012618
0.000938591
0.000623618
0.00041328
0.000246567
0.000173037
9.71666e-05
8.71953e-05
3.93081e-05
0.00139908
0.00143679
0.0014408
0.00131667
0.00116202
0.00119928
0.00106069
0.000963356
0.000846415
0.000659777
0.000482855
0.000263271
8.31537e-05
2.33798e-05
6.77657e-05
0.000383211
0.000612854
0.000950943
0.00298512
0.00611587
0.00841495
0.0084518
0.00872002
0.00712561
0.00575802
0.00415996
0.00233304
0.00180222
0.00134992
0.000281677
0.000308719
0.000218986
5.86107e-05
7.3809e-05
6.5477e-05
5.00763e-05
3.82282e-05
8.15753e-05
0.000132805
6.25499e-05
0.000112691
0.000110751
0.000168669
0.000387513
0.000260649
0.000396664
0.00053905
0.000939931
0.00111854
0.00130206
0.0020106
0.00194863
0.00263049
0.00278963
0.0050325
0.00508088
0.00588034
0.00567136
0.00996145
0.00911553
0.0120293
0.0142076
0.00829113
0.00935835
0.0116749
0.0114107
0.0142186
0.0222773
0.0218711
0.0160345
0.0180831
0.0147452
0.0140095
0.0121579
0.00165823
0.00166248
0.0120687
0.00193062
0.00158021
0.00136137
0.00139225
0.00139277
0.00150588
0.00155797
0.00196239
0.00148247
0.00185187
0.00171282
0.00106874
0.000148426
7.55163e-05
0.000381591
7.26474e-05
0.000289437
0.0007089
0.000861813
0.000536954
0.000878731
0.00143333
0.00135549
0.00202496
0.0025255
0.00257917
0.00238952
0.00240307
0.00202749
0.00362361
0.00357275
0.00340938
0.00387439
0.00344039
0.00337083
0.00377296
0.00351381
0.00372584
0.00238087
0.00383346
0.0021705
0.00219268
0.00351843
0.00204454
0.00322184
0.00240988
0.00353611
0.00228898
0.0024518
0.00250769
0.00218119
0.000712028
0.00130399
0.00100844
0.000735123
0.000626322
0.000159097
1.11764e-05
2.40047e-06
2.35219e-06
5.65565e-06
9.43313e-05
8.61086e-05
5.1926e-05
0.000844016
1.13494e-05
0.000134322
0.000136238
0.00104798
4.84651e-05
4.89424e-05
4.95827e-05
4.97117e-05
4.98178e-05
4.79813e-05
3.7809e-05
3.96948e-05
0.000103852
0.000522896
0.00132265
0.000147008
0.00224892
0.000319912
0.000239935
0.000203149
0.00215682
0.00177952
0.00118452
0.000809926
0.000447323
0.000199909
0.000157046
4.0116e-05
4.51266e-05
1.71781e-05
2.34616e-06
6.33875e-06
2.03299e-05
2.42161e-06
2.27634e-06
3.82986e-06
3.033e-06
4.37955e-06
2.44096e-05
6.19889e-06
1.46514e-05
3.54739e-06
6.25564e-06
2.6822e-05
3.41194e-05
1.24944e-05
3.40042e-05
8.24119e-05
5.2799e-05
0.00110543
0.000638649
0.00169655
0.00113788
0.000862455
0.000645763
0.000324206
0.000587844
0.000863484
0.000950574
0.000478298
0.000302674
0.000311545
8.69811e-05
0.000198785
8.46512e-05
2.65791e-05
4.12483e-05
2.6187e-05
8.51737e-06
3.31442e-06
3.87494e-06
3.73692e-06
8.3052e-06
5.77531e-06
4.87389e-06
3.83017e-06
4.8118e-06
7.62888e-06
5.22178e-06
7.07017e-06
6.32733e-06
4.2968e-06
0.00198729
0.000950646
0.000432143
0.000200949
7.36016e-05
3.40314e-05
3.05161e-05
5.91279e-06
0.00345799
0.00320211
0.00296479
0.00272385
0.00239729
0.00203766
0.0017968
0.00108665
0.000873011
0.000547479
0.000255777
6.92169e-05
3.23688e-05
0.000145228
0.00044208
0.00077347
0.00278358
0.00574436
0.00927958
0.0092598
0.0101222
0.00955778
0.00776324
0.00627893
0.00480536
0.00382517
0.00276069
0.00165998
0.00136409
0.00118018
0.000430501
0.000475947
0.000319114
0.000287757
0.000229467
0.000201102
0.000154816
0.000138166
0.000133347
0.000146515
0.000304614
0.000216375
0.000397626
0.000717269
0.000742582
0.00134407
0.00132314
0.00158112
0.00173405
0.00198667
0.00227611
0.00285417
0.00328232
0.00323674
0.00408838
0.00589918
0.00542158
0.00482017
0.00574489
0.00689239
0.00854359
0.0121855
0.0115756
0.00876017
0.00890712
0.00713213
0.0060498
0.00504521
0.00854588
0.00137896
0.00498744
0.00558756
0.00126319
0.00125095
0.00130471
0.00133152
0.00135615
0.00139487
0.00130728
0.00145778
0.00132352
0.00135321
0.00123607
0.00134442
0.00130436
0.0014346
0.00132325
0.0012989
0.00136754
0.00142836
0.00143984
0.00132752
0.00129088
0.00101071
0.00129563
0.000749951
0.000394188
0.000726748
0.000148906
0.000488176
0.000314402
0.00014366
0.000247989
0.000350108
0.000186755
0.000272042
0.000375443
0.000730975
0.00160903
0.000759245
0.000837728
0.00143131
0.00189789
0.00256272
0.00374904
0.00340259
0.000908909
0.00243441
0.00391796
0.00386257
0.00421346
0.00548319
0.00669084
0.00386039
0.00266021
0.00231082
0.00177988
0.00146939
0.00297393
0.000987209
0.00185485
0.00115212
0.000779102
0.000927114
0.000843893
0.000612984
0.000414733
0.000599903
0.000108212
0.000174776
0.000262909
0.00013678
0.000556356
0.000448617
7.47022e-05
6.5827e-05
0.00238721
3.58628e-05
3.58682e-05
3.58677e-05
3.58658e-05
3.58678e-05
3.58581e-05
3.58588e-05
0.000715144
5.50546e-08
0.000521366
0.0025867
0.00231091
0.00209331
0.00173723
0.00142897
0.00115225
0.000753529
0.000473907
0.000342271
0.00130682
0.00176807
0.0012775
0.00109731
0.000796667
0.000573339
0.000485868
0.000256861
0.000153792
0.000165867
7.00579e-05
3.48422e-05
2.44766e-05
8.06351e-06
5.09289e-06
9.36265e-06
7.96292e-06
9.1438e-06
0.000996147
0.0007808
0.00054931
0.000422308
0.000271237
0.000217779
0.000112233
7.13302e-05
3.86281e-05
2.43978e-05
8.16331e-06
0.00107097
0.000657169
0.000528713
0.000336119
0.000166842
6.29175e-05
3.87682e-05
3.76401e-05
4.95189e-05
9.55523e-06
2.60024e-05
9.66107e-06
1.10546e-05
3.38713e-05
8.29336e-06
4.84512e-06
1.18847e-05
1.01302e-05
0.00156289
0.00093679
0.000481236
0.000848684
0.000384503
0.000227601
0.000130183
0.000122135
5.62482e-05
0.00435444
0.00394429
0.00368184
0.00310627
0.00280672
0.00184302
0.00139595
0.000881169
9.95802e-05
0.000196847
0.00148828
0.00372395
0.00712012
0.00964356
0.00979699
0.0102966
0.0090534
0.00684151
0.00430193
0.00318403
0.00237818
0.001359
0.00142399
0.00149369
0.000982019
0.000876971
0.000665185
0.000717164
0.000377038
0.000264072
0.000195877
0.000237403
0.000163491
0.00020117
0.000304845
0.0006649
0.00152967
0.00198525
0.00164834
0.00273229
0.0027807
0.00264662
0.00371357
0.00651414
0.0126657
0.00690134
0.00359063
0.00313924
0.00259624
0.00228059
0.00198709
0.00189333
0.002282
0.00189755
0.00192548
0.00186557
0.00189525
0.00189926
0.00189633
0.00182597
0.00180022
0.0017891
0.00182625
0.00182198
0.00178927
0.00174551
0.00173275
0.00168975
0.00170506
0.0016723
0.00170959
0.00169637
0.0016784
0.00173558
0.00139506
0.00102904
0.00136043
0.00073103
0.000546153
0.000560061
0.00036982
0.000351355
0.000411162
0.000593554
0.00121703
0.000768344
0.00133771
0.00192938
0.0018532
0.00201759
0.00247457
0.0015713
0.00111541
0.00106871
0.000653091
0.00202521
0.00110584
0.000834392
4.43181e-05
0.000551583
0.00010403
0.000166025
0.000230092
0.000301839
6.46636e-05
0.000188494
7.33978e-05
0.00138536
9.30805e-05
0.000138099
7.36169e-05
0.000331071
0.000256581
0.000116873
8.73243e-05
0.000181699
0.000840801
0.000109406
0.00970765
0.0158522
0.0021095
0.0169909
3.01847e-05
3.01983e-05
3.0193e-05
3.01789e-05
3.01161e-05
3.01145e-05
0.00012216
0.000121972
0.00203105
0.00160804
0.00516822
0.00471632
0.00407699
0.00368271
0.00306255
0.00289641
0.00236536
0.00175396
0.00150717
0.000595431
0.000359747
0.000268005
0.000186873
9.00477e-05
5.30425e-05
1.03086e-05
9.03253e-06
7.43527e-06
6.29409e-06
2.07503e-05
5.06833e-05
2.22747e-05
2.44468e-05
5.45317e-05
4.59363e-05
9.99472e-05
3.60947e-05
3.76257e-05
6.99025e-06
6.98502e-06
0.000194574
0.000108944
9.64707e-05
5.31342e-05
9.42652e-06
5.21911e-06
6.62768e-06
7.06821e-06
1.35873e-05
8.64279e-06
1.64847e-05
1.12608e-05
0.00149945
0.000849606
0.000495067
0.000305025
0.000196922
7.49976e-05
3.90364e-05
3.06843e-05
1.23958e-05
1.44486e-05
1.55725e-05
6.84158e-06
7.38991e-06
7.03177e-06
7.33374e-06
8.66116e-06
9.17381e-06
1.27562e-05
1.11446e-05
8.67523e-06
9.08939e-06
2.06041e-05
1.92744e-05
8.51405e-06
0.00339114
0.00321957
0.00280446
0.0026052
0.0022582
0.00169593
0.00135324
0.000980673
0.000555025
0.000225141
8.01633e-05
0.000106434
0.000162077
0.000639872
0.00220136
0.00553393
0.00670872
0.0063419
0.0079097
0.00849427
0.00836836
0.0078849
0.00678941
0.00382944
0.00269826
0.00168101
0.00169605
0.000905163
0.000383707
0.000263904
0.00026826
0.00028692
0.000180981
0.000186047
0.000136639
0.000121894
0.000111042
0.000102987
8.32766e-05
0.000121837
0.000143309
0.000701699
0.000755667
0.000859311
0.00145509
0.00134301
0.00217393
0.00217002
0.00303945
0.0031737
0.00307941
0.0029444
0.00370304
0.00435776
0.00411593
0.00426771
0.0064334
0.00295577
0.00272429
0.00249241
0.00249747
0.0024308
0.00264047
0.00252637
0.00260329
0.00272217
0.00269722
0.00238822
0.00240368
0.00254188
0.00246877
0.00242725
0.00252044
0.00249686
0.00270813
0.00284241
0.0025351
0.00271022
0.00297303
0.00306337
0.00291994
0.00286942
0.00280585
0.00278768
0.00269858
0.00282573
0.00266016
0.0014181
0.000635494
0.000439258
0.000137269
0.000131759
0.000133351
0.000140285
0.000161789
0.000498261
0.000473875
0.000579535
0.000879349
0.00070179
0.0013773
0.00133989
0.00289541
0.00262224
0.00380473
0.00372248
0.00371793
0.00664649
0.00483454
0.00511572
0.0037358
0.00622401
0.00461444
0.00424018
0.0055418
0.00572079
0.00556717
0.0056621
0.00520881
0.0054403
0.00382333
0.00539039
0.0039444
0.00377976
0.00288052
0.0034922
0.00342433
0.00243255
0.00225385
0.0084934
0.00122869
3.26519e-05
3.28429e-05
3.29314e-05
3.31688e-05
3.34889e-05
3.38455e-05
3.15059e-05
0.000355194
0.00145029
0.000125727
0.000101453
0.000226153
0.000189959
0.000158322
0.000136028
0.000104293
1.90907e-05
2.83718e-05
9.96111e-05
5.81667e-05
0.0137741
0.0108999
0.00867744
0.00655647
0.00468722
0.00342172
0.0022428
0.00148877
0.000999299
0.000630433
0.000319057
0.000309523
0.000118869
1.31299e-05
1.16824e-05
0.000168654
0.000133456
0.000108504
0.000170735
0.000123201
9.6279e-05
0.000158351
0.000206156
6.97628e-05
6.64069e-05
8.66551e-05
5.612e-05
6.55921e-05
5.87596e-05
4.36397e-05
0.000109018
8.36998e-05
9.04207e-05
0.00215981
0.00182452
0.00120402
0.0011306
0.000935704
0.000766975
0.000710869
0.000548733
0.000455081
0.000425738
0.00035025
0.000337094
0.00026352
0.000272717
0.000242537
0.000283762
0.000216677
0.000222085
0.000210561
0.00016306
0.000153
5.08364e-05
4.05052e-05
4.25312e-05
4.46274e-05
6.31543e-05
5.99878e-05
4.18715e-05
1.04776e-05
4.18091e-05
7.8923e-05
0.000148287
0.000194771
0.000186569
0.000147825
3.7753e-05
9.32214e-05
0.000267351
0.000744812
0.000787758
0.000951676
0.00280839
0.00553457
0.00519026
0.00525909
0.00439442
0.00333161
0.0016692
0.00192255
0.0013393
0.000904524
2.02694e-05
8.27425e-05
2.66267e-05
6.33013e-05
0.000125327
0.000115727
0.000241649
0.000248444
0.000476323
0.000484118
0.000493564
0.000580467
0.00100162
0.00119956
0.00122397
0.00152349
0.00161342
0.00346423
0.00392108
0.00499887
0.00580445
0.0060782
0.00663514
0.00663869
0.00918833
0.00957078
0.0108276
0.010831
0.0131036
0.0151564
0.0111523
0.0145599
0.0173237
0.0151383
0.021102
0.0176875
0.0145735
0.0169629
0.00713998
0.00332317
0.00311025
0.00323103
0.0028559
0.00291294
0.00289255
0.00340748
0.00319952
0.00304102
0.00391006
0.00402051
0.00343446
0.00311364
0.00314211
0.0029863
0.0027473
0.00291767
0.00274131
0.00262609
0.00264339
0.00115548
0.000266082
0.000138532
0.000114749
5.67965e-05
8.25011e-05
0.000162503
0.000146309
7.79287e-05
7.97281e-05
0.000440026
0.000414346
0.000691977
0.000375876
0.00121996
0.00148395
0.00078367
0.00249764
0.00145989
0.00167269
0.00153473
0.0034565
0.00266124
0.00502307
0.00477829
0.00333418
0.00486238
0.00421562
0.00447579
0.00415539
0.00384954
0.00299859
0.00362978
0.00314206
0.00330405
0.00305348
0.0021472
0.00264548
0.0031248
0.00386206
0.00314242
0.00293789
0.00212888
0.00192735
0.00101701
0.00157375
0.000441382
0.000739113
0.000634206
1.99957e-05
0.000136387
0.000116303
0.000116234
7.79022e-05
0.000643669
0.00141441
4.35699e-05
4.49253e-05
4.58043e-05
4.71553e-05
4.81844e-05
4.5832e-05
3.6178e-05
3.62234e-05
0.000929032
4.55426e-05
0.00139005
0.00410353
0.00358802
0.00351872
0.00308873
0.00232328
0.00161741
0.00142692
0.000819974
0.00050905
0.000400949
0.000185603
0.000141145
6.19577e-05
7.16644e-05
5.07384e-05
6.83486e-06
4.32227e-06
4.98812e-06
5.19391e-06
1.23213e-05
1.42558e-05
1.65137e-05
6.50044e-05
8.73217e-06
1.31896e-05
7.33635e-06
1.44684e-05
1.57496e-05
5.82598e-05
3.70962e-05
4.22971e-05
0.00202444
0.00125225
0.0009326
0.000511862
0.00181088
0.00125125
0.000686083
0.000774496
0.000732691
0.000740744
0.00247941
0.00212516
0.00215472
0.00136969
0.000548736
0.000280515
0.000392638
0.000273412
6.43798e-05
7.12577e-05
8.16982e-06
4.74644e-06
0.000233624
0.000314996
0.000383344
0.000320134
0.000171844
0.000193535
0.000171578
8.11654e-05
9.27245e-05
0.000561792
0.0100968
0.00629567
0.00353577
0.00178576
0.000835436
0.000439594
0.000150784
8.45082e-05
4.05801e-05
0.0043985
0.00407871
0.0038589
0.00355955
0.00309483
0.00277612
0.00245463
0.00200884
0.00158201
0.00121682
0.000716906
0.000348588
0.000345893
0.000128664
5.37292e-05
0.000156951
0.000431795
0.000511773
0.00226448
0.0029425
0.00554171
0.00780775
0.00836623
0.00650941
0.00473281
0.00387787
0.00229044
0.00190122
0.00116752
0.000575774
0.000325552
0.000173839
0.000149577
0.000112209
0.000114633
0.000111045
0.000116532
0.000189657
0.000177651
0.000220603
0.000158341
0.000432023
0.00049447
0.000659399
0.000948987
0.00097857
0.000926325
0.00140654
0.00178632
0.00195067
0.00200377
0.00263832
0.0024046
0.00339035
0.00500372
0.00538869
0.00507473
0.00435153
0.00521409
0.00770088
0.00684585
0.00511997
0.00861768
0.00977109
0.00658486
0.00720841
0.00819893
0.00577845
0.00633616
0.00621336
0.00722132
0.00247443
0.00229512
0.00216608
0.0020228
0.00193782
0.00208886
0.00204786
0.00180065
0.00182327
0.00177269
0.00189288
0.00162899
0.00173583
0.00154918
0.00166589
0.00156276
0.00170752
0.00156169
0.00155916
0.00154756
0.00147932
0.00157798
0.00153602
0.00155642
0.001493
0.00151907
0.00143665
0.00144868
0.00153687
0.00142796
0.00152809
0.000704232
0.000903465
0.000594975
0.00024389
0.000190351
0.000187104
0.000246877
0.000182083
0.000232401
0.000424902
0.000310134
0.000368331
0.000607302
0.00059941
0.000570174
0.00205658
0.00244978
0.00226948
0.00286336
0.00252522
0.00311085
0.00319669
0.00259944
0.00344329
0.00167911
0.00436745
0.00328226
0.00291862
0.00263431
0.00207716
0.00212158
0.00121943
0.00167119
0.00112805
0.00125124
0.000567573
0.000530245
0.000594221
0.000373443
0.00070913
0.00025915
0.000479968
6.08164e-05
0.000283823
0.000210832
0.000261493
0.000121199
0.000105753
0.00339079
0.000266834
0.000158838
3.5342e-05
3.54972e-05
3.5497e-05
3.53469e-05
3.53459e-05
3.53353e-05
5.04506e-05
0.00192038
0.000242476
0.000416361
0.00104432
0.00120373
0.00123377
0.00100105
0.000747652
0.000641533
0.00046116
0.000260235
0.000140639
4.85194e-05
3.20537e-05
4.53146e-06
2.49367e-05
0.000474908
0.000357619
7.00107e-05
0.000246946
0.000184464
0.000142551
5.68316e-05
1.0715e-05
9.88371e-06
4.59641e-06
3.65478e-06
1.63216e-05
1.61519e-05
2.06496e-05
6.75239e-05
2.04684e-05
2.56632e-05
7.25249e-05
4.45945e-05
5.35563e-05
0.0009137
0.000550205
0.000526934
0.000395958
0.000296894
0.000287823
0.000152753
0.000111078
9.10275e-05
4.26681e-05
0.000978774
0.000612521
0.000438624
0.000358251
0.000172049
0.000107296
8.1045e-05
4.40426e-05
1.39688e-05
9.36227e-06
8.62081e-06
5.55774e-06
5.18934e-06
5.28213e-06
5.92434e-06
4.99914e-06
5.97323e-06
8.18401e-06
4.558e-06
7.40852e-06
2.64512e-05
5.01256e-06
5.64352e-06
5.22892e-06
1.08167e-05
0.00148436
0.000870568
0.000433687
0.000380968
0.000465204
0.000253962
0.000139244
8.02885e-05
5.0634e-05
4.53858e-05
0.00399394
0.00356271
0.00327277
0.00281914
0.00223471
0.0018088
0.00126367
0.00081487
0.000628331
0.000660555
0.000269653
6.05899e-05
9.64617e-05
0.000239093
0.000412437
0.00343434
0.00580739
0.0091825
0.00883884
0.00985612
0.0090216
0.00858274
0.00661102
0.00609032
0.00530472
0.00331344
0.00104328
0.00136374
0.00142373
0.00111763
0.000772589
0.000474961
0.000186568
0.000169037
0.0001506
0.000138486
0.000119612
0.000125745
0.000180842
0.000101893
0.000300159
0.000413356
0.000348258
0.000626543
0.000820799
0.00130379
0.00151975
0.00146538
0.00194045
0.00226288
0.00227856
0.00293357
0.00320868
0.00625769
0.00498622
0.00493022
0.00495805
0.00488198
0.00576328
0.00360897
0.00470207
0.00247166
0.0021633
0.0020189
0.00174361
0.00183672
0.00154775
0.00168507
0.00182041
0.00177941
0.00167971
0.00170304
0.00167326
0.00174525
0.00167313
0.00165751
0.00164617
0.00163881
0.00161543
0.00161895
0.00161874
0.00159017
0.00160131
0.00158625
0.00155703
0.00156305
0.0016055
0.00150112
0.00162431
0.00158958
0.0013904
0.000897258
0.000518232
0.000435167
0.000277173
0.000346688
0.000341779
0.000308295
0.000321378
0.00115563
0.000877458
0.00107464
0.00137732
0.00109855
0.00122309
0.00110405
0.00152152
0.00287183
0.00108026
0.00164966
0.000580711
0.00110576
0.000642366
0.000550375
0.000371053
4.49781e-05
0.000106149
0.000344748
8.34693e-05
0.000386924
0.000444801
0.000129445
0.000587322
0.000343369
0.000154582
0.000306803
0.00011276
8.16551e-05
0.000809821
0.000449685
0.000100021
0.000171375
0.00393964
0.00595407
0.00207398
0.00176343
0.00128487
0.00176892
0.0012945
3.43184e-05
3.43202e-05
3.43186e-05
3.42819e-05
3.42185e-05
3.42146e-05
3.42109e-05
9.92282e-05
0.000667218
0.00202943
0.00479711
0.00528911
0.00455073
0.00359372
0.00382816
0.00267251
0.00229734
0.00178256
0.00116977
0.00076241
0.000419971
0.000299038
0.000112632
0.000162331
0.000110098
1.22242e-05
6.06989e-06
1.30958e-05
3.93447e-05
3.51984e-05
2.82755e-05
7.84518e-05
6.83788e-05
2.22867e-05
3.07144e-05
1.49528e-05
1.79126e-05
2.52562e-05
1.63878e-05
3.04832e-05
3.13375e-05
3.07372e-05
3.98879e-05
1.6141e-05
5.1114e-05
1.02132e-05
0.000125019
0.000137294
8.79473e-05
7.6913e-05
3.3542e-05
9.26112e-06
6.2422e-06
5.50567e-06
6.10547e-06
6.3808e-06
6.33045e-06
5.06803e-06
4.81801e-06
0.00140386
0.000832509
0.000526997
0.000344792
0.000159068
0.00011127
5.59436e-05
2.49099e-05
4.37881e-05
2.04395e-05
3.19131e-05
1.73966e-05
5.7361e-06
5.48394e-06
5.7746e-06
7.92898e-06
7.03149e-06
5.93479e-06
6.96815e-06
6.16607e-06
8.27113e-06
6.50655e-06
6.39632e-06
6.72657e-06
7.31751e-06
0.0030674
0.00290247
0.00276007
0.00239339
0.00198467
0.00142806
0.00118522
0.000672472
0.000357284
0.000166881
5.13992e-05
0.000162695
0.000260615
0.000916058
0.00348097
0.00467623
0.00681639
0.00955576
0.00929702
0.00894738
0.00789221
0.00771624
0.0069539
0.00550611
0.00484994
0.00187094
0.00198107
0.00130123
0.000727056
0.00104363
0.000386924
0.000428057
0.000646854
0.000176514
0.000479759
0.000250858
0.000167012
6.83968e-05
6.43907e-05
5.91709e-05
4.91888e-05
3.25174e-05
7.86207e-05
6.1431e-05
0.000405829
0.000559163
0.00128294
0.00168858
0.00183288
0.00204648
0.00271856
0.00301695
0.00278474
0.00412303
0.00433638
0.00428432
0.0045116
0.00601359
0.0024761
0.00226376
0.00293821
0.00230412
0.00240636
0.00221279
0.00230334
0.00280459
0.00274985
0.00254397
0.00230254
0.00234686
0.00236787
0.00244465
0.00242797
0.00245843
0.00252767
0.00238473
0.0025518
0.00247144
0.00262288
0.0023663
0.00250983
0.00245656
0.00221826
0.00242445
0.00231461
0.00241916
0.00245052
0.00122387
0.00236734
0.00111208
0.000425659
0.000163227
0.000234946
0.000162573
0.000218101
0.0003238
0.000382438
0.00106973
0.00109953
0.00162562
0.000987536
0.00139746
0.00287728
0.0029341
0.00320098
0.00340674
0.00485512
0.00412415
0.00416687
0.00420769
0.0053712
0.00509763
0.00316728
0.00466467
0.00392034
0.00270753
0.00359442
0.00297555
0.00154331
0.00327321
0.00201249
0.00181546
0.0020314
0.00193996
0.00134429
0.00179944
0.00228968
0.00211209
0.0028906
0.00236429
0.00713492
0.00374889
0.0040823
0.00349522
3.87793e-05
3.93715e-05
3.95542e-05
3.96901e-05
4.02829e-05
4.02058e-05
3.60324e-05
6.25061e-05
6.27138e-05
0.00138675
0.00115148
0.000739339
0.0108716
0.0129513
0.0110764
0.00956227
0.00833871
0.00737315
0.00613415
0.00472896
0.00335914
0.00264128
0.001489
0.00104728
0.000671612
0.000454543
0.000212172
0.000149837
8.26699e-05
4.69509e-05
3.13868e-05
2.93543e-05
7.08729e-05
3.48167e-05
4.08944e-05
5.94184e-05
4.92135e-05
4.44337e-05
7.774e-05
1.98834e-05
1.96496e-05
3.08853e-05
3.16839e-05
2.90252e-05
3.38546e-05
2.87135e-05
6.19643e-05
6.51971e-05
3.7861e-05
7.90604e-05
0.000597129
0.000828475
0.000705983
0.000666114
0.000541993
0.000472732
0.000284013
0.000257738
0.000359802
0.000270013
0.000265797
0.000291269
0.000275689
0.000212188
0.00025875
0.000249601
0.000208069
0.000228443
0.000212037
0.000191441
0.000166636
0.000216118
0.000179021
0.000154499
0.000151679
0.000134295
0.000182778
0.000140876
0.000132591
0.000129657
0.000157375
0.000134992
0.000131561
9.82534e-05
7.53297e-05
0.000145241
0.000213429
0.000204979
0.000170285
0.000115572
6.38465e-05
4.81177e-05
4.61387e-05
0.000147711
0.000841995
0.000621209
0.00163244
0.003767
0.0042579
0.00508966
0.0049539
0.00379152
0.00237391
0.00141626
0.000462306
0.000690585
0.000360225
0.000130991
9.28702e-05
2.25181e-05
1.21729e-05
2.45335e-05
7.61892e-05
6.26737e-05
6.63208e-05
0.000194149
0.000185402
0.000328084
0.000453785
0.000704016
0.000860377
0.000912478
0.00108062
0.00278607
0.00379269
0.00392192
0.00538568
0.0054981
0.00655385
0.00577861
0.00599446
0.00790546
0.0103796
0.0088284
0.013626
0.0140446
0.0108939
0.0135499
0.0143892
0.0163127
0.0146549
0.0213504
0.0225854
0.0117379
0.0112437
0.00447604
0.00422502
0.00502018
0.0049714
0.00427081
0.00352061
0.00324888
0.00346546
0.00298929
0.00285094
0.00290052
0.00271643
0.00235948
0.00253879
0.00240068
0.0025693
0.00243149
0.00243328
0.00235087
0.00227117
0.00205454
0.00212063
0.00126479
0.00201902
0.000831339
0.000630821
0.000271622
0.00026217
0.00025715
0.000470419
0.000109037
0.000712591
0.000133715
0.000620307
0.000947582
0.000494802
0.000509054
0.00082321
0.00145019
0.00199482
0.00220018
0.00209031
0.00192813
0.00259705
0.00252799
0.00378946
0.00317905
0.00431158
0.00314627
0.0028157
0.00314249
0.003039
0.00496863
0.00270042
0.00528705
0.0051328
0.00286051
0.0029295
0.00264402
0.00225079
0.00201221
0.00152242
0.00160695
0.000435939
0.00222881
0.00032545
0.00136652
0.000407975
0.000477673
0.00141042
0.00151297
0.000179645
0.000213351
0.00139948
9.15804e-05
0.000188362
0.00181764
0.000789849
2.40766e-05
3.70732e-05
3.80231e-05
3.81298e-05
3.68192e-05
3.81785e-05
3.70107e-05
3.86532e-05
3.89444e-05
4.18971e-05
0.00140166
0.00141116
0.0020187
6.00105e-06
0.00348152
0.00295949
0.00256891
0.00231354
0.00221586
0.00207711
0.00165195
0.00148924
0.00099069
0.000722981
0.000419905
0.000358791
0.000151736
8.23788e-05
5.88991e-05
9.20308e-05
3.33612e-05
3.65045e-05
6.70523e-06
7.09628e-06
3.44588e-05
5.23701e-05
1.38776e-05
3.04879e-05
0.000114731
6.51441e-05
7.13479e-05
2.06718e-05
7.67276e-05
8.00966e-05
0.000150904
0.000147921
0.000890965
0.00102287
0.00059025
0.000320485
0.000965881
0.000882925
0.000353041
0.000238349
0.000132686
0.000274453
0.000120012
8.1304e-05
0.000107376
3.41109e-05
2.24239e-05
2.20911e-05
1.53436e-05
7.29495e-06
1.0419e-05
6.82205e-06
8.06417e-06
1.33414e-05
1.02345e-05
3.21562e-05
1.83659e-05
0.00604179
0.00368951
0.00069984
0.00251065
0.00134363
0.000802956
0.000361896
0.000156285
4.99297e-05
2.588e-05
3.26424e-05
1.17097e-05
9.19824e-06
1.48879e-05
8.72977e-06
0.0043559
0.0040829
0.00386966
0.00344565
0.00300997
0.00264136
0.00232029
0.00190366
0.00126483
0.000987199
0.000656056
0.000608197
0.000339522
9.24623e-05
6.76889e-05
0.000233537
0.000401711
0.00119132
0.00331073
0.00451636
0.00636909
0.00782587
0.00817202
0.00700754
0.00531239
0.00467097
0.00272338
0.00122537
0.00133442
0.00062323
0.00045419
0.000230624
0.000175869
0.000115714
9.04266e-05
9.59673e-05
0.000115766
0.000198528
0.000143823
0.000290931
0.000531585
0.000543207
0.000776242
0.000921114
0.0010127
0.00149106
0.00188669
0.00179653
0.00243625
0.00287641
0.00330517
0.00388722
0.0045898
0.00506002
0.0076584
0.00671556
0.00702713
0.00896644
0.00578836
0.00813384
0.00530067
0.00588147
0.00479146
0.00428364
0.00728355
0.00786277
0.00584871
0.00505985
0.00918494
0.00830723
0.00206627
0.001963
0.00196543
0.00186556
0.00190427
0.00185756
0.00178372
0.00179588
0.00170254
0.00164005
0.00167492
0.00168813
0.00157644
0.00177997
0.00156028
0.00154712
0.00155649
0.00149343
0.00153365
0.00144538
0.00149474
0.00165233
0.00146418
0.00142041
0.00141503
0.00150771
0.00148187
0.0015284
0.00137837
0.00144356
0.00126534
0.000607696
0.000449374
0.000659126
0.000439802
0.000530565
0.000273504
0.000212993
0.000544957
0.000336657
0.000518293
0.00146503
0.000429819
0.00125609
0.00175916
0.00185077
0.0013801
0.00150867
0.00148983
0.00235498
0.00282307
0.00142334
0.00361645
0.00287769
0.00367746
0.0033935
0.00285811
0.00282349
0.00225379
0.00164014
0.00173832
0.00307724
0.00205898
0.00139472
0.00107664
0.000940898
0.000864378
0.00197841
0.000627327
0.000522526
0.000552102
0.000254857
0.000236755
0.000225294
0.000229751
0.000467487
0.000268883
0.00017871
0.000227313
0.000147265
0.000144267
0.00392677
3.88062e-05
3.83606e-05
3.83457e-05
3.88726e-05
3.84245e-05
3.83947e-05
3.72095e-05
4.49386e-05
0.0015872
0.000142013
4.0197e-05
0.000905315
0.00139911
0.00145118
0.00126821
0.000856906
0.000716087
0.000462849
0.000268135
0.000113549
7.47941e-05
2.09315e-05
7.93384e-06
0.000900471
0.00052744
0.000313043
0.00029162
0.000209621
0.000155575
0.000112917
4.81477e-05
1.64886e-05
1.13751e-05
4.75711e-06
6.01573e-06
7.52778e-06
3.41543e-06
4.13499e-06
1.70036e-05
6.48653e-06
5.30197e-06
3.39825e-05
3.49636e-06
0.00111933
0.000684872
0.000486748
0.000465055
0.000341579
0.000248622
9.08817e-05
0.000111112
2.45518e-05
1.08832e-05
7.53442e-05
9.72791e-05
4.04374e-05
8.01684e-05
7.68387e-05
0.000202604
8.65927e-05
0.000128713
2.609e-05
0.000118071
9.42639e-05
0.00014503
0.000136649
0.000101886
0.000145277
9.36243e-05
0.000118071
0.000110968
0.00010049
2.90417e-05
3.27241e-05
7.39557e-05
0.000104551
9.54764e-05
0.00010118
2.53045e-05
0.000111185
0.000104977
0.000104243
4.30655e-06
5.23413e-06
4.78028e-06
0.0100023
0.000654893
0.00070765
0.000760929
0.000711297
0.000562674
0.000467448
0.000414388
0.00033417
0.000118477
8.73443e-05
2.6026e-05
8.79697e-05
0.000313725
0.000710685
0.000918284
0.00292582
0.00578253
0.00638154
0.00918058
0.00904555
0.00839507
0.00710041
0.00514025
0.00317463
0.00186006
0.00169853
0.00146247
0.00143882
0.000677439
0.000638037
0.000268637
0.000249874
0.000191825
0.000130439
0.000125186
8.54424e-05
0.000136953
8.62127e-05
0.000135109
0.000163908
0.00028595
0.000495017
0.000579439
0.000762497
0.00117625
0.00131049
0.00189866
0.00233905
0.00276632
0.00357388
0.00362033
0.00394437
0.00402865
0.00543675
0.0055701
0.00784393
0.00666782
0.0192259
0.00405412
0.00358613
0.0042503
0.00703739
0.00467061
0.00434958
0.00268513
0.00255093
0.00228168
0.00211811
0.00187975
0.00191917
0.00191445
0.00176051
0.00163339
0.00159199
0.00169257
0.00161865
0.001569
0.00153076
0.0014451
0.00155792
0.00167678
0.00144496
0.00141973
0.00149019
0.00147871
0.00143028
0.00131787
0.00145995
0.00146042
0.00141858
0.000986455
0.00078309
0.000251762
0.0003959
0.00023274
0.000537729
0.000231812
0.000192614
0.000625303
0.00103577
0.0005966
0.00202306
0.0016938
0.00124036
0.00273824
0.00198097
0.00194167
0.000896076
0.000795777
0.0016957
0.000693574
0.000476372
0.000433011
0.000377498
0.000270468
3.95891e-05
0.000789164
0.000128771
0.000103317
0.000990514
0.000102851
0.000482871
0.000251867
0.000172691
6.90326e-05
0.000658898
8.63152e-05
0.000274741
0.00294242
0.00410274
0.00254734
0.00260334
0.00144112
0.00126036
0.00147713
0.000815717
0.00278912
3.77543e-05
3.77553e-05
3.77571e-05
3.77482e-05
3.77168e-05
3.76742e-05
3.76408e-05
0.000117405
0.000802259
0.00102168
0.00572492
0.00403578
0.00349403
0.00435336
0.00279179
0.00270732
0.00194348
0.00148376
0.00103949
0.000736758
0.000541532
0.000198711
7.21799e-05
6.60424e-05
4.80857e-05
1.55309e-05
5.00821e-06
8.87021e-06
6.38183e-05
6.08915e-05
2.56342e-05
7.28177e-06
4.9365e-05
3.05778e-05
3.98629e-05
3.81862e-05
6.93244e-05
0.00013013
2.98542e-05
0.000120293
3.76165e-05
3.54342e-05
6.42087e-06
3.45979e-05
0.000158566
0.00011846
0.000103945
4.50156e-05
3.18811e-05
6.75131e-06
1.86997e-05
8.77101e-06
9.79338e-06
3.84144e-06
6.64943e-06
0.000601901
0.000353394
0.000229223
0.000171705
7.66203e-05
5.04661e-05
3.50155e-05
1.74087e-05
4.61929e-06
8.34924e-06
6.21764e-06
6.06338e-06
4.59034e-06
4.70167e-06
5.14977e-06
5.19058e-06
6.30932e-06
4.89876e-06
1.48081e-05
5.36766e-06
8.90226e-06
7.59471e-06
7.27398e-06
5.50876e-06
1.22492e-05
0.00204553
0.00200192
0.00198853
0.00181128
0.00146109
0.00129427
0.000857813
0.00054279
0.00036679
0.000100155
3.88866e-05
0.00011238
0.000390491
0.000381607
0.000955452
0.00330701
0.00650572
0.0100401
0.0109823
0.00896032
0.00693718
0.00743993
0.00410486
0.00279202
0.0017533
0.00138042
0.000910284
0.000485717
0.000382133
0.000385788
0.000317421
0.000432988
0.00044807
0.000186928
0.0001574
0.000142253
0.000118213
0.000110321
0.000118475
0.000104528
0.000355613
0.000306997
0.000498728
0.0010565
0.00147146
0.00165182
0.00188074
0.00185146
0.00299021
0.00329173
0.0048128
0.00497819
0.00641309
0.00583759
0.00715706
0.00304778
0.00716801
0.0029566
0.00256644
0.00262944
0.00250378
0.00251726
0.00246357
0.00221345
0.00230841
0.00255317
0.0023006
0.00250028
0.00257271
0.00232557
0.0022617
0.00209607
0.00226009
0.0019484
0.0021727
0.00215966
0.00222291
0.00214692
0.00209592
0.00213353
0.00200034
0.00209329
0.00214998
0.00198988
0.00213055
0.00100831
0.000599463
0.0001125
0.00019172
0.000133645
0.000271446
0.000415975
0.000146708
0.000150507
0.00134575
0.000822292
0.00168663
0.00101798
0.0019721
0.00344057
0.00229008
0.00689927
0.00398028
0.00484134
0.00465469
0.00318216
0.00516367
0.00508628
0.00382148
0.00522925
0.00514095
0.00286086
0.00598086
0.00406356
0.0042428
0.0042431
0.00279817
0.00389748
0.00220933
0.00153772
0.00141576
0.0012893
0.000808948
0.000730453
0.00234043
0.0013437
0.0014478
0.000827845
0.000811051
0.000492657
0.000169291
3.95811e-05
3.96127e-05
3.96657e-05
3.96931e-05
3.98179e-05
3.99866e-05
3.99702e-05
3.8408e-05
0.000634843
0.000615389
6.88213e-05
0.015082
0.0114231
0.0100163
0.00879868
0.00812465
0.00774822
0.00699905
0.00627943
0.00510641
0.0040488
0.00287108
0.00210364
0.00125704
0.000865719
0.000419194
0.000238631
0.000113283
7.11221e-05
7.77978e-05
2.06735e-05
1.54036e-05
3.15981e-05
2.32704e-05
6.45488e-05
6.16465e-05
8.26396e-05
7.17376e-05
6.51533e-05
3.8195e-05
3.19023e-05
6.74515e-05
3.74862e-05
2.44982e-05
4.11312e-05
4.8957e-05
4.2161e-05
4.39691e-05
5.41788e-05
6.0542e-05
1.60311e-05
6.09788e-05
5.66519e-05
2.30944e-05
2.32863e-05
0.000752151
0.000687095
0.000589201
0.000617267
0.000610077
0.000545155
0.000567234
0.000491886
0.000483227
0.000447698
0.000388999
0.000373908
0.000331434
0.000327215
0.000252436
0.000266539
0.000323365
0.000267438
0.000233333
0.00022187
0.000206087
0.000168049
0.000196012
0.000193173
0.000138135
0.000126347
0.000117119
0.000135794
0.000224536
0.000110801
0.000111495
2.53066e-05
7.31996e-05
0.000244102
0.000535856
0.000756901
0.000656558
0.00293027
0.00308208
0.00628479
0.0073203
0.00684996
0.00583442
0.00408592
0.00320861
0.00159717
0.00103598
0.00116268
0.000489418
0.000188187
5.2273e-05
5.5669e-05
0.000164546
3.39854e-05
1.71726e-06
4.15021e-05
1.6663e-05
6.51488e-05
0.000321615
0.000369375
0.000566406
0.000833999
0.0024472
0.00268759
0.00296928
0.00342605
0.004215
0.00519295
0.00558709
0.00767452
0.00762084
0.0104443
0.00940412
0.0113761
0.00995134
0.0135746
0.0185023
0.0136758
0.0128575
0.0137034
0.0119812
0.0101951
0.00190385
0.00197281
0.00202284
0.00218851
0.00199349
0.00218906
0.00201605
0.00206249
0.002196
0.00214472
0.00225642
0.00248855
0.0022994
0.00233957
0.00236207
0.00243456
0.00242542
0.00237235
0.00286267
0.00242489
0.00279317
0.00253164
0.00252119
0.00252391
0.00215658
0.00220725
0.000488849
0.000956912
0.000993013
0.000395401
0.00036466
0.000678029
0.000533369
5.01952e-05
8.78727e-05
8.00784e-05
5.5085e-05
0.000827039
0.00108207
0.000362397
0.000937389
0.000754596
0.00122487
0.000641681
0.000826152
0.00351401
0.00275583
0.00280307
0.00408149
0.00669467
0.00379104
0.00477381
0.00444722
0.00295199
0.00431964
0.00337453
0.00368217
0.0036238
0.00330909
0.00323805
0.00238355
0.00165341
0.00138683
0.00102337
0.00050665
4.31541e-05
6.11419e-06
0.000396431
0.000593368
0.00192369
0.00365106
0.00738995
0.00974802
0.0135771
0.0107102
0.00879746
0.00825266
0.00744472
0.00889867
0.00807945
0.00870795
0.00513433
0.00722577
0.00920315
0.00325395
0.00317277
0.00343111
0.00362724
0.00453884
6.04598e-05
6.39829e-05
6.678e-05
6.93927e-05
0.000359375
0.0018401
0.000121478
0.00110478
0.000903334
0.000891036
0.000712677
0.000468105
0.000358414
0.00019189
4.07517e-05
1.25005e-05
8.45817e-06
2.70129e-06
1.5578e-05
1.26269e-05
1.25633e-05
1.60144e-05
4.05699e-05
5.00016e-05
6.54412e-05
0.000124499
0.000208285
7.77674e-05
0.000162311
0.000190826
0.000143902
0.000124749
0.000101139
0.000187817
0.000136037
0.00018248
0.000619878
0.000275024
0.000281201
0.000515907
0.000260873
0.000173874
0.000236305
8.38996e-05
0.000148517
6.87719e-05
2.61699e-05
1.78479e-05
6.29087e-06
6.35563e-06
2.78849e-06
1.96046e-05
8.19347e-06
2.0332e-06
2.84946e-06
3.12269e-06
5.17311e-06
7.10345e-06
3.28281e-05
3.9348e-06
6.25355e-06
6.06815e-06
1.51172e-06
1.6414e-05
1.31043e-05
5.4844e-06
4.24625e-06
4.99877e-06
0.00433788
0.00273905
0.00168804
0.00075732
0.000298621
0.000145781
6.72869e-05
3.26113e-05
1.49422e-05
9.64666e-06
5.72177e-06
0.00281257
0.00275875
0.00251965
0.00224295
0.0019658
0.00169333
0.00144458
0.00107369
0.000791045
0.000241499
9.39759e-05
0.000119119
0.000147552
0.000503354
0.000760179
0.00291559
0.00645503
0.00922465
0.0104135
0.0134121
0.0140817
0.0128251
0.00957329
0.0084028
0.00910722
0.00528819
0.0040627
0.00364584
0.00168039
0.00164001
0.00143183
0.00123464
0.00111713
0.000761134
0.000860365
0.000529501
0.000463985
0.000479189
0.000342583
0.000290425
0.000212651
0.000272812
0.000206101
0.000213465
0.000287037
0.00147987
0.00158577
0.00216916
0.00273522
0.00361209
0.00446587
0.00455177
0.00216885
0.00213953
0.00223893
0.00312437
0.0038469
0.00519865
0.00620309
0.00762483
0.00479299
0.00367722
0.00143172
0.00133712
0.0014305
0.0013975
0.00142408
0.00144133
0.001286
0.00143487
0.00126843
0.00138979
0.00133584
0.0012539
0.00130851
0.00131616
0.0013186
0.00128068
0.0012902
0.00130102
0.00134198
0.00119594
0.00132771
0.00124455
0.00139399
0.00121791
0.00121826
0.00122115
0.00120973
0.000677756
0.00100946
0.000196451
0.000751057
0.000110588
0.000109287
0.000209329
0.000626901
0.000496973
0.00266135
0.00291078
0.00264874
0.00411271
0.0032869
0.00444294
0.00467988
0.00735278
0.00653292
0.00385863
0.00571737
0.0049886
0.00354415
0.0052873
0.00423974
0.00170748
0.00125812
0.00250114
0.00184136
0.00129207
0.00127278
0.000702713
0.000765376
0.000301411
0.000542029
0.000604524
0.000487452
0.000160437
0.000234907
0.000398401
0.000142893
0.000242234
0.000302574
0.000289479
0.000553429
0.000976359
4.45157e-05
4.49381e-05
4.45505e-05
4.50412e-05
4.48998e-05
4.45094e-05
4.31179e-05
0.000501114
0.000679177
0.000500699
0.00257131
0.00248408
0.00228819
0.0020668
0.00155326
0.0012143
0.000737312
0.000554141
0.00199047
0.00159418
0.000928861
0.000728321
0.000671069
0.000427664
0.000416069
0.000304895
0.000185661
8.31708e-05
0.000105676
6.09835e-05
2.20255e-05
5.4859e-06
4.74288e-06
3.35861e-06
3.56451e-06
0.000968451
0.000562315
0.000435575
0.000355082
0.000316394
1.49684e-05
4.86054e-06
6.27941e-06
3.41564e-06
5.35176e-06
7.19124e-06
1.99692e-05
1.20422e-05
3.80253e-05
5.07942e-05
0.000103555
9.81791e-05
5.10213e-05
9.8659e-05
0.000103801
0.000127112
0.000104988
0.000126367
3.6427e-05
6.05439e-05
0.000116366
0.000122163
0.000116329
3.85952e-05
6.87166e-05
0.000146936
1.64805e-05
1.27891e-05
0.000269139
0.000343095
0.000461412
0.000384284
0.000387591
0.000355638
0.000271089
0.000184575
0.000110751
3.83567e-05
3.39939e-05
0.000135054
0.000622396
0.000714501
0.00353293
0.00745585
0.0098129
0.0102898
0.00974811
0.00774027
0.00838357
0.00592913
0.00510574
0.00229463
0.00312407
0.00170977
0.000839229
0.000403065
0.000420042
0.00035565
0.000327795
0.000261551
0.000222795
0.000215592
0.000229872
0.000143218
0.000306426
0.000370407
0.000826178
0.000932538
0.00151419
0.00176194
0.00202355
0.00225454
0.00269167
0.00314494
0.00386996
0.00463191
0.00562679
0.006526
0.00746495
0.0294709
0.00740841
0.00434642
0.0032697
0.00284265
0.00241644
0.00221625
0.00203512
0.00185816
0.0018055
0.00165233
0.00157609
0.00151154
0.00143337
0.00144746
0.00139887
0.00142809
0.00146667
0.00137944
0.001557
0.00135817
0.00137155
0.00141547
0.00141753
0.00130976
0.00133604
0.00136914
0.00134778
0.00114708
0.00120876
0.000950339
0.000434095
0.000258329
0.000245314
0.000267994
0.000403065
0.000450912
0.000337126
0.00198577
0.00316471
0.00268824
0.0025288
0.00169961
0.00142174
0.00364344
0.000980994
0.00142859
0.00127764
0.000941333
0.00102309
0.000829437
0.000136632
0.000589995
9.29683e-05
0.000177086
0.000752218
7.33814e-05
0.000624186
0.000310481
0.00014351
0.000188871
0.000551987
8.92676e-05
0.000323134
0.00011159
0.000751279
0.000433837
0.00101039
9.87245e-05
0.00687674
0.00429029
0.00274321
0.00817063
0.00389042
0.00314623
0.00407822
3.89389e-05
3.89574e-05
3.89523e-05
3.89473e-05
3.8935e-05
3.88587e-05
0.000337881
0.00294706
0.00932419
0.00713712
0.00508251
0.00443838
0.00416934
0.0031556
0.00265737
0.0017678
0.00131185
0.000891225
0.000533832
0.000248956
0.000104915
0.000153636
0.000109577
8.5741e-05
4.1246e-06
7.25638e-06
7.92497e-06
1.05618e-05
1.64736e-05
1.24234e-05
5.32164e-06
9.99135e-06
6.04451e-06
1.68501e-05
3.23977e-05
2.80538e-05
1.06841e-05
7.65792e-06
3.9525e-05
0.000243479
0.000169529
6.44888e-05
3.93913e-05
1.63853e-05
4.562e-06
1.13553e-05
3.7218e-06
1.13835e-05
0.000714643
0.000412528
0.00029756
0.000134474
8.78673e-05
6.05641e-05
1.75432e-05
2.09349e-05
1.19952e-05
6.44357e-06
4.73298e-06
6.90028e-06
5.53841e-06
5.90845e-06
7.12623e-06
8.64629e-06
5.78233e-06
5.75474e-06
7.09708e-06
9.21473e-06
1.67027e-05
1.63862e-05
0.0022364
0.00222901
0.00213569
0.00190627
0.00174156
0.00146088
0.00109206
0.000797215
0.000566792
0.000283131
6.84526e-05
4.1878e-05
5.14459e-05
0.000230577
0.000337284
0.00163191
0.0043784
0.0102511
0.0100533
0.00811683
0.00621217
0.00436741
0.00322676
0.00324731
0.0019786
0.00141813
0.00117255
0.000894182
0.00064324
0.000459464
0.000497375
0.000308813
0.000554189
0.000302851
0.000168374
0.000155881
0.000139666
0.000118648
0.000109293
9.94772e-05
5.97789e-05
8.30579e-05
3.8667e-05
0.000342607
0.00102207
0.00151454
0.00150729
0.00165477
0.00232657
0.00257188
0.00328779
0.00446233
0.00430831
0.00450218
0.0050824
0.00578566
0.00700094
0.00696523
0.00516674
0.00344941
0.00323907
0.00292906
0.00319441
0.00272773
0.00284056
0.00275321
0.00300629
0.00232367
0.00259739
0.00243516
0.00248315
0.00237443
0.00231512
0.0021509
0.00226053
0.00227345
0.00219295
0.00209849
0.00225674
0.00218364
0.00211508
0.00210274
0.00227493
0.00226031
0.00210824
0.00194107
0.0020848
0.00194441
0.001895
0.00196746
0.00095243
0.000842463
0.000145902
0.000425936
0.000489937
0.000193618
0.000167677
0.000243767
0.000151049
0.00104488
0.000381902
0.000789802
0.00222929
0.00247703
0.00317874
0.00287209
0.00407948
0.00483654
0.00453449
0.0043075
0.0040177
0.00442257
0.00619875
0.00499928
0.0055358
0.00605258
0.00496544
0.00410935
0.0039317
0.00645816
0.00469338
0.00331262
0.00228678
0.00344938
0.002782
0.00260233
0.00273304
0.00457508
0.00083752
0.00166413
0.000698276
5.00219e-05
3.70717e-05
3.71162e-05
3.72021e-05
3.71046e-05
3.71732e-05
3.72912e-05
0.00112303
0.00157399
1.70757e-05
0.0079344
0.00807794
0.00709943
0.00626721
0.00612714
0.0054141
0.00521967
0.00440538
0.00359961
0.00255393
0.0018778
0.00103344
0.000663738
0.000252177
0.000205287
7.756e-05
4.93917e-05
1.82472e-05
1.83929e-05
5.97928e-06
5.76368e-06
8.08077e-06
9.15519e-06
5.44195e-05
4.12697e-05
4.30861e-05
0.000110948
8.73777e-05
5.43966e-05
7.29162e-05
0.000204876
0.000161778
0.000167328
0.000141837
0.000154071
0.000131904
0.000106212
0.000110548
9.61585e-05
8.42724e-05
5.52649e-05
5.01056e-05
4.9414e-05
5.93388e-05
2.14913e-05
0.000111387
0.000112196
8.90382e-05
7.11566e-05
5.14309e-05
1.67915e-05
3.35688e-05
9.66241e-05
8.59304e-05
8.65444e-05
9.76849e-05
0.000380198
0.000250449
0.000189502
0.000151241
9.54868e-05
7.63816e-05
4.18515e-05
0.000379305
0.000330272
0.000222479
0.000162649
0.000110337
6.05573e-05
4.32971e-05
3.22093e-05
2.36871e-05
0.00137766
0.00138859
0.00138782
0.00121653
0.000921055
0.000613422
0.000353619
0.000315225
4.91902e-05
0.000157401
0.000407971
0.000507734
0.000735151
0.00307691
0.0055659
0.00793578
0.0074811
0.00658648
0.00456708
0.00381822
0.00220415
0.00133385
0.00161827
0.000529682
0.000475011
0.000444884
0.000478988
0.000530165
0.000366642
0.000199378
0.000190819
0.000159636
8.85852e-05
4.38641e-05
3.07139e-05
1.61568e-05
0.000130256
8.40154e-05
0.000152641
0.00019178
0.000456068
0.00139645
0.00396847
0.00252482
0.00291588
0.00300031
0.00558658
0.00545376
0.00596915
0.00947485
0.0110376
0.0114811
0.00961966
0.00872013
0.012494
0.0145921
0.0230074
0.015395
0.00211724
0.00225088
0.00225056
0.00228513
0.00235616
0.00235276
0.00232078
0.00258196
0.0023836
0.00254186
0.00262683
0.00238768
0.00239184
0.00239565
0.00229824
0.00243929
0.00254163
0.00247251
0.00195687
0.000878133
0.00149697
0.000213918
0.000263494
0.000110414
0.000107457
9.68096e-05
0.000117183
0.000281519
0.000218755
0.000237968
0.00198279
0.00146726
0.00179452
0.0010702
0.00244167
0.00224888
0.0025129
0.00244912
0.00553897
0.00262056
0.00680668
0.00356975
0.00420717
0.00413039
0.00555615
0.00465015
0.00485352
0.0041159
0.00389513
0.00399039
0.00301529
0.00341923
0.00355381
0.00274828
0.00247959
0.00390205
0.00225542
0.00206839
0.00331247
0.00172558
0.00153945
0.00184368
0.000962466
0.000496707
0.000545956
0.000355319
0.000407676
0.000116497
3.67064e-05
4.01916e-06
4.17288e-07
0.000130871
0.000306254
0.000481179
0.00156415
0.00379259
5.05743e-05
5.15802e-05
5.30032e-05
5.45262e-05
5.65318e-05
5.90631e-05
6.18573e-05
6.38661e-05
0.00165959
0.00235377
8.16263e-06
0.000195235
0.00198294
0.00171032
0.00174884
0.00141816
0.00125128
0.00107752
0.000478002
0.000200152
8.90317e-05
2.79395e-05
1.97365e-05
6.97121e-06
7.03349e-06
5.65561e-06
8.88201e-06
2.84607e-05
3.7962e-05
5.57347e-05
5.59583e-05
5.65795e-05
7.79875e-05
0.00011131
0.00016331
7.24624e-05
0.00012652
9.73821e-05
7.21224e-05
3.0154e-05
2.331e-05
8.67222e-05
0.000969726
0.0010284
0.000747685
0.000359929
0.000968227
0.000693433
0.000391046
0.000305489
0.000152426
4.99976e-05
3.74332e-05
1.86073e-05
5.19624e-06
4.63001e-06
4.4247e-06
7.74507e-06
1.18258e-05
7.45079e-06
5.50514e-06
1.4831e-05
6.30477e-06
1.48642e-05
1.13208e-05
1.29846e-05
1.83812e-05
9.80817e-06
5.45189e-06
8.06053e-06
1.54045e-05
5.91825e-06
0.00602844
0.00328744
0.0018406
0.00120775
0.000532127
0.000259659
0.000109018
5.00637e-05
3.53329e-05
2.17032e-05
1.75336e-05
8.05256e-06
0.00373268
0.00345527
0.00322341
0.00295432
0.00257016
0.00232416
0.00194838
0.00149383
0.000923234
0.000612697
0.000236791
0.000142383
0.000235769
0.000421378
0.00228853
0.00462851
0.00716321
0.00769214
0.00785601
0.00621243
0.00544034
0.00272137
0.00186105
0.000840242
0.00060495
0.000432763
0.000287954
0.000231915
7.65597e-05
0.00010755
5.85355e-05
9.54365e-05
9.4935e-05
8.69007e-05
0.000113543
0.00035469
0.000181242
0.000571188
0.00054824
0.00107521
0.000782761
0.000924725
0.00120552
0.00126899
0.00199279
0.00225907
0.00196485
0.00148376
0.00168838
0.00132028
0.00214592
0.00173846
0.00127417
0.00135799
0.0010826
0.00104981
0.00141977
0.000950242
0.00118766
0.00127837
0.000937066
0.000822225
0.000864267
0.000684608
0.000848397
0.000544901
0.000653501
0.00081241
0.000958015
0.0005764
0.000707705
0.000654978
0.000509269
0.000617879
0.000827073
0.000477645
0.000571681
0.000534635
0.000577658
0.000348032
0.000408115
0.000564745
0.00054419
0.000295646
0.000458428
0.000619755
0.000573185
0.000360733
0.000319456
0.000435965
0.000252802
0.000303681
0.000359716
0.000234409
0.000216306
0.000161204
0.000423398
0.0003263
0.000229075
0.00026523
0.000179336
0.000210545
0.000256575
0.000175914
0.000355297
0.00015598
0.000247571
0.000242923
0.000383289
0.000250484
0.000255834
0.00024253
0.000218904
0.000128863
0.000223024
0.000206968
0.000187915
0.000173095
0.000165356
0.000151736
0.000150485
0.000138078
0.000130768
0.000122066
0.000112487
0.000100224
0.000238127
0.00015809
0.00014265
0.000180289
0.00016145
0.000157905
0.000139673
0.000126326
0.0001188
0.000105904
9.816e-05
9.75558e-05
9.19256e-05
9.01106e-05
7.68866e-05
7.28673e-05
7.22623e-05
8.01221e-05
6.90251e-05
6.733e-05
7.10143e-05
7.10647e-05
6.96885e-05
0.00029538
0.000283338
0.000272743
0.000264273
0.000255745
0.000248296
0.000237032
0.000227288
0.000217139
0.000209077
0.00020992
0.000205495
0.000193741
0.000191244
0.000195198
0.000198646
0.000190904
0.000178324
0.000188644
0.000189785
0.000216669
0.000210541
0.000301183
0.000324736
0.000332717
0.00036449
0.000417081
0.000465934
0.000504691
0.000580402
0.000837986
0.00118195
0.00137769
0.0016068
0.00197246
0.00221052
0.00258592
0.00383629
0.0045305
0.00400887
0.00429273
0.00287648
0.00100571
0.000555311
0.000996446
0.000564902
0.000224184
0.00130638
0.00199551
0.00135434
0.00064447
0.00128577
0.00140334
0.000325392
0.000221706
0.000509584
0.0010364
0.000575675
0.000604182
0.000405192
0.00123008
0.00146353
0.00107518
0.000552356
0.00121765
0.00109386
0.000878854
0.000832575
0.00227035
0.00172125
0.00187074
0.00148702
0.00285692
0.00236315
0.0024916
0.00157088
0.003157
0.00396505
0.0031486
0.00331746
0.00278524
0.00546399
0.00435172
0.00766257
0.00592638
0.0059356
0.00655052
0.00505802
0.00305956
0.000891228
0.000880531
0.000928902
0.00395232
0.000878163
0.000871475
0.000856943
0.000852776
0.000845045
0.000824254
0.000833684
0.000824427
0.000844875
0.000840637
0.000832358
0.000836205
0.000832097
0.000820131
0.000797573
0.000807361
0.000804261
0.000798181
0.000794096
0.000787599
0.000783312
0.000778559
0.000777237
0.000773856
0.000772951
0.000770278
0.000769187
0.000765983
0.00077504
0.000771586
0.000772985
0.000768348
0.00076711
0.000761976
0.000766759
0.000771209
0.000767166
0.000769205
0.000784296
0.000779176
0.00077924
0.000761627
0.000753506
0.000749807
0.00075262
0.000754126
0.000753905
0.000762774
0.000780701
0.000418926
0.000375803
0.000265214
0.000744504
0.000740507
0.000744977
0.000749424
0.000751612
0.000330364
0.000747106
0.000742118
0.000749649
0.000742089
0.000717753
0.000745402
0.000759961
0.000520081
0.000680714
0.000676272
0.00049416
0.000512265
0.000372838
0.000126804
0.000125893
0.000130017
0.000122804
0.000121832
0.00014705
0.000144915
0.000200103
0.000159334
0.000156912
0.00024825
0.000500121
0.000628964
0.000858387
0.00163092
0.00159232
0.00192147
0.00150033
0.00165282
0.00147865
0.00144107
0.00212413
0.00291364
0.00282443
0.00282843
0.00240952
0.00233313
0.00240561
0.00479385
0.00521503
0.00236679
0.00248195
0.00537589
0.00510161
0.00536914
0.00505751
0.0049897
0.00404696
0.00397727
0.00528219
0.00485887
0.00491836
0.00394337
0.0035842
0.00391963
0.00236366
0.00306121
0.00404567
0.00403632
0.0035096
0.00327502
0.00197068
0.00185563
0.00223982
0.00208159
0.00177481
0.00160961
0.00154941
0.00137922
0.00102367
0.00107563
0.00131617
0.00101683
0.00087568
0.000918928
0.000138977
0.000161113
0.000298654
0.000297719
0.000178612
9.29861e-05
9.99715e-05
0.000108398
0.000103431
9.0048e-05
0.000160483
0.000117762
9.59875e-05
0.000118961
0.000101109
0.000213337
0.000217776
0.000147708
0.000118486
0.000519362
0.000405738
0.000104938
0.000453243
0.000215474
0.000145093
0.000101082
0.000113155
0.000100982
0.00012141
0.000440218
0.000241076
0.000261369
0.000328283
0.000118823
0.00214633
4.72699e-05
4.72621e-05
4.72521e-05
4.72461e-05
4.72375e-05
4.72317e-05
4.72329e-05
4.72205e-05
4.73038e-05
4.72839e-05
4.76463e-05
8.5256e-05
8.48336e-05
8.50146e-05
0.000492002
3.98842e-05
4.76804e-05
5.68934e-05
4.75088e-05
0.000762408
0.000663552
0.000796852
0.000707739
0.000767054
0.000683933
0.000500684
0.000434581
0.000219271
0.000180801
0.00016795
6.85771e-05
5.36314e-05
4.19804e-06
2.58757e-06
1.99872e-05
2.45912e-05
2.22132e-05
3.77375e-05
4.01169e-05
3.73631e-05
1.30646e-05
6.38691e-05
6.75034e-05
0.000109953
0.000112176
0.000143412
0.000144759
8.97985e-05
8.8551e-05
6.26123e-05
4.41471e-05
4.57116e-05
4.12306e-05
2.51113e-05
2.52796e-05
3.18831e-05
3.13604e-05
2.77767e-05
5.19648e-05
5.32685e-05
5.12481e-05
4.51849e-05
8.02513e-05
5.91421e-05
5.29368e-05
2.99477e-05
1.95643e-05
2.09935e-05
1.39946e-05
1.97331e-06
1.8814e-06
3.34153e-06
2.86599e-06
1.26518e-05
6.88816e-06
3.05523e-06
1.50714e-06
1.54456e-05
1.76255e-05
3.6715e-05
3.36268e-05
1.06126e-05
1.17197e-05
1.14687e-05
6.72085e-06
6.0452e-06
1.19362e-05
1.26801e-05
1.37805e-05
1.3634e-05
1.26088e-05
1.92724e-06
4.25835e-06
4.27026e-05
4.26967e-05
2.1783e-05
3.37433e-05
8.2072e-05
0.000100833
0.000117376
0.000150053
0.000122044
0.000150365
0.000204903
0.00028269
0.000168872
0.00016002
0.000203308
0.000195765
0.000227408
0.000200156
0.000248751
0.000403534
0.000348953
0.000192554
0.00038515
0.000246037
0.000461649
0.000243951
0.000459222
0.000386857
0.000326178
0.000572355
0.000484371
0.000347709
0.000390728
0.000326945
0.000420042
0.000463477
0.0110191
0.00721097
0.0042128
0.00222764
0.00114765
0.000608224
0.000275909
0.000133914
4.87167e-05
2.45673e-05
1.47528e-05
6.09133e-06
4.7466e-06
3.24245e-06
2.67533e-06
2.69806e-06
2.83071e-06
2.6503e-06
2.70499e-06
3.34857e-06
2.91705e-06
3.11914e-06
3.45445e-06
3.0529e-06
5.09827e-06
5.56444e-05
4.20918e-05
1.58576e-05
1.14112e-05
9.13125e-06
6.80902e-06
3.66427e-06
4.09226e-06
5.55772e-06
0.00294466
0.00276712
0.00260969
0.00245256
0.00190584
0.00171936
0.00151163
0.00140752
0.00133105
0.00128771
0.00115932
0.00105317
0.000883095
0.000828282
0.000677852
0.000550021
0.000469335
0.000448686
0.000317118
0.000274182
0.000133297
0.00014037
5.08722e-05
3.85176e-05
1.17622e-05
1.57891e-05
1.19711e-05
5.64638e-05
6.40474e-05
0.00021743
0.000240545
0.000264294
0.000618049
0.000644103
0.000440051
0.00068094
0.000614704
0.000872463
0.000875383
0.000710524
0.00275705
0.00250945
0.00525455
0.00540951
0.00863838
0.00863633
0.00795156
0.00958078
0.00950767
0.0107504
0.0118784
0.0109075
0.0120655
0.0114155
0.0109516
0.0104525
0.00950295
0.00957623
0.00795434
0.00733345
0.00649948
0.00288476
0.0031173
0.0024385
0.00340622
0.00276651
0.00197449
0.0023426
0.00168499
0.00109637
0.0013274
0.000806193
0.000748658
0.00082534
0.000631854
0.000774069
0.00076952
0.000358194
0.000391679
0.000222499
0.000479731
0.000339399
0.000218181
0.000218499
0.000220515
0.000245365
0.00030832
9.28931e-05
9.73471e-05
8.5644e-05
8.48606e-05
7.16652e-05
8.15196e-05
8.46975e-05
6.83264e-05
0.000245313
0.00013004
0.000208557
0.000207856
0.000241464
0.000214713
0.00025642
0.000572671
0.000805676
0.000582642
0.000579017
0.000609114
0.000825367
0.00112035
0.00126191
0.00103216
0.0012409
0.00135093
0.00126464
0.00141883
0.00152392
0.00183456
0.0017913
0.00172282
0.00155557
0.00162762
0.0019092
0.00226674
0.00168604
0.00118311
0.000862322
0.00191893
0.00112634
0.00160437
0.00131948
0.001635
0.00156315
0.00129497
0.00279409
0.00213122
0.0033261
0.00258284
0.0026097
0.00139431
0.00351126
0.00267611
0.00394928
0.00323855
0.00210035
0.00124586
0.00258144
0.00132911
0.00131362
0.00143413
0.00138455
0.001398
0.00121657
0.00123426
0.00145232
0.00143541
0.00139368
0.00136476
0.00137133
0.00136411
0.00150851
0.00148355
0.00140018
0.0013979
0.0013658
0.00135214
0.00133725
0.00133652
0.00139602
0.00135862
0.00127639
0.00131016
0.00121109
0.00120517
0.0013038
0.0013052
0.00131867
0.00128956
0.00133505
0.00126799
0.00124251
0.00125638
0.00122803
0.00122881
0.00125622
0.00126657
0.00124116
0.00125232
0.00133278
0.0013548
0.00123516
0.00121192
0.00122971
0.00119729
0.00117657
0.00117555
0.00131756
0.00130172
0.00111837
0.00110278
0.00110953
0.00120879
0.0011871
0.00118726
0.00113426
0.00113751
0.00113514
0.00111818
0.000996335
0.000243335
0.000167588
0.000346549
0.000343498
0.000293121
0.000189199
0.000188396
0.000128033
0.00012548
0.000479151
0.000640407
0.000765563
0.000194708
0.000190155
0.000216161
0.000826603
0.000799688
0.000957763
0.00106284
0.00146283
0.000348432
0.000338243
0.000440425
0.00108633
0.00104614
0.00125606
0.000647316
0.000624579
0.000942355
0.00278831
0.00291284
0.00242944
0.00230583
0.00308168
0.00279786
0.00273316
0.00273814
0.00236043
0.00411603
0.00430678
0.0042441
0.00387057
0.00370458
0.00316694
0.00285357
0.00193728
0.00347436
0.0030372
0.00266103
0.0016422
0.0018476
0.0016177
0.00148414
0.00140211
0.00215238
0.00182725
0.00174891
0.000991622
0.000856278
0.000631435
0.000735965
0.000581171
0.000516666
0.000589417
0.000716558
0.0011197
0.00100063
0.000403401
0.000425534
0.000116419
0.000121799
0.000127707
0.000256313
0.000265124
0.000560833
0.00057774
0.000326856
0.000305123
0.000350074
0.00255496
0.00150367
0.000802583
0.000472154
0.00025263
0.000159044
0.000123773
0.000102327
7.76053e-05
7.93648e-05
7.57142e-05
7.61168e-05
0.000180523
0.000214054
0.000174926
0.000102306
7.99809e-05
7.8643e-05
8.37147e-05
7.14596e-05
0.000138026
0.000137788
0.000141125
0.000535714
0.000638688
9.69388e-05
7.9636e-05
7.4516e-05
0.000152913
0.00257921
0.00197956
4.59107e-05
4.59176e-05
4.59169e-05
4.59101e-05
4.59213e-05
4.58989e-05
4.5859e-05
4.58613e-05
4.58652e-05
4.59034e-05
4.69063e-05
4.69094e-05
4.70878e-05
0.00195945
0.00183221
0.000299934
0.000299187
0.000375834
0.000310724
0.000932269
0.000840281
0.000904338
0.000832053
0.000755597
0.000683694
0.000459952
0.000427649
0.000378613
0.000160248
0.000130615
6.35236e-05
4.93524e-05
1.45572e-05
1.10444e-05
1.37261e-05
9.84611e-06
5.12568e-06
5.65156e-06
9.44085e-06
1.17288e-05
1.07509e-05
1.30688e-05
2.35396e-05
2.47117e-05
5.01816e-05
5.19975e-05
9.0413e-05
9.00488e-05
8.29149e-05
8.1742e-05
8.50367e-05
8.5183e-05
8.01102e-05
6.57398e-05
6.44132e-05
0.000114508
0.000102211
5.87915e-05
4.71036e-05
2.59013e-06
0.000836479
0.000669182
0.000470084
0.000364896
0.000287216
0.000221768
0.00033038
0.000253524
0.000225084
0.000168423
0.000147822
0.000114969
8.31763e-05
4.92731e-05
3.45862e-05
5.34917e-05
1.58608e-05
9.07035e-06
2.89589e-05
1.87085e-05
8.91593e-06
5.27957e-06
1.69592e-05
1.01312e-05
5.64814e-06
3.38709e-06
3.24057e-06
2.86951e-06
9.99641e-06
1.13169e-05
3.54916e-06
3.09952e-06
3.14474e-06
1.20042e-05
0.00192204
0.00158725
0.000903847
0.000693554
0.00057926
0.0004228
0.000327454
0.00048002
0.000357623
0.000298457
0.000305178
0.000221119
0.000186312
0.000130054
0.000112232
1.40739e-05
7.89179e-06
4.37883e-06
4.73591e-06
5.16373e-06
7.91109e-06
4.59594e-05
2.94694e-05
2.77712e-05
4.14983e-06
5.3819e-06
5.09601e-06
1.67268e-05
2.15557e-05
1.76782e-05
1.40681e-05
1.69421e-05
3.54858e-06
4.61399e-06
3.13733e-05
1.99623e-05
5.32314e-06
3.7091e-06
3.99659e-06
1.5018e-05
1.89003e-05
1.44148e-05
3.46431e-05
2.25334e-05
6.64446e-06
9.14497e-06
5.77199e-06
3.89928e-06
4.1317e-06
3.69879e-06
4.47287e-06
6.94326e-06
4.24225e-06
4.12815e-06
3.79204e-06
0.000175345
0.000500113
0.000364181
0.000291326
1.10356e-05
0.000136998
0.00100299
0.000718632
0.000557192
0.000358326
0.000245445
0.000202797
0.000139555
7.87446e-05
5.71573e-05
7.62861e-05
4.8763e-05
3.999e-05
4.30763e-05
2.91736e-05
1.10303e-05
8.25442e-06
7.0057e-06
5.54961e-06
6.00743e-06
7.30529e-06
5.83446e-06
6.46897e-06
1.1849e-05
8.27614e-06
9.64654e-06
8.32758e-06
6.57441e-06
7.77569e-06
7.65157e-06
6.78143e-06
7.90247e-06
6.82725e-06
7.65221e-06
8.09656e-06
9.40332e-06
1.40593e-05
9.88486e-06
1.34172e-05
1.8862e-05
1.56243e-05
0.000774934
0.00059428
0.000402713
0.00141318
0.00125992
0.000642648
0.000799386
0.000365919
0.000343188
0.000218003
8.28172e-05
7.87289e-05
8.14563e-05
0.000128266
9.45577e-05
0.00167556
0.00166157
0.00128509
0.0022293
0.00221022
0.0050818
0.00633363
0.00624277
0.00696745
0.00820712
0.00793826
0.00701372
0.00805562
0.00764703
0.00850106
0.00894067
0.00853923
0.00783689
0.00721962
0.0071737
0.00634936
0.00381849
0.00361163
0.00448867
0.00301642
0.00298888
0.0018834
0.00222573
0.00152735
0.00160247
0.00109521
0.000809785
0.000530407
0.000698443
0.000503538
0.00025825
0.000254503
0.000183977
0.000320589
0.000183998
8.48755e-05
0.000117886
8.78108e-05
0.000128994
0.000160197
0.000154294
0.000280692
0.000194159
0.000408657
0.00148865
0.00146421
0.00139775
0.0013763
0.00125634
0.00116288
0.00117057
0.0011679
0.00108994
0.00111135
0.00112061
0.00105912
0.00109805
0.00108497
0.00103467
0.00106005
0.0009654
0.00115025
0.00117863
0.00113046
0.00109748
0.00117387
0.0012347
0.00129079
0.00134623
0.00126316
0.00151408
0.00147699
0.00154415
0.00149349
0.00146223
0.00159581
0.00176542
0.00172935
0.00184646
0.0016559
0.00162939
0.00169421
0.00157193
0.00164748
0.0018536
0.00197512
0.0020865
0.00201348
0.00198548
0.00205738
0.00212668
0.00213927
0.00222714
0.00222617
0.00231373
0.00229544
0.00223188
0.0022323
0.00210231
0.00209148
0.00211398
0.00209507
0.00207345
0.00200384
0.00200668
0.00202022
0.00200039
0.002014
0.00196176
0.00198531
0.00210813
0.0020752
0.00210312
0.00199682
0.00203696
0.00211006
0.00212973
0.00200479
0.00203669
0.00214146
0.00219178
0.0022398
0.00210683
0.00219624
0.00224721
0.00219147
0.00225918
0.00209443
0.00218089
0.0012669
0.00124089
0.000749089
0.000259186
0.000257627
0.000242568
0.000527271
0.000287922
0.000224416
0.000809643
0.000760924
0.00107198
0.000417905
0.000953164
0.00149967
0.00182727
0.00159097
0.00154073
0.0024298
0.00249507
0.0022586
0.00291981
0.00401633
0.00409039
0.00272606
0.00236036
0.00354261
0.00298977
0.00420034
0.00445576
0.00288031
0.00285903
0.00332801
0.00286456
0.00343782
0.00260164
0.00240679
0.00250416
0.00219303
0.00166561
0.00144286
0.00113627
0.00146357
0.00122225
0.00138629
0.00127306
0.00125479
0.000947418
0.00296805
0.0024613
0.000806476
0.000720701
0.00141845
0.00124112
0.0024958
0.00271573
0.00349241
0.00542578
0.0052869
0.00551623
0.00246369
0.0022879
0.00212508
0.000153701
0.0199504
0.0170087
0.00448683
0.00417224
0.000927336
0.000228299
0.000170698
0.000159867
0.000345289
0.000106912
6.4615e-05
0.000150406
0.000252834
0.000262188
1.42722e-05
2.01949e-05
0.000267868
0.000199556
0.000176668
0.000143458
0.000104452
0.000272976
0.000216831
0.000257114
0.000206072
9.12063e-05
7.51898e-05
0.000121688
0.000118013
0.000109165
4.29174e-05
3.24013e-05
9.31043e-06
9.04842e-06
8.90501e-06
9.78515e-06
9.45472e-06
1.12376e-05
1.67981e-05
1.96125e-05
2.26466e-05
1.58885e-05
1.53791e-05
1.37623e-05
1.49961e-05
1.60572e-05
1.4879e-05
1.61519e-05
1.22295e-05
1.61426e-05
1.559e-05
2.32221e-05
2.28371e-05
1.35375e-05
1.32623e-05
5.03812e-05
4.97021e-05
4.52639e-05
1.08712e-05
1.29886e-05
1.00622e-05
1.15813e-05
1.11579e-05
1.00613e-05
9.96787e-06
1.0005e-05
1.03479e-05
9.33908e-06
4.61759e-05
2.83403e-05
5.12344e-05
3.1219e-05
1.0834e-05
1.24525e-05
1.07451e-05
8.26491e-06
8.69113e-06
8.55487e-06
1.65662e-05
1.22028e-05
1.4287e-05
1.44716e-05
5.02922e-05
4.51837e-05
4.28245e-05
7.62977e-05
5.93087e-05
4.67651e-05
4.37399e-05
3.92428e-05
2.63942e-05
2.16768e-05
1.52215e-05
1.33091e-05
1.00182e-05
1.15917e-05
1.51586e-05
1.54343e-05
2.09384e-05
1.72349e-05
1.44124e-05
1.9713e-05
1.02762e-05
1.07555e-05
2.10201e-05
5.32252e-05
7.89141e-05
5.43715e-05
5.3661e-05
6.29098e-05
2.47701e-05
3.0873e-05
4.27532e-05
5.08937e-05
4.41918e-05
3.30419e-05
3.88712e-05
3.55429e-05
3.8024e-05
2.88941e-05
3.53378e-05
3.34596e-05
5.1483e-05
5.29747e-05
5.85936e-05
3.77976e-05
4.40687e-05
5.37373e-05
6.06954e-05
4.42453e-05
4.95629e-05
6.00758e-05
6.59479e-05
3.83531e-05
4.26393e-05
6.06386e-05
6.037e-05
6.57283e-05
6.85691e-05
5.49641e-05
5.76436e-05
5.2708e-05
5.48916e-05
3.7431e-05
3.93323e-05
3.52936e-05
4.50602e-05
4.60097e-05
3.71823e-05
3.27329e-05
3.19883e-05
3.13044e-05
3.32939e-05
3.26692e-05
2.48431e-05
2.44773e-05
2.29147e-05
2.05532e-05
2.03737e-05
1.97297e-05
1.90698e-05
1.8701e-05
1.76466e-05
1.77469e-05
1.70388e-05
1.73872e-05
0.000152417
0.00851923
0.00753241
0.00678595
0.0057804
0.00459211
0.0059594
0.00327882
0.00386545
0.00318046
0.00014906
0.000184723
0.000308965
0.00047957
0.000386936
0.000303669
0.000374946
0.00032606
0.000379453
0.000377621
0.000378906
0.000326662
0.000289824
0.00032916
0.000278863
0.000233325
0.000202609
0.000142285
0.000113503
0.000119337
6.24435e-05
5.64633e-05
7.48549e-05
8.60136e-05
5.76991e-05
0.000200378
0.000205897
0.000583413
0.000620649
0.000404235
0.00060803
0.000649211
0.000762848
0.000578158
0.000682484
0.000996437
0.00203504
0.00185604
0.00351098
0.0038407
0.00336479
0.00365971
0.00402926
0.0035936
0.00319654
0.00262449
0.0025554
0.00195885
0.000883072
0.000807671
0.00067835
0.000567289
0.000125792
0.000135055
6.87701e-05
4.3055e-05
1.21575e-06
5.11095e-05
2.27198e-06
9.14499e-06
0.00011923
0.00014087
0.000124772
6.05733e-05
0.000240277
0.000170736
0.000155333
0.000242068
0.000307316
0.000306881
0.000425208
0.000520967
0.00067303
0.000799248
0.000842501
0.000601064
0.000754602
0.00105618
0.00109741
0.00118985
0.00133019
0.00216151
0.00243238
0.00138306
0.0012564
0.00155208
0.00183782
0.00212156
0.00237728
0.00226833
0.00251383
0.002318
0.00246847
0.0023329
0.00259508
0.00293692
0.00352398
0.00307465
0.00380314
0.00369152
0.00339635
0.00371007
0.00376216
0.00381889
0.00486736
0.00497934
0.00549265
0.00430656
0.00542045
0.00529214
0.00541253
0.00572443
0.00519535
0.00579409
0.00504924
0.0062296
0.00634778
0.00812098
0.00552436
0.00676252
0.00693884
0.00671526
0.007586
0.00933256
0.0116229
0.0111387
0.0111532
0.00909806
0.00917825
0.00734665
0.00620915
0.00784061
0.0126831
0.0132358
0.0111823
0.0059818
0.0105136
0.00683763
0.0131909
0.0130569
0.00602744
0.00142347
0.0014295
0.00141911
0.00133079
0.001328
0.00139548
0.00136743
0.00136323
0.00143693
0.00183338
0.00132654
0.00167002
0.00165874
0.00179788
0.00174934
0.00123639
0.00155157
0.00126768
0.00156631
0.0012493
0.00124296
0.0012715
0.00126128
0.00133937
0.00167
0.00121163
0.00143417
0.00142851
0.00120727
0.00141556
0.001261
0.00125744
0.00132264
0.00143197
0.00128596
0.00129586
0.00134947
0.00133409
0.00137634
0.00135253
0.00137021
0.0015938
0.0015621
0.00131547
0.00129826
0.00131495
0.00132159
0.00129175
0.0012915
0.00122818
0.00122116
0.00121868
0.00121048
0.00119716
0.0012215
0.00116289
0.00114368
0.00116227
0.00121266
0.00123771
0.00117929
0.00103607
0.000202537
0.000158996
0.000452506
0.000307676
0.000650542
0.000644428
0.000414723
8.87161e-05
8.69174e-05
9.30364e-05
8.59676e-05
8.62347e-05
8.57567e-05
8.45629e-05
0.000186106
0.000280252
0.000540188
0.000528558
0.000614351
0.000764834
0.000688054
0.000764486
0.000839808
0.00159739
0.00196803
0.00185068
0.00177358
0.00201112
0.00237562
0.00226202
0.00234942
0.00335325
0.00337218
0.0023813
0.00235397
0.00268105
0.00249089
0.00256908
0.00228245
0.00262165
0.00227232
0.00215454
0.00239582
0.00400178
0.00402495
0.00294758
0.00344741
0.00333394
0.00307471
0.00301015
0.00276207
0.00256521
0.0028026
0.00265187
0.00452902
0.00401305
0.00350419
0.0012898
0.00117672
0.00109954
0.00171313
0.00153449
0.000995994
0.00115491
0.00104623
0.00102173
0.00115506
0.00104239
0.00102064
0.00161266
0.00141729
0.00136214
0.00112171
0.00113468
0.00210052
0.00191184
0.000446096
0.000428294
0.00036847
0.00057357
0.000664641
0.000496116
0.000527061
0.00053905
0.000514658
0.000475491
0.00244631
0.00217594
0.00194087
0.00156679
0.00158749
0.00151716
0.00125404
0.00110313
0.00107412
0.000855803
0.000826817
0.0010028
0.000822107
0.000665285
0.000569425
0.000567706
0.000154611
0.000126627
0.000133541
0.000206378
0.000165566
0.000217906
6.26666e-05
4.79277e-05
5.21175e-05
3.17598e-05
3.7056e-05
5.28723e-05
4.13555e-05
5.30079e-05
5.9479e-05
3.29897e-05
3.24051e-05
4.42392e-05
5.84641e-05
0.0002143
0.000185342
0.000474346
0.000539202
0.00038745
0.000506238
0.000419608
6.4233e-05
6.33684e-05
6.52227e-05
6.58866e-05
6.57954e-05
6.58619e-05
6.71009e-05
6.41339e-05
6.59796e-05
4.63687e-05
4.62835e-05
4.09954e-05
4.12879e-05
4.06776e-05
6.12944e-05
6.08541e-05
6.11064e-06
1.46528e-06
2.50985e-05
3.33793e-05
0.000859115
0.000751401
0.00122458
0.00112171
0.000894074
0.000828412
0.00138484
0.00124298
0.000352166
0.000307077
0.000203036
0.000174907
0.000168189
0.000145721
0.000138965
6.30745e-05
5.51162e-05
7.88445e-05
5.75668e-05
1.28695e-05
1.48028e-05
1.40166e-05
1.61193e-05
1.76311e-05
1.59221e-05
5.57138e-05
5.4382e-05
2.93275e-05
2.93018e-05
8.59816e-06
7.41755e-06
7.48136e-06
5.40942e-05
5.08156e-05
4.44095e-05
3.90083e-05
6.68791e-06
8.76899e-06
1.90306e-05
2.58068e-05
2.54531e-05
7.80614e-06
1.65605e-05
8.24266e-06
1.18902e-05
4.71043e-05
4.89666e-05
8.49056e-05
8.97855e-05
9.50956e-05
5.72096e-06
4.40313e-06
4.41358e-06
6.36323e-06
1.10171e-05
9.39562e-06
5.43607e-06
8.03258e-06
9.30377e-06
5.33084e-06
5.5862e-06
6.0459e-06
1.00208e-05
7.43341e-06
7.32216e-06
1.33952e-05
1.76608e-05
8.58309e-06
1.0274e-05
4.02554e-05
4.54364e-05
4.02179e-05
2.86471e-05
3.03057e-05
4.88365e-05
5.01181e-05
1.04845e-05
1.16465e-05
2.1478e-05
2.19447e-05
2.19248e-05
2.31683e-05
2.11402e-05
4.29713e-05
4.291e-05
4.10556e-05
4.26319e-05
4.00916e-05
3.41735e-05
1.17487e-05
1.14952e-05
1.09857e-05
1.30395e-05
1.21648e-05
1.15486e-05
1.08152e-05
1.28225e-05
1.11138e-05
1.23769e-05
1.14419e-05
1.23227e-05
1.23462e-05
1.47069e-05
2.00175e-05
2.72949e-05
3.91712e-05
2.9824e-05
4.57289e-05
4.40221e-05
6.4137e-05
7.9849e-05
8.92925e-05
0.000123761
0.000122205
7.1358e-05
0.000104917
0.000106309
0.000151709
0.00016667
0.000231832
0.000230502
0.000199726
0.000181495
0.000902183
6.25651e-05
0.000834785
0.000632055
0.000496851
0.000454318
0.000569849
0.000445399
0.000401993
0.000257425
0.000191045
0.000169905
0.000163049
0.000111884
0.000105715
8.70291e-05
5.62018e-05
5.39425e-05
4.87236e-05
2.99036e-05
1.46829e-05
9.03982e-06
1.49545e-05
8.15895e-06
9.23622e-06
6.24886e-06
5.99397e-06
1.00111e-05
6.90685e-06
7.03227e-06
6.72809e-06
8.24069e-06
7.51505e-06
7.11905e-06
1.64742e-05
2.23622e-05
3.1339e-05
2.47461e-05
9.46856e-06
1.36663e-05
1.21773e-05
1.85295e-05
2.63457e-05
1.97833e-05
2.18506e-05
2.58903e-05
3.32363e-05
3.57746e-05
1.65716e-05
2.28928e-05
1.97734e-05
1.34756e-05
1.33866e-05
1.11854e-05
0.0187298
0.016789
0.0148486
0.0130944
0.0113837
0.00952481
0.00802426
0.0064701
0.00516154
0.00400963
0.00301624
0.0022921
0.002579
0.00216046
0.00197577
0.00134658
0.0013232
0.000819589
0.000713127
0.000395231
0.000337061
0.000320565
0.000133246
0.000160685
3.84477e-05
4.66075e-05
9.94172e-05
0.000499394
0.00296429
0.00293029
0.00252264
0.00362552
0.00610872
0.00731799
0.00717813
0.00543532
0.00799767
0.00845147
0.00785556
0.00821752
0.00731398
0.00627936
0.00636647
0.00586462
0.00558924
0.00471131
0.00451176
0.00299686
0.00305404
0.002549
0.00238256
0.0019125
0.00128392
0.000891201
0.000581622
0.000556749
0.000871898
0.000329036
0.000153648
0.000155177
0.000169195
0.000125791
0.00012491
0.000137728
0.000116213
0.000158974
0.000187626
0.000201139
0.000180741
0.000241931
0.0001843
0.000309698
0.00017705
0.000222876
0.000294114
0.000283961
0.000424879
0.000369597
0.000516786
0.000368678
0.00369101
0.00326042
0.00307616
0.00288035
0.00272343
0.00269408
0.00242578
0.00234751
0.00226834
0.00198912
0.00191488
0.00202694
0.00202377
0.0017217
0.00171587
0.00190217
0.00195648
0.00154559
0.00161033
0.00152816
0.00160486
0.00149767
0.00143462
0.00142368
0.00143962
0.00142308
0.00163328
0.00157681
0.0016421
0.00151963
0.00147712
0.001587
0.00146765
0.00143332
0.00151471
0.00158118
0.00154647
0.00167025
0.00163866
0.00160601
0.00174523
0.00175457
0.00172254
0.00187882
0.00184747
0.00194904
0.00204109
0.00203852
0.00200534
0.00213913
0.00229731
0.00245542
0.0026397
0.0025088
0.00246663
0.00249973
0.00242683
0.00245873
0.00250096
0.00245269
0.00251492
0.00248162
0.00250919
0.00251872
0.00256949
0.00253679
0.00259128
0.00248752
0.00263348
0.00268487
0.00287025
0.0030186
0.00263613
0.00264199
0.00285449
0.00291226
0.00239798
0.00173119
0.000658805
0.00162233
0.0010862
0.000259464
0.000345683
0.000333017
0.000506157
0.00120537
0.00180102
0.00113605
0.0014345
0.00177291
0.00244188
0.00228892
0.0020785
0.00279407
0.00323212
0.0040962
0.00255913
0.00224816
0.00308973
0.00218396
0.00292858
0.00321196
0.00319086
0.00289366
0.00312644
0.00369323
0.00323194
0.00281109
0.0024704
0.00265546
0.00228409
0.00206587
0.00208869
0.00235641
0.00171657
0.00190007
0.00165939
0.00138025
0.00156332
0.00195184
0.00122431
0.00209446
0.00178654
0.00147803
0.00184114
0.0028221
0.00247984
0.00223976
0.00153437
0.0018776
0.00220011
0.00219405
0.0014207
0.00133381
0.00192229
0.00316263
0.0034655
0.00699423
0.00660521
0.00689764
0.00168934
0.00165662
0.00191512
0.00101666
0.0078522
0.0063509
0.00515539
0.0044057
0.00128336
0.000239724
0.000253172
0.000188098
0.000741192
0.000735545
0.000671947
0.000781171
0.000792863
0.000602272
0.00060807
0.000153576
4.32166e-05
2.70146e-05
0.000290552
0.000224097
0.000329553
0.000258321
0.000235879
0.000188257
9.65978e-05
7.36232e-05
6.19749e-05
4.32013e-05
1.99225e-05
4.43181e-05
5.54429e-05
6.9326e-05
6.2199e-05
0.000121331
0.000127229
1.78492e-05
2.03768e-05
5.51184e-05
6.45873e-05
2.05185e-05
2.4868e-05
2.33697e-05
3.7056e-05
4.47632e-05
4.35793e-05
0.000110241
0.000114894
0.000104905
0.000111091
5.94093e-05
6.70591e-05
0.000102469
0.000106032
6.34727e-05
5.22012e-05
3.73181e-05
3.88582e-05
4.57932e-05
2.92515e-05
5.15252e-05
3.75282e-05
6.67811e-05
4.82073e-05
4.28308e-05
3.23888e-05
2.7764e-05
1.53232e-05
1.43691e-05
1.45541e-05
1.45273e-05
1.42425e-05
1.28468e-05
1.30495e-05
1.38817e-05
1.37545e-05
1.41815e-05
1.76968e-05
1.71372e-05
1.6265e-05
1.17733e-05
1.29156e-05
1.35428e-05
1.48101e-05
2.49342e-05
1.97369e-05
4.51734e-05
8.02084e-05
8.49939e-05
6.85149e-05
7.771e-05
0.000229655
0.000234718
0.000108201
0.000198055
0.000148136
0.000248538
0.000112858
0.000153375
0.000142661
0.000150357
0.000158971
0.000209415
0.000201952
0.000270762
0.000252229
0.000214648
0.000335091
0.000337715
0.000437542
0.0003958
0.000288006
0.000348902
0.000308744
0.000296676
0.00060542
0.000543827
0.000311514
0.000411688
0.000352898
0.000509101
0.00060448
0.000482423
0.000589272
0.00060718
0.000769381
0.000656945
0.000633379
0.000744115
0.000616887
0.000516186
0.00100278
0.000835332
0.00050018
0.00101388
0.000828324
0.000391026
0.000523593
0.000466558
0.0172439
0.0124603
0.00814466
0.00485212
0.00257116
0.00134145
0.000740712
0.000351533
0.000176223
9.22094e-05
3.94754e-05
3.23917e-05
3.32434e-05
5.27735e-05
4.0107e-05
3.24264e-05
3.31365e-05
3.29486e-05
3.4029e-05
3.41584e-05
3.24723e-05
3.73036e-05
3.58022e-05
4.11281e-05
3.81675e-05
3.74143e-05
9.23366e-05
8.41815e-05
0.000100973
6.91892e-05
5.59859e-05
5.15887e-05
4.02683e-05
4.06057e-05
3.885e-05
3.6801e-05
3.77035e-05
3.6911e-05
4.25922e-05
4.07567e-05
4.13414e-05
4.10273e-05
4.19816e-05
3.98808e-05
4.06737e-05
4.00439e-05
0.00667548
0.00630004
0.00557377
0.00476626
0.00469875
0.00411012
0.00363267
0.00352294
0.00312529
0.0029145
0.00272633
0.00261757
0.00238793
0.00207291
0.00180592
0.00159634
0.00138433
0.00120401
0.00109201
0.0008891
0.000777096
0.000709398
0.000485242
0.000414705
0.000427097
0.000215651
0.000248016
0.000178155
0.000173634
0.000103051
0.000107253
0.000104474
0.000193525
0.000180413
0.000364764
0.000412641
0.000202081
0.000176523
0.000819215
0.000799597
0.000959009
0.00293463
0.00265729
0.00315423
0.00366419
0.00387735
0.00388796
0.00373447
0.00380211
0.0037322
0.00308182
0.00292679
0.00243333
0.00209608
0.00146697
0.000858581
0.00076927
0.000566705
0.000559388
0.000278571
0.000148562
0.000143129
0.000401981
0.000166322
1.82524e-06
2.25537e-05
2.33563e-06
7.78791e-05
0.000243827
0.000485927
0.000277405
0.000519175
0.000647371
0.000678858
0.000660465
0.000768097
0.000614913
0.000757765
0.000747584
0.000791797
0.000873102
0.0011667
0.000878172
0.00128488
0.00136735
0.00148476
0.00129384
0.00126833
0.00151375
0.00145828
0.00167061
0.00168064
0.00197436
0.00249822
0.00248886
0.00278144
0.00248195
0.00284332
0.00251184
0.00241888
0.00312427
0.00356929
0.00384509
0.00290866
0.00303032
0.00361635
0.00369831
0.00419697
0.00428481
0.00490792
0.00434407
0.00476459
0.00319206
0.00324199
0.00330279
0.00460911
0.00390979
0.00364179
0.0033159
0.00383464
0.00354286
0.0024333
0.00225297
0.00263103
0.00241439
0.00261559
0.0023909
0.00271176
0.00342537
0.00352158
0.00324732
0.00321179
0.00333633
0.00295054
0.0032982
0.00383488
0.00333691
0.00359262
0.00439293
0.00405029
0.00408518
0.00372888
0.00419129
0.00329748
0.00317672
0.0029261
0.0028556
0.00266533
0.00281561
0.00260251
0.00254049
0.00227183
0.00225722
0.00248137
0.00235015
0.00234328
0.00223435
0.00214248
0.00213413
0.0019781
0.00204202
0.00204417
0.001982
0.00197242
0.00197156
0.00195216
0.00185578
0.00181394
0.00181333
0.00182262
0.00180492
0.00186133
0.00181618
0.00181351
0.00186876
0.00182147
0.00181467
0.00164597
0.00164346
0.00166983
0.00188501
0.0018344
0.00182486
0.00175326
0.00173701
0.00165483
0.00169448
0.0017121
0.00173685
0.00160618
0.00158078
0.0015843
0.00171116
0.00173785
0.00174457
0.0018214
0.00181787
0.00168749
0.00168478
0.00167582
0.00165942
0.00164348
0.0016252
0.000722027
0.000530232
0.000820318
0.000664482
0.000465915
0.000325802
0.000420653
0.000326407
0.000265131
0.000487169
0.000539315
0.000215205
0.000208938
0.000253891
0.000308687
0.000296945
0.00053049
0.000489941
0.00081809
0.00106115
0.00114058
0.000904951
0.00164395
0.00178552
0.00142904
0.0015417
0.00150659
0.00187602
0.00174116
0.00232842
0.00211077
0.00226401
0.00196903
0.00178949
0.00185377
0.00290539
0.00275116
0.00230398
0.0024109
0.00243435
0.00210492
0.00182529
0.00172078
0.00171943
0.00146095
0.00130417
0.00159085
0.0013089
0.000923016
0.000522184
0.00177077
0.00079583
0.000726955
0.000980613
0.00081532
0.000836419
0.000306191
0.00027388
0.000240679
0.000516851
0.000445504
0.000444774
0.000609993
0.000379313
0.000336856
0.000323583
0.000110365
0.000169647
0.00022337
0.00026714
0.000468063
0.000381062
0.00015598
0.000214817
5.47226e-05
6.1243e-05
7.43412e-05
7.3202e-05
0.000212498
0.00278532
0.00234709
0.000513005
0.000825
0.000525771
0.000395878
0.000221857
8.88749e-05
7.75476e-05
8.19597e-05
0.000185669
0.000105675
9.06925e-05
0.00011257
7.01433e-05
6.81328e-05
6.86848e-05
7.5822e-05
7.95838e-05
0.000144064
0.00017521
6.49684e-05
0.00230925
0.00169793
4.00001e-05
3.99989e-05
4.00008e-05
3.99656e-05
3.99486e-05
3.99477e-05
3.99466e-05
3.99578e-05
4.0634e-05
4.0344e-05
4.09697e-05
4.09313e-05
4.11521e-05
0.000221937
0.000241655
0.00125236
0.00119689
0.00106498
0.000150456
0.000126846
0.000390552
0.000286927
0.000252906
9.39524e-05
7.59784e-05
7.25781e-05
7.27482e-05
1.12834e-05
1.05816e-05
9.48027e-05
9.91875e-05
9.16483e-05
6.85277e-05
7.39288e-05
6.09867e-05
6.25319e-05
6.6522e-05
5.59418e-05
0.00010075
0.000105871
0.000175966
0.000172695
0.000210284
0.000201908
0.000144846
0.000137755
0.000283382
0.000207249
0.00019576
0.000199639
0.000191409
0.000167478
0.000121482
0.000160592
0.000151887
0.000133485
0.000121795
0.000114412
0.000182532
0.000169548
0.00014858
8.17447e-05
0.000854743
0.000657685
0.000667103
0.000538668
0.000388872
0.000301323
0.000228506
0.000205644
0.00017304
0.000128664
0.000159222
0.000115435
0.000106162
9.28614e-05
6.71322e-05
5.54387e-05
4.023e-05
4.71396e-05
3.09882e-05
2.70534e-05
3.54618e-05
2.25331e-05
2.27566e-05
3.92292e-06
3.89677e-06
3.90466e-06
4.49411e-06
6.8332e-06
5.85058e-06
5.93305e-06
3.94896e-06
4.48617e-06
4.03268e-06
4.01721e-05
4.7092e-05
3.8319e-05
2.08906e-05
1.52715e-05
2.30651e-05
2.00983e-05
1.66687e-05
8.48646e-06
0.00211747
0.00139752
0.00109674
0.000842561
0.000705487
0.000451867
0.000337617
0.000137299
9.51329e-05
0.000108422
0.000190182
0.000139983
0.000258525
0.00018688
0.000154764
2.83474e-05
1.77132e-05
1.62441e-05
8.26932e-05
0.000111945
7.7994e-05
1.27409e-05
7.42002e-06
6.95502e-06
1.27519e-05
1.74376e-05
2.06762e-05
3.28119e-05
3.68825e-05
4.35721e-05
4.41549e-05
8.37321e-06
5.72355e-06
6.09849e-06
4.52478e-06
4.64352e-06
4.66601e-06
1.05437e-05
6.50424e-06
7.01662e-06
4.80875e-06
4.64856e-06
5.15881e-06
4.96641e-06
1.08264e-05
0.000127617
0.000107381
1.02096e-05
7.63437e-06
0.000418796
0.000314427
0.000712616
0.000799097
0.000655341
0.00047422
0.000300966
0.000205466
0.000163256
0.000177171
0.000122362
5.72629e-05
3.65944e-05
3.34419e-05
2.84608e-05
1.9637e-05
3.0621e-05
2.22101e-05
7.77104e-06
6.39964e-06
6.82364e-06
7.16503e-06
6.81728e-06
6.75469e-06
7.09355e-06
6.81358e-06
7.01755e-06
1.17496e-05
8.95434e-06
9.70622e-06
1.74679e-05
1.44968e-05
7.79867e-06
8.03329e-06
1.24092e-05
1.23305e-05
8.80708e-06
9.56458e-06
1.1077e-05
1.14678e-05
1.64478e-05
1.05003e-05
0.000262568
0.000226305
0.000396171
0.00138172
0.000903349
0.000753895
0.000654513
0.000327712
0.000209948
8.90665e-05
8.55651e-05
9.67546e-05
0.00011697
0.000118148
0.0001256
0.00124317
0.00127993
0.00419331
0.00411899
0.00394743
0.00499643
0.00610708
0.00722334
0.00704263
0.00650725
0.00719338
0.00684693
0.00616607
0.00655446
0.0063588
0.005903
0.00497554
0.00506172
0.00451325
0.00366659
0.00292529
0.00255018
0.00166356
0.0016724
0.00119097
0.0016841
0.000403347
0.000699316
0.000506086
0.000414035
0.00019533
0.000160818
0.000237862
8.75039e-05
0.000222262
7.63132e-05
5.22948e-05
5.9906e-05
6.69634e-05
3.28738e-05
6.67986e-05
9.34459e-05
4.93754e-05
9.65579e-05
0.000125519
0.000189557
0.00032737
0.000423678
0.000497773
0.000369187
0.000582257
0.00192695
0.00178354
0.00190969
0.00153171
0.00149836
0.00139262
0.00139726
0.0014291
0.00133001
0.00133557
0.00148468
0.00147632
0.0012493
0.00128151
0.00123023
0.00117485
0.00122113
0.00117262
0.00129389
0.00134286
0.0013056
0.00139752
0.00118744
0.00115536
0.00124657
0.00137899
0.00151557
0.001408
0.0014764
0.00157403
0.00154081
0.00184924
0.00198627
0.00178307
0.0017529
0.0018981
0.00186948
0.00193213
0.00187299
0.00193009
0.00207131
0.00203861
0.00214312
0.00215001
0.00222619
0.00211741
0.00209014
0.00212961
0.00224326
0.00245296
0.00240257
0.00239015
0.00222447
0.00221385
0.0021927
0.00233903
0.00230698
0.00223591
0.00219963
0.00217689
0.00203449
0.00204957
0.0020241
0.00214871
0.00208783
0.0021052
0.00203388
0.00201062
0.00204901
0.00207357
0.00204535
0.00209623
0.00204785
0.00209295
0.0021758
0.00222817
0.00212009
0.00216473
0.00222469
0.00235115
0.00224611
0.00234571
0.0022832
0.00145567
0.0017124
0.000881571
0.00130421
0.000745505
0.000347884
0.000294932
0.000555189
0.000228412
0.00072398
0.000491639
0.000660891
0.00149989
0.00138676
0.00178844
0.000987619
0.00090965
0.00144246
0.00279488
0.00251047
0.00305591
0.00208175
0.00362443
0.00340095
0.00294986
0.00348597
0.00290723
0.00351627
0.00278161
0.00222794
0.00215632
0.0019085
0.00207804
0.00226092
0.00169958
0.00170311
0.00113788
0.000875087
0.000773057
0.00100669
0.00115113
0.000962768
0.000745062
0.000617803
0.00073308
0.000702113
0.000765414
0.00170261
0.00135299
0.00055146
0.000585384
0.000634326
0.000633013
0.000547886
0.000670012
0.00145844
0.00124529
0.00129283
0.00149157
0.00139609
0.00100415
0.00101748
0.00152527
0.00137297
0.000888293
0.00381004
0.00347138
0.00424058
0.00769031
0.00853173
0.00273687
0.00272266
0.00370786
0.00348478
0.000700936
0.000176246
0.00019153
0.00824663
0.0181898
0.00211502
4.57749e-06
5.53113e-05
6.62024e-05
6.06299e-05
0.000553616
0.00024748
0.000416489
0.000400709
0.000222277
0.000241986
3.15856e-06
2.6004e-06
2.45254e-06
0.000281691
0.000206267
0.000192518
0.000985817
0.000815248
0.000731388
0.00105311
0.000919766
0.000844781
0.00102287
0.000895875
0.00083886
0.000598943
0.000505867
0.000372373
0.000324928
0.000226224
0.000208005
0.000146198
0.000133687
4.66529e-05
3.44746e-05
3.34575e-05
4.37105e-05
3.56383e-05
3.52349e-05
2.419e-05
2.10305e-05
2.21106e-05
2.20453e-05
2.75356e-05
2.79468e-05
5.21752e-05
5.96353e-05
3.16413e-05
2.90787e-05
6.01938e-05
5.10545e-05
0.000115905
0.000112103
9.53923e-05
6.39552e-05
5.28822e-05
4.49246e-05
4.85791e-05
3.97717e-05
3.75648e-05
1.52149e-05
1.39084e-05
1.37174e-05
1.93188e-05
1.9631e-05
1.84525e-05
2.00681e-05
2.5622e-05
1.38426e-05
1.45785e-05
2.66037e-05
1.69258e-05
1.52317e-05
1.28913e-05
1.37499e-05
1.41597e-05
1.49732e-05
1.50379e-05
1.3507e-05
1.53068e-05
1.48828e-05
1.5448e-05
1.91167e-05
1.33288e-05
1.21055e-05
1.16939e-05
1.15814e-05
1.74738e-05
2.41614e-05
2.37641e-05
1.42797e-05
1.75756e-05
1.79799e-05
1.25222e-05
1.13709e-05
1.13634e-05
1.92807e-05
1.49871e-05
1.21253e-05
1.27291e-05
1.25212e-05
1.3833e-05
1.38659e-05
1.5079e-05
2.02796e-05
1.82795e-05
1.56498e-05
1.39764e-05
1.92647e-05
2.36271e-05
2.44175e-05
3.00169e-05
6.83487e-05
7.99034e-05
7.25076e-05
3.98727e-05
4.44858e-05
4.95077e-05
3.76699e-05
4.38174e-05
3.17988e-05
3.90541e-05
3.70091e-05
3.51494e-05
4.04839e-05
3.84408e-05
4.39029e-05
4.02303e-05
4.70309e-05
3.1826e-05
3.86867e-05
3.57356e-05
4.75917e-05
5.27747e-05
2.82955e-05
3.39612e-05
3.12298e-05
4.56356e-05
5.18354e-05
6.2065e-05
6.52162e-05
5.02738e-05
5.72107e-05
5.38031e-05
8.83631e-05
8.96731e-05
5.81361e-05
5.87704e-05
4.68451e-05
5.17344e-05
4.76204e-05
3.69437e-05
3.92288e-05
4.16886e-05
5.09428e-05
5.35484e-05
3.37764e-05
3.60945e-05
3.21299e-05
4.26227e-05
4.32246e-05
4.26126e-05
4.02846e-05
3.8633e-05
3.22298e-05
3.08372e-05
2.53678e-05
2.48381e-05
3.10931e-05
3.01959e-05
2.75992e-05
2.34844e-05
2.18441e-05
2.5352e-05
3.95637e-05
2.47664e-05
0.00922464
0.00791191
0.00744285
0.00600185
0.00564851
0.00638965
0.00522023
0.0043853
7.61976e-05
0.000190035
0.000173466
0.000309431
0.000253532
0.000221737
0.000341054
0.000295629
0.000295645
0.000367615
0.000294841
0.000303483
0.00023365
0.000246004
0.000200798
0.000228672
0.00017074
0.000169349
0.000105987
7.27727e-05
6.94881e-05
7.11864e-05
9.9795e-05
0.000105903
0.000269715
0.000203864
0.000294253
0.000479397
0.000609295
0.000666096
0.000829704
0.000455924
0.000596282
0.000617644
0.000598239
0.000437428
0.00218181
0.00279382
0.00262043
0.00355519
0.00387826
0.0035692
0.00290364
0.00275427
0.00301771
0.00250156
0.00238029
0.00188492
0.00160733
0.00184722
0.00152652
0.000714512
0.000753117
0.000543715
0.000312912
0.0001836
0.00024068
3.34148e-05
1.21408e-05
8.63392e-05
7.66567e-05
8.00703e-05
0.00011356
0.000232163
0.000255968
0.000377928
0.000187148
0.000584781
0.000545151
0.000425864
0.000549854
0.000338525
0.000763828
0.00106703
0.00119309
0.00127866
0.00102983
0.00138181
0.00155229
0.00140324
0.00167851
0.00136357
0.00163599
0.00201352
0.00228127
0.00211729
0.00243073
0.00207836
0.0019642
0.00245996
0.0031099
0.00292495
0.00316087
0.00330079
0.00348059
0.00263214
0.00291797
0.00346172
0.00372428
0.00367424
0.00458717
0.00413301
0.00465073
0.00412256
0.00434108
0.00505793
0.00502042
0.00575531
0.00619423
0.00504467
0.00579856
0.00602574
0.00704265
0.00569846
0.00760444
0.00651994
0.0079446
0.00777987
0.00622017
0.00610537
0.00706442
0.0061737
0.00660466
0.00590023
0.00954762
0.00804635
0.00784946
0.00716814
0.00600188
0.00609654
0.00895675
0.00723019
0.00745006
0.00523991
0.00842455
0.00886553
0.00727816
0.00696009
0.0077055
0.00638115
0.00483311
0.00946455
0.00760244
0.00813129
0.0067068
0.00203958
0.00197115
0.00167791
0.00227364
0.00637816
0.00164902
0.00182453
0.00180238
0.00181948
0.00179368
0.00149381
0.00149425
0.00154698
0.00151121
0.00150226
0.0014551
0.00187373
0.00205693
0.00197243
0.00146787
0.00145871
0.00134365
0.00161437
0.00178465
0.00171768
0.00172321
0.00156065
0.0015876
0.00158171
0.00162149
0.00157164
0.0015567
0.00141865
0.00138833
0.00140445
0.00156737
0.00154775
0.0014262
0.00142657
0.0016777
0.00166802
0.0013823
0.00138963
0.00144347
0.00145715
0.00142669
0.00140796
0.00136431
0.00137394
0.00142346
0.00138693
0.00116464
0.0013486
0.0013202
0.00127411
0.000884809
0.0008669
0.000736382
0.000904074
0.000897016
0.000534866
0.00031724
0.000316559
0.000228739
0.000127081
9.36378e-05
0.000192115
0.000190398
0.000119616
9.27163e-05
9.21481e-05
9.18888e-05
0.000454835
0.000550539
0.000551374
0.000527084
0.000521717
0.00019688
0.000331291
0.000633952
0.000578761
0.0012708
0.00149976
0.00154355
0.00166731
0.00271137
0.00261003
0.00274398
0.00393722
0.00417974
0.00240536
0.0024547
0.00229025
0.00215044
0.00240367
0.00382366
0.00342994
0.00364581
0.00511637
0.00518775
0.0051945
0.00480135
0.00470533
0.00448987
0.00391455
0.00375107
0.00444144
0.00424623
0.00323166
0.00285049
0.00233672
0.00210222
0.00205831
0.0028218
0.0012912
0.00302255
0.00297996
0.00284861
0.00259781
0.00194483
0.00205302
0.00161212
0.00151484
0.000764063
0.000707117
0.00279854
0.00246501
0.00223039
0.00254616
0.00250097
0.00208917
0.00185845
0.00172554
0.000828586
0.000740274
0.000696948
0.00102884
0.000965009
0.000961013
0.000785595
0.000823985
0.000648293
0.000552924
0.000506212
0.000291847
0.000233623
0.000455186
0.000373941
0.000404292
0.000133403
0.000108839
0.000164582
0.000138697
2.83386e-05
2.52137e-05
5.36952e-05
7.48878e-05
5.94204e-05
2.46882e-05
2.78403e-05
0.000132315
0.000121761
0.000192669
0.000262238
0.000187313
9.18207e-05
0.000146214
0.000108394
5.44998e-05
5.11959e-05
8.03215e-05
0.000136164
0.00192965
0.00199868
0.0022572
5.89124e-05
5.87284e-05
6.02049e-05
6.02079e-05
6.09628e-05
6.30635e-05
6.30677e-05
6.31778e-05
6.00027e-05
6.06061e-05
4.46555e-05
4.46087e-05
5.6848e-05
4.37767e-05
4.34996e-05
4.34139e-05
