0.00584896
0.00525682
0.00447765
0.00383931
0.00323079
0.00268969
0.00227429
0.00194442
5.1213e-05
0.000112237
0.000185614
0.000126926
0.00020441
0.000177941
0.000164832
0.000149307
0.000112802
7.18949e-05
3.87357e-05
1.50547e-05
2.89979e-06
5.0009e-05
0.000141897
0.000300631
0.000467276
0.000493071
0.000819527
0.00108562
0.00119369
0.00102937
0.000866103
0.000535838
0.000473956
0.00018997
0.000134962
7.59528e-05
2.48685e-05
3.56679e-05
1.24286e-05
8.15837e-06
1.98044e-06
8.3061e-08
7.23305e-06
1.94178e-07
1.62312e-07
6.86092e-07
1.42539e-07
1.11441e-06
1.06099e-06
2.51446e-08
4.56638e-06
5.16125e-08
1.77166e-06
1.84261e-06
4.70878e-06
1.04836e-05
1.15474e-05
4.44956e-05
3.36182e-05
4.29034e-05
9.32111e-05
5.65078e-05
4.4141e-05
0.000162831
0.000277906
4.03781e-05
0.000166817
0.000339978
0.000144968
0.000255027
0.000354734
0.000846502
0.000527636
0.000774272
0.000958606
0.000899212
0.000892671
0.000615135
0.000492969
0.00126348
0.00144705
0.000597561
0.000514527
0.000786875
0.000733503
0.000678116
0.000675157
0.0006456
0.000584884
0.000737957
0.00063316
0.00061254
0.000569102
0.000562903
0.000582157
0.000456931
0.000607423
0.000553817
0.000523336
0.000455565
0.000494914
0.000409604
0.000412733
0.000486064
0.000412481
0.000313224
0.000316806
0.000274363
0.0002833
0.000289272
0.000225303
0.000270623
0.000210129
0.000181394
0.000141279
0.00014184
0.000115995
9.8849e-05
6.36723e-05
6.68242e-05
5.46246e-05
2.27046e-05
3.47217e-05
1.71516e-05
1.81921e-05
7.49174e-06
3.54238e-06
3.34675e-06
2.06552e-07
1.69026e-08
4.96625e-07
1.01132e-06
3.0795e-06
4.999e-06
3.69388e-06
6.84482e-06
4.05382e-06
2.28569e-06
1.79717e-06
4.54913e-06
3.55401e-06
3.68285e-06
3.59639e-06
2.65154e-06
1.33775e-06
5.21483e-06
2.37523e-06
2.98668e-06
6.01844e-06
7.23516e-06
3.54938e-06
4.56736e-06
6.07808e-06
4.86949e-06
8.6454e-06
8.92052e-06
2.44049e-06
1.24662e-05
5.15492e-06
3.55046e-07
1.07374e-05
0.000121792
0.000124686
0.000131586
0.00013487
0.000198126
2.59507e-05
0.000322713
0.00141805
0.00278813
0.000198491
0.00180604
3.25604e-05
0.000281716
0.000300997
8.47102e-05
6.94774e-05
0.000212821
0.000182153
8.26064e-05
2.48915e-06
3.37441e-05
9.79945e-05
0.000389784
0.000762378
0.000954631
0.00148744
0.00194006
0.00232964
0.00234929
0.00209148
0.00199875
0.00171529
0.00208523
0.00164272
0.00111398
0.000771074
0.000556204
0.000596172
0.000765641
0.0009396
0.000342973
1.84095e-06
8.05812e-07
1.01662e-05
2.74182e-07
2.89075e-05
3.00449e-05
3.13065e-05
6.6931e-05
9.23908e-06
1.5909e-05
1.80472e-05
9.13192e-06
2.39327e-06
3.1794e-06
7.80184e-07
3.79199e-06
2.16043e-07
1.89075e-05
2.74645e-05
1.91239e-06
4.74358e-10
1.13014e-05
2.91154e-07
3.98494e-06
0.000288581
0.000467751
0.00592235
0.00396947
0.00269669
0.00200765
0.00133597
0.000885282
0.00052623
0.000366563
0.000202993
0.000179497
7.61012e-05
0.00299058
0.00306628
0.00306689
0.00280126
0.00247311
0.0025392
0.00223376
0.00202449
0.00176181
0.00135393
0.000974114
0.00050806
0.00013198
2.64801e-06
7.78181e-05
0.000657657
0.00124894
0.0009731
0.000738932
0.000576884
0.000444361
0.000434481
0.00034182
0.000238951
0.00019394
0.000132686
6.3892e-05
4.49752e-05
2.73582e-05
2.20158e-06
2.61985e-06
8.08918e-06
8.35619e-05
5.42838e-05
5.66157e-05
5.26783e-05
6.63002e-05
0.000140862
0.000171104
0.000109059
0.000126033
9.84162e-05
9.06179e-05
0.000132794
2.13608e-05
0.000116622
7.9158e-05
0.000162351
0.00018668
0.000134659
0.000155917
0.000150299
0.000188747
0.000258059
0.000241836
0.00029823
0.000270991
0.000453154
0.000378837
0.00057913
0.000598387
0.000505034
0.00118435
0.00137903
0.000770108
0.000815618
0.000552945
0.000199568
0.000183867
0.000384286
0.000309073
0.000400437
0.000397011
0.000498477
0.000258395
0.000251951
0.000547483
0.000155752
0.0002436
0.000354598
0.000335073
0.000330075
0.000269793
0.000237408
0.000130019
0.000178413
0.000143145
0.00016827
0.000161983
0.000123498
0.000118191
0.000151573
0.000124054
9.4497e-05
7.78346e-05
6.94033e-05
7.71819e-05
7.37051e-05
6.45313e-05
6.27601e-05
4.83648e-05
3.82251e-05
3.34399e-05
3.05007e-05
2.70384e-05
2.61125e-05
1.32086e-05
1.17504e-05
1.05199e-05
5.24437e-06
6.94956e-07
1.26189e-07
1.78337e-06
2.2649e-07
3.73588e-09
1.08985e-06
1.05914e-06
1.96744e-07
6.45641e-06
3.36745e-06
1.01507e-05
1.81219e-05
5.15758e-06
1.19064e-07
1.3615e-06
6.13985e-07
2.32386e-07
2.06398e-07
2.62875e-06
4.04046e-07
5.27758e-07
6.74111e-07
3.84404e-07
1.39352e-06
2.99468e-06
2.55595e-06
1.70848e-06
3.9442e-07
2.99174e-06
2.98549e-06
3.75417e-06
1.56612e-05
2.09485e-06
6.60103e-07
1.97165e-07
1.12347e-06
0.000112324
0.000113753
0.000115773
0.00011601
0.000116366
0.000113703
8.10004e-05
8.7021e-05
0.000217476
0.00104318
0.00269436
0.000288202
0.00471473
0.000628538
0.000451899
0.000378256
0.00442862
0.00367033
0.00247535
0.00170748
0.000949684
0.000430772
0.000337484
8.64665e-05
9.61262e-05
3.49031e-05
3.8739e-07
7.6971e-06
3.59644e-05
8.75272e-07
1.49391e-07
2.84747e-06
1.55042e-06
4.31297e-06
4.66723e-05
8.24313e-06
2.6465e-05
2.41294e-06
8.23054e-06
5.2565e-05
6.83366e-05
2.19242e-05
6.7939e-05
0.000171062
0.000108896
0.00237229
0.00137825
0.0036744
0.00247625
0.00187505
0.00140556
0.000713016
0.00128872
0.00188719
0.00207673
0.00103392
0.000654545
0.000684108
0.000185607
0.000429279
0.000182293
5.47586e-05
8.36369e-05
5.0024e-05
1.13601e-05
8.19898e-08
1.15125e-06
5.82074e-07
1.00153e-05
4.45154e-06
2.6559e-06
4.61074e-07
2.39624e-06
8.95167e-06
3.64758e-06
7.8065e-06
6.09492e-06
1.21655e-06
0.00428497
0.00207747
0.000949349
0.000438762
0.000157378
6.71262e-05
5.59571e-05
3.49743e-06
0.00751095
0.0069501
0.00642322
0.00588644
0.00516888
0.00437502
0.00383456
0.00229379
0.00183882
0.00113961
0.000511858
0.000101951
6.34833e-08
0.000177872
0.000661981
0.000613481
0.000432046
0.00036449
0.000263165
0.000268482
0.000209348
0.000151061
7.13734e-05
4.46627e-05
1.91044e-05
7.19568e-06
1.17082e-07
1.26361e-05
2.51009e-05
3.46223e-05
0.000172081
0.000144219
0.00021162
0.000215666
0.000223002
0.000240755
0.000213028
0.000255431
0.000268452
0.00026153
0.000408093
0.000265761
0.000399985
0.000407142
0.000476089
0.000572854
0.000563494
0.000656192
0.000639705
0.000591774
0.000626478
0.000708767
0.000788903
0.000723541
0.000706726
0.000918404
0.00116888
0.000746835
0.000847028
0.000800405
0.000223481
8.96899e-05
0.000150988
0.000470617
0.000440382
0.000685505
0.000912939
0.00102445
0.000593878
0.000499756
0.00112924
0.000981229
0.000537092
0.000541571
0.00047397
0.000441845
0.000414666
0.000381116
0.000437901
0.000332499
0.000409699
0.000381798
0.000472001
0.000375142
0.000396816
0.000312237
0.000370652
0.000381457
0.000331945
0.000295325
0.000274011
0.000338591
0.000356412
0.000305576
0.000342949
0.000318858
0.000297887
0.000334162
0.000249963
0.000319027
0.000219766
0.000258536
0.00021485
0.000195657
0.000206105
0.000188156
0.000170564
0.000142793
0.000104561
0.000113911
0.000101333
7.58587e-05
5.74945e-05
3.83208e-05
2.00926e-05
1.2355e-05
2.06904e-05
7.27347e-06
9.46092e-07
8.31169e-08
2.19497e-06
1.09384e-05
2.53202e-05
3.05456e-05
3.82892e-05
4.87898e-05
5.78378e-05
6.6574e-05
8.6323e-05
8.4003e-05
0.000103342
0.000108718
0.000114437
0.0001232
0.000130408
0.000130724
0.000131353
0.000141154
0.000131533
0.000134052
0.000137158
0.000136458
0.000144131
0.000146114
0.000141096
0.000135392
0.000171744
7.52381e-05
7.52573e-05
7.52608e-05
7.52637e-05
7.52739e-05
7.52628e-05
7.52693e-05
0.00143312
4.17667e-08
0.00105055
0.00519913
0.00459672
0.00417766
0.00347694
0.00285054
0.0022992
0.00150146
0.000936782
0.000674026
0.00269293
0.00366522
0.00265921
0.00227785
0.00165625
0.00119194
0.0010068
0.000531022
0.000316829
0.000337955
0.000139424
6.5811e-05
4.33911e-05
9.18295e-06
2.89118e-06
1.28783e-05
9.87371e-06
1.2538e-05
0.0021569
0.00168104
0.00118881
0.00090999
0.000586516
0.000466653
0.000239969
0.000150894
7.97206e-05
4.76357e-05
1.19759e-05
0.00231937
0.00141983
0.00114403
0.000728047
0.000359949
0.000131694
7.78611e-05
7.46167e-05
9.78278e-05
1.19626e-05
4.64315e-05
1.10137e-05
1.45798e-05
6.36711e-05
8.7502e-06
1.74641e-07
1.67162e-05
1.27295e-05
0.00336862
0.00202686
0.00104405
0.00183737
0.000840219
0.000492497
0.000276689
0.000251651
0.000108827
0.00941466
0.00851959
0.00792709
0.00667381
0.00599964
0.00390494
0.00294369
0.00183474
2.3229e-05
0.000190139
8.28309e-05
7.85274e-05
5.04064e-05
4.12471e-05
3.79879e-05
1.99112e-05
6.39788e-06
4.20633e-07
7.84202e-06
2.36469e-05
4.48237e-05
0.000115316
0.0001039
8.97621e-05
0.000144789
0.000145206
0.000181044
0.000132205
0.000232493
0.000304412
0.000379413
0.000502899
0.000339385
0.000319037
0.000389772
0.000466918
0.000895543
0.000941247
0.000754193
0.00115216
0.00090955
0.00076995
0.000981974
0.000675961
0.000109426
0.000221783
3.11767e-06
5.32776e-06
9.25797e-05
0.000179905
0.000251552
0.000356039
0.000591089
0.000661132
0.000808214
0.000883502
0.000830335
0.000807376
0.000794229
0.000855161
0.000877272
0.000874376
0.000808462
0.000795427
0.000817721
0.000858489
0.000858901
0.00090846
0.00086401
0.000897906
0.000822984
0.000824221
0.000832416
0.000744373
0.000754032
0.000756557
0.000826249
0.000774513
0.000744098
0.00074292
0.000676754
0.000590624
0.000519573
0.000437298
0.00032703
0.000287397
0.000205978
0.000133679
8.40117e-05
4.33039e-05
1.31743e-05
2.13876e-06
1.60232e-07
5.34859e-06
1.16141e-05
2.84407e-05
4.8723e-05
5.30412e-05
8.60963e-05
7.28028e-05
9.05558e-05
0.000118058
9.17592e-05
0.000126348
0.000130678
0.000114417
0.000144684
0.000135292
0.000147668
0.000158564
0.000141274
0.00013629
0.000143729
0.000178954
0.00017711
0.000169584
0.000143998
0.000177703
7.70004e-05
0.000126358
9.07172e-05
0.000166242
6.27484e-05
6.27929e-05
6.27795e-05
6.27362e-05
6.25245e-05
6.25199e-05
0.000246451
0.000246043
0.00402409
0.00317402
0.0104211
0.00945415
0.00786138
0.00706806
0.00567602
0.005575
0.00462309
0.00347947
0.0030158
0.00119119
0.000712761
0.000534935
0.000367227
0.000164155
8.84803e-05
5.41431e-06
2.80728e-06
3.36905e-07
1.89226e-06
3.27291e-05
9.83806e-05
3.65322e-05
4.13657e-05
0.000107467
8.89781e-05
0.000205068
6.7967e-05
7.14026e-05
1.65086e-06
2.41368e-06
0.0004032
0.000221525
0.000190975
0.000100426
8.81221e-06
1.76069e-08
2.08795e-06
3.65169e-06
1.79631e-05
3.65026e-06
1.87536e-05
1.15282e-05
0.00321606
0.00183444
0.00107089
0.00065861
0.000417979
0.000153023
7.44111e-05
5.30274e-05
1.27728e-05
1.64593e-05
1.81157e-05
7.61347e-07
8.03354e-07
1.06769e-07
1.22059e-07
3.75159e-06
4.83006e-06
1.30567e-05
9.4131e-06
2.76493e-06
3.61465e-06
3.00623e-05
2.71026e-05
2.69039e-07
0.00733163
0.006942
0.0060357
0.00558124
0.00481275
0.00360622
0.0028496
0.00204789
0.00113389
0.00041409
6.83612e-05
3.01934e-05
0.000245752
0.000136938
0.000125297
7.67797e-05
6.32108e-05
8.91006e-05
6.10206e-05
5.70971e-05
4.68602e-05
4.02019e-05
1.59279e-05
9.01004e-07
5.53747e-07
7.69455e-06
7.67407e-06
3.20388e-05
9.39315e-05
0.0001302
0.000131009
0.000117843
0.000165521
0.000145006
0.000204601
0.000179492
0.000176033
0.000120808
0.000114919
0.000204976
0.000216662
0.00042773
0.00040202
0.000543805
0.000656242
0.000559122
0.000706251
0.000735085
0.000964939
0.000720108
0.000822719
0.00101992
0.00110358
0.00118906
0.00094784
0.000920004
0.00108844
4.16272e-05
0.000192626
0.000341166
0.000426681
0.000483499
0.000637698
0.000675014
0.000671893
0.000604158
0.000600754
0.000743899
0.000719005
0.000631667
0.000653504
0.000661008
0.00060191
0.000600715
0.000503771
0.000449914
0.000545047
0.000465206
0.000378148
0.000348647
0.000371186
0.000374795
0.000382117
0.00038952
0.0003964
0.000352243
0.000367731
0.000333759
0.000301589
0.000294323
0.000238052
0.000248008
0.000251018
0.000237661
0.00022445
0.000182001
0.000177259
0.000161812
0.000139108
0.000138464
0.00010917
0.000101003
6.32902e-05
5.66363e-05
3.61213e-05
2.78789e-05
2.14061e-05
5.15597e-06
4.51133e-06
1.46932e-06
1.24684e-06
6.37342e-07
8.90016e-07
2.3581e-06
1.66121e-06
1.51423e-06
2.78649e-06
5.6172e-06
7.80464e-06
1.23817e-05
1.08772e-05
1.93465e-05
1.75039e-05
2.08178e-05
1.98381e-05
2.62108e-05
2.99117e-05
2.73804e-05
2.91988e-05
6.76906e-05
3.01925e-05
7.00296e-05
7.0584e-05
7.08401e-05
7.15181e-05
7.24362e-05
7.34526e-05
6.67394e-05
0.000711408
0.00304179
0.000292611
0.000131805
0.000339772
0.000272637
0.000214855
0.000173761
0.000120747
7.23505e-09
4.14748e-05
0.000210264
0.000119054
0.0284541
0.0228151
0.0183033
0.0139882
0.0101214
0.00745201
0.00493691
0.00329233
0.00221483
0.00140272
0.000715452
0.000675592
0.000256902
1.24189e-05
4.44394e-06
0.000338876
0.000266986
0.0002136
0.000347974
0.000247044
0.000189343
0.000323723
0.000426276
0.000133544
0.000126179
0.000170891
0.000103526
0.000124618
0.000109402
7.5164e-05
0.000219509
0.000164851
0.000179581
0.00459309
0.003902
0.00259362
0.00243024
0.00201378
0.00165144
0.00152972
0.00118003
0.00097853
0.000914636
0.000751163
0.000721725
0.00056362
0.000582455
0.00051705
0.000604456
0.000460358
0.000471069
0.000445606
0.000343091
0.000320919
9.90639e-05
7.55133e-05
7.95491e-05
8.29462e-05
0.000123688
0.000116189
7.64328e-05
3.04422e-06
7.54482e-05
0.00015362
0.000298486
0.000390052
0.000364615
0.000280358
2.78472e-06
7.00067e-05
0.000346912
0.00105412
0.00140859
0.00099941
0.000644751
0.000378139
0.000396657
0.000274612
0.000185708
0.000115667
5.74946e-05
7.79267e-05
4.8615e-05
3.45679e-05
1.13105e-05
8.32189e-07
4.77885e-05
7.89367e-05
0.00013623
9.72903e-05
0.000204936
0.000175646
0.000265001
0.000207135
0.000143193
0.000122351
0.000151335
0.000156998
7.08106e-05
5.93977e-05
0.000128601
0.000232456
0.00038243
0.000365538
0.000531455
0.000466896
0.000500516
0.000621005
0.000495179
0.000489048
0.000515517
0.000732282
0.000469468
0.000534477
0.000840951
0.000563834
0.000725959
0.00085659
0.000424824
0.000565131
0.000773164
0.00055097
1.66104e-05
0.000183318
0.00020463
0.000183507
0.0002299
0.000214456
0.000211093
0.000140673
0.000156976
0.000168859
8.8085e-05
7.81271e-05
0.000112473
0.000137206
0.000130347
0.000142543
0.000167139
0.000142306
0.000159694
0.000170711
0.000164881
0.000148974
9.51241e-05
9.13005e-05
8.22406e-05
7.81462e-05
7.87201e-05
9.10953e-05
9.36171e-05
6.97323e-05
6.42004e-05
4.89073e-05
4.68768e-05
3.99574e-05
4.71367e-05
3.04073e-05
2.27399e-05
4.00179e-05
2.0789e-05
2.49762e-05
2.15246e-05
1.98478e-05
8.34903e-06
7.39411e-06
1.25345e-06
2.1225e-07
1.21595e-06
4.62122e-06
1.24025e-06
1.34026e-05
5.81414e-06
7.48887e-06
2.31604e-05
1.34501e-05
1.55022e-05
4.26894e-05
4.8731e-05
2.26614e-05
3.9452e-05
2.73753e-05
1.02581e-05
9.31542e-06
1.05775e-05
8.71108e-06
9.39422e-06
6.07618e-06
1.04598e-05
4.49578e-06
7.56641e-06
8.00005e-06
2.24101e-06
4.56334e-06
5.30137e-06
6.32462e-06
7.01572e-06
3.13107e-08
6.5596e-07
0.000100728
0.000104299
0.000106654
0.000110633
0.00011365
0.000109879
7.89483e-05
7.90993e-05
0.00190928
9.4975e-05
0.0029606
0.00834906
0.00731073
0.00714626
0.00629627
0.00473918
0.00335747
0.00294674
0.00171787
0.00106901
0.000839869
0.000388869
0.000289466
0.000124029
0.000144897
9.8842e-05
3.59554e-06
1.49265e-07
9.94534e-07
7.75672e-07
1.58873e-05
1.9947e-05
2.4914e-05
0.000128502
7.15928e-06
1.76916e-05
4.59537e-06
2.0224e-05
2.30333e-05
0.000115519
6.98089e-05
8.14456e-05
0.00433241
0.00269468
0.0020089
0.00110468
0.00391808
0.00272364
0.00133846
0.00152637
0.00159084
0.00160647
0.00526892
0.00445712
0.00457296
0.00293938
0.00119023
0.000607535
0.000848002
0.000590567
0.000135573
0.000149495
8.36877e-06
3.74792e-08
0.000480815
0.000659438
0.000808592
0.000668098
0.000358929
0.000400301
0.000351158
0.000162432
0.000186658
0.00119972
0.0214906
0.0137581
0.00794264
0.00411321
0.00195405
0.0010182
0.000350199
0.000183425
7.80872e-05
0.00954176
0.00884682
0.00835557
0.00769227
0.00669869
0.00599711
0.00527917
0.00431349
0.00337423
0.00257754
0.00150454
0.00070195
0.000699455
0.000211605
8.06332e-06
0.000114511
0.000518712
0.000418667
0.000269285
0.00026672
0.00023141
0.000152568
0.000127628
6.35194e-05
2.78982e-05
1.9097e-05
1.37144e-06
1.35402e-07
4.40719e-06
3.03962e-05
5.93502e-05
0.000115578
0.000133164
0.000201415
0.000166021
0.000241472
0.000256368
0.000330923
0.000294494
0.00034565
0.000241075
0.000337708
0.000279546
0.000468494
0.0004852
0.000463849
0.000442889
0.000526279
0.000541507
0.000561711
0.00059843
0.000589334
0.000553771
0.000598313
0.000815162
0.00092483
0.00115026
0.000838703
0.000999741
0.00138067
0.000846222
0.000486694
0.000268195
0.000183995
0.000584791
0.00061003
0.00082812
0.000975407
0.00102345
0.00132065
0.00109614
0.000290325
0.000328352
0.00035973
0.00040387
0.000431604
0.000363018
0.000370073
0.000474185
0.000453123
0.000472573
0.000403804
0.000550772
0.000468552
0.000600533
0.000495824
0.000566567
0.00045372
0.00054776
0.00054055
0.000541116
0.000596177
0.000499578
0.000523562
0.000499079
0.000542998
0.000511661
0.000579325
0.000557114
0.000473751
0.00055871
0.000464765
0.000415548
0.000447062
0.000429745
0.000381757
0.000356482
0.000350834
0.000373942
0.000340991
0.000306559
0.000267004
0.000265845
0.000246749
0.00021523
0.000201962
0.00019082
0.000122692
9.52816e-05
7.98371e-05
5.56891e-05
4.42101e-05
2.66036e-05
1.5692e-05
1.06716e-05
2.85135e-06
2.95318e-06
5.92535e-07
2.63725e-06
6.73168e-06
1.26091e-05
1.83502e-05
2.78254e-05
3.09246e-05
4.22929e-05
4.80869e-05
5.75354e-05
5.79868e-05
6.29853e-05
6.92876e-05
7.08632e-05
8.06908e-05
7.89545e-05
8.73852e-05
7.61097e-05
8.58098e-05
8.89757e-05
8.90233e-05
8.61288e-05
8.53389e-05
0.000130974
8.47527e-05
8.04506e-05
7.39481e-05
7.42551e-05
7.42572e-05
7.39773e-05
7.39819e-05
7.39643e-05
0.000104226
0.0038053
0.000516539
0.000810683
0.00206138
0.00235579
0.00236523
0.00191942
0.00144115
0.00122879
0.000879642
0.000485785
0.000254865
7.78635e-05
4.64622e-05
2.76431e-07
5.06864e-05
0.00099939
0.000750479
0.000133121
0.000516258
0.000383125
0.000292551
0.000113413
1.68097e-05
1.41745e-05
2.65016e-06
3.17621e-07
2.77886e-05
2.77604e-05
3.76438e-05
0.000136653
3.78011e-05
4.91929e-05
0.000148204
8.98858e-05
0.000108558
0.00197713
0.00120001
0.00113795
0.000853879
0.000637528
0.000610859
0.000323725
0.000232554
0.000187778
8.48292e-05
0.00211938
0.00133373
0.000961892
0.000779014
0.000377177
0.000232066
0.000171852
8.81636e-05
2.17535e-05
1.11286e-05
9.16718e-06
2.39646e-06
2.12632e-06
2.27631e-06
3.41903e-06
1.17492e-06
3.95725e-06
8.85754e-06
2.37042e-08
6.23541e-06
4.90481e-05
1.09387e-06
2.53188e-06
1.32778e-07
1.41354e-05
0.00320528
0.00189781
0.000942862
0.000834007
0.0010111
0.000548498
0.000294692
0.000163401
9.73597e-05
8.28044e-05
0.00869624
0.00774545
0.00709104
0.00609233
0.00481931
0.00387885
0.00270005
0.00173351
0.00133139
0.00139907
0.00054548
1.47437e-06
3.66922e-05
0.000380562
0.000275854
0.000163625
0.000149341
9.72024e-05
0.000108108
7.5204e-05
5.85202e-05
5.10264e-05
2.01544e-05
2.81173e-05
1.07847e-05
7.52119e-09
5.69689e-05
3.25308e-05
2.66939e-05
4.07337e-05
6.79071e-05
0.000100276
0.000255267
0.000254145
0.000261255
0.000244861
0.000254045
0.000268211
0.000298194
0.000173322
0.000250203
0.000300009
0.000244726
0.000297601
0.000324298
0.000388067
0.000577318
0.000443473
0.000639885
0.000689793
0.000624863
0.000615671
0.000669182
0.000915803
0.000585106
0.000529682
0.000556982
0.000450411
9.9893e-05
1.4464e-05
0.00051001
1.0764e-05
6.30821e-05
0.000158306
0.000231091
0.000414766
0.000415883
0.000604697
0.000739972
0.000770682
0.000891549
0.000836174
0.000863592
0.000751827
0.000827595
0.000833483
0.000832652
0.000826234
0.00084613
0.000822051
0.000805662
0.000833268
0.000799425
0.000805351
0.0008362
0.000808307
0.000732239
0.000887407
0.00068456
0.000710867
0.000649418
0.000637406
0.000601953
0.000588496
0.000507443
0.00044577
0.000409341
0.000382236
0.000348301
0.000247457
0.000213362
0.000165774
0.000116998
9.01518e-05
6.09136e-05
4.02295e-05
1.81746e-05
1.8466e-06
1.48777e-07
2.97508e-06
1.99496e-05
1.84e-05
2.85025e-05
4.53432e-05
5.67465e-05
6.42051e-05
9.1613e-05
6.77945e-05
9.70442e-05
0.000113799
0.000104133
0.000132162
0.000114819
0.000138923
0.00015297
0.000119611
0.000149207
0.000140935
0.000149379
0.000161447
0.000186107
0.000150148
9.66659e-05
9.31954e-05
8.17565e-05
8.76769e-05
8.96026e-05
9.75204e-05
9.61056e-05
7.15764e-05
7.15902e-05
7.15869e-05
7.14785e-05
7.12698e-05
7.12608e-05
7.12528e-05
0.000201482
0.00133401
0.00419647
0.00976899
0.0105301
0.00907847
0.00699354
0.00719712
0.00522969
0.00456523
0.00361344
0.00239501
0.00156465
0.000864999
0.000611089
0.000223792
0.000329791
0.000218391
1.26339e-05
1.39865e-06
1.67149e-05
7.31017e-05
6.50363e-05
5.02318e-05
0.000157276
0.000137655
3.92574e-05
5.78354e-05
2.34538e-05
3.00937e-05
4.65139e-05
2.67865e-05
5.78777e-05
5.99733e-05
5.88072e-05
7.91351e-05
2.65373e-05
0.000103469
1.32252e-05
0.00026385
0.000286439
0.000179471
0.00015404
6.18749e-05
1.08876e-05
4.09464e-06
2.23993e-06
3.85274e-06
4.40653e-06
4.16602e-06
8.68212e-07
2.34664e-09
0.00305862
0.00182395
0.00115445
0.000750989
0.000346779
0.000237275
0.00011432
4.5844e-05
8.19945e-05
3.44113e-05
5.80995e-05
2.60103e-05
1.63714e-06
6.73786e-07
9.44832e-07
4.52921e-06
4.12363e-06
9.99107e-07
3.41443e-06
9.43629e-07
3.00963e-06
5.07684e-08
1.70784e-07
6.20813e-07
1.64497e-06
0.00670993
0.00633968
0.00599324
0.00517861
0.00427896
0.00307566
0.00253396
0.001422
0.000736309
0.000311677
2.09675e-05
0.000120302
0.000330258
0.000184519
0.000140776
0.00014265
0.000119834
8.05157e-05
8.37174e-05
6.89247e-05
4.22147e-05
4.42766e-05
5.14129e-05
3.18007e-05
2.26771e-05
3.43963e-07
1.51782e-08
4.69158e-06
2.27642e-05
8.97555e-06
5.67061e-05
4.74957e-05
1.86793e-05
9.87179e-05
2.16726e-05
5.15474e-05
7.00296e-05
0.0001425
0.000142544
0.00012737
0.000106961
7.56083e-05
8.91727e-05
5.24435e-05
0.000151185
0.000171269
0.000241757
0.000207921
0.000352251
0.000405852
0.000398485
0.000445196
0.000385502
0.000549809
0.000450004
0.000347028
0.000389666
0.00035817
1.84166e-05
4.19686e-05
0.000219521
0.000150076
0.000246552
0.000263865
0.000378398
0.000544857
0.000551941
0.000624874
0.000745388
0.000702365
0.000674801
0.000620497
0.000615149
0.000588197
0.000545433
0.000598393
0.00051402
0.000535115
0.00046851
0.000558297
0.000488951
0.000498831
0.000597046
0.000491203
0.00052649
0.000474335
0.000453091
0.000379812
0.000463971
0.000410214
0.00035584
0.000288366
0.00032863
0.000292241
0.000267407
0.0002454
0.000229965
0.000177555
0.000163361
0.000133353
0.000140322
0.000117094
7.65116e-05
6.25403e-05
4.76089e-05
3.43535e-05
1.68904e-05
1.16864e-05
5.29469e-06
2.32661e-06
9.80052e-08
1.73046e-06
9.33263e-07
8.0311e-06
1.19383e-05
1.53851e-05
2.33622e-05
2.87248e-05
2.84142e-05
4.15941e-05
4.22702e-05
4.44077e-05
5.32999e-05
5.98962e-05
5.77377e-05
6.92625e-05
5.54036e-05
5.92079e-05
5.01035e-05
3.74025e-05
6.85727e-05
5.54593e-05
6.23915e-05
6.31112e-05
8.27981e-05
8.43401e-05
8.48297e-05
8.5185e-05
8.67107e-05
8.64555e-05
7.57952e-05
0.0001289
0.000129422
0.00274037
0.00245672
0.0015975
0.0225665
0.02479
0.0209641
0.0177228
0.0159408
0.0147698
0.012757
0.0100317
0.00725171
0.00569208
0.00330297
0.00231813
0.00149127
0.00100188
0.00046967
0.000322799
0.000166367
8.3491e-05
4.65368e-05
3.62419e-05
0.000125367
4.9841e-05
6.40951e-05
0.000105297
8.42258e-05
7.45686e-05
0.000147572
2.03374e-05
1.95198e-05
4.56898e-05
4.76431e-05
4.18216e-05
5.28652e-05
4.10529e-05
0.00011575
0.000123354
6.3042e-05
0.000154264
0.00129862
0.00179606
0.00153262
0.00144558
0.00117797
0.00102776
0.000619105
0.000560442
0.000779606
0.000585079
0.000575098
0.000628804
0.000594373
0.000455972
0.000556169
0.000535919
0.000445148
0.000488707
0.000452897
0.000408157
0.000354496
0.00046048
0.000381471
0.000327605
0.000320904
0.000282358
0.000387317
0.000295727
0.000277067
0.000270093
0.00032975
0.000280408
0.000272254
0.000199708
0.000147966
0.00029781
0.000439884
0.000414194
0.000330914
0.000202266
7.92715e-05
4.08517e-05
3.58753e-06
0.000147804
0.00118653
0.00124254
0.000827817
0.000587969
0.000524105
0.000401945
0.000280088
0.000170017
0.000114015
5.72727e-05
1.37804e-05
3.34212e-05
1.28174e-05
1.11576e-06
3.15482e-07
7.8382e-07
2.09951e-05
2.21751e-05
3.74305e-05
2.40103e-05
5.61193e-06
2.09876e-05
7.08824e-06
1.57997e-06
5.2657e-09
5.82804e-06
4.08625e-05
8.31904e-05
3.06607e-05
0.000150229
0.00013913
0.000258431
0.000272132
0.000192179
0.000371425
0.000491239
0.000281883
0.000448206
0.000415726
0.000412128
0.000362571
0.000481082
0.000844344
0.000486766
0.00060102
0.000792061
0.000632272
0.000352926
0.000354549
0.00103161
0.00100901
9.60704e-05
0.000106203
6.06269e-05
5.90267e-05
8.64854e-05
0.000135508
0.000157454
0.000130742
0.000178549
0.000192519
0.000181316
0.000203155
0.000265727
0.00022424
0.000246161
0.0002091
0.000229597
0.000227838
0.000235891
0.000249392
0.000304514
0.000280325
0.00023268
0.00029997
0.000237621
0.000234873
0.000211228
0.000216842
0.000220553
0.000242736
0.000198029
0.000268424
0.000185343
0.000149364
0.000129605
0.000141734
0.000127415
8.57339e-05
6.74163e-05
5.48465e-05
4.50296e-05
4.13262e-05
3.7398e-05
2.55652e-05
2.66689e-05
1.5732e-05
1.67949e-05
3.13367e-06
4.54142e-06
7.48831e-06
3.10228e-07
2.06993e-06
7.02782e-11
9.8327e-07
1.66745e-06
3.42277e-06
9.75231e-06
1.38539e-05
4.5685e-06
1.45017e-05
1.66755e-05
2.09742e-05
8.46091e-06
3.12533e-05
1.20329e-05
3.2666e-05
1.0232e-05
6.08993e-06
3.57671e-05
1.33883e-05
1.54352e-05
6.1162e-06
6.34422e-06
1.49779e-05
2.66331e-05
5.79152e-06
3.89398e-05
1.36419e-05
2.47318e-06
7.87023e-05
8.16967e-05
8.20363e-05
7.79078e-05
8.21908e-05
7.85301e-05
8.3707e-05
8.46205e-05
8.88468e-05
0.00281325
0.00283518
0.00411607
6.77469e-06
0.00724856
0.00589595
0.00488253
0.00432786
0.00437423
0.00419291
0.00339928
0.00307822
0.00209181
0.00152184
0.000900663
0.000755315
0.000322422
0.000172806
0.000119356
0.000189351
5.97528e-05
6.86896e-05
1.92187e-06
1.43537e-06
5.8067e-05
9.59079e-05
1.60527e-05
5.10212e-05
0.000228885
0.000125879
0.000139305
3.25079e-05
0.000150547
0.000158636
0.000311527
0.000304737
0.00196353
0.00224905
0.00130382
0.000707717
0.00213658
0.00193506
0.000782873
0.000526613
0.000291234
0.000585937
0.000252145
0.000166554
0.000223778
6.23077e-05
3.62148e-05
3.73126e-05
2.18812e-05
3.24383e-06
1.05432e-05
1.70305e-06
4.73118e-06
1.72667e-05
1.04921e-05
5.90033e-05
2.87222e-05
0.0131169
0.0081906
0.0014804
0.00561086
0.00304794
0.00183996
0.00082802
0.000350745
0.000105147
4.57793e-05
5.51987e-05
9.24551e-06
3.33597e-06
1.26942e-05
3.4577e-07
0.00959163
0.00897719
0.0084924
0.00755748
0.00659011
0.00576103
0.00507531
0.0041533
0.00275755
0.00214078
0.00141312
0.00130776
0.000711568
0.000138199
2.35095e-06
0.000209698
0.000594664
0.000324322
0.000271294
0.000215978
0.000199692
0.000154873
9.56834e-05
6.83954e-05
3.98393e-05
3.60485e-05
4.78008e-06
3.45294e-06
1.86321e-06
2.27473e-05
3.88577e-05
8.3551e-05
0.000105344
0.000136151
0.00019359
0.000215599
0.000213263
0.000251762
0.000194209
0.000284627
0.000427324
0.000366755
0.000436379
0.000379173
0.00028892
0.000291249
0.00041696
0.000436494
0.000474856
0.000693279
0.000918936
0.000747832
0.000958237
0.000785322
0.00114385
0.000858371
0.000695173
0.000434332
0.000399155
0.00034201
0.000455433
0.000664824
0.000986309
0.000880834
0.000506251
0.000702926
0.000952253
0.00111823
0.000922982
0.000985836
0.000370778
0.000402976
0.000393571
0.000429836
0.000403954
0.000417341
0.000446237
0.000431951
0.000475991
0.000508641
0.000476254
0.000460121
0.000528479
0.000396381
0.000522779
0.000524524
0.000508357
0.000553272
0.000509354
0.000581107
0.000524611
0.000409387
0.00053311
0.000566842
0.000563189
0.000473037
0.000485149
0.000443685
0.000563576
0.000455646
0.000464526
0.000425548
0.000414109
0.000445823
0.000426921
0.000443888
0.000404042
0.00038308
0.000288117
0.000294992
0.000261902
0.000194436
0.00022772
0.000168032
0.000134367
0.000113955
0.000106724
8.86052e-05
7.49955e-05
4.90921e-05
3.17871e-05
3.39021e-05
1.15843e-05
7.19771e-06
1.25827e-06
3.83065e-09
7.52433e-07
3.70263e-06
7.72564e-06
1.08332e-05
1.74427e-05
3.36901e-05
3.92054e-05
4.62252e-05
5.22255e-05
5.91955e-05
6.58883e-05
8.62226e-05
8.42484e-05
8.83762e-05
9.49128e-05
9.61046e-05
9.61622e-05
9.73868e-05
0.000101394
0.000107959
0.000107197
0.000105933
0.000109407
0.000109522
0.000109931
0.000154659
8.09789e-05
8.00964e-05
8.00703e-05
8.11194e-05
8.02328e-05
8.01821e-05
7.78682e-05
9.3247e-05
0.00313792
0.000326343
5.98813e-05
0.00174669
0.00272421
0.00280512
0.00244326
0.0016506
0.00137227
0.000871983
0.000491989
0.000197503
0.000123528
2.56515e-05
4.74659e-06
0.00185693
0.00108682
0.00064482
0.000597344
0.000426662
0.000313653
0.00022631
9.22861e-05
2.70497e-05
1.61454e-05
2.76792e-06
7.08036e-06
7.25166e-06
2.94699e-07
6.08192e-07
2.29887e-05
3.17231e-06
3.88314e-06
6.72399e-05
2.06797e-08
0.00240333
0.00148236
0.00105411
0.0010011
0.000732719
0.000530967
0.000194487
0.000233512
4.41038e-05
1.47782e-05
0.000157064
0.000204117
7.92469e-05
0.000168133
0.00016159
0.000428933
0.000182959
0.000273043
4.97618e-05
0.000250639
0.000200842
0.000309528
0.000291941
0.000218309
0.000310866
0.00020019
0.000253559
0.000238244
0.000215461
5.72536e-05
6.55829e-05
0.0001576
0.000222918
0.00020413
0.000216501
4.90753e-05
0.000236556
0.000224188
0.000222533
5.34612e-08
6.11466e-07
1.50834e-06
0.0212849
0.00138696
0.00149719
0.0016039
0.0014918
0.00116997
0.000962318
0.000853917
0.000683745
0.000217997
0.000150846
2.07082e-06
8.91628e-05
0.000463903
0.00113295
0.000692259
0.00048934
0.00039248
0.00036829
0.000231322
0.000192901
9.47126e-05
6.13361e-05
2.7312e-05
2.1076e-06
4.35427e-06
5.97805e-06
1.01096e-05
8.41886e-06
5.31409e-05
4.96284e-05
0.000159823
0.000136776
0.000148447
0.000210941
0.000174459
0.000159554
0.000243143
0.000163506
0.000209463
0.000172468
0.000172218
0.000319738
0.000231576
0.000347323
0.000490398
0.000523756
0.000651262
0.000758179
0.000787962
0.000860071
0.0010316
0.000827205
0.000777614
0.000731704
0.000666121
0.000395458
0.000338781
0.000814059
0.000574145
0.000755636
0.00069696
9.0245e-05
5.12652e-06
1.76013e-06
5.76239e-05
0.000193834
0.000281237
0.00032147
0.000405334
0.000382158
0.000377093
0.0004439
0.00051779
0.000542353
0.00046255
0.000503886
0.000536575
0.000561373
0.000644675
0.000519497
0.000431333
0.000610348
0.000630648
0.000543407
0.000545868
0.000586154
0.000744568
0.000537684
0.000529067
0.000560619
0.000552085
0.000553431
0.000432152
0.00048662
0.000432759
0.000333613
0.000342828
0.000322534
0.000244686
0.000194476
0.000179745
0.000100904
6.82854e-05
4.93407e-05
1.65499e-05
5.62599e-06
9.1161e-08
2.58303e-08
1.78051e-06
1.42644e-05
3.39038e-05
2.55366e-05
5.54395e-05
6.4089e-05
6.00385e-05
8.13964e-05
7.07078e-05
9.35483e-05
0.000111533
0.000102205
0.000130423
0.000117427
0.00013037
0.000142291
0.000138341
0.000123082
0.0001506
0.000126229
8.07763e-05
6.52755e-05
6.92521e-05
8.01602e-05
8.12072e-05
8.53597e-05
9.19511e-05
8.97475e-05
0.000113208
7.93496e-05
7.93637e-05
7.93732e-05
7.93514e-05
7.92566e-05
7.90931e-05
7.90272e-05
0.000239926
0.00161539
0.00215134
0.0118889
0.00842008
0.00720274
0.00880641
0.0055486
0.00539577
0.0039696
0.00304716
0.0021516
0.00154544
0.00113359
0.000412227
0.000145338
0.000131146
9.57785e-05
2.23078e-05
4.56771e-08
8.48182e-06
0.000123629
0.000117875
4.57228e-05
6.83186e-06
9.64388e-05
5.78538e-05
7.84174e-05
7.51652e-05
0.00014221
0.000270224
5.81622e-05
0.000250183
7.5745e-05
7.11623e-05
6.81064e-06
6.80317e-05
0.000336622
0.000246957
0.00021487
8.97765e-05
5.98058e-05
7.49044e-06
3.15267e-05
1.14138e-05
1.38187e-05
6.63685e-07
7.14003e-06
0.0013015
0.000767262
0.000495266
0.000367116
0.000161365
0.0001032
6.8073e-05
2.95584e-05
2.39013e-06
9.54577e-06
4.62663e-06
4.6838e-06
1.72076e-07
9.3994e-07
2.0611e-06
1.96129e-06
4.58356e-06
1.11646e-06
2.3726e-05
1.58803e-06
1.02712e-05
7.20399e-06
6.30119e-06
1.90653e-06
1.75626e-05
0.0044625
0.00435916
0.00431405
0.00390341
0.0031425
0.00276424
0.00182508
0.00114516
0.000759118
0.000175424
9.16442e-07
0.000101414
0.000538575
0.000605144
0.000378229
0.000257693
0.000199996
0.000132513
9.53172e-05
5.20157e-05
2.62098e-05
4.63634e-05
5.32031e-06
3.53476e-08
5.2593e-06
1.38246e-05
3.43577e-05
8.58107e-05
0.000117402
0.000132816
0.000168463
0.000110981
9.89608e-05
0.000207793
0.000319855
0.000273915
0.000239933
0.000202417
0.000254435
0.000215492
0.000280626
0.000177623
0.000313647
0.000520348
0.000576424
0.000439127
0.000479214
0.000490483
0.000558632
0.000504319
0.000552265
0.00044725
0.000546062
0.000557689
0.00041539
7.8643e-05
0.000866945
0.000186924
0.000174952
0.000278345
0.000328244
0.000366064
0.000372804
0.000450405
0.000405517
0.000325799
0.000391031
0.000325461
0.000300931
0.000359345
0.000371709
0.000424457
0.000358323
0.000474248
0.000374091
0.00037135
0.000343319
0.000360971
0.000371916
0.000352422
0.00039413
0.000353084
0.000328382
0.000376335
0.000320893
0.000280607
0.000267291
0.000202304
0.000231363
0.000195033
0.000172301
0.000155591
0.00017758
0.000174069
0.000109379
0.000114608
8.37619e-05
8.98409e-05
6.39726e-05
3.9529e-05
4.24515e-05
9.23561e-06
1.27125e-05
4.72018e-06
1.91384e-06
1.32773e-06
1.8044e-07
1.71365e-06
3.17721e-06
1.08966e-05
1.61313e-05
1.4578e-05
3.22206e-05
3.4587e-05
4.05738e-05
5.33444e-05
5.61448e-05
6.63226e-05
6.35542e-05
7.16435e-05
7.59618e-05
7.40752e-05
7.42001e-05
7.55981e-05
9.10282e-05
9.00596e-05
9.26116e-05
8.74412e-05
8.6069e-05
8.26275e-05
7.32282e-05
8.33466e-05
8.34371e-05
8.35962e-05
8.36774e-05
8.39853e-05
8.44305e-05
8.43803e-05
8.13681e-05
0.00126888
0.00131078
0.000105478
0.0297223
0.0193235
0.0167725
0.0137564
0.0142808
0.015024
0.0139974
0.0129319
0.0108624
0.00869022
0.00630546
0.0046554
0.00284343
0.00196603
0.000978829
0.000555815
0.000265099
0.000161195
0.000168636
3.71456e-05
2.15662e-05
4.70409e-05
3.09823e-05
0.000118819
0.00011449
0.000159749
0.000138266
0.000125567
6.88286e-05
5.5652e-05
0.000132687
6.87117e-05
4.05078e-05
7.72358e-05
9.45326e-05
8.0039e-05
8.421e-05
0.000106572
0.000121033
2.27457e-05
0.00012226
0.000112961
3.92358e-05
3.95557e-05
0.00163883
0.00149914
0.00128764
0.00134589
0.00132858
0.00118811
0.00123417
0.00107165
0.0010512
0.000973222
0.000846381
0.000812758
0.000720634
0.000710159
0.000549063
0.000578021
0.000698519
0.000578116
0.000504062
0.000478563
0.000443804
0.000361153
0.000420353
0.000413376
0.000294272
0.000267975
0.000246267
0.000283468
0.000466673
0.000216218
0.000211223
1.39905e-06
6.88039e-05
0.00035232
0.000833461
0.00145436
0.00133196
0.00071831
0.000721866
0.000453046
0.000260052
0.000253463
0.000182263
0.000102525
6.91709e-05
1.80983e-05
5.13197e-06
1.03278e-05
3.64769e-07
1.55435e-05
5.86455e-05
3.84681e-05
5.13603e-06
6.75822e-06
4.8402e-06
3.57434e-05
2.08716e-05
3.1133e-05
8.51582e-05
3.60458e-05
0.000114921
5.35724e-05
0.000259512
0.000278172
0.000332651
0.000344563
0.000381721
0.000335409
0.000317574
0.000410529
0.000422958
0.000589165
0.000812127
0.000634119
0.00058115
0.0004925
0.000374723
0.000634249
0.000710304
0.000758267
0.000795379
0.0010025
0.000517456
0.00047588
0.000447736
0.000377571
0.000449911
0.000369154
0.000430769
0.000406998
0.000354873
0.000363244
0.000324342
0.000266201
0.000304721
0.000294105
0.000285927
0.000262767
0.000268057
0.000277345
0.000183677
0.000256673
0.000190044
0.000232259
0.000232994
0.000220193
0.000179771
0.000181036
0.000124128
0.000101481
0.000135665
0.000120434
0.000109948
0.000137838
0.000139347
9.53907e-05
8.43492e-05
8.40867e-05
8.81593e-05
5.02436e-05
3.9594e-05
5.88981e-05
4.31932e-05
4.61234e-05
3.58169e-05
4.30231e-05
3.54163e-05
1.04804e-05
1.12095e-05
1.05372e-05
4.99325e-06
4.60953e-07
3.25031e-06
9.60676e-07
7.10346e-07
2.10002e-06
1.28604e-07
3.64437e-07
1.14525e-08
3.34284e-08
1.18157e-07
5.99344e-07
9.05845e-07
1.08041e-06
1.50359e-06
2.1435e-06
2.4943e-06
1.08047e-05
1.25637e-05
1.14032e-05
1.38155e-05
1.37391e-05
2.10902e-05
2.65531e-05
4.01164e-05
2.65393e-05
2.96866e-06
9.31204e-06
2.65019e-05
3.11331e-05
1.79304e-05
1.87282e-05
4.69652e-05
3.33753e-05
7.70914e-05
0.000141435
0.00203229
0.00197002
0.00216389
0.00231197
0.0030125
0.000150905
0.000162509
0.000171828
0.000180518
0.000784471
0.00370076
0.000232875
0.00238348
0.00191584
0.0018895
0.00151077
0.00101153
0.00079176
0.000429828
9.68331e-05
2.9192e-05
1.77538e-05
1.94151e-06
2.12226e-05
1.65759e-05
1.64768e-05
2.47122e-05
7.33052e-05
9.36579e-05
0.000126405
0.000249471
0.00042313
0.000154332
0.000332849
0.000395542
0.000297092
0.000256962
0.000208431
0.000388029
0.000284169
0.00038342
0.00138797
0.000624409
0.000634578
0.00115938
0.000600099
0.000401354
0.000532033
0.000190969
0.000332221
0.000153819
5.65666e-05
3.7402e-05
1.17804e-05
1.15051e-05
3.47011e-06
4.16892e-05
1.55766e-05
1.64841e-06
3.46133e-06
3.62404e-06
8.1905e-06
1.23917e-05
6.69398e-05
5.41756e-06
1.069e-05
1.07293e-05
1.67508e-07
3.24813e-05
2.57332e-05
9.44519e-06
6.57425e-06
8.31266e-06
0.0095229
0.00613848
0.00382275
0.00174556
0.000701462
0.000340053
0.000155431
7.28444e-05
3.12219e-05
1.79483e-05
8.63404e-06
0.00623459
0.00609618
0.00556769
0.00495644
0.00434086
0.00373427
0.00317359
0.00236008
0.00173646
0.00053042
0.000201842
0.000174035
0.000223539
0.000862515
0.000797484
0.000586414
0.000476779
0.000426574
0.000380757
0.000289841
0.000197005
0.000126878
5.22055e-05
3.7441e-05
5.85479e-05
2.80223e-06
7.31381e-07
3.91361e-06
9.43974e-05
9.82192e-05
0.000143283
0.000176864
0.000196375
0.000305083
0.000241869
0.000490964
0.000426243
0.000372731
0.000497606
0.000452155
0.000338246
0.000543197
0.000356655
0.000424094
0.000405285
0.000692118
0.000927725
0.000675089
0.000575892
0.000529254
0.00031076
0.000247107
0.000571327
0.000515469
0.000796374
0.000577942
0.000587322
0.000523338
0.000706936
0.000410832
0.000940346
0.00114183
0.000277745
0.000319217
0.000268559
0.000278393
0.000261954
0.000250603
0.000320882
0.000244865
0.000321054
0.000255266
0.000275179
0.00031479
0.000280282
0.000272406
0.000266984
0.000281891
0.000272693
0.000263397
0.000241082
0.000312853
0.000239971
0.000275359
0.000207761
0.00028155
0.00027735
0.000236667
0.000273961
0.000235154
0.000264942
0.000214453
0.000265173
0.00020171
0.000193193
0.000168582
0.000133517
0.000129613
7.16428e-05
5.43282e-05
4.59624e-05
2.47659e-05
1.9702e-05
8.16895e-06
2.84037e-06
3.96075e-07
3.28955e-06
4.28162e-06
1.55943e-05
2.5342e-05
3.15394e-05
5.38455e-05
6.83752e-05
6.92172e-05
7.69379e-05
9.8456e-05
0.000108875
0.000115964
0.000126846
0.000128868
0.000135522
0.000134732
0.000143888
0.000149516
0.000153765
0.000149838
0.000152385
0.000155279
0.000149703
0.000152208
0.000156544
0.000158744
0.000162351
0.000176788
9.37031e-05
9.45513e-05
9.37774e-05
9.47584e-05
9.44827e-05
9.37054e-05
9.09703e-05
0.00100586
0.00132127
0.000969442
0.00513198
0.0049389
0.00445965
0.00405709
0.00307077
0.0023965
0.00144346
0.00107589
0.00408948
0.00327077
0.0019078
0.00149447
0.00137191
0.000873167
0.000847563
0.000617466
0.000373102
0.000163438
0.000207901
0.000116716
3.76882e-05
5.12486e-06
3.16697e-06
1.62331e-06
1.22308e-06
0.00209265
0.00121948
0.000943099
0.000766258
0.000676767
2.48121e-05
2.88571e-06
5.99547e-06
1.78874e-07
4.88419e-06
8.97513e-06
3.67757e-05
1.98929e-05
7.66375e-05
0.000104228
0.00021872
0.000207855
0.000107227
0.000209447
0.000221038
0.000271161
0.000224121
0.000270221
7.41338e-05
0.000126323
0.000250591
0.000263204
0.000250593
8.02837e-05
0.000146446
0.000317026
3.10765e-05
2.25738e-05
0.000582501
0.000740418
0.000988453
0.000821707
0.000825257
0.000751182
0.000566298
0.000374399
0.000212501
5.1854e-05
1.91648e-05
0.00019133
0.00122157
0.000965077
0.000577606
0.000410667
0.000289361
0.000194231
0.000139579
5.68837e-05
0.000110129
3.01358e-05
2.06005e-05
3.24721e-06
5.91175e-07
1.4517e-05
7.86251e-05
0.000252425
0.000217709
0.000288306
0.000267649
0.000315376
0.000365691
0.000400033
0.00048463
0.000303181
0.000389262
0.000379875
0.000764994
0.00063234
0.000837087
0.000698669
0.000566946
0.000722849
0.000829182
0.000930605
0.00117166
0.000928682
0.000651803
0.000443862
0.000508543
0.000495137
0.000118845
1.13149e-05
9.23068e-06
9.86569e-05
0.000202268
0.000250229
0.000294037
0.000350125
0.000366516
0.000438483
0.000482029
0.000525645
0.000594982
0.000570831
0.00061757
0.000573024
0.000525932
0.000611053
0.000441715
0.000617297
0.000590379
0.000531982
0.000521303
0.000643153
0.000595442
0.000545051
0.000559821
0.000512283
0.000550229
0.000557767
0.000514366
0.000428815
0.000401375
0.000370064
0.000318491
0.000280581
0.000263611
0.000158438
9.45826e-05
6.20038e-05
3.47178e-05
1.96095e-05
8.68123e-06
8.95977e-09
3.47273e-07
4.90894e-06
1.34051e-05
3.34572e-05
6.06414e-05
5.86653e-05
9.34579e-05
8.72223e-05
9.82203e-05
0.000121829
0.000107807
0.000145954
0.000130462
0.00014116
0.000155323
0.000171817
0.000143458
0.000182199
0.000167873
0.000183515
0.00015872
0.000182183
0.000166907
0.000182645
9.81934e-05
9.74159e-05
0.000102167
0.000148149
0.000148641
0.000159867
0.00016458
8.22151e-05
8.22748e-05
8.22636e-05
8.22533e-05
8.2223e-05
8.19482e-05
0.000684205
0.0059868
0.0191082
0.0145045
0.010144
0.00887837
0.00828285
0.00639778
0.0054478
0.00364
0.00270899
0.00184409
0.00110804
0.000518443
0.0002174
0.000313587
0.000219377
0.000175195
1.82002e-07
6.90865e-06
8.41631e-06
1.41622e-05
2.69901e-05
1.84896e-05
1.34895e-06
1.30619e-05
3.70441e-06
2.80863e-05
6.2006e-05
5.29013e-05
1.47091e-05
8.3497e-06
7.67492e-05
0.000511807
0.000353327
0.00013188
7.73056e-05
2.78384e-05
2.37969e-06
1.55346e-05
1.08479e-08
1.63197e-05
0.00152618
0.000878779
0.000631444
0.000284408
0.000182216
0.000121008
2.87235e-05
3.44756e-05
1.50191e-05
3.14312e-06
2.22918e-08
3.44995e-06
1.71742e-06
2.00804e-06
4.70031e-06
8.19096e-06
7.37552e-07
4.44864e-07
4.20891e-06
8.75677e-06
2.57824e-05
2.51021e-05
0.00483818
0.00481107
0.00459849
0.00409404
0.00372517
0.0031119
0.00231741
0.00167837
0.00117444
0.000567491
8.75668e-05
8.89905e-08
5.25336e-06
0.000459153
0.000401605
0.000273341
0.000198165
0.000102921
0.000108189
3.7408e-05
1.95235e-05
5.55937e-06
7.48023e-07
1.1353e-06
2.60715e-06
1.22681e-05
1.96866e-05
3.44305e-05
5.85432e-05
8.95253e-05
8.10013e-05
0.000132482
6.32013e-05
0.000119682
0.000300543
0.000290511
0.000250253
0.000207466
0.000195395
0.000212584
0.000127815
0.000143675
6.2983e-05
0.000229858
0.000494107
0.000491285
0.000456219
0.000435551
0.000427071
0.000458709
0.000503331
0.000764634
0.000692515
0.000584694
0.000661916
0.000583916
0.000486419
0.000559558
0.000937507
0.000134216
0.000191491
0.000222254
0.000258247
0.00034187
0.00030914
0.000320075
0.000262765
0.00042331
0.00033294
0.00036954
0.000348108
0.000371862
0.000382477
0.000434133
0.000385751
0.000374477
0.000394181
0.000422203
0.000358265
0.000374925
0.000391836
0.000389729
0.000326675
0.000324151
0.00036566
0.000424881
0.000360445
0.000408061
0.00042299
0.000384967
0.000316859
0.000326324
0.000249877
0.000298341
0.00031164
0.000275516
0.000273123
0.000220814
0.00023655
0.000157683
0.000184784
0.000154198
0.000104487
8.8909e-05
6.83132e-05
6.23961e-05
4.00861e-05
2.73464e-05
2.08911e-05
1.58813e-05
1.18053e-05
7.23306e-06
7.51471e-07
1.9812e-07
2.65476e-07
2.36984e-06
4.36501e-06
5.22892e-06
7.15694e-06
1.85623e-05
2.06532e-05
2.1466e-05
1.97383e-05
3.07216e-05
3.31272e-05
3.55401e-05
3.98445e-05
5.65789e-05
3.48197e-05
4.5224e-05
3.77377e-05
6.92471e-05
7.87945e-05
7.8926e-05
7.91859e-05
7.88991e-05
7.91043e-05
7.9447e-05
0.00223648
0.00328704
1.44315e-05
0.0153636
0.0126274
0.00896419
0.00974805
0.0115146
0.0102468
0.0106898
0.00911084
0.00763297
0.00558674
0.00413969
0.00234776
0.00152199
0.000604019
0.000478797
0.000183388
0.000111846
3.55053e-05
3.24254e-05
2.29832e-07
2.32191e-07
3.92364e-06
6.41087e-06
9.96343e-05
7.43638e-05
8.08827e-05
0.000227923
0.000178554
0.000108599
0.000148591
0.000439934
0.000348078
0.000358951
0.00030356
0.000329015
0.00028136
0.000225814
0.000234699
0.000203971
0.000178102
0.000114737
0.000103308
0.000101471
0.00012312
3.87245e-05
0.000234808
0.000236782
0.000187578
0.000149096
0.000105983
2.80156e-05
6.61777e-05
0.000203815
0.000181268
0.000182835
0.000206148
0.000799932
0.00052555
0.000393981
0.000310189
0.0001924
0.000150166
7.83538e-05
0.000809291
0.000694273
0.000465267
0.000335182
0.000222435
0.000116431
7.85576e-05
5.39466e-05
3.51534e-05
0.00299495
0.00301178
0.00299682
0.00261864
0.00195476
0.00128625
0.0007197
0.000638524
1.79456e-06
0.000133209
0.000504154
0.000706671
0.000458204
0.000327593
0.000260929
0.00016274
0.000177477
8.28333e-05
4.14424e-05
2.75915e-05
4.12187e-06
1.53967e-07
8.06166e-07
1.71278e-05
2.17269e-05
2.27297e-05
1.60609e-05
1.08075e-05
2.02026e-05
3.78595e-05
2.37214e-05
1.87709e-05
4.73414e-05
9.97235e-05
6.13362e-05
3.86952e-05
0.000109392
1.96034e-05
5.18107e-05
1.82749e-05
9.19513e-05
9.55683e-05
0.000547038
0.00019851
0.000184438
0.000327928
0.0003258
0.000518015
0.000482967
0.000421866
0.000349826
0.000585649
0.000865585
0.000918477
0.000676854
0.000747277
0.000321755
0.000615674
0.00057585
0.000501598
0.000493225
0.000469146
0.000434098
0.000426712
0.000429942
0.000343234
0.000391934
0.000339577
0.00031172
0.000367475
0.000359215
0.000350881
0.000373791
0.000326162
0.000295205
0.000305496
0.000286127
0.000247318
0.000287362
0.000208582
0.000147614
0.000190669
0.000191425
0.000179669
0.000171026
0.000147951
0.000152584
0.000148503
8.39557e-05
9.00492e-05
7.9289e-05
9.22949e-05
6.22114e-05
6.07924e-05
5.32714e-05
4.97285e-05
2.15997e-05
3.84237e-05
1.07025e-05
2.1423e-05
1.48208e-05
1.24383e-05
5.41957e-06
5.58247e-06
3.37147e-06
3.44573e-06
2.6558e-06
1.34676e-06
2.03069e-06
6.81448e-07
1.38591e-07
3.14502e-07
1.91258e-07
7.8453e-07
1.81322e-08
9.56665e-08
2.46701e-06
5.75467e-07
8.23867e-07
2.35624e-06
8.66994e-07
3.11274e-07
8.05575e-07
7.69707e-07
1.76081e-06
7.47496e-07
5.80535e-07
6.42586e-07
8.13963e-07
1.93113e-07
1.6549e-07
4.89917e-08
6.41713e-07
6.21492e-06
0.000121853
0.000125096
0.000129893
0.0001349
0.000141522
0.00014986
0.00015917
0.000165876
0.00343838
0.00486282
2.28626e-06
0.000315994
0.00360595
0.00285941
0.00303606
0.00277731
0.0024449
0.00213219
0.00097948
0.000408427
0.000181194
4.95736e-05
3.19893e-05
4.76597e-06
2.92162e-06
5.27128e-07
6.77842e-06
4.81108e-05
6.87782e-05
0.00010665
0.000107923
0.000108603
0.000156319
0.000224038
0.00033634
0.000146445
0.000261371
0.000200278
0.000146265
5.71845e-05
4.18891e-05
0.000179844
0.00209815
0.00222276
0.00161818
0.000776301
0.00211127
0.00151422
0.000849994
0.00066338
0.00033231
0.00010654
7.63348e-05
3.33702e-05
2.49513e-06
1.51388e-06
2.78846e-08
6.41042e-06
1.45187e-05
5.07767e-06
1.59952e-06
2.0168e-05
2.67858e-06
1.88646e-05
1.11121e-05
1.75735e-05
2.96014e-05
1.05877e-05
1.15695e-07
6.2409e-06
2.30742e-05
4.97058e-09
0.0130282
0.00725373
0.00412762
0.00273179
0.00121447
0.000587166
0.000237921
0.000100164
6.25365e-05
3.02838e-05
1.92754e-05
1.27792e-07
0.00818146
0.00757377
0.00705815
0.00646069
0.0056164
0.00506013
0.00422904
0.00323811
0.00197878
0.00130936
0.000474244
0.000258551
0.00022096
0.000474656
0.000351539
0.000292622
0.000207417
0.000183787
0.000137718
8.58948e-05
6.82244e-05
1.6629e-05
5.30993e-06
1.44985e-06
5.97817e-06
1.41192e-05
2.99366e-05
3.84376e-05
0.000104329
6.88675e-05
0.00011476
0.000203604
0.000190617
0.000166705
0.000184518
0.000284553
0.000188195
0.00033442
0.000225489
0.000329731
0.000190614
0.000300746
0.000184419
0.000255619
0.000263106
0.000206351
0.000393649
0.000372255
0.000427489
0.000422561
0.000586036
0.000445919
0.000321519
0.000428347
0.000376156
0.000362648
0.000546594
0.000399678
0.000366904
0.000426466
0.000454678
0.000350803
0.000354187
0.000382301
0.000407486
0.00032386
0.000318508
0.000395559
0.000392249
0.000295888
0.000413837
0.000364026
0.000323781
0.000405198
0.000483017
0.000368753
0.000409363
0.000362684
0.000351124
0.000337666
0.000331312
0.000427532
0.000376896
0.000324473
0.000377757
0.000392774
0.000434644
0.000476545
0.00039091
0.000415386
0.000370695
0.00033773
0.000425447
0.000325046
0.000260798
0.000278241
0.000390853
0.000379085
0.000356275
0.000268527
0.000296624
0.000347807
0.000350408
0.000281696
0.000386593
0.000284263
0.000352043
0.000331776
0.000478424
0.000307519
0.000284511
0.000347601
0.000379657
0.000266755
0.000294006
0.000265521
0.000231683
0.000204387
0.000191263
0.000165086
0.00014699
0.000125419
0.000111542
0.000100375
8.33936e-05
6.85105e-05
0.000320553
0.000165204
0.0001373
0.000210286
0.000173153
0.000148335
0.000122616
0.000102999
7.66298e-05
6.45603e-05
5.11939e-05
4.08792e-05
3.17112e-05
2.66821e-05
2.55025e-05
1.8933e-05
1.58381e-05
1.42844e-05
1.02681e-05
7.02855e-06
5.52047e-06
3.03907e-06
1.64021e-06
0.000570093
0.000539159
0.000513593
0.000466536
0.00044528
0.000423057
0.000423493
0.000390585
0.000361015
0.000313636
0.000281397
0.000261434
0.000238061
0.000219203
0.000194153
0.000177066
0.000152399
0.000129299
9.87204e-05
8.23504e-05
7.743e-05
3.41634e-05
1.54609e-05
7.9123e-06
1.17257e-05
5.24109e-06
4.99592e-07
4.0405e-06
1.69234e-06
6.40025e-06
1.11981e-05
3.09532e-05
5.1209e-05
7.82849e-05
0.00010203
7.46334e-05
0.000104163
0.000136451
0.000176995
0.000148045
5.61659e-05
2.00025e-05
1.97634e-05
1.04716e-06
7.2705e-07
1.63571e-05
1.63264e-05
2.79295e-06
1.7902e-06
2.61782e-05
6.51195e-05
2.379e-05
3.53456e-05
0.00011716
0.000191841
9.84856e-05
7.0041e-05
0.000119433
0.000178437
0.00024959
0.000182458
0.000154461
0.000242154
0.000531109
0.000540476
0.000734139
0.000529974
0.000717815
0.000554957
0.000679117
0.000600835
0.000982086
0.000535002
0.000636555
0.000700583
0.00104553
0.000674997
0.000894883
0.0010575
0.000881852
0.00105741
0.000680583
0.000791784
0.000476404
0.000600724
0.000583487
0.000503849
0.000608439
0.000884107
0.00100751
0.000964669
0.0011859
0.000744229
0.00103043
0.00101095
0.000950895
0.000942062
0.000911879
0.000744548
0.000870272
0.000817537
0.000961208
0.000952265
0.000921298
0.000953307
0.000944823
0.000893238
0.000704183
0.00084096
0.000836061
0.000808224
0.000793912
0.000753811
0.000729419
0.000662498
0.000617336
0.000680135
0.000602035
0.00060359
0.000584031
0.000591479
0.000509404
0.000512819
0.000493889
0.000501703
0.000495198
0.000506225
0.00047447
0.000449654
0.000453607
0.000438576
0.000394639
0.000399261
0.000392483
0.000427605
0.000443672
0.000447172
0.000429628
0.000417645
0.000411116
0.000383555
0.000345198
0.000245006
0.000244253
0.000235324
0.000399094
0.000402671
0.000385414
0.000369925
0.000360203
0.000253691
0.000359489
0.000363771
0.000344444
0.000298009
0.000300435
0.000336734
0.000310017
0.000293864
0.000307524
0.000310775
0.000297586
0.000299752
0.00028838
0.000239811
0.000238371
0.000227514
0.00022994
0.000228482
0.000212908
0.000210723
0.000196515
0.000198687
0.000196588
0.000180116
0.00015661
0.000145663
0.00013158
0.000103801
9.87085e-05
8.57376e-05
8.76966e-05
7.96822e-05
7.64892e-05
7.25469e-05
5.67023e-05
4.20428e-05
3.79622e-05
3.27253e-05
3.22942e-05
2.92257e-05
2.45593e-05
9.4368e-06
5.54633e-06
1.13836e-05
8.74606e-06
9.39957e-07
3.0054e-07
3.28654e-08
4.9691e-07
1.47717e-06
1.91481e-06
3.32527e-06
9.2119e-06
1.18494e-05
1.70098e-05
1.80605e-05
2.10424e-05
2.81984e-05
2.71559e-05
3.62073e-05
4.6468e-05
5.37139e-05
5.84834e-05
6.64483e-05
6.74547e-05
7.17617e-05
8.13443e-05
8.80704e-05
9.14742e-05
9.81509e-05
0.000102749
0.000106098
0.000110976
0.000115374
0.000124823
0.000124789
0.000126454
0.000133333
0.000136839
0.000136592
0.000156379
0.000156719
0.000169049
0.000177628
0.000175927
0.000177619
0.000184845
0.00018346
0.000193033
0.000189803
0.000191057
0.00020037
0.0001977
0.000189761
0.000200604
0.000196877
0.000196461
0.000214033
0.000209177
0.00019723
0.000214068
0.000191837
0.000188069
0.000188953
0.000206162
0.000203578
0.000200081
0.000202211
0.000197218
0.000225228
0.000228766
0.000240664
0.00022027
9.99393e-05
9.99239e-05
9.98992e-05
9.98897e-05
9.98705e-05
9.98612e-05
9.98756e-05
9.98436e-05
0.000100128
0.000100071
0.000101233
0.000176802
0.000176471
0.000176833
0.000952588
0.000112645
0.000129504
0.000149267
0.000125612
0.00144719
0.00125497
0.00151957
0.00134495
0.00146307
0.00129962
0.000942864
0.000813974
0.000396421
0.000323065
0.000299561
0.000113058
8.56689e-05
1.2167e-06
1.58737e-08
4.69149e-05
5.69006e-05
5.10478e-05
8.51865e-05
8.97986e-05
8.32789e-05
2.82921e-05
0.000139208
0.000146244
0.000235719
0.000239551
0.000304369
0.000306217
0.000191143
0.000187757
0.000132473
9.27533e-05
9.54019e-05
8.57941e-05
5.15554e-05
5.14108e-05
6.57964e-05
6.43704e-05
5.66958e-05
0.00010727
0.000110354
0.000105823
9.30955e-05
0.00016562
0.000122754
0.000109743
6.11692e-05
3.9702e-05
4.26697e-05
2.79584e-05
1.09672e-06
8.72047e-07
4.75665e-06
3.58895e-06
2.47293e-05
1.263e-05
2.49843e-06
3.06416e-07
2.59686e-05
3.03302e-05
6.84836e-05
6.24717e-05
1.70622e-05
1.93195e-05
1.8861e-05
9.9405e-06
8.85678e-06
2.06883e-05
2.21683e-05
2.45233e-05
2.42932e-05
2.22663e-05
1.40522e-06
6.11726e-06
8.35381e-05
8.36964e-05
4.18713e-05
6.67308e-05
0.000166059
0.000205225
0.000239586
0.000308365
0.000251817
0.000311739
0.000424312
0.000589306
0.000349872
0.00033536
0.000427425
0.000411163
0.000478808
0.000423081
0.000527145
0.000859314
0.000743421
0.000411685
0.000826429
0.000524917
0.000988968
0.000525035
0.000990811
0.000835231
0.000699747
0.00123257
0.00104357
0.000747587
0.000841899
0.000708568
0.00091129
0.0010054
0.0235633
0.0158206
0.00951575
0.00516147
0.00270872
0.0014459
0.000663493
0.000321906
0.000117494
5.5911e-05
3.0448e-05
9.20411e-06
5.7294e-06
1.80436e-06
3.83546e-07
2.34483e-07
3.98669e-07
9.62891e-09
6.94067e-08
1.00401e-06
1.16154e-07
9.13325e-07
1.68489e-06
7.8627e-07
5.4453e-06
0.000116658
8.75707e-05
2.99952e-05
1.99413e-05
1.46964e-05
9.40683e-06
2.03631e-06
2.99437e-06
6.37773e-06
0.00640991
0.00602043
0.00566908
0.00532216
0.00415984
0.00375306
0.00330318
0.00307255
0.00289649
0.00279019
0.00250025
0.00227238
0.0019079
0.00178896
0.00145641
0.00117134
0.00100135
0.000957513
0.00066969
0.000581102
0.000274347
0.000288345
9.34661e-05
6.7698e-05
1.32056e-06
6.98105e-06
5.9711e-06
8.2243e-05
9.39719e-05
0.000383719
0.000422828
0.000469544
0.00112596
0.00116222
0.000782457
0.00107136
0.00115491
0.000980078
0.0010016
0.000877098
0.000596042
0.000701928
0.000552564
0.000498608
0.000379358
0.000411076
0.000414216
0.000356445
0.000373508
0.000328792
0.000270149
0.000306953
0.000208504
0.000156572
0.000180229
0.000186843
0.00012812
0.000146919
8.49649e-05
7.18332e-05
5.37496e-05
4.92795e-08
5.56207e-07
1.21938e-06
4.89014e-06
5.06369e-07
2.43944e-06
1.08894e-09
5.35776e-06
2.51283e-05
1.27356e-05
4.43131e-05
4.92831e-05
3.72763e-05
5.57189e-05
3.58121e-05
3.2928e-05
0.000100521
7.55028e-05
0.000141983
5.008e-05
7.71285e-05
0.000117312
9.15257e-05
5.7767e-05
6.40185e-05
3.39478e-05
9.81922e-05
8.15538e-05
0.000180846
0.000174403
0.000125083
0.000172187
0.000179906
0.000143579
0.000312053
0.000165608
0.000206886
0.00024779
0.000252477
0.000179966
0.000135751
0.00028648
0.000457131
0.000280299
0.000293899
0.000394135
0.00048056
0.000406798
0.000572954
0.000315427
0.000503602
0.000398171
0.000510546
0.000568705
0.000319927
0.00049969
0.000667185
0.000450641
0.000570832
0.000607604
0.000497915
0.000350589
0.000536443
0.000416836
0.000161382
4.81374e-05
0.000192467
0.000325996
0.000438741
0.000532338
0.000228641
0.000329641
0.000160987
0.000251476
0.000221166
0.000299961
0.00032214
0.00048801
0.00032726
0.000438581
0.000391022
0.000532915
0.000766066
5.0641e-05
0.000945782
0.000115727
0.00014117
0.00021466
0.000230483
0.00026487
0.000200174
0.000239331
0.000347433
0.000350991
0.000369657
0.000382275
0.000371591
0.000370348
0.000288855
0.00029494
0.00033103
0.000327094
0.000339473
0.000342313
0.000346012
0.000341243
0.00030302
0.000317855
0.000363669
0.000336261
0.000402936
0.000402229
0.000325141
0.000319592
0.000306921
0.00031902
0.00028923
0.000322207
0.000333847
0.000319947
0.000333242
0.000328082
0.000306494
0.000296083
0.000306664
0.000295556
0.000250938
0.000238026
0.000291861
0.000301601
0.000286725
0.000301526
0.000310755
0.000306902
0.000229405
0.00023271
0.000333562
0.000341676
0.000331354
0.000262895
0.000271191
0.000267181
0.000295243
0.000289348
0.00028673
0.00029412
0.000285998
0.000232505
0.000222491
0.00024546
0.000247891
0.000243722
0.000229829
0.000230775
0.000216349
0.000214762
0.000155282
0.000141704
0.000130819
0.000159857
0.000157563
0.000150767
0.000113337
0.000108945
9.79243e-05
8.89165e-05
7.48302e-05
0.000100864
9.86092e-05
8.99476e-05
6.67677e-05
6.32288e-05
5.42108e-05
6.23865e-05
6.00016e-05
4.90973e-05
2.43375e-05
1.92372e-05
1.74696e-05
1.49162e-05
8.18635e-06
6.57197e-06
3.95745e-06
2.34145e-06
1.58571e-06
3.20888e-08
7.29599e-07
2.14304e-06
3.48751e-06
5.99111e-06
7.7646e-06
9.71256e-06
9.85153e-06
2.06518e-05
2.38177e-05
2.6982e-05
2.6681e-05
3.35917e-05
3.60364e-05
4.06766e-05
4.54576e-05
5.6934e-05
6.02717e-05
6.74083e-05
6.63684e-05
6.81942e-05
7.03244e-05
7.59258e-05
7.66666e-05
7.75182e-05
8.33079e-05
9.04875e-05
0.000100608
0.000103274
0.000100405
0.000102055
9.91149e-05
9.81461e-05
0.000100262
0.000111627
0.000112271
0.000124347
0.000126615
0.00013205
0.000131918
0.000136747
0.000190937
0.000180057
0.000173837
0.000166835
0.000165268
0.000160875
0.000159376
0.000160161
0.000159619
0.000157891
0.000155711
0.000155955
0.000163321
0.000164969
0.000150416
0.00014781
0.000150928
0.000150463
0.000149017
0.000146633
0.00014632
0.000145807
0.000148446
0.000161036
0.000166473
0.000153675
0.000151156
0.000152767
0.000150663
0.000177623
0.000182325
9.7684e-05
9.77044e-05
9.77092e-05
9.76934e-05
9.77082e-05
9.76749e-05
9.75574e-05
9.75699e-05
9.75868e-05
9.76651e-05
0.000100621
0.000100672
0.00010119
0.00390421
0.00365128
0.00065523
0.000652144
0.000702096
0.000576487
0.00178551
0.00160313
0.00168169
0.00153961
0.00140915
0.00126778
0.000861829
0.00079688
0.000700151
0.000285188
0.00022817
0.000102409
7.57645e-05
1.41187e-05
7.98202e-06
1.23115e-05
5.63723e-06
6.9151e-07
2.04434e-06
1.22337e-05
1.70813e-05
1.47277e-05
1.95096e-05
4.29727e-05
4.48356e-05
9.98169e-05
0.000102952
0.000182936
0.000181221
0.000166724
0.000163425
0.000170619
0.000169849
0.00015854
0.000128998
0.000125294
0.00022819
0.000201925
0.000113063
9.14232e-05
1.9901e-07
0.0017163
0.0013717
0.000964962
0.000747473
0.000588653
0.000452801
0.000673456
0.000514715
0.000456539
0.00033942
0.000297324
0.000232128
0.000165924
9.68714e-05
6.60686e-05
0.000104388
2.73941e-05
1.31778e-05
5.24614e-05
3.13079e-05
1.22271e-05
4.75579e-06
2.76077e-05
1.36012e-05
4.81911e-06
4.33585e-07
2.15395e-07
1.63274e-07
1.57282e-05
1.85469e-05
7.66888e-07
6.96973e-08
6.98396e-09
1.99165e-05
0.00409484
0.00338958
0.00193157
0.00148385
0.00124013
0.000903824
0.00069883
0.00102284
0.000761347
0.000634801
0.000656807
0.000475026
0.000399114
0.000277054
0.000237747
2.48552e-05
9.93732e-06
2.10548e-06
2.74681e-06
3.65379e-06
9.46824e-06
9.14408e-05
5.58907e-05
5.19034e-05
3.18325e-07
3.21864e-06
2.55378e-06
2.82239e-05
3.87242e-05
3.05174e-05
2.28186e-05
2.91139e-05
1.16744e-07
2.48231e-06
5.86842e-05
3.42411e-05
3.5073e-06
1.53137e-07
6.0222e-07
2.49489e-05
3.34207e-05
2.37979e-05
6.79265e-05
3.92837e-05
6.54082e-06
1.21063e-05
4.37029e-06
4.96136e-07
8.72577e-07
1.39022e-07
1.87551e-06
6.74434e-06
1.1151e-06
8.8755e-07
2.63072e-07
0.000367361
0.00106724
0.00077661
0.000620495
1.51706e-05
0.000280126
0.00214605
0.00154028
0.00119461
0.000770928
0.000526454
0.000431809
0.000294115
0.000163871
0.000115428
0.00015355
9.39707e-05
7.47084e-05
7.9944e-05
4.97415e-05
1.24389e-05
6.0475e-06
3.51042e-06
3.29415e-07
1.04132e-06
3.30153e-06
2.80546e-07
1.23185e-06
1.09526e-05
3.69567e-06
6.014e-06
3.02398e-06
1.14974e-06
3.95234e-06
3.59151e-06
9.84141e-07
3.69372e-06
5.82217e-07
1.12178e-06
1.27196e-06
3.2986e-06
1.10946e-05
3.2302e-06
1.02531e-05
1.98994e-05
1.39828e-05
0.00164172
0.0012555
0.000851045
0.00295178
0.0026308
0.00131263
0.00165207
0.000718975
0.000670698
0.000393882
5.79992e-05
1.72669e-06
5.43066e-05
3.27925e-05
0.000177971
7.49541e-05
8.97961e-05
8.95919e-05
6.72825e-05
7.99219e-05
5.15035e-05
4.05898e-05
4.77574e-05
3.51431e-05
2.68771e-05
3.65249e-05
4.87343e-05
3.68746e-05
4.35213e-05
3.02352e-05
2.26615e-05
2.5389e-05
3.38393e-05
1.26538e-05
1.85715e-05
1.65004e-05
6.62528e-08
4.15474e-13
1.60342e-06
7.79419e-07
9.03478e-08
9.72744e-06
3.70806e-06
1.27597e-05
7.81986e-06
2.16554e-05
3.38888e-05
5.34996e-05
3.37544e-05
4.73821e-05
8.84953e-05
8.27823e-05
9.00039e-05
4.33366e-05
6.36663e-05
0.000103719
0.000226479
6.56079e-05
0.000225968
0.000212234
0.00019598
0.000267817
0.000272462
0.000371942
0.000750672
0.000594556
0.000508002
0.000355622
0.000336651
0.000282297
0.000206832
0.000155687
0.000122532
7.90043e-05
4.73844e-05
3.23828e-05
1.31415e-05
5.88646e-06
1.86756e-06
5.26345e-08
3.26e-10
1.58357e-05
3.38333e-05
3.918e-05
4.87207e-05
7.76737e-05
0.000110238
0.000146946
0.000192583
0.000192078
0.000311927
0.000335495
0.000388681
0.000392055
0.000415739
0.000499796
0.00060737
0.000634956
0.000724829
0.000668099
0.000691257
0.000750142
0.00070453
0.000778628
0.00091698
0.00102937
0.00113983
0.00112523
0.00114946
0.00122226
0.00130041
0.0013432
0.00141425
0.00137476
0.00119405
0.00118945
0.00125454
0.00122178
0.00145353
0.00143643
0.00133609
0.00134018
0.00135144
0.00152017
0.00145222
0.00136256
0.0013746
0.00129696
0.00140095
0.00129133
0.00104563
0.00106562
0.00100468
0.00113386
0.00104458
0.000932508
0.000892668
0.00101705
0.00095439
0.000828631
0.000771557
0.000721988
0.000807826
0.000723184
0.000675135
0.000697326
0.000641723
0.000737021
0.000663453
0.000590523
0.000602854
0.000560109
0.000468602
0.000465101
0.000415709
0.000517792
0.000469658
0.000426321
0.000314245
0.000300928
0.000262435
0.000295889
0.000240085
0.000196667
0.000167362
0.000156858
0.000142477
0.000104777
8.76237e-05
7.72275e-05
5.38583e-05
3.04752e-05
1.9383e-05
1.78109e-05
1.33384e-05
3.69523e-06
1.69203e-06
2.98442e-07
3.25802e-06
4.26213e-06
8.72604e-06
1.80664e-05
2.43114e-05
3.81977e-05
4.40086e-05
5.54215e-05
6.68794e-05
7.69344e-05
8.17725e-05
9.0154e-05
9.33954e-05
0.000106302
0.000110054
0.000121405
0.000126162
0.000135004
0.000135907
0.000162195
0.000165791
0.000157638
0.000158326
0.000172217
0.000173707
0.00019044
0.000198695
0.00020729
0.000223128
0.000223154
0.000227992
0.000171866
0.000180621
0.000180877
0.000143614
4.05381e-05
6.01467e-05
0.000608366
0.000554153
0.00157994
0.000364046
0.00026237
0.000245964
0.000602767
0.000257763
0.000159445
0.000347125
0.000565218
0.000583952
3.68627e-05
5.08122e-05
0.000479619
0.000349377
0.000307634
0.000246344
0.000172455
0.000492472
0.000383153
0.000460463
0.000361184
0.000146243
0.000116325
0.000200713
0.000194704
0.000178097
5.61011e-05
3.64833e-05
1.48714e-07
6.75837e-07
9.0056e-07
3.66015e-06
2.43972e-06
8.33448e-06
2.13501e-05
1.31187e-05
1.83775e-05
6.20206e-06
5.41711e-06
2.80038e-06
4.95811e-06
6.49471e-06
3.55816e-06
5.75077e-06
5.74487e-06
1.47642e-05
1.35076e-05
3.199e-05
3.10849e-05
9.31259e-06
8.4005e-06
9.18982e-05
9.05404e-05
8.12234e-05
4.04439e-06
8.57132e-06
1.77324e-06
5.20238e-06
4.52755e-06
1.78586e-06
5.83344e-08
7.97471e-10
3.21604e-06
6.13949e-07
8.26617e-05
4.5192e-05
9.38544e-05
5.19472e-05
7.80319e-06
1.13212e-05
7.43485e-06
6.06657e-07
1.00499e-06
7.87294e-07
1.63932e-05
7.82628e-06
1.2026e-05
1.22194e-05
8.2338e-05
7.1443e-05
6.60767e-05
0.000135204
9.94669e-05
7.37155e-05
6.73965e-05
5.99054e-05
3.3195e-05
2.36281e-05
1.0321e-05
6.32474e-06
2.3345e-07
6.05023e-06
1.36648e-05
1.42033e-05
2.60744e-05
1.78211e-05
1.13543e-05
2.28574e-05
2.45643e-08
1.27138e-06
2.63189e-05
9.56705e-05
0.00014971
9.7738e-05
9.62609e-05
0.000115752
3.29384e-05
4.58075e-05
7.22061e-05
8.93397e-05
7.50792e-05
5.08253e-05
6.30395e-05
5.62604e-05
6.09427e-05
4.08116e-05
5.43557e-05
5.04425e-05
9.00899e-05
9.27531e-05
0.00010415
5.91956e-05
7.21376e-05
9.38478e-05
0.000108054
7.20702e-05
8.28053e-05
0.000106281
0.00011802
5.7584e-05
6.59317e-05
0.000105812
0.000104299
0.000116205
0.000121408
9.2371e-05
9.70891e-05
8.69362e-05
9.05559e-05
5.37068e-05
5.67238e-05
4.82031e-05
6.99936e-05
7.09423e-05
5.20078e-05
4.0987e-05
3.97794e-05
3.70118e-05
4.16823e-05
3.91062e-05
2.18166e-05
1.97509e-05
1.63384e-05
1.12972e-05
1.00675e-05
8.62861e-06
7.55072e-06
7.08663e-06
4.1618e-06
4.74745e-07
5.90939e-07
8.96174e-07
0.00027376
0.0175966
0.0156615
0.0141787
0.012141
0.00968485
0.0125789
0.00700337
0.00826806
0.00682984
0.000279413
0.000356177
0.000621026
0.000982185
0.000788404
0.000613381
0.000762978
0.000660199
0.000768573
0.000765993
0.000761544
0.000651969
0.000566096
0.000649056
0.000533676
0.000438393
0.000372746
0.000234107
0.000170818
0.000187239
4.2555e-05
2.27919e-05
1.19239e-05
2.18823e-05
8.79571e-09
0.000176238
0.00017458
0.000701117
0.00072838
0.000437204
0.000958481
0.000992981
0.00102476
0.000968733
0.000655137
0.000560949
0.000437233
0.000448516
0.000310317
0.000265277
0.000310038
0.000264128
0.000213814
0.000135669
0.000103447
9.84109e-05
9.27146e-05
0.000109653
3.76273e-05
4.23045e-05
2.8236e-05
2.82132e-05
3.37351e-06
4.19986e-06
1.70915e-06
1.21091e-06
3.03328e-07
1.87338e-06
5.10995e-07
4.24723e-06
3.02461e-05
3.29849e-05
1.67179e-05
1.38178e-05
4.95439e-05
2.89482e-05
1.851e-05
3.04493e-05
3.41339e-05
2.36609e-05
3.04574e-05
6.4278e-05
8.8934e-05
0.000126602
9.22216e-05
4.09296e-05
4.42477e-05
0.000132014
7.64087e-05
0.000188917
0.000162915
0.00027312
0.000263183
0.00017519
0.000105552
0.000145575
0.000174143
0.000227731
0.000292955
0.000389835
0.000455088
0.000394859
0.000439083
0.000557702
0.000645726
0.000370583
0.000634547
0.000465714
0.000815364
0.000530928
0.000662726
0.000757352
0.00048699
0.000691295
0.000607451
0.000861108
0.000779487
0.000851234
0.000691818
0.00084317
0.00069441
0.000783392
0.00106793
0.000724758
0.000873492
0.000685589
0.00111392
0.000732379
0.00100976
0.000621881
0.000690576
0.000887695
0.000729936
0.000720552
0.000476644
0.000486864
0.000474282
0.000593024
0.000654509
0.000832991
0.0010158
0.000946047
0.000512682
0.00045954
0.000551463
0.000954336
0.000534256
0.000809902
0.000368434
0.00035425
0.000817965
0.000392444
0.000382248
0.000383252
0.000441772
0.000437741
0.000381471
0.00039482
0.000391416
0.000341062
0.000185205
0.00039824
0.000219951
0.000219411
0.000179812
0.00018805
0.000437731
0.000238647
0.00039723
0.000226471
0.000399605
0.000399579
0.000370925
0.000373579
0.000317977
0.000178621
0.000394559
0.000245512
0.000243894
0.000379266
0.000241961
0.000329306
0.000327467
0.000277497
0.000222305
0.000284751
0.000275935
0.000244305
0.000248433
0.000226864
0.000232557
0.00022257
0.000153425
0.000158363
0.00023404
0.00023759
0.000227055
0.000220897
0.000230173
0.000226863
0.000253396
0.000252418
0.000250033
0.000251334
0.000254243
0.00023861
0.000266607
0.000274596
0.00026006
0.000230916
0.000217042
0.000212354
0.000206715
0.00016486
0.000159162
0.000188959
0.000178562
0.000206873
0.00020807
0.000195735
0.000150961
0.000148527
0.000143609
0.000155805
0.000156664
0.000150759
0.00014542
0.000128312
0.000116422
9.97063e-05
9.78773e-05
9.08044e-05
8.55053e-05
8.27468e-05
7.89712e-05
7.46656e-05
5.53558e-05
4.49933e-05
4.3488e-05
3.94917e-05
3.2876e-05
2.70441e-05
2.34554e-05
1.93206e-05
1.17138e-05
8.38932e-06
1.05866e-05
7.98163e-06
5.88849e-06
3.91995e-06
2.28421e-06
1.56869e-06
5.31171e-07
6.21951e-07
3.64237e-07
2.32821e-09
1.76409e-06
3.08975e-06
3.08376e-06
5.59898e-06
7.68866e-06
8.98428e-06
1.19158e-05
1.33548e-05
1.60942e-05
2.05055e-05
2.28848e-05
3.69873e-05
4.01198e-05
4.48332e-05
3.49591e-05
3.58523e-05
3.89635e-05
4.84048e-05
4.97759e-05
4.91688e-05
5.39748e-05
5.47427e-05
5.89037e-05
6.43999e-05
6.51196e-05
6.96178e-05
8.03227e-05
8.16842e-05
8.7119e-05
8.87387e-05
9.10862e-05
0.000105565
0.000107926
9.31397e-05
9.24565e-05
9.41972e-05
9.98662e-05
0.000101768
0.000103186
0.000103587
9.47175e-05
9.39152e-05
9.62549e-05
6.91049e-05
6.93095e-05
7.14094e-05
6.90732e-05
7.08194e-05
7.19066e-05
6.94347e-05
6.89465e-05
7.14171e-05
7.04727e-05
7.11047e-05
7.6403e-05
7.49931e-05
7.416e-05
7.34231e-05
7.53222e-05
6.55006e-05
6.44574e-05
6.55013e-05
6.90091e-05
6.81121e-05
7.08951e-05
6.43912e-05
6.34276e-05
6.41062e-05
6.14044e-05
6.30188e-05
6.54517e-05
6.52676e-05
5.90819e-05
5.97035e-05
6.42494e-05
6.42836e-05
7.01029e-05
7.41489e-05
5.7608e-05
6.09954e-05
5.24649e-05
5.3239e-05
5.73413e-05
5.74185e-05
5.80228e-05
0.000147159
0.000144924
0.000149785
0.000151473
0.000151233
0.000151356
0.000154673
0.000146773
0.000151614
0.000100003
9.98227e-05
8.97042e-05
9.00187e-05
8.87926e-05
0.000129834
0.000128615
8.67953e-06
1.41028e-06
7.11141e-05
8.93934e-05
0.00158358
0.00137555
0.00224099
0.00203912
0.00155454
0.00142503
0.00258581
0.00230758
0.000608471
0.000522471
0.000333912
0.000280714
0.00026819
0.00022556
0.000213066
8.04977e-05
6.53027e-05
0.000116271
7.74055e-05
9.25343e-06
1.29251e-05
1.07251e-05
1.42544e-05
1.63474e-05
1.1869e-05
0.000101414
9.67952e-05
5.00907e-05
4.85325e-05
1.0158e-06
1.00234e-07
3.99381e-08
9.41201e-05
8.55059e-05
7.04368e-05
5.74422e-05
4.5869e-06
9.36756e-06
2.18719e-05
3.4522e-05
3.40573e-05
3.57106e-06
1.89828e-05
7.08585e-06
1.51072e-05
9.09441e-05
9.37818e-05
0.000168894
0.000177706
0.000187321
1.59331e-06
3.03166e-07
1.45886e-07
6.74464e-06
1.69919e-05
1.32365e-05
3.52341e-06
9.10987e-06
6.74285e-06
1.98534e-07
4.52706e-07
1.91943e-06
6.07977e-06
1.27327e-06
1.10469e-06
1.77153e-05
2.61328e-05
5.05799e-06
8.01375e-06
7.23626e-05
8.21669e-05
7.1544e-05
4.72599e-05
4.96741e-05
8.81228e-05
8.96244e-05
6.92957e-06
8.52164e-06
3.02392e-05
3.01451e-05
3.02597e-05
3.17749e-05
2.77439e-05
7.41778e-05
7.28896e-05
6.78333e-05
7.11323e-05
6.47213e-05
5.3011e-05
6.1881e-06
4.49382e-06
3.45168e-06
7.87886e-06
4.98017e-06
3.73671e-06
4.81461e-07
2.97638e-06
1.33077e-07
1.16747e-06
2.9444e-07
6.81786e-07
6.83955e-07
4.45676e-06
1.34039e-05
2.63462e-05
4.75977e-05
3.00436e-05
5.88697e-05
5.51591e-05
9.19226e-05
0.000119535
0.00013633
0.000199194
0.000194781
0.000101314
0.000162642
0.000164165
0.000246881
0.000271725
0.000389072
0.000383687
0.000325069
0.000294544
0.00177703
7.01204e-05
0.0016393
0.0012383
0.000968519
0.000885297
0.00111561
0.000866485
0.000781004
0.000493596
0.000361314
0.000320055
0.00030749
0.000205521
0.000193582
0.000156754
9.56947e-05
9.13688e-05
8.18944e-05
4.48207e-05
1.61648e-05
5.3502e-06
1.60042e-05
3.29438e-06
5.05126e-06
5.56724e-07
5.08015e-07
5.41024e-06
9.06237e-08
1.98568e-07
2.00131e-08
3.97001e-06
1.93729e-06
3.04338e-08
2.20463e-05
3.436e-05
5.32262e-05
3.89674e-05
4.2433e-06
1.34444e-05
9.96834e-06
2.51096e-05
4.15135e-05
2.71621e-05
3.20725e-05
4.01508e-05
5.57195e-05
6.03679e-05
1.86208e-05
3.17932e-05
2.49705e-05
1.10047e-05
1.03313e-05
7.29797e-06
0.037734
0.0340588
0.030483
0.0271693
0.0239153
0.0202488
0.0172783
0.0140953
0.0114041
0.00895378
0.0068465
0.00523372
0.00514724
0.00430159
0.0039352
0.00264198
0.00260339
0.00156246
0.0013482
0.000678049
0.000554755
0.000522959
4.0978e-05
0.000150972
4.67964e-09
2.27338e-06
9.33135e-06
5.14644e-07
6.89954e-06
2.45611e-06
3.91042e-06
2.42794e-06
8.54209e-06
1.19418e-05
6.63481e-06
1.25117e-06
5.06951e-06
5.02848e-06
2.30547e-06
8.53895e-06
1.25336e-05
1.60738e-05
5.38066e-06
9.25042e-06
5.53435e-06
1.2452e-05
6.92036e-06
3.15951e-05
2.67524e-05
3.09555e-05
3.47104e-05
3.88669e-05
6.24859e-05
8.09142e-05
0.000107897
0.000108061
7.01892e-05
0.000129875
0.00022581
0.000211584
0.000191333
0.000271356
0.000269169
0.00030734
0.000257674
0.000337899
0.000371355
0.00038839
0.000359735
0.00041877
0.0003443
0.000408813
0.000330767
0.000344614
0.000384024
0.000320429
0.000434872
0.00038377
0.000451067
0.000360983
0.00193781
0.00171974
0.00146302
0.00117918
0.000930915
0.000662954
0.000563097
0.000445598
0.000318425
0.000322552
0.000233017
0.000158065
8.75574e-05
8.45457e-05
4.37867e-05
1.09054e-05
1.03528e-07
3.24711e-06
4.4646e-07
3.32072e-06
1.53486e-05
1.86768e-05
2.83855e-05
3.96171e-05
5.55251e-05
7.58201e-05
0.00013439
0.000155273
0.000195234
0.000188961
0.000210011
0.000264617
0.000253128
0.000274329
0.00032217
0.000363234
0.000387023
0.000457534
0.000470439
0.000495344
0.000577866
0.000612621
0.000637973
0.000735297
0.000744535
0.000836455
0.000927447
0.000958336
0.000985031
0.00108409
0.00120827
0.00134064
0.00126043
0.00139965
0.00143008
0.00133909
0.00141642
0.00132819
0.00123714
0.00126873
0.00116181
0.00116901
0.00111228
0.00107693
0.00100737
0.00101192
0.000945851
0.0010078
0.000874957
0.000823914
0.000708674
0.000631645
0.000796278
0.000776134
0.000654995
0.000617533
0.000598983
0.000578706
0.000494231
0.000599205
0.000568792
0.000384017
0.000468977
0.000361676
0.000322387
0.000254025
0.000209581
0.000219912
0.00019125
0.000161337
0.000126912
0.000111533
0.000101399
7.3015e-05
5.34586e-05
3.30527e-05
3.43197e-05
2.89762e-05
1.4373e-05
1.28439e-05
4.86301e-06
9.93957e-07
1.40867e-08
4.23356e-07
2.72575e-06
9.31762e-06
1.373e-05
1.95252e-05
2.45328e-05
3.29293e-05
3.90263e-05
4.4729e-05
5.67373e-05
6.70022e-05
6.97729e-05
7.78991e-05
8.31849e-05
8.53389e-05
9.53581e-05
0.000110485
0.000107704
0.000124625
0.000126812
0.000130947
0.000141294
0.000152068
0.000154081
0.000159088
0.000158567
0.000163587
0.000171897
0.000173957
0.00017453
0.000174634
0.000183708
0.000196257
0.000199694
0.000216943
0.000218077
0.000224055
0.000204682
0.000203858
0.000208426
0.000203084
0.000115036
0.00010661
0.000930202
0.00110717
0.00223269
0.000563206
0.000398684
0.000281782
0.00160889
0.00159454
0.00145836
0.00167009
0.00169359
0.00130725
0.00131737
0.000354029
4.79643e-05
2.18556e-05
0.000488684
0.000363915
0.000558844
0.000423418
0.000382227
0.000292032
0.000129657
8.72499e-05
6.7234e-05
3.43667e-05
1.7094e-05
7.86184e-05
0.000102676
0.000132375
0.000116195
0.000245659
0.000256854
3.32839e-06
9.75153e-06
9.48181e-05
0.000114508
8.59787e-06
1.8769e-05
1.45907e-05
4.87671e-05
6.49626e-05
6.25415e-05
0.000211367
0.000219859
0.000199395
0.000211152
9.99534e-05
0.00011511
0.000192278
0.000198599
0.000107864
8.43509e-05
5.18313e-05
5.4872e-05
6.97277e-05
3.47728e-05
8.36905e-05
5.47346e-05
0.000117836
7.97276e-05
6.81926e-05
4.50388e-05
3.52286e-05
8.53719e-06
3.73434e-07
2.8656e-07
1.31783e-06
9.5223e-07
2.89886e-07
1.37745e-07
1.77522e-06
1.57268e-06
2.08417e-06
7.29096e-06
6.27223e-06
4.86686e-06
6.67506e-09
1.84512e-06
2.67366e-06
4.98502e-06
2.43941e-05
1.45453e-05
6.44368e-05
0.000128418
0.00013788
0.000110311
0.000128765
0.000424512
0.000434657
0.000187045
0.000368927
0.000265679
0.00047047
0.000198804
0.000281579
0.000259384
0.000275342
0.00029286
0.000396508
0.000381811
0.000523758
0.000484747
0.000410431
0.000660444
0.000663414
0.000870915
0.000783758
0.000567566
0.000694641
0.000610791
0.000583597
0.0012285
0.00109857
0.000614192
0.000823662
0.000701358
0.00101944
0.00121724
0.000975366
0.00119972
0.0012277
0.00156847
0.00133289
0.00127889
0.00151086
0.0012546
0.00104562
0.00207145
0.00171788
0.00101184
0.00209597
0.00170384
0.000785648
0.00106443
0.000932391
0.0344224
0.0257189
0.0173687
0.0106902
0.00579563
0.00304439
0.00164511
0.000745444
0.000334775
0.000136188
2.24069e-05
4.68553e-06
4.19053e-06
3.2253e-05
7.67681e-06
1.22375e-06
3.49127e-06
3.40725e-07
8.07991e-06
8.71624e-06
4.28659e-06
3.76112e-06
6.67224e-07
5.80986e-06
8.00186e-07
1.70593e-09
0.000129736
0.000114766
0.000153386
8.18899e-05
5.35464e-05
4.36407e-05
1.31141e-05
1.40631e-05
1.03658e-05
4.99831e-06
7.6443e-06
9.69944e-07
1.69491e-06
1.06561e-08
1.30823e-08
1.03375e-06
5.70907e-08
4.12264e-06
6.6124e-06
1.59987e-06
0.014224
0.013421
0.0118924
0.0101935
0.0100232
0.00878109
0.00776931
0.00750919
0.00666765
0.00621733
0.00579
0.00555619
0.00504527
0.00438145
0.00379298
0.00335073
0.00288089
0.00250351
0.00226898
0.00181982
0.00158475
0.00144306
0.000942949
0.000792017
0.000824354
0.00033597
0.000417629
0.000250626
0.000242801
2.1236e-05
6.9971e-06
2.40482e-05
5.40816e-05
4.27186e-05
0.000245915
0.000284032
0.000335754
0.000339337
0.000199694
0.00021685
0.000254829
0.000151986
0.000129666
0.000138303
0.000124198
0.000107502
0.000106788
9.54776e-05
8.87543e-05
6.80859e-05
7.42414e-05
5.0515e-05
3.49549e-05
3.5129e-05
3.01019e-05
1.38768e-05
1.23732e-05
1.01143e-05
2.05419e-05
6.84539e-06
3.85245e-06
1.31148e-06
1.09727e-05
5.43207e-06
3.31959e-06
5.59462e-06
1.63024e-07
1.3328e-05
3.25863e-05
8.50481e-05
3.97679e-05
9.64869e-05
0.000116165
0.000118611
0.000118212
0.00014528
0.000114369
0.000109718
8.44673e-05
0.000133187
0.000200141
0.000297694
0.000139518
0.000309955
0.000347472
0.00029319
0.000323063
0.000201122
0.000317971
0.000271596
0.000329515
0.000270568
0.000280774
0.000476358
0.00034224
0.000408974
0.000398927
0.000301534
0.000331669
0.000242291
0.000348261
0.000399827
0.000606769
0.000301061
0.000447487
0.000434112
0.00062398
0.000458763
0.000785728
0.000537687
0.000757556
0.000573611
0.00052588
0.000349397
0.000376762
0.000838732
0.000682681
0.00084652
0.000546579
0.000714932
0.000876684
0.000406675
0.000516067
0.000434877
0.000552587
0.00045411
0.000579319
0.000665413
0.000608395
0.000827887
0.000502961
0.000691448
0.000534204
0.000671491
0.000765889
0.000520853
0.000642961
0.000716579
0.000560161
0.000757101
5.34866e-05
2.52935e-05
0.00062243
3.09646e-06
7.05928e-07
7.76105e-06
2.62185e-05
4.71948e-05
0.000119082
0.000145034
0.000189104
0.000177195
0.000237524
0.000376441
0.000412104
0.000474567
0.000491061
0.000525512
0.000577999
0.000556749
0.000641148
0.000627496
0.000658811
0.000653064
0.000641031
0.000643243
0.000708613
0.000735153
0.000721457
0.00069877
0.000702327
0.000640673
0.000666082
0.00065578
0.00060076
0.00062539
0.000619056
0.000776799
0.000765223
0.000719156
0.000531152
0.000553786
0.000549954
0.00059112
0.000593612
0.000654855
0.000607281
0.000581804
0.000553372
0.000656237
0.000672204
0.000655885
0.000534936
0.000508065
0.000494738
0.000443044
0.00043741
0.000505777
0.000499268
0.000496357
0.000499278
0.00050145
0.000506172
0.000385814
0.000373912
0.000407229
0.000400812
0.000382553
0.000366042
0.000381047
0.000369988
0.000360131
0.000253501
0.000239324
0.000268482
0.00026413
0.000248402
0.000233884
0.000228764
0.000199113
0.000192216
0.000165122
0.000144321
0.000131722
0.000129101
9.92077e-05
8.63283e-05
8.30839e-05
7.24913e-05
6.47133e-05
5.10231e-05
4.56802e-05
3.14269e-05
2.61167e-05
1.93927e-05
1.57546e-05
1.28929e-05
8.50416e-06
2.17583e-06
8.0544e-07
2.59072e-07
2.89688e-08
1.02582e-06
1.96181e-06
3.54181e-06
5.40415e-06
8.72209e-06
1.0506e-05
1.36342e-05
1.96104e-05
2.18868e-05
2.4236e-05
2.26729e-05
3.91107e-05
3.51175e-05
3.74782e-05
4.58115e-05
4.77923e-05
5.39732e-05
4.91892e-05
4.95814e-05
5.19264e-05
6.268e-05
6.36092e-05
6.81882e-05
7.53356e-05
7.32773e-05
7.77271e-05
7.88401e-05
7.52066e-05
7.70015e-05
8.23739e-05
8.37859e-05
9.53492e-05
9.53942e-05
9.62322e-05
9.79628e-05
9.25371e-05
9.10003e-05
9.31328e-05
0.000109903
0.000100953
0.000181578
0.000165052
0.000105966
0.000166073
0.000160237
0.000155662
0.000150246
0.000150813
0.000148956
0.00014971
0.000138755
0.000135487
0.000143346
0.000144063
0.000142186
0.000136626
0.000135502
0.000134926
0.000133784
0.000131165
0.00013329
0.000119873
0.000152797
0.000158381
8.49417e-05
8.49422e-05
8.49599e-05
8.48539e-05
8.48039e-05
8.47998e-05
8.48001e-05
8.48211e-05
8.68253e-05
8.60033e-05
8.78212e-05
8.76785e-05
8.83117e-05
0.000472058
0.000512372
0.00269616
0.00257473
0.00229552
0.000230624
0.000188212
0.000640977
0.000466343
0.00040265
0.000128758
9.70297e-05
9.15416e-05
9.0915e-05
6.08444e-08
3.36867e-07
0.000209633
0.000217681
0.000200178
0.00014846
0.000159072
0.000129424
0.00013164
0.000139247
0.0001154
0.000212734
0.000222409
0.000370576
0.000362117
0.000440578
0.00042151
0.000301618
0.000285424
0.000587629
0.000428725
0.000403295
0.000411136
0.000392455
0.000342983
0.000247614
0.000326924
0.000307483
0.000269675
0.000245952
0.000229757
0.000368994
0.000340772
0.000298191
0.000161638
0.00173157
0.00133387
0.00135174
0.00108943
0.000785011
0.000605895
0.000457087
0.000410935
0.00034502
0.000254096
0.000313993
0.000224676
0.000206037
0.000179542
0.000126971
0.000104473
7.32281e-05
8.57129e-05
5.29894e-05
4.52343e-05
6.2495e-05
3.62506e-05
3.66086e-05
4.1175e-07
7.06611e-07
7.40985e-07
2.66436e-06
7.72226e-06
5.57766e-06
3.93488e-06
1.77588e-07
8.45024e-07
3.3288e-07
7.79119e-05
9.25445e-05
7.42767e-05
3.76348e-05
2.57541e-05
4.23193e-05
3.61205e-05
2.8917e-05
1.12679e-05
0.00447144
0.00296172
0.00232754
0.00179038
0.00150006
0.00095985
0.000716433
0.00029238
0.000200887
0.000226994
0.000394719
0.000287909
0.00054456
0.000391616
0.000323003
5.13093e-05
2.84623e-05
2.51745e-05
0.000169628
0.000228227
0.000155824
1.89734e-05
7.22419e-06
6.12074e-06
1.80255e-05
2.77079e-05
3.48013e-05
6.09935e-05
6.99077e-05
8.4923e-05
8.62847e-05
8.61803e-06
2.86361e-06
3.43173e-06
1.66918e-07
3.29711e-07
4.86591e-07
1.22475e-05
3.81755e-06
4.70176e-06
2.90665e-07
1.50597e-08
1.29376e-06
8.1253e-07
1.1587e-05
0.000258772
0.000216039
9.97693e-06
4.48037e-06
0.000883568
0.000661138
0.00151077
0.0017003
0.00139731
0.00101062
0.000643222
0.000436501
0.000344033
0.000368399
0.000249986
0.000113464
6.79364e-05
6.01364e-05
4.8739e-05
2.90742e-05
4.97292e-05
3.13954e-05
3.41178e-06
3.27637e-07
9.72089e-07
1.30217e-06
2.92498e-07
3.10274e-07
3.12125e-07
3.54163e-07
3.72279e-07
7.11129e-06
1.75337e-06
2.86182e-06
1.71725e-05
1.07473e-05
1.96656e-07
1.82452e-07
6.15209e-06
5.18647e-06
1.04983e-06
5.76157e-07
2.03517e-06
2.60471e-06
1.06525e-05
1.03414e-06
0.000534811
0.000455442
0.000817749
0.002876
0.0018536
0.00153706
0.00132998
0.000622544
0.000359827
5.16583e-05
2.78741e-05
7.81746e-05
1.26253e-05
0.000152947
0.000180808
0.000116599
0.000104275
5.02231e-05
6.75749e-05
5.85143e-05
6.52263e-05
4.52827e-05
3.48774e-05
4.18392e-05
5.33224e-05
4.4263e-05
3.25089e-05
4.43864e-05
2.29486e-05
3.7263e-05
3.72078e-05
1.14276e-05
2.06421e-05
1.83153e-05
2.45772e-06
6.47745e-07
4.62726e-07
2.9873e-06
1.95261e-06
6.68555e-06
4.87067e-07
4.35897e-05
1.76581e-05
2.60776e-05
3.00382e-05
5.62106e-05
6.83598e-05
4.63178e-05
8.36809e-05
3.06652e-05
5.79082e-05
8.51981e-05
0.00011719
0.000128244
7.65308e-05
0.000106602
0.000142016
9.58887e-05
0.000122789
0.000107692
0.000161945
0.000209347
0.00027863
0.000261574
0.000178491
0.000270536
0.000703502
0.000619258
0.000367028
0.000417522
0.000303342
0.00027123
0.000178679
0.000118923
8.95748e-05
5.49334e-05
1.47083e-05
1.9413e-06
5.95468e-06
7.84335e-08
2.72549e-07
2.44961e-06
1.11866e-05
1.85034e-05
4.59269e-05
7.44104e-05
8.57474e-05
0.000126157
9.7752e-05
0.000112775
0.000153791
0.000217463
0.000295862
0.000292289
0.000350289
0.000412188
0.00043571
0.000583697
0.000694519
0.000650331
0.000670852
0.000773299
0.000809639
0.000876038
0.000884304
0.000946806
0.00106227
0.00108925
0.0011824
0.00121942
0.00130275
0.00127941
0.00130206
0.0013543
0.00146076
0.00113191
0.00116179
0.00114802
0.00136903
0.00135212
0.00135721
0.00110269
0.00111473
0.00117961
0.00120481
0.00120988
0.00150623
0.00140585
0.0014359
0.00113802
0.0012074
0.00114809
0.00124596
0.00126191
0.00115497
0.00108868
0.0011048
0.00100913
0.0010497
0.00096909
0.000864948
0.000803964
0.000880348
0.000821928
0.000759013
0.000663656
0.000713775
0.000640676
0.000663011
0.000616986
0.000656889
0.000589892
0.000646343
0.000593138
0.000524634
0.000429704
0.000367226
0.00043478
0.000325447
0.000331698
0.000298578
0.000229643
0.000213723
0.000178255
0.000190846
0.000179573
0.000142978
9.39811e-05
8.14481e-05
5.74604e-05
5.53925e-05
2.76341e-05
1.80101e-05
1.23193e-05
4.3761e-06
2.01685e-06
9.85823e-09
6.24041e-07
1.82585e-06
5.13744e-06
9.16647e-06
1.58112e-05
2.42453e-05
2.91817e-05
3.7122e-05
4.04548e-05
4.35339e-05
4.94316e-05
6.0667e-05
6.95052e-05
7.628e-05
7.92204e-05
8.44319e-05
9.09473e-05
9.78011e-05
0.000103684
0.000123316
0.000126769
0.000123137
0.000130043
0.000133648
0.000139592
0.000140643
0.000147951
0.000163324
0.00016529
0.000172404
0.000181386
0.000183845
0.000185091
0.000187316
0.000196314
0.000197484
0.000197012
0.000222101
0.000223913
0.000233235
0.000251029
0.000254005
0.000191486
0.000192917
0.00020457
0.000204952
0.000186288
0.000176915
0.000174944
0.00023636
6.32388e-07
0.00381599
1.67328e-05
0.000153418
0.000176961
0.000161328
0.00118774
0.000472379
0.000800298
0.000769845
0.000500556
0.000541893
3.1673e-08
5.26542e-06
3.92117e-06
0.000496532
0.000355619
0.000332282
0.00185777
0.0015249
0.00136402
0.00196543
0.0017054
0.00155986
0.00186716
0.00161996
0.00150697
0.0010779
0.00089647
0.000649585
0.000556216
0.00037117
0.000336793
0.000222015
0.000197991
4.52461e-05
2.31148e-05
2.13457e-05
3.76098e-05
2.29643e-05
2.20827e-05
6.3975e-06
1.18071e-06
2.65633e-06
1.47848e-05
2.81754e-05
2.87396e-05
8.60218e-05
0.000101932
3.86311e-05
3.2668e-05
0.000103303
8.3859e-05
0.000223966
0.000216159
0.000181052
0.00011425
9.08477e-05
7.3765e-05
8.17693e-05
6.30802e-05
5.8501e-05
5.17896e-06
1.94283e-06
9.91555e-07
1.74544e-05
1.81534e-05
1.55144e-05
7.69245e-06
1.82097e-05
9.50261e-07
1.19397e-06
3.36736e-05
1.28801e-05
8.87306e-06
5.32839e-07
1.44865e-06
1.93935e-06
3.42644e-06
3.43863e-06
3.5043e-06
3.66428e-06
2.87726e-06
3.62302e-06
1.08363e-05
5.24795e-06
2.55816e-06
1.32542e-06
3.32184e-08
1.11657e-05
2.21809e-05
2.09019e-05
5.61074e-06
1.21802e-05
1.26898e-05
2.16182e-06
2.6378e-07
1.80376e-07
1.10758e-05
2.57583e-06
8.04273e-08
1.86797e-06
1.17648e-06
3.13692e-07
9.77549e-07
8.4716e-06
1.97351e-05
1.5294e-05
3.16592e-06
5.19217e-08
1.52135e-05
2.44204e-05
2.52235e-05
3.71103e-05
0.000121502
0.00014577
0.000130474
6.17971e-05
7.14136e-05
8.16848e-05
5.62831e-05
6.89423e-05
4.27055e-05
5.80598e-05
5.38656e-05
4.99353e-05
6.08696e-05
5.67037e-05
6.78521e-05
6.0418e-05
7.43929e-05
4.05158e-05
5.48706e-05
4.85855e-05
7.55407e-05
8.59517e-05
3.09048e-05
4.26763e-05
3.67332e-05
7.01498e-05
8.26229e-05
0.000105282
0.000111181
7.91816e-05
9.31384e-05
8.62173e-05
0.000160494
0.000162346
9.51813e-05
9.54927e-05
6.99812e-05
7.93781e-05
7.08642e-05
4.796e-05
5.17555e-05
5.56605e-05
7.60898e-05
8.05276e-05
3.7174e-05
4.08784e-05
3.21585e-05
5.62874e-05
5.64496e-05
5.35753e-05
4.90365e-05
4.37585e-05
3.02094e-05
2.51817e-05
1.09829e-05
7.07522e-06
2.3947e-05
2.21562e-05
1.61068e-05
5.41904e-06
3.09379e-06
9.73961e-06
4.54315e-05
1.2563e-05
0.0188912
0.0162463
0.0153378
0.012409
0.0117093
0.0132884
0.0109153
0.0092327
0.000116695
0.000356553
0.00032308
0.000608909
0.000492426
0.00042643
0.000675152
0.000580686
0.000582822
0.000728793
0.00057702
0.000586644
0.000440518
0.000456804
0.000360959
0.00042104
0.000286653
0.000285628
0.000132137
3.4016e-05
2.0993e-05
3.26223e-05
1.70174e-05
2.18361e-05
0.000215101
0.000130971
0.000236521
0.000474863
0.000632221
0.000673933
0.00100496
0.000847487
0.000901913
0.000532066
0.000547996
0.000604242
0.000329906
0.000270948
0.000287282
0.000199227
0.000159005
0.000167536
0.000206802
0.000164736
0.00015064
0.000113298
0.000139531
0.000101681
7.00581e-05
0.000103986
0.000100787
4.2956e-05
4.91862e-05
4.34739e-05
2.1673e-05
1.66434e-05
2.88349e-05
3.83457e-06
5.71301e-06
7.77398e-06
4.5164e-06
3.68376e-06
2.53728e-06
1.66901e-05
1.46913e-05
3.42666e-05
6.28331e-06
3.53452e-05
4.38823e-05
2.32295e-05
3.48345e-05
1.44506e-05
4.7941e-05
0.000117457
0.000158676
0.000118097
4.02335e-05
0.000111979
0.000122989
6.94322e-05
9.78041e-05
0.000114371
0.000120044
0.000204644
0.000127166
0.000178219
9.17277e-05
0.000174186
0.000101407
0.000152464
0.000253782
0.000345226
0.000399413
0.000238638
0.000384297
0.000197822
0.000347236
0.000236835
0.000396441
0.000379013
0.000285505
0.000392628
0.000483759
0.000304132
0.000488389
0.000462445
0.000664959
0.000337015
0.000407952
0.000547115
0.000419862
0.000714109
0.000569506
0.000664888
0.000394473
0.000781455
0.000433173
0.000458491
0.000545912
0.000800953
0.000595213
0.000769598
0.000617593
0.000798682
0.000835306
0.00101246
0.00104636
0.000647359
0.000787294
0.00084819
0.000464588
0.000591515
0.000662913
0.000947818
0.000597264
0.000832692
0.000991329
0.000999145
0.000617405
0.000791397
0.00112258
0.000607231
0.000761699
0.000731608
0.000875091
0.000216247
0.000228236
0.000326026
0.000157575
0.000903493
0.000302999
0.000238757
0.000240932
0.000231384
0.000234594
0.000345029
0.000339936
0.000309243
0.000321079
0.000320048
0.000338439
0.000179929
0.000142149
0.000153639
0.00030843
0.000308537
0.000366013
0.000226448
0.000177204
0.000190058
0.000185235
0.000230177
0.000215798
0.000213954
0.000199506
0.000210874
0.000211885
0.000257373
0.000266871
0.000256268
0.000195799
0.000198504
0.000236116
0.000231498
0.000156433
0.000155951
0.000237278
0.00023119
0.000208955
0.000200607
0.000208179
0.000211712
0.000224285
0.00021661
0.000178809
0.000187213
0.000185155
0.000214261
0.000222342
0.000216651
0.000201177
0.000207481
0.000204769
0.0002191
0.000219147
0.00020217
0.000193369
0.000191298
0.000183949
0.000174952
0.000162316
0.000185583
0.000187945
0.000176094
0.000165132
0.000161531
0.000155428
0.000119509
0.000108589
0.000108045
0.000102566
9.87434e-05
0.00011462
0.000104128
8.56707e-05
8.52363e-05
6.67217e-05
5.926e-05
5.34373e-05
4.64523e-05
3.04439e-05
2.76974e-05
2.24979e-05
1.31061e-05
9.31084e-06
1.41719e-05
1.01831e-05
9.74276e-06
7.68364e-06
4.76669e-06
6.66635e-07
7.41316e-07
1.33565e-07
7.56577e-07
1.95934e-06
3.53913e-06
4.80132e-06
7.53495e-06
9.68134e-06
1.13218e-05
1.36607e-05
2.04115e-05
2.39764e-05
2.53995e-05
2.69719e-05
2.83628e-05
3.00094e-05
3.44813e-05
4.44333e-05
3.62322e-05
5.37669e-05
5.86199e-05
6.42528e-05
6.7396e-05
6.8037e-05
7.29441e-05
7.40216e-05
7.60654e-05
7.09063e-05
7.09687e-05
7.60631e-05
7.74525e-05
8.18885e-05
5.20238e-05
5.41864e-05
5.43794e-05
5.45722e-05
5.697e-05
4.76679e-05
4.71636e-05
4.86338e-05
5.56509e-05
5.60144e-05
5.72745e-05
5.68094e-05
5.8625e-05
5.68082e-05
5.62588e-05
5.71431e-05
5.3732e-05
5.27318e-05
5.94152e-05
5.88659e-05
6.10519e-05
5.41336e-05
5.37931e-05
5.7078e-05
5.73321e-05
5.0551e-05
5.05449e-05
4.49095e-05
4.42847e-05
4.47963e-05
4.95454e-05
4.9894e-05
4.25957e-05
4.46826e-05
4.27617e-05
4.25523e-05
4.3933e-05
4.78641e-05
4.78937e-05
4.89098e-05
4.88229e-05
5.24186e-05
5.19211e-05
5.29303e-05
2.41766e-05
2.53489e-05
2.55567e-05
0.000139216
0.000138688
0.000142997
0.000142986
0.0001452
0.000151352
0.000151341
0.000151683
0.000143344
0.000144876
9.83228e-05
9.82428e-05
0.000133974
9.58357e-05
9.53996e-05
9.51531e-05
