0.000963291
0.000718194
0.000487621
0.000385568
0.000327146
0.000277303
0.000246405
0.000216889
0.00248083
0.00222249
0.00219242
0.00182841
0.00182947
0.00154732
0.0012774
0.00109503
0.00088044
0.00072213
0.000597298
0.000533999
0.00056608
0.000793273
0.00119819
0.00176597
0.00253287
0.00318862
0.00429386
0.00619558
0.0075105
0.00552137
0.00486532
0.0029596
0.00231181
0.00125115
0.000739934
0.000522327
0.000406317
0.000638151
0.000490412
0.000685629
0.000787146
0.00113362
0.00083443
0.00104628
0.00140218
0.00153857
0.00153476
0.00160137
0.00187909
0.0027524
0.00297048
0.00369302
0.00380311
0.00292256
0.00351305
0.0033092
0.00404364
0.00268905
0.00357294
0.0041212
0.00319331
0.00382735
0.0045323
0.00382287
0.00263321
0.00553892
0.00409034
0.00255662
0.00734014
0.00625882
0.00593575
0.00285992
0.00432882
0.0043958
0.00486736
0.00641094
0.00691577
0.00992417
0.0120055
0.00632132
0.00505706
0.0130041
0.0142614
0.00145582
0.00141442
0.00134918
0.001331
0.00130158
0.00127026
0.00131524
0.00125973
0.00124265
0.00122294
0.00121393
0.00120956
0.00119379
0.00119974
0.00118618
0.0011787
0.000879147
0.00117034
0.000418584
0.000416844
0.000894632
0.000382929
0.000799593
0.000662371
0.00116442
0.000863397
0.000664153
0.00178463
0.000660146
0.00180597
0.00245091
0.00387008
0.00324633
0.0041936
0.00465968
0.00738032
0.00570251
0.00612713
0.0114511
0.0064245
0.00940566
0.00721165
0.0100387
0.0107986
0.00886342
0.0116577
0.0109409
0.0118157
0.0113763
0.0129473
0.0125782
0.0105307
0.0118833
0.0110533
0.010306
0.0100022
0.0122525
0.0100651
0.00916371
0.00845914
0.00653071
0.00364954
0.00348658
0.00112014
0.000531371
0.000506073
0.000327597
4.49179e-06
0.000141834
4.98245e-05
0.00029954
0.00050189
0.000417522
0.00228076
0.000153402
0.000824813
4.61084e-05
0.00180952
2.33802e-05
2.4883e-05
2.83178e-05
3.00496e-05
6.6606e-05
0.000268937
0.000836578
0.00239176
0.00416264
0.00427745
0.000410971
0.00262901
0.00454704
0.00279789
0.00138568
0.00139585
0.0028457
0.00307963
0.00288867
0.00194
0.000967556
0.000520421
4.01936e-05
0.000653908
0.00218416
0.00433196
0.00967369
0.0132772
0.0172115
0.0118802
0.0110112
0.00963191
0.00153357
0.00109346
0.000627324
0.00036818
0.000229832
0.000281635
0.000395599
0.000495848
9.79846e-05
0.000126865
0.000110551
3.88434e-05
7.16976e-05
1.19549e-05
9.53364e-06
8.04519e-06
7.32914e-06
1.54502e-05
1.04369e-05
9.15113e-06
1.21352e-05
1.68535e-05
1.63236e-05
1.96481e-05
3.91524e-05
2.59102e-05
5.99237e-05
6.8302e-05
2.47784e-05
1.81737e-05
3.96099e-05
2.24399e-05
1.03987e-05
0.00027698
0.00041574
0.00609938
0.00396916
0.00254727
0.00174396
0.00106089
0.000636709
0.000329419
0.000207543
9.98062e-05
8.73652e-05
3.12111e-05
0.0038621
0.0037261
0.00351108
0.00312531
0.00272072
0.00259827
0.00215037
0.00188975
0.00149812
0.00102036
0.000648935
0.000274989
9.24757e-05
0.000139243
0.000390975
0.00123708
0.00173735
0.00117945
0.00171028
0.00292285
0.00384869
0.00377555
0.00388159
0.00332364
0.00281663
0.00229959
0.00175083
0.00150597
0.00127396
0.000843638
0.000750469
0.00068745
0.000632416
0.000496175
0.000338031
0.000158124
0.000109446
5.93579e-05
4.16759e-05
2.22752e-05
3.06531e-05
7.17254e-05
0.000202561
0.00043103
0.000852219
0.000515857
0.000968989
0.0012026
0.00137783
0.00192707
0.00286658
0.00281583
0.00357761
0.00347792
0.00647521
0.00628909
0.00741503
0.00643871
0.0118043
0.0101152
0.0133915
0.0161638
0.00766669
0.00790087
0.0127649
0.0119765
0.0155657
0.024902
0.0242434
0.0168891
0.0183088
0.0150814
0.014453
0.0119775
0.00131228
0.00131377
0.0110018
0.00158771
0.0012425
0.00106086
0.00107214
0.00107287
0.00111109
0.00115771
0.00161664
0.00109962
0.00153109
0.0014325
0.000818188
7.49647e-05
6.16236e-05
0.000236668
7.1794e-05
0.000509626
0.00111285
0.00133918
0.000924751
0.00144189
0.00223262
0.00216604
0.00309773
0.00381722
0.00396122
0.00377897
0.00386837
0.00341577
0.00569912
0.00574869
0.00563579
0.00644348
0.00607556
0.00615716
0.00672907
0.00659109
0.0070915
0.00532103
0.00762604
0.00504453
0.005537
0.00754892
0.00558248
0.00794344
0.00603235
0.006508
0.0042766
0.00445947
0.0045415
0.00403921
0.0016501
0.00258447
0.00209958
0.00163033
0.00141635
0.000539735
0.000153804
5.5892e-05
8.89704e-05
0.000105772
1.78122e-05
1.60495e-05
7.42141e-06
0.000661981
0.000108413
0.000384075
0.000378218
0.00184471
1.82454e-05
1.88908e-05
1.99562e-05
1.9853e-05
2.00736e-05
2.41602e-05
6.18368e-06
8.99355e-06
2.98426e-05
0.00112901
0.0022284
6.62492e-05
0.00354657
0.000192405
0.000115626
9.39508e-05
0.00296854
0.00243458
0.00166572
0.00116017
0.000619788
0.000275626
0.000205298
4.39518e-05
4.94356e-05
1.69133e-05
1.19174e-05
2.91034e-05
6.06874e-05
8.40856e-06
1.21524e-05
2.78572e-05
1.48952e-05
1.98545e-05
7.46836e-05
2.56236e-05
5.30276e-05
1.83055e-05
3.3524e-05
7.50242e-05
9.02463e-05
3.37637e-05
7.92449e-05
0.000176503
0.0001222
0.00269063
0.00157388
0.00410135
0.00268018
0.00186665
0.00131094
0.000640029
0.0011979
0.00172329
0.00182025
0.00069586
0.000397349
0.000493067
7.52334e-05
0.000273142
0.000102186
2.74407e-05
4.16603e-05
2.52606e-05
1.1589e-05
1.46312e-05
1.17796e-05
1.22666e-05
1.48758e-05
1.24114e-05
1.20847e-05
1.5323e-05
2.15387e-05
2.60709e-05
1.70071e-05
2.10685e-05
1.99436e-05
1.46448e-05
0.00481559
0.00222055
0.000861196
0.000320669
9.5905e-05
3.81806e-05
3.31029e-05
1.42544e-05
0.0086662
0.00773354
0.00682914
0.00597726
0.0050249
0.00399354
0.00324566
0.00167225
0.001299
0.000721275
0.000281922
0.000118263
0.000214681
0.000631679
0.0013273
0.00080971
0.00150234
0.00283492
0.00455257
0.00437116
0.00476373
0.00453863
0.00413227
0.00349327
0.0030645
0.00265424
0.00227451
0.00175081
0.0014539
0.0011996
0.00105836
0.000968221
0.000663046
0.000533004
0.000320552
0.000269853
0.00010489
9.6992e-05
0.000101359
0.000156109
0.000228974
0.000328919
0.000393467
0.000916086
0.000799659
0.00147869
0.00148823
0.0016515
0.00192353
0.00241769
0.00274458
0.00333049
0.00371396
0.00384781
0.00500563
0.00672674
0.00560876
0.00591143
0.00680983
0.00830258
0.0116828
0.0161144
0.0151626
0.0110466
0.0112324
0.00865484
0.00696489
0.00562234
0.0104013
0.00121926
0.00505965
0.00591053
0.00112801
0.00112151
0.00115123
0.00116745
0.00118364
0.00120374
0.00115447
0.00124224
0.00116348
0.00117981
0.00111126
0.00117505
0.00115311
0.00122702
0.00116126
0.00114674
0.00118768
0.00122584
0.0012225
0.0011643
0.00114181
0.000857439
0.00114325
0.000630128
0.000310271
0.000616408
0.000165341
0.000397353
0.000406533
0.000128291
0.000327037
0.000471911
0.00025743
0.000386112
0.000533607
0.00100658
0.002116
0.00110629
0.00123567
0.00202587
0.00268264
0.00361567
0.0052827
0.00505443
0.00176879
0.00405115
0.00635432
0.00664363
0.00759728
0.0101453
0.0130004
0.00929734
0.00770532
0.00745859
0.00665561
0.00612406
0.00962259
0.00517405
0.00730367
0.00552376
0.00432625
0.00446979
0.00401627
0.00313568
0.00234018
0.00263959
0.000937777
0.00105407
0.00119486
0.000719544
0.00165503
0.00137435
0.000318142
0.00019783
0.00441325
4.48557e-06
4.50176e-06
4.51026e-06
4.52164e-06
4.53284e-06
4.54524e-06
4.55466e-06
0.000436631
0.000150192
0.00224864
0.00460678
0.00381889
0.00354084
0.00305143
0.00248217
0.00205722
0.00145108
0.000945778
0.000712758
0.00283608
0.00372884
0.00283695
0.00231153
0.00170684
0.00123134
0.000992596
0.000547844
0.000342753
0.000319546
0.000146286
7.71377e-05
5.23513e-05
2.28083e-05
1.80174e-05
3.04202e-05
2.85003e-05
2.77631e-05
0.00265393
0.00187421
0.00132532
0.00093646
0.00059862
0.000432152
0.000221435
0.000137656
7.63516e-05
4.66225e-05
2.11212e-05
0.00247277
0.00136993
0.0010539
0.00062998
0.000282276
8.83298e-05
5.22864e-05
5.31888e-05
6.62344e-05
2.04129e-05
3.8757e-05
2.16513e-05
5.51174e-05
0.000105548
4.30609e-05
2.29903e-05
4.72022e-05
4.49293e-05
0.00385191
0.00217556
0.00103143
0.00172407
0.000734487
0.000373371
0.000188424
0.000156237
6.87049e-05
0.0106337
0.00931044
0.00824877
0.00668703
0.00565313
0.00332401
0.00238826
0.00136373
0.000579546
0.000911831
0.000391786
0.00117948
0.00258828
0.00343357
0.00356025
0.00377027
0.00346732
0.00270599
0.00208027
0.0016157
0.00140224
0.0010052
0.000825004
0.000761733
0.000517701
0.000344539
0.000277135
0.000139662
0.000122424
0.000127196
0.000148001
0.000205175
0.00020284
0.000674867
0.000782196
0.0014416
0.00183799
0.00247029
0.0024518
0.00310996
0.00385249
0.00406237
0.00504522
0.00977098
0.0189004
0.00967026
0.00477272
0.00423686
0.00332251
0.00287654
0.002485
0.00232644
0.00265311
0.00225106
0.00224948
0.00216084
0.00217481
0.00218665
0.00217379
0.00212865
0.00204304
0.00202273
0.00206148
0.0020651
0.0020261
0.0019751
0.00195471
0.00190178
0.00191305
0.00187581
0.00190054
0.00188283
0.00186258
0.00190327
0.00154246
0.00115053
0.0015163
0.000825105
0.0006149
0.000630669
0.000403698
0.000356579
0.000412418
0.000610097
0.00129274
0.000864166
0.00155212
0.00235153
0.00244957
0.00290099
0.00386686
0.00303873
0.00265205
0.00283938
0.00224374
0.00501064
0.00372976
0.00316405
0.000638614
0.00186659
0.000641663
0.000625964
0.000766189
0.000812835
0.000175576
0.000490472
0.000105008
0.00236285
0.000101705
0.000290541
0.000149265
0.000654678
0.000560722
0.000117441
0.000121452
0.000212261
0.00127652
0.000118854
0.015311
0.0260361
0.00516251
0.0290436
3.48162e-06
3.50496e-06
3.50212e-06
3.48404e-06
3.36097e-06
3.36002e-06
4.09317e-05
4.06612e-05
0.00188178
0.00570558
0.0104043
0.00794961
0.00626971
0.00568754
0.00472111
0.00445378
0.00361434
0.00270671
0.00239362
0.000971755
0.000565844
0.000456477
0.000299532
0.000120187
7.05163e-05
3.36912e-05
3.46721e-05
3.56271e-05
2.68856e-05
8.77506e-05
0.000136739
7.42697e-05
8.20064e-05
0.000140789
0.000120384
0.000202675
9.41996e-05
9.67632e-05
3.16887e-05
2.95906e-05
0.000556956
0.000317002
0.000237573
0.000139549
4.00641e-05
2.64452e-05
2.95572e-05
2.91704e-05
4.11362e-05
3.13016e-05
4.14674e-05
5.24297e-05
0.00365873
0.00206571
0.00114537
0.000662609
0.000373403
0.000134344
7.48448e-05
5.51802e-05
3.35754e-05
3.67336e-05
3.91167e-05
3.58864e-05
3.35073e-05
3.59195e-05
3.73884e-05
4.19306e-05
4.28036e-05
5.15987e-05
4.55977e-05
4.14042e-05
4.22559e-05
7.47488e-05
6.66495e-05
3.98334e-05
0.00791132
0.00716653
0.00602068
0.00527019
0.00428124
0.00311792
0.00225223
0.00153665
0.000831408
0.000407443
0.000336758
0.000645043
0.000898595
0.000234243
0.00053944
0.0016723
0.00210021
0.00183465
0.00243466
0.00252753
0.00243967
0.00226724
0.00213739
0.00134901
0.0010842
0.000904485
0.000743272
0.000578873
0.000433992
0.000422304
0.00029392
0.000206155
0.000139768
8.48871e-05
0.000114147
5.70149e-05
5.31475e-05
7.08756e-05
0.000114193
0.000365974
0.000404814
0.00103155
0.00124843
0.000982145
0.00168953
0.0018345
0.00274558
0.00267696
0.00333727
0.00438184
0.00391444
0.00317046
0.0040733
0.00481052
0.00524056
0.00559094
0.00810923
0.00339681
0.00297703
0.0026796
0.0026812
0.00262236
0.00281208
0.00271526
0.00276828
0.00283943
0.00281191
0.00258013
0.0025804
0.00266165
0.00260716
0.00257278
0.00262697
0.0025968
0.00274087
0.00283032
0.00261103
0.00279458
0.0030803
0.00314169
0.00304952
0.00299179
0.0029262
0.00270626
0.0026351
0.00290715
0.0027508
0.00146548
0.000657736
0.00046069
0.000192771
0.00017729
0.000180168
0.00020499
0.000236585
0.000661718
0.000644266
0.000779214
0.00115561
0.000958932
0.00181458
0.00180568
0.00376823
0.00352665
0.00512852
0.0051789
0.00534221
0.00945419
0.0073465
0.00802453
0.00631471
0.0102355
0.00820515
0.00790934
0.00978649
0.00998272
0.00990457
0.0102793
0.00975738
0.0103078
0.00776497
0.0103084
0.00793428
0.00766921
0.00610051
0.00704287
0.00686635
0.00510328
0.00470256
0.0143925
0.00280251
5.8528e-06
6.03508e-06
6.11967e-06
6.33562e-06
6.63282e-06
6.95891e-06
4.82181e-06
0.000139732
0.00270529
0.000491484
9.58977e-05
0.00020196
0.000184871
0.000170945
0.000164451
0.000145795
0.000122484
0.000181636
0.000320115
0.000231413
0.0241564
0.0205284
0.0171303
0.0138036
0.0105142
0.00790745
0.00534093
0.00346915
0.0022337
0.00136333
0.000684033
0.000574923
0.00022613
4.48335e-05
6.71465e-05
0.000548837
0.000469664
0.000368708
0.000448978
0.000334417
0.000265918
0.000358295
0.000415743
0.000187732
0.000177401
0.000205552
0.000149329
0.000164469
0.000152203
0.00012512
0.000223355
0.000189222
0.000190403
0.00397156
0.0035475
0.00249951
0.00226014
0.00186602
0.00151456
0.00137872
0.00103844
0.000855059
0.000789996
0.000635145
0.00059765
0.000475291
0.000482626
0.000429786
0.000490519
0.000389588
0.000389074
0.000365048
0.00028421
0.000256045
9.51164e-05
8.43062e-05
8.95611e-05
0.000100714
0.000127873
0.000124108
9.22233e-05
4.50061e-05
9.36826e-05
0.00016182
0.000254304
0.000288528
0.00025023
0.000205937
0.00027349
0.00063943
0.00126885
0.00259817
0.00287518
0.00131882
0.0009043
0.00120047
0.00107086
0.00092302
0.00072518
0.00057443
0.000254137
0.000282785
0.000211671
0.000123361
1.34547e-05
1.51648e-05
1.16996e-06
7.14526e-06
2.63974e-05
4.11313e-05
5.75109e-05
8.55156e-05
0.000227485
0.00036852
0.000661329
0.000995362
0.0016908
0.0020624
0.0029528
0.00370579
0.00312452
0.005519
0.00531056
0.00710155
0.00742422
0.00822554
0.00890372
0.00837988
0.0125843
0.0131742
0.0147268
0.0137589
0.0179157
0.0201255
0.0138818
0.019246
0.0218645
0.0184973
0.0271831
0.0220265
0.0170962
0.0204198
0.0083283
0.0031293
0.00295588
0.00303315
0.00276604
0.00281757
0.00281749
0.00338267
0.00319754
0.00313893
0.00404225
0.00412022
0.00361866
0.00332297
0.00331346
0.00313454
0.00291151
0.00302162
0.00283719
0.00274708
0.00270329
0.00112681
0.000256813
0.000119384
0.000104467
3.71075e-05
7.91538e-05
0.00014955
0.000130266
6.12603e-05
6.12151e-05
0.000479396
0.000467555
0.000821395
0.000477574
0.00152776
0.00188399
0.00112807
0.00334651
0.00209265
0.00242284
0.00229065
0.00487867
0.00394051
0.00720412
0.00709588
0.00532786
0.00773195
0.00697589
0.00779548
0.00737088
0.00710301
0.00626986
0.00710713
0.00648217
0.00741504
0.00714754
0.00504713
0.00623649
0.00656595
0.00622034
0.00508151
0.00480891
0.0035059
0.00319882
0.00178452
0.0025601
0.000845025
0.00126043
0.00106997
6.86845e-05
0.000264086
0.000212747
0.000200901
0.000131711
0.000784273
0.00179079
1.65139e-05
1.7404e-05
1.80763e-05
1.97488e-05
2.10162e-05
2.4941e-05
8.09493e-06
8.17322e-06
0.00166019
4.5509e-05
0.00372679
0.00640969
0.00562506
0.00550464
0.00487296
0.00361435
0.00269559
0.00227418
0.00140821
0.000873951
0.000668269
0.000315629
0.000213508
9.94102e-05
0.000119108
8.07678e-05
2.26098e-05
1.91234e-05
2.24901e-05
2.58773e-05
4.66753e-05
5.69042e-05
6.09261e-05
0.000159722
4.60097e-05
5.20093e-05
3.34684e-05
5.79337e-05
6.00124e-05
0.000148717
9.14831e-05
0.000114475
0.00465934
0.00294627
0.00213437
0.00115406
0.00403269
0.00276915
0.000733992
0.00085736
0.00149438
0.00144707
0.00533113
0.00382519
0.00443233
0.00327984
0.00156038
0.000843246
0.00104398
0.000737961
0.000224698
0.000208589
4.19719e-05
1.947e-05
0.000495341
0.000693328
0.000837399
0.000628972
0.000357558
0.000358585
0.000295063
0.000143914
0.000163407
0.0011747
0.0193683
0.0139932
0.00902075
0.00493432
0.00222339
0.000969892
0.000298092
0.000136737
6.60415e-05
0.0107191
0.00964695
0.008752
0.00773398
0.00672215
0.00579684
0.00479936
0.00378473
0.00272136
0.00192126
0.00105946
0.000470662
0.000487201
0.000242855
0.000301422
0.000731942
0.00145956
0.00055617
0.000811952
0.001005
0.0018078
0.00276294
0.00292996
0.00226484
0.00183283
0.00149911
0.00104457
0.00083829
0.000742323
0.000477037
0.000495055
0.000398454
0.000349498
0.000241137
0.000194904
0.000157915
0.000100456
0.000105815
0.000112124
0.000124077
0.000178981
0.000523633
0.000878518
0.000596128
0.00105034
0.00118444
0.00117556
0.00173806
0.00233181
0.00254994
0.00253184
0.00357694
0.00337108
0.00471771
0.00626877
0.00648191
0.0054599
0.00545694
0.00618219
0.00838672
0.00890424
0.00776282
0.0128822
0.0144274
0.00919306
0.00986136
0.010466
0.00713072
0.00772617
0.00694017
0.00869003
0.00244692
0.00230141
0.00219304
0.00206918
0.00200014
0.00210963
0.00206871
0.00185955
0.00187099
0.00182209
0.00190829
0.001693
0.00177276
0.00161482
0.00170858
0.00161659
0.00172718
0.0016031
0.00159567
0.00158099
0.00152232
0.00159424
0.0015587
0.001567
0.00151318
0.00152885
0.00146291
0.00146835
0.00153178
0.00144637
0.00151842
0.000681836
0.000885559
0.000576521
0.000232744
0.000189797
0.000187548
0.000236104
0.000188644
0.00026501
0.000503234
0.000375972
0.000455408
0.000757214
0.00076935
0.000754778
0.00254018
0.00308506
0.00297047
0.00381111
0.00353216
0.00443587
0.00476049
0.00418051
0.00559563
0.0032753
0.0075302
0.00637812
0.00620633
0.0061146
0.00545465
0.00582058
0.00420666
0.00525019
0.00419191
0.0044736
0.00281188
0.00259466
0.0026363
0.00194553
0.00264942
0.00142797
0.00187815
0.000564156
0.0011664
0.000910646
0.000969951
0.000559782
0.000467891
0.00612382
8.74453e-05
6.33976e-05
4.51106e-06
4.56282e-06
4.56847e-06
4.54559e-06
4.55648e-06
4.56174e-06
8.69102e-06
0.00136058
7.45472e-05
0.00120802
0.00196597
0.00199094
0.00194267
0.00155781
0.00118735
0.00100042
0.000735236
0.000424928
0.000250873
0.000102503
6.90247e-05
2.0542e-05
4.6031e-05
0.00139079
0.00102293
0.000175838
0.000681117
0.000492956
0.00035668
0.000165443
5.30576e-05
4.16586e-05
2.26957e-05
1.68913e-05
3.25517e-05
3.67784e-05
4.72742e-05
0.000117565
4.88607e-05
5.99126e-05
0.000126983
8.67479e-05
9.30962e-05
0.00254583
0.0015925
0.00131641
0.000935568
0.000651431
0.000552371
0.00029003
0.000195468
0.000148223
6.97586e-05
0.00220812
0.0013526
0.000965622
0.000699705
0.000334533
0.000187299
0.000129214
5.94211e-05
2.3108e-05
2.12293e-05
2.14937e-05
2.18185e-05
2.83025e-05
2.05872e-05
2.13623e-05
2.10513e-05
2.61486e-05
3.12648e-05
2.30622e-05
4.41186e-05
8.37934e-05
2.39327e-05
2.61884e-05
2.37112e-05
4.34316e-05
0.00376363
0.00220329
0.0009798
0.000848959
0.000936771
0.000450018
0.00021465
0.000112921
7.24782e-05
6.46717e-05
0.00999734
0.00858797
0.00749933
0.00618716
0.00471544
0.00355379
0.00237033
0.00149837
0.00116086
0.00119125
0.000518711
0.000364246
0.000487234
0.000880243
0.000303783
0.00114882
0.00205459
0.00346391
0.00319042
0.00364151
0.00324816
0.00310018
0.00251404
0.00202177
0.00209119
0.00150538
0.000902666
0.000877992
0.000757234
0.000591273
0.000421627
0.000180177
0.000188796
0.000139846
0.000109143
8.75458e-05
0.000110696
0.000174552
0.000340073
0.000513104
0.00089788
0.000990256
0.00103512
0.00147416
0.00176638
0.00242579
0.00214269
0.00250955
0.00264378
0.00300886
0.00325251
0.00427788
0.00451996
0.00793633
0.00728086
0.00735383
0.00727819
0.00745802
0.00819207
0.00517179
0.00698049
0.0033679
0.00285923
0.0025749
0.00217337
0.00218504
0.00185058
0.00194747
0.00205358
0.00198663
0.00187071
0.00189178
0.00185412
0.00191167
0.00184248
0.00182243
0.00181081
0.00180078
0.00177204
0.00177513
0.00176896
0.00174035
0.0017405
0.00172633
0.00169835
0.00170065
0.0017309
0.00164326
0.00172862
0.00170216
0.00148108
0.000963364
0.000558456
0.000468364
0.000289147
0.000362492
0.00036448
0.000338816
0.000361828
0.0013092
0.00104789
0.0013307
0.00175304
0.00152685
0.00179523
0.00176742
0.00248771
0.00467993
0.00245116
0.00363913
0.00195271
0.00310164
0.00232752
0.00212672
0.00164208
0.000489864
0.00051218
0.00106711
0.000349117
0.000916493
0.00114824
9.03002e-05
0.00116193
0.000795182
0.000117851
0.000638752
0.000240726
9.43568e-05
0.00133322
0.00093392
0.00012271
0.000393422
0.00695732
0.010835
0.00484422
0.0043452
0.00344742
0.00431484
0.00339774
4.23481e-06
4.24837e-06
4.24983e-06
4.20342e-06
4.07747e-06
4.07683e-06
4.07735e-06
2.65675e-05
0.000433492
0.00862433
0.00927784
0.00836238
0.00727162
0.00564744
0.00627636
0.00417039
0.00360912
0.00289784
0.00196009
0.00127194
0.000715886
0.000480892
0.000173951
0.000270804
0.000173201
2.8835e-05
3.27361e-05
5.27323e-05
0.000104638
9.43378e-05
6.49504e-05
0.000152971
0.00014272
5.78158e-05
7.38001e-05
4.6174e-05
5.23302e-05
7.07809e-05
5.42041e-05
7.40608e-05
7.72888e-05
7.6519e-05
9.7413e-05
5.27189e-05
0.000113938
2.98447e-05
0.000442643
0.000400407
0.000242181
0.000188971
8.68028e-05
3.44161e-05
2.5581e-05
2.32314e-05
2.49271e-05
2.67806e-05
2.81892e-05
2.5371e-05
2.28922e-05
0.00379956
0.00217377
0.00125527
0.000725533
0.000319315
0.00019512
8.99028e-05
4.37009e-05
6.19896e-05
4.10992e-05
6.03473e-05
3.66552e-05
2.43995e-05
2.49704e-05
2.53439e-05
2.73778e-05
3.16801e-05
3.03256e-05
3.37289e-05
3.10494e-05
2.97586e-05
3.01038e-05
3.07129e-05
3.29263e-05
3.64882e-05
0.00788687
0.00722912
0.0062816
0.00516936
0.00407449
0.00285954
0.00219814
0.00117491
0.000635344
0.00035581
0.000280375
0.000670805
0.00093203
0.000290752
0.00116293
0.00160576
0.00245632
0.00355638
0.00334384
0.00321534
0.00298629
0.00290165
0.00246176
0.00201633
0.00190378
0.00118001
0.00112186
0.000853941
0.000689621
0.000650063
0.000406233
0.000333646
0.000196206
0.000161188
7.48855e-05
5.58404e-05
4.1626e-05
4.46993e-05
5.281e-05
5.39764e-05
8.45514e-05
0.000226672
0.000497686
0.000669847
0.00110304
0.00133641
0.00237204
0.00325318
0.00278652
0.00291377
0.00399649
0.00426079
0.0041799
0.00545834
0.00616457
0.00650769
0.00663082
0.00872382
0.00273216
0.002492
0.00307421
0.00251752
0.00259422
0.00241268
0.00247703
0.00289144
0.00283699
0.00266469
0.00246696
0.00248364
0.00249877
0.00254515
0.00253045
0.00253831
0.00258935
0.00246068
0.00258088
0.00250916
0.00259762
0.00240891
0.00249181
0.00244718
0.00227147
0.00241488
0.00233243
0.00238798
0.00240746
0.0011624
0.00233803
0.00108268
0.000416172
0.000213173
0.000244065
0.000219373
0.000312459
0.000465071
0.000548198
0.00141782
0.00148722
0.00217691
0.00142148
0.00198642
0.00393036
0.00412296
0.00460443
0.00502873
0.00719199
0.00646924
0.00679984
0.00717517
0.00927162
0.00933983
0.00660944
0.0094189
0.00856374
0.00672056
0.00848112
0.00756132
0.00485643
0.00816181
0.00580372
0.0053212
0.00569552
0.00544416
0.00411497
0.00492284
0.00538465
0.00499318
0.0057662
0.00435597
0.0113852
0.00627386
0.00668289
0.00571253
7.16815e-06
7.56428e-06
7.69773e-06
7.7917e-06
8.17877e-06
8.09356e-06
5.44671e-06
1.28421e-05
1.30082e-05
0.000748592
0.00210825
0.00138279
0.0221835
0.0237014
0.0199794
0.017135
0.0143443
0.0124866
0.010762
0.00869154
0.00645085
0.00492531
0.00295621
0.00195729
0.00120555
0.000764308
0.000354664
0.000241839
0.000129922
8.23491e-05
6.56341e-05
0.00012115
0.000221366
0.000135486
0.000134885
0.000164582
0.000136702
0.000121683
0.000169037
7.20343e-05
7.21708e-05
9.28665e-05
9.32947e-05
8.5252e-05
9.49252e-05
8.70661e-05
0.000137904
0.000141277
9.77781e-05
0.000160352
0.00146914
0.00186138
0.00156292
0.00142976
0.00115814
0.000998362
0.000650079
0.000583095
0.000726447
0.000566196
0.000547582
0.000569841
0.000532856
0.000417225
0.000486664
0.000465741
0.000385345
0.000413759
0.000383467
0.000349807
0.000317625
0.000383114
0.000349895
0.000309553
0.000302499
0.000273182
0.000347156
0.000284631
0.000265447
0.000257845
0.000300965
0.000264925
0.000257072
0.000194069
0.000163149
0.000274708
0.00035487
0.00031387
0.000241932
0.000170165
0.000158072
0.000169368
0.000327007
0.000741765
0.00258088
0.00183776
0.00093923
0.000985893
0.00107203
0.00114471
0.00104879
0.000820564
0.000481212
0.000360581
0.000127497
0.000128042
7.8168e-05
4.03117e-05
2.82411e-05
1.22151e-05
1.47581e-07
2.32836e-05
6.83828e-05
0.000134955
0.000444286
0.000578361
0.000827874
0.00145894
0.00198277
0.00216561
0.00181331
0.00146273
0.00241472
0.00409115
0.00577729
0.00510522
0.00717145
0.00794655
0.00827342
0.00667154
0.00817384
0.00984369
0.01327
0.0113585
0.0176444
0.0175657
0.0122721
0.0170317
0.017566
0.019131
0.0178306
0.0265195
0.0269186
0.0125745
0.0121936
0.00505484
0.00473942
0.00625326
0.00601854
0.00514156
0.00409905
0.00376843
0.00404565
0.00336145
0.00318483
0.00314955
0.00295574
0.00260438
0.00270796
0.00256535
0.00268625
0.00253779
0.00237082
0.00242881
0.00229875
0.00201031
0.00204483
0.00116107
0.00194676
0.000740772
0.000546067
0.000208485
0.000199746
0.000195916
0.000394489
9.20483e-05
0.000627227
0.000153397
0.000815518
0.00123229
0.0006801
0.00068246
0.000972601
0.0017573
0.00248595
0.00280136
0.00276094
0.00263241
0.00355217
0.00362178
0.00538313
0.00473502
0.00632166
0.00495644
0.00464003
0.00522653
0.00522479
0.00818745
0.00512703
0.00911788
0.00918489
0.0061028
0.00641076
0.00574666
0.00545177
0.00511082
0.0043147
0.00412547
0.00214273
0.00508624
0.00180168
0.00344616
0.00156274
0.0020559
0.00336543
0.00352868
0.000889767
0.000929913
0.00311345
0.000779207
0.000737123
0.00410518
0.00183507
2.52325e-05
5.90653e-06
7.17247e-06
7.31965e-06
5.5692e-06
7.38514e-06
5.85883e-06
8.05566e-06
8.44321e-06
7.45502e-06
0.000829104
0.000845475
0.00281018
1.51886e-05
0.00670052
0.00517012
0.00446311
0.00403048
0.00390774
0.00376341
0.00311415
0.0028576
0.00210082
0.00151687
0.00100963
0.000777065
0.00039186
0.000235558
0.000165897
0.000229135
8.72518e-05
0.000104303
2.80963e-05
2.49493e-05
6.91524e-05
9.64429e-05
3.67678e-05
5.34568e-05
0.000204127
0.000122508
0.000127917
4.77658e-05
0.000122175
0.000131151
0.000279762
0.000258607
0.00271992
0.00290168
0.00169121
0.00089887
0.00258755
0.00210075
0.000861025
0.000546645
0.000287705
0.000489184
0.00019681
0.00012469
0.000181213
4.84219e-05
3.41511e-05
4.08039e-05
3.08973e-05
4.48128e-05
5.05713e-05
2.45893e-05
2.4704e-05
4.46183e-05
4.07781e-05
0.000102777
6.95705e-05
0.0140351
0.00972219
0.00176104
0.00691618
0.00374851
0.00211803
0.000803683
0.000282793
8.30917e-05
4.51604e-05
5.2283e-05
3.13325e-05
3.08868e-05
3.69925e-05
3.41807e-05
0.0112212
0.0100499
0.00925991
0.00803059
0.00674633
0.00559781
0.00499882
0.00391106
0.00249687
0.00183325
0.00116715
0.00107538
0.000581124
0.00025697
0.000345679
0.000794028
0.0012143
0.000469681
0.00116425
0.0016852
0.00237041
0.00302931
0.00326657
0.0028838
0.00231069
0.00197147
0.00160245
0.00113148
0.00103991
0.000818285
0.000648274
0.0005019
0.000414525
0.000199479
0.000124607
9.46328e-05
8.91496e-05
0.000186277
0.000215268
0.000291345
0.000380523
0.000545226
0.000755509
0.00119578
0.00173186
0.0025719
0.00269668
0.00249505
0.00336159
0.00327528
0.00325743
0.00461879
0.00497434
0.00620202
0.0085199
0.00826333
0.00921702
0.0124848
0.00854376
0.0116176
0.00764781
0.00776464
0.00555912
0.00520134
0.00991707
0.0100763
0.00703854
0.00573199
0.0107796
0.00959207
0.00221112
0.0020969
0.0020905
0.00198542
0.00200544
0.00195092
0.00187717
0.00187389
0.00178779
0.00172509
0.0017523
0.00175142
0.0016524
0.00181469
0.00162234
0.00160426
0.00160547
0.00154281
0.00157401
0.00149663
0.00153003
0.00165074
0.00149965
0.00146114
0.00145054
0.0015172
0.00149061
0.00152306
0.0014069
0.00144291
0.00126616
0.000593927
0.000434764
0.000647679
0.000426836
0.000518855
0.000263106
0.000206539
0.000600228
0.000380508
0.000600694
0.00169003
0.000532816
0.00150353
0.0021312
0.0023096
0.00180695
0.00201729
0.00205773
0.00321541
0.00393774
0.00225001
0.00529786
0.00456162
0.00593784
0.00588073
0.00543299
0.00571336
0.00510974
0.00427843
0.00465388
0.00737993
0.00586066
0.00471029
0.00406318
0.00373553
0.003498
0.00585975
0.00287811
0.00245735
0.00238454
0.00145435
0.00126193
0.00111438
0.00102943
0.00150433
0.000998323
0.00071482
0.00077842
0.00053967
0.000493107
0.00672204
5.36775e-06
5.25096e-06
5.25356e-06
5.40332e-06
5.28731e-06
5.29096e-06
4.9875e-06
7.04774e-06
0.00101866
6.79274e-05
0.000283177
0.00177572
0.00222207
0.00213723
0.00184415
0.00130619
0.00106442
0.000664183
0.000375856
0.000173565
0.00010639
3.50458e-05
2.01053e-05
0.00205504
0.00125794
0.000787086
0.000662626
0.000460801
0.000324862
0.00023757
0.000105144
4.08565e-05
2.81882e-05
1.67902e-05
2.06322e-05
1.89886e-05
1.86168e-05
1.79403e-05
2.52234e-05
2.07255e-05
3.11554e-05
8.74459e-05
1.68935e-05
0.00277802
0.00176982
0.00121231
0.00105239
0.000724615
0.000496471
0.000193666
0.000202633
0.000116514
7.35968e-05
0.00029802
0.000322133
0.000122397
0.000261408
0.000251456
0.00046713
0.000243842
0.000310778
6.73417e-05
0.00028115
0.000247722
0.000331426
0.000311517
0.000256214
0.000321396
0.000226648
0.00027872
0.000262504
0.000238723
5.93232e-05
7.31199e-05
0.000189488
0.0002299
0.000224663
0.000235286
5.76546e-05
0.000232814
0.000235552
0.00023258
1.92513e-05
2.11088e-05
1.99095e-05
0.0209202
0.00128691
0.00134553
0.00136705
0.00120325
0.000881372
0.000675748
0.000613417
0.000484392
0.000172712
0.00014667
0.000166572
0.000418149
0.000979587
0.00184972
0.000707284
0.00118453
0.00218512
0.00237134
0.00353088
0.00337068
0.0034241
0.00307258
0.00241474
0.00201106
0.00146163
0.00131768
0.00106668
0.000928193
0.000557646
0.000419573
0.000458954
0.000253451
0.000153017
0.000116671
7.47366e-05
5.74175e-05
0.000188698
0.000252948
0.000288414
0.000549905
0.000929252
0.000829648
0.00137356
0.0012831
0.00156199
0.00170238
0.00228702
0.0026803
0.00326979
0.00428077
0.00391234
0.00502524
0.00534893
0.0075485
0.00798012
0.0120291
0.0105896
0.0411561
0.00580466
0.00469273
0.00573617
0.0134189
0.00803661
0.00745453
0.00403244
0.00352884
0.00303039
0.00273349
0.00236165
0.00232961
0.0022936
0.00207843
0.00190327
0.00182378
0.00191105
0.00181851
0.00171428
0.00166069
0.00156472
0.00167653
0.00177342
0.00153987
0.00150918
0.00157286
0.00154675
0.00149748
0.00139958
0.00150834
0.00149604
0.0014621
0.00100691
0.00079422
0.000223234
0.000383282
0.000210268
0.000527283
0.000214495
0.000156909
0.000625598
0.00117017
0.00072371
0.00237966
0.00213051
0.00174397
0.00382755
0.00320766
0.00348986
0.00219651
0.00216543
0.00393162
0.00240997
0.00197366
0.00185555
0.00164368
0.0012956
0.000250381
0.00198825
0.000601708
0.000405367
0.00214799
9.60093e-05
0.00106807
0.000676342
0.000124597
9.8105e-05
0.001148
0.000102525
0.000553669
0.00529594
0.00770634
0.00555126
0.005866
0.00388282
0.00353654
0.00393668
0.00259031
0.00624071
5.02952e-06
5.04555e-06
5.05494e-06
5.05095e-06
5.0098e-06
4.89747e-06
4.89039e-06
3.36618e-05
0.000534968
0.00440427
0.0122816
0.00877059
0.00604549
0.00681733
0.00414753
0.0041021
0.00295828
0.00224739
0.00157985
0.00118226
0.000825211
0.000261362
8.51305e-05
8.00391e-05
7.25707e-05
2.39127e-05
3.05775e-05
4.64363e-05
0.0001505
0.000125059
6.9848e-05
2.27346e-05
0.00010448
8.03373e-05
0.00010182
9.64785e-05
0.000152091
0.000236594
6.90244e-05
0.000210233
8.21685e-05
7.87246e-05
1.82936e-05
5.64436e-05
0.000527137
0.000340707
0.000271478
0.000124087
7.43618e-05
2.43896e-05
4.31031e-05
2.34795e-05
2.85043e-05
1.78614e-05
2.35628e-05
0.00162591
0.000927388
0.000544985
0.000359981
0.000151628
9.17169e-05
5.72632e-05
2.95596e-05
1.65034e-05
1.96678e-05
1.80813e-05
3.2269e-05
2.20313e-05
2.61212e-05
2.66359e-05
2.65604e-05
2.98997e-05
2.30169e-05
4.74484e-05
2.71771e-05
3.61033e-05
3.07002e-05
3.0282e-05
2.40042e-05
4.57111e-05
0.00534755
0.005019
0.00472345
0.00395408
0.00308611
0.00253474
0.00161959
0.000988764
0.000619906
0.000226815
0.000228736
0.000434744
0.00103159
0.00102224
0.000437266
0.00134461
0.00282687
0.00453347
0.00506906
0.00442368
0.00384795
0.00368365
0.00280434
0.00232677
0.00192675
0.00167831
0.00148119
0.00131814
0.0012403
0.00101492
0.000881189
0.000623417
0.000514108
0.000266935
0.000238412
0.000170052
8.97531e-05
7.02896e-05
0.000108276
0.000168555
0.000737292
0.00103956
0.000939799
0.00134263
0.00188899
0.00268452
0.00292932
0.00285011
0.00441455
0.00507632
0.00710246
0.0076999
0.00927049
0.00844257
0.0106077
0.00371306
0.00921511
0.00349011
0.00307162
0.00307195
0.00290879
0.00283991
0.00277777
0.00250757
0.00259625
0.00280039
0.002546
0.00269045
0.00272907
0.00249482
0.00243126
0.00226753
0.00238796
0.00211373
0.00226661
0.00224432
0.00229464
0.00222197
0.00216631
0.00217902
0.00206507
0.00212408
0.00215622
0.00203799
0.00215218
0.00100234
0.000587639
0.000129892
0.000187088
0.000168613
0.000352937
0.00053826
0.00020442
0.000213551
0.00168924
0.00108514
0.00215399
0.00138199
0.00259887
0.00448946
0.00317283
0.00910565
0.00567463
0.0070137
0.00703713
0.00522946
0.00829705
0.00856157
0.00702855
0.00956111
0.00986026
0.00643913
0.0119519
0.00915428
0.00965658
0.00999547
0.00750873
0.00950738
0.00632797
0.00499478
0.00460165
0.00412264
0.0029684
0.00264983
0.00561022
0.00369342
0.00374452
0.00242807
0.0022613
0.00153275
0.000715372
6.14814e-06
6.1798e-06
6.23657e-06
6.26606e-06
6.34497e-06
6.47123e-06
6.4566e-06
6.12575e-06
0.000286446
0.00118682
5.94634e-05
0.0258331
0.0225186
0.0182927
0.0156659
0.0130801
0.0117173
0.0105278
0.00957741
0.00812946
0.00650176
0.00477057
0.00342612
0.00203356
0.00132407
0.000617518
0.000312154
0.000139513
8.62893e-05
9.5472e-05
3.53248e-05
3.25588e-05
0.000138665
0.000103358
0.000188941
0.000170193
0.000188816
0.00015877
0.000141098
9.20734e-05
8.02159e-05
0.000136673
8.28183e-05
6.32376e-05
9.04904e-05
0.000101798
8.83201e-05
8.99206e-05
0.000104597
0.000120645
4.77191e-05
0.000123735
0.000112348
6.07575e-05
6.23331e-05
0.00181211
0.00162846
0.0013837
0.00138539
0.00132561
0.00117015
0.00118179
0.00102087
0.000976807
0.00088757
0.000769976
0.000728782
0.000644885
0.000623084
0.000496058
0.000506617
0.000589695
0.00049306
0.00043148
0.000407614
0.000377449
0.000314387
0.000351838
0.000341881
0.000255455
0.000234392
0.000221021
0.0002407
0.000327609
0.000162194
0.000139989
0.000167819
0.000424929
0.000914348
0.00162434
0.00214569
0.00173324
0.00123456
0.00121852
0.00210639
0.00244047
0.00222587
0.00193298
0.00147314
0.00129549
0.000867248
0.000741902
0.0005931
0.000441488
0.00030793
0.000129068
4.1526e-05
2.0736e-05
6.57764e-05
0.000328904
0.000256306
0.000246458
0.000392978
0.000703821
0.00124934
0.00103968
0.00209058
0.00345156
0.00375287
0.00393057
0.00458991
0.00559395
0.00726139
0.00793076
0.0102974
0.0101949
0.013109
0.0109973
0.014194
0.0126704
0.0174322
0.0235887
0.0169749
0.0157579
0.0155214
0.013992
0.011006
0.0018577
0.00190586
0.00194195
0.00205589
0.00192654
0.00206293
0.00194957
0.00198485
0.00207979
0.00204133
0.00212208
0.00229403
0.00216302
0.00220502
0.00222935
0.00227731
0.00229852
0.00226937
0.00261118
0.00231617
0.00258985
0.00242117
0.00242785
0.00239963
0.00201806
0.00204558
0.00038796
0.00117054
0.00108692
0.000403698
0.000403891
0.000695428
0.000492557
7.22553e-05
0.000144323
0.000128162
8.52449e-05
0.0010559
0.00154286
0.000489001
0.00119912
0.00102204
0.00165875
0.000959412
0.00123816
0.00468451
0.00380497
0.00384911
0.00547709
0.00879406
0.00517607
0.00645691
0.00607992
0.00418816
0.00594756
0.00469818
0.00510751
0.00504541
0.00461953
0.00446162
0.00323874
0.00224727
0.00189648
0.00141118
0.00072131
0.000110612
2.56412e-05
0.000299456
0.000459884
0.00172045
0.00314734
0.00636549
0.00787283
0.0113459
0.00840201
0.00640278
0.005891
0.0051936
0.00686472
0.00615397
0.00681022
0.00336504
0.005396
0.00742126
0.00311563
0.00303845
0.00328939
0.00347839
0.0043451
4.0887e-05
4.81475e-05
5.42643e-05
5.99987e-05
0.000222467
0.00286102
8.78029e-05
0.00271009
0.00204673
0.00202822
0.0016315
0.00119143
0.00105091
0.000638195
0.000245607
0.0001249
8.60334e-05
4.80944e-05
8.16353e-06
8.48428e-06
7.90608e-06
1.51067e-05
3.36698e-05
4.99979e-05
7.49353e-05
0.000165754
0.000286013
9.10648e-05
0.000238473
0.000302744
0.000214038
0.000176419
0.000142214
0.000259833
0.000209772
0.000296182
0.0023316
0.00114017
0.00104775
0.00173877
0.000991894
0.000633358
0.000685509
0.000236531
0.000373938
0.000157413
4.40247e-05
2.66575e-05
1.02153e-05
9.7637e-06
6.2045e-06
4.44134e-05
1.55376e-05
5.90411e-06
6.97223e-06
1.82819e-05
2.58305e-05
2.84706e-05
7.86656e-05
1.00346e-05
1.92701e-05
2.66593e-05
6.83407e-06
3.71283e-05
3.24823e-05
1.98335e-05
1.41307e-05
1.69951e-05
0.0115124
0.00814672
0.00491107
0.00210609
0.000730559
0.000270039
9.73827e-05
3.74345e-05
1.64524e-05
1.14045e-05
8.88831e-06
0.00825706
0.00768827
0.00684506
0.00594376
0.00505101
0.00419901
0.00337766
0.00243528
0.00171132
0.000486105
0.000201661
0.00029339
0.000345278
0.000972825
0.000712415
0.00175811
0.00381359
0.00535685
0.00606941
0.00774692
0.00831426
0.00801595
0.00693698
0.00639647
0.00609952
0.0049436
0.00431615
0.00391812
0.00305233
0.00287317
0.00229308
0.00202369
0.00182379
0.001297
0.00120317
0.00124298
0.00073216
0.000646419
0.000446425
0.000268621
0.0001254
0.000262971
0.000457165
0.000286268
0.000586791
0.00223483
0.00190283
0.00337929
0.00445994
0.00580313
0.00745185
0.00764035
0.00352068
0.00357558
0.00313211
0.00480197
0.00572489
0.00755799
0.008403
0.010633
0.00613383
0.00442822
0.00155139
0.00145246
0.00153063
0.00148761
0.001506
0.00150858
0.0013661
0.00148724
0.00133469
0.00142837
0.00137815
0.00130265
0.00133914
0.00133646
0.00133501
0.00129507
0.00130092
0.00130449
0.00133603
0.00121423
0.001316
0.00124913
0.00136137
0.00122002
0.00121682
0.00119834
0.0012061
0.000657851
0.000997305
0.000178999
0.000735566
0.000102267
0.000108117
0.000234633
0.000711392
0.000578648
0.00304253
0.00339192
0.00319981
0.00500941
0.00418873
0.0057513
0.0062903
0.0100088
0.00954409
0.00641753
0.00956046
0.00920449
0.0075456
0.0111124
0.0102185
0.00585637
0.00499335
0.00779794
0.00659278
0.00532188
0.00516385
0.00354987
0.00347677
0.00196873
0.00243719
0.00241097
0.0019751
0.000925191
0.00103157
0.00133112
0.000612761
0.000808374
0.000891036
0.000820236
0.00129559
0.00202775
6.64107e-06
6.77195e-06
6.66508e-06
6.81061e-06
6.78237e-06
6.67684e-06
6.29744e-06
0.000230364
0.00159653
0.00112204
0.00386964
0.00348167
0.00309093
0.00276338
0.00208262
0.00161611
0.000960158
0.000675151
0.00359561
0.00277451
0.00165833
0.00125418
0.00106895
0.000669188
0.00061553
0.000421767
0.000242892
9.96765e-05
0.000121814
6.52231e-05
2.28775e-05
1.3393e-05
1.49939e-05
2.73434e-05
1.4559e-05
0.00237996
0.0013573
0.00098578
0.000746287
0.000594132
1.66785e-05
2.14867e-05
1.67053e-05
2.32142e-05
4.05936e-05
4.66826e-05
7.69175e-05
6.54822e-05
0.000128846
0.000150857
0.000275793
0.000259878
0.000166638
0.00025079
0.000259874
0.000299859
0.000252847
0.000291262
7.65519e-05
0.000123137
0.000285957
0.000294476
0.000278158
9.53468e-05
0.000164575
0.000342219
4.43513e-05
4.39381e-05
0.000629571
0.000764933
0.000940397
0.000772005
0.000741713
0.000633315
0.000454314
0.00027359
0.000158032
9.52956e-05
0.000217753
0.000507632
0.00153463
0.000914848
0.00153097
0.0030017
0.00406466
0.00417253
0.00402682
0.00362131
0.00342749
0.00298933
0.00261746
0.00201335
0.00185009
0.00144043
0.00121704
0.00121722
0.000999521
0.000973543
0.000658951
0.000446675
0.000319717
0.000285977
0.000242788
0.000136929
0.000553435
0.000768937
0.000790808
0.00129244
0.00182889
0.0026869
0.00363748
0.00350526
0.00392095
0.00437354
0.00484481
0.00676797
0.00918249
0.0111379
0.0121268
0.0565063
0.0171275
0.00817889
0.00549878
0.0043329
0.00345456
0.00301405
0.0026552
0.00235692
0.0022264
0.00199687
0.00186618
0.00176274
0.00165393
0.0016433
0.00157985
0.00159825
0.00162171
0.00152641
0.00167823
0.00148975
0.0014891
0.00152815
0.00152391
0.00142114
0.00143037
0.00146274
0.00144017
0.00121486
0.0012882
0.00101672
0.000455138
0.000257107
0.000238867
0.000279802
0.000431545
0.000495265
0.000389456
0.00226801
0.00375041
0.00342286
0.00346215
0.00262737
0.00244567
0.00587406
0.00238124
0.00333508
0.00335696
0.00300397
0.00336283
0.00296044
0.00116346
0.00204624
0.000664811
0.000728303
0.00185162
0.000180804
0.00136549
0.000844355
0.000430421
0.000142641
0.000981658
0.000130645
0.000592054
0.000118414
0.00126852
0.00040414
0.0015185
0.00011663
0.0107936
0.00771199
0.0056006
0.0145918
0.00820961
0.00702155
0.00852203
5.6726e-06
5.70619e-06
5.70672e-06
5.70793e-06
5.7012e-06
5.52437e-06
0.00016706
0.00782132
0.0170942
0.0113434
0.00760776
0.00669325
0.00633725
0.00488387
0.00429731
0.00286299
0.00210085
0.00139297
0.000818058
0.000376164
0.000155849
0.000202455
0.000132383
0.000130181
2.43404e-05
3.90286e-05
4.0072e-05
4.70217e-05
5.86046e-05
5.17263e-05
2.07296e-05
4.35142e-05
3.37905e-05
5.21088e-05
8.84641e-05
7.8908e-05
4.27221e-05
2.31717e-05
7.5781e-05
0.000628278
0.000410625
0.000173636
0.000102857
4.76421e-05
2.01512e-05
2.97647e-05
1.74221e-05
3.14524e-05
0.00166998
0.000893155
0.000595769
0.000264698
0.000158891
9.75764e-05
3.17906e-05
3.5106e-05
2.53444e-05
2.24059e-05
2.29777e-05
2.31317e-05
2.67875e-05
3.05144e-05
3.47641e-05
3.772e-05
2.89479e-05
2.78314e-05
3.08625e-05
3.96401e-05
5.5085e-05
5.35267e-05
0.00538258
0.00511936
0.00469776
0.00401399
0.00347758
0.00276572
0.00197745
0.00134953
0.000860715
0.000434427
0.000201842
0.000265521
0.00031442
0.000725935
0.000463523
0.000602417
0.0016859
0.00424513
0.00406975
0.00359436
0.00298114
0.00240129
0.00210124
0.00191406
0.00151696
0.00123313
0.00110026
0.000944542
0.000794536
0.000679521
0.000485051
0.000453709
0.000378813
0.00030611
0.000405187
0.000276456
0.000155555
6.94215e-05
6.03603e-05
0.00016767
0.000243483
0.000481815
0.000744624
0.00100035
0.00146893
0.00241933
0.00255771
0.00292047
0.00413742
0.00441295
0.00538196
0.0062027
0.00625553
0.006933
0.00749367
0.008735
0.010671
0.0103267
0.00675904
0.00399237
0.00373312
0.00338465
0.00361629
0.00311994
0.00315055
0.00305023
0.00324223
0.00261328
0.00286379
0.0026806
0.00270269
0.00258719
0.00252487
0.00235473
0.00243256
0.00241289
0.00233471
0.00224439
0.00236152
0.00229246
0.00222926
0.00219531
0.00231998
0.00230283
0.00217087
0.00202814
0.00213699
0.00201716
0.00196923
0.00201273
0.00095785
0.000842792
0.000153958
0.000424313
0.000489596
0.000200624
0.000180289
0.000307046
0.000193466
0.00124203
0.000490048
0.000982317
0.00268276
0.00302866
0.0039288
0.00365696
0.00520644
0.00629957
0.00610063
0.00599676
0.00579956
0.00652525
0.00916449
0.00785138
0.00891526
0.01003
0.00882921
0.00778878
0.00771547
0.0120097
0.009599
0.00750734
0.00573812
0.00790581
0.0068113
0.00646449
0.00666272
0.00992235
0.00294936
0.00452411
0.00246922
3.46248e-05
6.11164e-06
6.16083e-06
6.25875e-06
6.15962e-06
6.2362e-06
6.35621e-06
0.000554934
0.00308405
5.04693e-05
0.012391
0.0144066
0.012702
0.0101787
0.00918983
0.00809533
0.00780555
0.00665698
0.0055816
0.00415778
0.00300283
0.00167163
0.00102373
0.000374706
0.000275593
9.73341e-05
6.11619e-05
2.82782e-05
2.90627e-05
2.81634e-05
2.49323e-05
3.33655e-05
3.41131e-05
0.000109055
8.29762e-05
0.000107553
0.000252294
0.000192123
0.000126546
0.000150182
0.000481912
0.000386546
0.000366425
0.000301176
0.000302708
0.000256411
0.000206246
0.000204863
0.000182969
0.000160775
0.000112229
0.000105411
0.000101383
0.000117948
5.63334e-05
0.000199014
0.000199538
0.000165872
0.000138324
0.000104813
4.97281e-05
8.03076e-05
0.000187891
0.000175181
0.000178533
0.000185847
0.00103499
0.000680716
0.000483861
0.000354804
0.000222455
0.000163746
9.56824e-05
0.000886111
0.000670722
0.000437496
0.000296743
0.000189255
0.000100851
6.97015e-05
5.12541e-05
3.91148e-05
0.00344796
0.00326545
0.00303279
0.00251443
0.00160845
0.000979363
0.000515385
0.000471469
0.000266858
0.000653502
0.00126614
0.00151295
0.000528836
0.0011239
0.00202601
0.00301163
0.00275196
0.00261008
0.00192577
0.00175295
0.00136097
0.00100256
0.00086793
0.000683946
0.00050421
0.000428193
0.000261556
0.000247666
0.000177338
8.354e-05
1.07127e-05
8.45563e-08
6.62529e-06
3.99235e-05
4.75713e-05
0.000192391
0.00033098
0.000827388
0.000752092
0.00117157
0.00120988
0.00297723
0.00463452
0.00418294
0.00484021
0.00424393
0.00784745
0.006866
0.00771504
0.0123883
0.0145374
0.0141632
0.0110606
0.00988693
0.0151199
0.0171914
0.0271047
0.017832
0.00185223
0.00191528
0.00191197
0.00193224
0.00196962
0.00197004
0.00195409
0.00209905
0.00199425
0.00208432
0.00213722
0.00200639
0.00201154
0.00201728
0.00196359
0.00204798
0.00211085
0.00207458
0.00160047
0.00065051
0.00121439
0.000167461
0.000548137
0.000146534
0.000150047
0.000198647
0.000264254
0.000561043
0.000458231
0.000489824
0.00286636
0.00221627
0.00265969
0.00171068
0.00352762
0.0033029
0.00367145
0.00362183
0.00767162
0.0039302
0.00948486
0.00533314
0.00625034
0.00620991
0.00821081
0.00709551
0.00745945
0.00650415
0.00622558
0.0064535
0.00509687
0.00567887
0.00589747
0.00474556
0.00434125
0.00646193
0.00398593
0.00367332
0.00554792
0.00311263
0.00279216
0.00322277
0.00183815
0.0010446
0.00109808
0.000749874
0.000806633
0.000297257
0.000129565
3.83792e-05
1.55553e-05
9.71826e-05
0.000292317
0.000501493
0.00182105
0.00460187
2.71424e-05
2.89254e-05
3.19139e-05
3.48848e-05
3.89071e-05
4.40005e-05
4.99387e-05
5.42808e-05
0.00124532
0.00372288
3.20022e-05
0.000157839
0.00302045
0.00260987
0.00268452
0.0021184
0.00185417
0.0016023
0.000747895
0.000316167
0.000159579
5.27015e-05
4.09282e-05
2.19445e-05
2.11035e-05
2.03134e-05
2.95857e-05
7.14905e-05
9.23173e-05
0.000120444
0.000121575
0.000104065
0.000164353
0.000184818
0.000290426
0.000144774
0.00023369
0.000182432
0.000129974
7.53954e-05
5.08337e-05
0.000177342
0.00253247
0.00252593
0.00179307
0.000830376
0.00227761
0.00156822
0.000812886
0.000611363
0.000305626
9.90848e-05
6.79871e-05
3.36873e-05
1.65104e-05
1.59833e-05
1.84724e-05
1.86264e-05
2.29701e-05
1.8994e-05
2.40604e-05
2.92752e-05
1.88272e-05
2.80433e-05
2.35605e-05
4.72121e-05
6.5472e-05
3.43916e-05
2.06892e-05
3.11738e-05
4.27872e-05
2.20546e-05
0.0133428
0.00808091
0.00464173
0.00287568
0.00112522
0.000456082
0.000154953
6.66035e-05
4.90725e-05
3.60148e-05
3.37911e-05
2.89836e-05
0.00913434
0.00822032
0.00740133
0.00654561
0.00550097
0.00470173
0.00372355
0.00272789
0.0014449
0.000951394
0.00033894
0.000243774
0.000820535
0.00124688
0.00091595
0.0017988
0.00294129
0.00312851
0.00328683
0.00274357
0.00253755
0.00168245
0.00135292
0.000944476
0.00081123
0.000674156
0.000471241
0.000340707
0.000214246
0.000136756
7.16574e-05
0.000117835
5.94629e-05
4.05763e-05
5.76515e-05
0.000252974
0.000194703
0.000492574
0.000866977
0.00141785
0.00153786
0.00129234
0.00237773
0.00212656
0.00331248
0.0040162
0.00269987
0.00203846
0.0021759
0.00163269
0.00237801
0.00226159
0.00198465
0.00175328
0.00149502
0.00149538
0.00153392
0.0012426
0.00174396
0.00170828
0.0010999
0.0012147
0.00127919
0.000901541
0.00111215
0.000825293
0.00103408
0.00109441
0.0013439
0.000967742
0.00088976
0.000928633
0.000778451
0.000773144
0.000936033
0.000630139
0.000703215
0.000745916
0.00084614
0.000472508
0.000594404
0.00066258
0.000734767
0.000404446
0.000590267
0.000825322
0.000671571
0.000294494
0.000344366
0.000498115
0.000260887
0.000406168
0.000363292
0.000295845
0.000372456
0.000207443
0.000513803
0.000373383
0.000236568
0.000451372
0.000218389
0.00021047
0.000290673
0.000232128
0.000402298
0.0001787
0.000269372
0.000288695
0.000327345
0.00034146
0.000387974
0.000265959
0.00019101
0.000122012
0.00016328
0.000154866
0.000142278
0.000134264
0.000133281
0.000125493
0.000134058
0.000125515
0.000122624
0.000116849
0.000110718
0.000100558
0.000339609
0.000194718
0.00017445
0.000253665
0.000223693
0.000220769
0.000191986
0.000172358
0.000160361
0.000142443
0.000132106
0.000132412
0.000125333
0.000124132
0.000107637
0.000103061
0.000103357
0.000114981
0.000100764
9.92734e-05
0.000104699
0.000105407
0.000104367
0.000992943
0.000924974
0.000868169
0.000776018
0.000733627
0.000694979
0.000681667
0.000622028
0.000572515
0.000509307
0.000476094
0.000454566
0.000426534
0.000410558
0.000400261
0.000396521
0.00038009
0.000359116
0.000372557
0.000375924
0.000418578
0.000429479
0.00060971
0.000664923
0.000670785
0.000741729
0.000875834
0.000981747
0.00104204
0.00119517
0.0016639
0.00228614
0.00263199
0.0030253
0.00361334
0.00392926
0.00449999
0.00626091
0.00717894
0.0064198
0.00672078
0.0048648
0.00232137
0.0015245
0.00212188
0.00134941
0.000757125
0.00256462
0.00335326
0.00235406
0.00124006
0.00223625
0.0023295
0.000622381
0.000337579
0.000922317
0.00169979
0.000960184
0.000891269
0.000517128
0.00167912
0.00201309
0.00137579
0.000425845
0.00114529
0.000824666
0.000799834
0.000597588
0.00233984
0.00158635
0.00185909
0.00106601
0.00307502
0.00239792
0.0024678
0.00115422
0.00326436
0.00385551
0.00281732
0.00323196
0.00248614
0.00573537
0.00435665
0.00773973
0.0057339
0.0057107
0.00705691
0.00526173
0.00270606
0.00079025
0.000777736
0.000834078
0.0034514
0.000782599
0.000774449
0.000756854
0.000753423
0.000743414
0.000706469
0.00073055
0.000718048
0.000747437
0.000744312
0.000734109
0.000740515
0.000737625
0.000722489
0.000682399
0.000705217
0.000703257
0.000695324
0.000690467
0.000682049
0.000676697
0.000664793
0.000658646
0.000664455
0.000654083
0.000652767
0.000649388
0.000648262
0.000643645
0.000641968
0.000640396
0.000638544
0.000636949
0.000635148
0.000634105
0.000633951
0.000631854
0.00063144
0.000635367
0.000632636
0.000632224
0.000625905
0.000622697
0.000620685
0.000620539
0.000620105
0.000619025
0.000621571
0.000627738
0.000291523
0.000258107
0.000174762
0.000612257
0.000610008
0.000610467
0.000611164
0.000611071
0.000229495
0.00060868
0.000606435
0.000608393
0.000588425
0.000568414
0.00060619
0.000610971
0.000398291
0.000542301
0.000539712
0.000379475
0.000396298
0.000277396
0.000122846
0.000123324
0.000146731
0.000125477
0.000125891
0.000187174
0.000186778
0.00027479
0.00021411
0.000213867
0.000349512
0.00067965
0.000848899
0.0011405
0.00207302
0.00205155
0.00246236
0.00198516
0.00219363
0.00200045
0.00197846
0.00283572
0.00382436
0.00377223
0.00382923
0.00336827
0.00332251
0.00346226
0.00652875
0.00719477
0.00365441
0.00387395
0.00777426
0.0076093
0.0081765
0.00799232
0.00813759
0.00703527
0.00714307
0.00936846
0.00907493
0.00955138
0.00832859
0.00803099
0.00895931
0.00649354
0.00807028
0.0102203
0.0106494
0.0100641
0.0100556
0.00761571
0.00748816
0.00857096
0.00841658
0.00776574
0.00747357
0.00730356
0.00680746
0.00584427
0.00583693
0.00639835
0.00539414
0.00480229
0.00477548
0.00205723
0.00192782
0.00240431
0.00215714
0.00156506
0.000878617
0.000794061
0.000724657
0.0002962
0.000347087
0.000134922
0.000146968
0.000178236
0.000132284
0.000142565
0.000170012
0.000197443
0.000152289
0.000135208
0.000639092
0.000555479
0.000145738
0.000683584
0.000352176
0.000243739
0.000159217
0.000179524
0.000145316
0.00019126
0.000715131
0.000433048
0.000248862
0.000362224
0.000152623
0.00308747
7.65225e-06
7.65739e-06
7.65005e-06
7.66219e-06
7.66199e-06
7.6719e-06
7.70185e-06
7.69107e-06
7.89878e-06
7.8748e-06
8.49083e-06
2.08258e-05
2.11752e-05
2.12495e-05
0.000191859
2.76628e-06
5.09414e-06
1.1692e-05
9.1239e-06
0.00130696
0.00112762
0.00126492
0.00111624
0.00118994
0.00105501
0.000796092
0.000685935
0.000369604
0.000303027
0.000280626
0.000136804
0.000107445
2.05412e-05
1.42663e-05
2.1e-05
2.72944e-05
2.51406e-05
4.38206e-05
4.83816e-05
4.54534e-05
2.00054e-05
8.06626e-05
8.59324e-05
0.000137865
0.000141141
0.000180182
0.000181719
0.000111904
0.000110312
7.81079e-05
5.56246e-05
5.68705e-05
5.17684e-05
3.37137e-05
3.36077e-05
4.15778e-05
4.07861e-05
3.67784e-05
6.48893e-05
6.73475e-05
6.45278e-05
5.7264e-05
0.000100009
7.53796e-05
6.75689e-05
3.90573e-05
2.72201e-05
2.89061e-05
2.07241e-05
8.93051e-06
8.83659e-06
9.16077e-06
8.84676e-06
1.96156e-05
1.26329e-05
1.13316e-05
7.72433e-06
3.03271e-05
3.33936e-05
6.36034e-05
5.83042e-05
2.24525e-05
2.4102e-05
2.35238e-05
1.67277e-05
1.60458e-05
2.67437e-05
2.74582e-05
2.96388e-05
2.91714e-05
2.7054e-05
8.71099e-06
1.40648e-05
7.81095e-05
7.79277e-05
4.66223e-05
7.03413e-05
0.00015513
0.000189894
0.000217407
0.000282747
0.000241185
0.000299153
0.000384452
0.000549262
0.000309099
0.000326134
0.000416495
0.000389897
0.000455575
0.0004109
0.000515655
0.000870679
0.000736759
0.000404885
0.000853013
0.000490618
0.000980973
0.000510213
0.00101741
0.00083241
0.000634441
0.00120129
0.000983313
0.000653872
0.000753751
0.000646135
0.000856849
0.00094054
0.0218487
0.0172737
0.0124488
0.00767128
0.00414106
0.00201375
0.000812565
0.000332194
0.000106282
4.47343e-05
2.5726e-05
1.36273e-05
1.32725e-05
1.15399e-05
1.13191e-05
1.15561e-05
1.16845e-05
1.20241e-05
1.22985e-05
1.25065e-05
1.23953e-05
1.31257e-05
1.38624e-05
1.26549e-05
1.52415e-05
0.000159506
0.000109636
4.16925e-05
3.01064e-05
2.34346e-05
1.94681e-05
1.36134e-05
1.46648e-05
1.56192e-05
0.00809571
0.00739883
0.00675822
0.00617526
0.00496659
0.00440892
0.00384611
0.00349299
0.00317974
0.00293543
0.00251328
0.00226827
0.00190045
0.00176235
0.00136774
0.00102362
0.00088374
0.000843217
0.000550559
0.000493889
0.000220208
0.000222985
8.24093e-05
7.45697e-05
7.56494e-05
8.86677e-05
5.50334e-05
0.000200957
0.000209541
0.000525567
0.000563604
0.000617128
0.00125643
0.00130168
0.000941813
0.000898974
0.000982456
0.000857382
0.000856803
0.000768734
0.00161662
0.00143747
0.00287302
0.00300127
0.00484717
0.0046997
0.00433518
0.00524533
0.00507569
0.00571327
0.00628737
0.00561777
0.00642483
0.00622498
0.00575364
0.00537545
0.00510217
0.00504741
0.0045033
0.00428273
0.00400409
0.00286915
0.00283203
0.00242381
0.00275292
0.00235365
0.0021336
0.00212161
0.00172493
0.00158119
0.00141023
0.00131575
0.00111755
0.00106291
0.000769457
0.000903374
0.000867378
0.000577502
0.000403678
0.000366158
0.000392099
0.000348747
0.000277435
0.000155565
4.88377e-05
0.000108644
6.42859e-05
2.57862e-05
1.85946e-05
5.7888e-05
5.81722e-05
3.48597e-05
6.39498e-05
5.98629e-05
8.20451e-05
0.000181794
0.000267231
0.000347932
0.000233966
0.000296733
0.000459313
0.000745714
0.000863086
0.000794661
0.000922445
0.000875416
0.000653551
0.000809144
0.00150786
0.00128752
0.00169165
0.00146551
0.00197537
0.00151577
0.00161976
0.00256172
0.00247746
0.0019766
0.00249057
0.00190984
0.00194383
0.00267923
0.00366482
0.00225272
0.00179441
0.00199952
0.00413929
0.00229499
0.00263765
0.00190572
0.00215566
0.00282846
0.00212966
0.00475412
0.00352726
0.00521639
0.00397574
0.00393555
0.00188057
0.00507655
0.00371693
0.00544238
0.00422618
0.00234507
0.0013928
0.00267593
0.00144246
0.00141427
0.0015154
0.00145992
0.00146746
0.00130584
0.00131082
0.00150408
0.00148022
0.00143773
0.0014044
0.00140853
0.00139477
0.00151795
0.00148943
0.00141524
0.00140633
0.0013816
0.00136336
0.00134616
0.00133934
0.00139011
0.00135381
0.00128206
0.00130422
0.00122258
0.0012126
0.001294
0.00128968
0.00130149
0.00127322
0.00130929
0.00125305
0.00122768
0.00123845
0.00121639
0.00121225
0.00122903
0.00123499
0.00121063
0.00121932
0.00128253
0.00129444
0.00120412
0.00118158
0.00119535
0.00117172
0.00115118
0.00115027
0.00126094
0.00124478
0.00110153
0.00108544
0.00109038
0.00116942
0.00114848
0.00114875
0.00110731
0.00110567
0.00110406
0.00108713
0.000964662
0.000213884
0.00014297
0.000314693
0.000311684
0.000263119
0.000163803
0.000163426
0.000109985
0.000108335
0.000534811
0.000725342
0.000877954
0.000228542
0.000227257
0.000260726
0.000970805
0.000954828
0.00114508
0.0012774
0.00175838
0.000463223
0.000458174
0.000588242
0.00136555
0.00133955
0.00160493
0.000888651
0.000874093
0.00127718
0.00351818
0.00373598
0.00321041
0.00312305
0.00415106
0.00388681
0.00387999
0.00398013
0.00357325
0.0060015
0.0064418
0.006565
0.00626107
0.00623682
0.00565639
0.00536154
0.00407478
0.00667404
0.00621124
0.00579138
0.00418162
0.00466738
0.00433313
0.0041704
0.00408194
0.00558838
0.00506723
0.00500726
0.00348268
0.00314483
0.00259393
0.00278256
0.00235869
0.00212948
0.00224347
0.00247567
0.00326171
0.00297154
0.00162995
0.00160169
0.000717398
0.000670686
0.000637196
0.000934327
0.000903889
0.00147787
0.0014725
0.000959029
0.000872672
0.000932065
0.00238247
0.00156116
0.00092089
0.000598673
0.000351593
0.000234396
0.000188111
0.000156522
0.000103331
0.000110894
0.000100019
9.92741e-05
0.000221002
0.000281381
0.000222369
0.000136099
0.000107783
0.000101096
0.000108689
9.3648e-05
0.000186301
0.000193934
0.000203919
0.000776401
0.000971751
0.000102684
9.45324e-05
9.95883e-05
0.000238158
0.00370743
0.0030563
7.16081e-06
7.17519e-06
7.18653e-06
7.18672e-06
7.18709e-06
7.19666e-06
7.14717e-06
7.16172e-06
7.17785e-06
7.19728e-06
8.31565e-06
8.358e-06
8.53715e-06
0.00114771
0.00105431
0.000503966
0.000503369
0.0004793
0.000385649
0.00118519
0.00105938
0.00117222
0.00107544
0.000961679
0.000866832
0.000560661
0.000520147
0.000458745
0.000187231
0.000153231
7.72837e-05
6.34429e-05
2.94249e-05
2.82969e-05
3.09058e-05
2.96289e-05
2.98913e-05
3.25108e-05
4.09246e-05
4.51106e-05
4.26495e-05
4.64875e-05
6.18898e-05
6.27956e-05
9.81111e-05
9.87214e-05
0.000149283
0.00014519
0.000134824
0.000130066
0.000133933
0.000130366
0.00012072
0.000102143
9.74535e-05
0.000158547
0.000138817
8.64546e-05
7.74417e-05
1.33433e-05
0.00176804
0.00139292
0.00101378
0.000770641
0.000612356
0.000458773
0.000610832
0.00045469
0.000397891
0.000287221
0.000249359
0.000208668
0.000145017
9.09089e-05
6.15002e-05
8.93396e-05
2.98066e-05
1.88013e-05
4.27394e-05
2.80508e-05
1.81966e-05
1.45841e-05
2.69073e-05
1.88446e-05
1.54915e-05
1.61187e-05
1.6152e-05
1.55864e-05
3.28814e-05
3.60892e-05
1.52375e-05
1.71117e-05
1.63759e-05
3.46397e-05
0.00473011
0.00388126
0.00216162
0.00162377
0.00132268
0.00092089
0.000683473
0.000983954
0.000705781
0.000572902
0.000648484
0.000449864
0.000365696
0.000242233
0.000202227
2.30208e-05
1.67977e-05
1.83937e-05
1.76281e-05
3.24271e-05
4.18809e-05
9.01603e-05
5.66581e-05
5.27123e-05
3.07007e-05
3.89863e-05
3.47978e-05
6.20643e-05
7.36567e-05
6.08857e-05
4.77559e-05
5.5232e-05
1.6757e-05
1.98581e-05
8.27707e-05
5.25009e-05
1.98216e-05
1.70049e-05
1.73642e-05
4.80643e-05
5.72095e-05
4.582e-05
0.000105251
6.31643e-05
2.94852e-05
3.69902e-05
2.3206e-05
1.77792e-05
1.82265e-05
1.71392e-05
1.9445e-05
2.58106e-05
1.85132e-05
1.8205e-05
1.73795e-05
0.000468478
0.00130682
0.00092266
0.000711743
6.44054e-05
0.000264679
0.00237334
0.00165381
0.00123312
0.000784619
0.000509878
0.000393579
0.000254055
0.000143759
9.75791e-05
0.000122054
7.55645e-05
6.33087e-05
6.71194e-05
4.65853e-05
2.7111e-05
2.50508e-05
2.45463e-05
2.52337e-05
2.48831e-05
2.56543e-05
2.59277e-05
2.58527e-05
3.10894e-05
2.78322e-05
2.93616e-05
2.88038e-05
3.09893e-05
3.52087e-05
3.43392e-05
3.17108e-05
3.59106e-05
3.14153e-05
2.96141e-05
3.06673e-05
3.19048e-05
3.72603e-05
3.32424e-05
3.82946e-05
4.57848e-05
4.22191e-05
0.00196453
0.00143878
0.000968335
0.00287785
0.00257545
0.00133951
0.00163993
0.000830326
0.000778734
0.000574905
0.000384871
0.000416115
0.000380306
0.000550288
0.000344241
0.000405713
0.00038496
0.000254935
0.000616644
0.000586796
0.00187548
0.00248489
0.00237997
0.0027821
0.00339955
0.00314815
0.00262536
0.00314596
0.00284373
0.00338149
0.00365407
0.00340322
0.00294935
0.00292997
0.00279374
0.0023877
0.00174348
0.0015292
0.0020084
0.00148031
0.00129898
0.00127693
0.00128036
0.000949757
0.000777237
0.000736608
0.000663564
0.000437153
0.000405017
0.000313868
0.000304964
0.000229461
0.000114453
6.15399e-05
3.75146e-05
4.15969e-05
0.00010046
3.81405e-05
0.00011184
0.000209776
0.000247207
0.000313532
0.000152721
0.000297451
0.00217543
0.00211708
0.00200669
0.00193995
0.00177084
0.00162788
0.00162525
0.00161288
0.0014992
0.0015165
0.00151784
0.00143358
0.00147324
0.00145431
0.00138827
0.00141399
0.00130606
0.00150412
0.00152817
0.00147517
0.0014368
0.00151764
0.0015801
0.00163667
0.00169024
0.00160361
0.00185494
0.00181592
0.00188369
0.0018347
0.00180114
0.00193435
0.00210152
0.00206472
0.00217946
0.00199252
0.00196457
0.002028
0.00190715
0.00197969
0.00218098
0.0022965
0.00240183
0.00233269
0.00230411
0.00237283
0.00243834
0.00244957
0.00253037
0.00252157
0.00257688
0.00255548
0.00250055
0.00249244
0.00239688
0.00238139
0.00238944
0.00236761
0.00234507
0.00229442
0.0022868
0.00228769
0.00226713
0.00226963
0.00222789
0.00223437
0.00231426
0.00228402
0.00230004
0.00221765
0.00224055
0.00228969
0.00229823
0.00219974
0.00221514
0.00228817
0.00231797
0.00234884
0.00224277
0.00230333
0.00234181
0.00229264
0.00234165
0.00221504
0.00227173
0.00132417
0.00130049
0.000794045
0.000292276
0.000290249
0.000283482
0.000562786
0.00031862
0.000261908
0.000932112
0.000895476
0.0012589
0.000513892
0.00114913
0.00179528
0.00222254
0.00199487
0.00198415
0.00311057
0.00328144
0.00308435
0.00401169
0.00555601
0.00588485
0.00424885
0.00389519
0.00575342
0.00519428
0.00724535
0.0080157
0.00586781
0.0060577
0.00708564
0.0065202
0.0077189
0.00638279
0.00608845
0.00626783
0.00565683
0.00456843
0.00402071
0.00329114
0.00378555
0.00321762
0.00340014
0.00309212
0.00295628
0.00232404
0.00549662
0.00465185
0.0019097
0.00169531
0.00277208
0.00244381
0.00424815
0.00450029
0.00552243
0.00799949
0.00778773
0.00800835
0.00390243
0.00364888
0.00337014
8.11505e-05
0.0287436
0.0243895
0.00868685
0.00789809
0.00115211
0.00026395
0.000191942
0.000182762
0.000473945
0.000214469
0.000128129
0.000268203
0.00044835
0.000466391
4.0332e-05
5.34469e-05
0.000387262
0.000280694
0.000249192
0.000204736
0.000147441
0.000370371
0.000288839
0.000344498
0.000274168
0.000131031
0.000112544
0.0001699
0.000168905
0.000160072
8.0515e-05
7.01175e-05
5.07817e-05
5.53254e-05
5.39387e-05
5.83508e-05
5.63256e-05
5.94184e-05
7.3142e-05
6.36925e-05
6.74286e-05
6.25105e-05
6.23676e-05
6.18029e-05
6.22906e-05
6.38263e-05
6.50838e-05
6.59752e-05
6.29698e-05
7.23439e-05
7.03035e-05
7.99128e-05
7.87593e-05
6.29391e-05
6.26657e-05
0.000112406
0.000110884
0.000102654
5.46127e-05
5.97444e-05
5.31696e-05
5.67498e-05
5.50604e-05
5.29231e-05
5.34468e-05
5.40138e-05
5.18387e-05
5.02614e-05
9.75975e-05
6.84138e-05
0.00010191
6.94506e-05
4.42677e-05
4.66573e-05
4.50709e-05
4.49165e-05
4.69141e-05
4.6464e-05
6.40216e-05
5.4514e-05
5.87876e-05
5.8812e-05
0.000124363
0.000113398
0.000107866
0.000171488
0.000136982
0.000113691
0.000108031
0.00010257
7.82947e-05
7.00403e-05
5.91676e-05
5.64223e-05
5.24016e-05
5.42453e-05
6.20391e-05
6.26383e-05
7.34481e-05
6.69348e-05
6.20194e-05
7.25772e-05
5.43137e-05
5.6912e-05
7.1073e-05
0.000121198
0.000165651
0.000127373
0.000125718
0.000141051
8.34242e-05
9.4792e-05
0.000110023
0.000123373
0.000111872
9.48742e-05
0.000104671
9.74615e-05
0.000102976
8.96039e-05
0.00010008
9.62236e-05
0.000118492
0.000121576
0.000130148
0.000101956
0.000111198
0.000120947
0.000130644
0.000110276
0.00011755
0.000128181
0.000135657
0.000103671
0.000109483
0.000128043
0.000127763
0.00013267
0.000135443
0.00011972
0.000122546
0.000116602
0.000118856
0.000101151
0.000103842
9.99069e-05
0.000107705
0.000108974
0.00010121
9.94319e-05
9.83607e-05
9.97676e-05
0.000100547
0.000101929
9.88328e-05
0.00010172
0.000101497
0.000100628
0.000103127
0.000103251
0.000102152
0.000101191
0.000102579
0.000112841
0.000105414
0.000106591
0.000238782
0.015736
0.01445
0.0134127
0.0117918
0.00960912
0.0124255
0.00731567
0.00858583
0.00716371
0.000447335
0.000506781
0.000780955
0.00110143
0.000905274
0.000730477
0.00084317
0.000737289
0.00079561
0.000774459
0.00072857
0.000638676
0.00054312
0.000579298
0.000466534
0.000409994
0.000367701
0.000285142
0.00026315
0.000266671
0.000256059
0.000267358
0.000444641
0.00048396
0.000351546
0.000866088
0.000875917
0.00186581
0.00196664
0.00142723
0.00203714
0.00216715
0.00242185
0.00206394
0.000735878
0.000550904
0.000464591
0.000449874
0.000599959
0.000629253
0.000573391
0.00058277
0.000681439
0.000610809
0.000581027
0.000427074
0.000440611
0.000237705
0.000114929
8.77517e-05
0.00010133
6.99195e-05
1.96768e-05
2.0724e-05
1.14009e-05
1.27756e-05
1.59093e-05
1.37104e-05
4.03743e-06
1.35581e-05
2.0214e-05
3.81142e-05
0.000159574
4.86141e-05
0.000103016
0.000142145
0.000235503
0.000289076
0.00039498
0.000543815
0.000716502
0.000546701
0.000637883
0.000623771
0.00095285
0.00103798
0.00131956
0.00107524
0.0016416
0.00100645
0.00140091
0.00209321
0.00259398
0.00152522
0.00185512
0.00206431
0.00235942
0.00249716
0.00256379
0.00201974
0.00216583
0.00216119
0.00224865
0.00175126
0.00190589
0.00337819
0.00321704
0.00326865
0.00317781
0.00400873
0.00318603
0.00337909
0.00449853
0.00384834
0.00569237
0.00500241
0.00605304
0.00428828
0.00644244
0.0057936
0.00657292
0.00674084
0.0052055
0.00720537
0.00573895
0.00806505
0.00687927
0.0105345
0.00624922
0.00921217
0.0092256
0.00833723
0.00999102
0.0122472
0.0157807
0.0150791
0.0150498
0.0121623
0.0120574
0.00935053
0.00752788
0.00970958
0.0163503
0.0168094
0.0139828
0.00740227
0.0135335
0.008566
0.0166996
0.0163883
0.00723201
0.00146525
0.00146886
0.00145231
0.00136858
0.00136051
0.00141772
0.00138775
0.00138307
0.00143733
0.00204639
0.00134043
0.00189829
0.0018781
0.00199727
0.00193012
0.00124111
0.00172749
0.00126002
0.0017275
0.0012389
0.00122999
0.00125361
0.0012416
0.00130106
0.00179055
0.00119752
0.00155894
0.00154923
0.00118874
0.00152478
0.00122765
0.00122091
0.00133667
0.00151814
0.00133575
0.00133617
0.00142767
0.0013892
0.00143525
0.00141466
0.00141966
0.00161228
0.00157542
0.00135193
0.00133955
0.00135268
0.00135859
0.0013235
0.00132186
0.00124956
0.00125299
0.00124946
0.0012308
0.00122176
0.00124182
0.00117651
0.00115383
0.00116883
0.00121171
0.00122582
0.00116752
0.00103031
0.000173791
0.000131281
0.000424916
0.00028022
0.000626783
0.000623494
0.000390055
7.14104e-05
6.88977e-05
7.75954e-05
6.72909e-05
6.87995e-05
7.22041e-05
6.98427e-05
0.000196069
0.000302371
0.000594762
0.00059093
0.000691565
0.000877278
0.000794026
0.000894804
0.000993295
0.00186108
0.00229455
0.00219464
0.00212482
0.00242228
0.00288374
0.00278097
0.00291965
0.00415847
0.00424193
0.00312003
0.00313057
0.00359584
0.00341103
0.00356953
0.00326575
0.00376924
0.0033864
0.00329176
0.00367876
0.00591892
0.00610078
0.00476866
0.00558871
0.00557453
0.00533431
0.00538297
0.00513346
0.00496229
0.00545885
0.00534197
0.00849356
0.00792217
0.00734048
0.00357685
0.00336459
0.00323999
0.00443714
0.00411955
0.00309358
0.00340077
0.00315386
0.00310214
0.00335465
0.00308819
0.003032
0.00415081
0.00375109
0.003641
0.00314189
0.0031005
0.00483182
0.00445404
0.00158537
0.00146578
0.00128485
0.00165907
0.0017703
0.00141108
0.00141005
0.00130972
0.00121748
0.00112839
0.00318708
0.00283411
0.00257696
0.00205752
0.00206067
0.00195299
0.00156182
0.00134871
0.00133737
0.00106382
0.00100466
0.00125349
0.000998882
0.000800114
0.000660415
0.000671494
0.000157169
0.000116258
0.000127203
0.000211992
0.0001558
0.000220269
4.91552e-05
3.49871e-05
3.8767e-05
2.99418e-05
2.98785e-05
3.72602e-05
3.13703e-05
0.000103779
0.000119512
3.34293e-05
4.57415e-05
3.41548e-05
4.20827e-05
0.00037256
0.000322228
0.00076294
0.000849305
0.000616815
0.000773861
0.000648939
2.29347e-05
2.23301e-05
2.36994e-05
2.41636e-05
2.41043e-05
2.41284e-05
2.51004e-05
2.28379e-05
2.42081e-05
1.01353e-05
1.01078e-05
9.48462e-06
9.07552e-06
9.22553e-06
1.454e-05
1.41482e-05
9.90451e-05
0.00012283
0.000165947
0.000178119
0.000881202
0.000773022
0.0013869
0.0012747
0.00108534
0.00102249
0.00157615
0.00140724
0.000381426
0.000344677
0.000227454
0.000209118
0.000205492
0.000192549
0.000188037
0.000103569
0.000104101
8.92205e-05
7.65586e-05
7.34563e-05
7.68873e-05
7.43034e-05
7.78504e-05
8.00322e-05
7.70102e-05
0.000127001
0.000121373
9.54311e-05
9.26457e-05
4.00091e-05
4.42251e-05
4.34927e-05
0.000110669
0.000104722
9.70665e-05
9.18576e-05
4.44801e-05
5.00868e-05
3.05858e-05
3.52577e-05
3.57898e-05
2.58369e-05
2.89288e-05
4.38662e-05
5.1254e-05
0.000105631
0.000105358
0.0001533
0.000155035
0.000156991
2.30612e-05
2.58218e-05
2.53542e-05
3.04284e-05
3.94131e-05
3.59163e-05
2.80868e-05
3.35561e-05
2.93584e-05
2.93316e-05
2.74355e-05
3.14791e-05
3.65801e-05
3.53574e-05
3.52638e-05
4.25498e-05
4.81753e-05
3.81915e-05
4.10437e-05
7.47184e-05
7.94603e-05
7.30107e-05
5.94097e-05
6.06317e-05
8.04119e-05
8.00229e-05
4.31699e-05
4.54442e-05
5.16304e-05
5.24502e-05
5.23942e-05
5.38582e-05
5.24223e-05
7.17315e-05
7.03417e-05
6.75585e-05
6.8862e-05
6.59316e-05
6.16456e-05
5.29148e-05
5.69277e-05
5.73985e-05
5.60069e-05
6.02216e-05
6.08315e-05
7.5629e-05
8.94694e-05
7.74129e-05
9.36199e-05
7.92484e-05
9.4566e-05
9.4093e-05
0.00010687
0.000131132
0.000149316
0.000186926
0.000163297
0.000211291
0.000207186
0.000262042
0.000292897
0.00031915
0.000400219
0.000396639
0.000289407
0.0003696
0.000373757
0.000474058
0.000504112
0.000638299
0.000636867
0.000576287
0.000546711
0.00113234
0.000284348
0.00100376
0.000751323
0.000567882
0.000515793
0.000656509
0.000492935
0.000442468
0.000266898
0.000188401
0.000167909
0.000164946
0.000107406
0.000103401
8.53722e-05
5.52727e-05
5.49236e-05
5.20427e-05
3.6132e-05
2.65869e-05
2.66492e-05
2.83333e-05
2.81481e-05
2.80198e-05
2.83807e-05
3.39347e-05
3.02459e-05
3.35868e-05
3.29268e-05
3.39763e-05
4.23685e-05
3.90033e-05
3.48795e-05
6.04832e-05
7.20401e-05
8.79004e-05
7.48148e-05
4.42783e-05
5.40599e-05
5.03238e-05
5.98662e-05
7.32782e-05
6.16665e-05
6.34095e-05
7.03283e-05
8.0984e-05
8.50975e-05
5.54712e-05
6.56919e-05
6.04292e-05
5.01679e-05
5.0334e-05
4.37603e-05
0.0300042
0.0275165
0.0251792
0.0231941
0.0213215
0.0190105
0.0171768
0.0148785
0.0128914
0.0107338
0.00886749
0.00702743
0.00322892
0.00266848
0.00245161
0.00156256
0.00155921
0.000917632
0.000819408
0.000514767
0.000480768
0.000467548
0.000518221
0.000427324
0.000433205
0.00048537
0.000638681
4.09161e-05
0.000992866
0.000948964
0.000774311
0.00126794
0.00254732
0.0032008
0.0030641
0.00209646
0.00346301
0.00373001
0.00332888
0.00385863
0.0036461
0.00330116
0.00291313
0.00286991
0.00257284
0.00242142
0.00209021
0.00198962
0.00193415
0.00166865
0.0017151
0.00136226
0.00126436
0.00101229
0.000868525
0.000865617
0.000837543
0.000479027
0.000603657
0.000487438
0.000447607
0.000325604
0.000316391
0.000285543
0.000166337
0.000245479
0.000236009
0.000242574
0.000211847
0.000212352
0.000151556
0.000177207
0.000135876
0.000144368
0.000181753
0.000268789
0.000272937
0.000285516
0.000376351
0.000344296
0.00648273
0.00559149
0.00515018
0.00468828
0.00431148
0.00411447
0.00365677
0.00347367
0.00327401
0.00289519
0.00273035
0.00282956
0.00275216
0.00235975
0.00230311
0.00247933
0.00249028
0.00202347
0.00206454
0.0019507
0.00201481
0.00188832
0.00180324
0.00178241
0.00179053
0.00175833
0.00196362
0.00189413
0.00195325
0.00182654
0.0017744
0.00187914
0.00175713
0.00171551
0.00179311
0.00185721
0.00181675
0.00193489
0.00190227
0.00186513
0.00199765
0.00200412
0.00196921
0.00211691
0.0020868
0.00217925
0.00226264
0.00225955
0.00222592
0.00235054
0.00249642
0.00264123
0.00278395
0.00268484
0.00264534
0.00266326
0.00260567
0.00261913
0.00264476
0.00259997
0.00264086
0.00261643
0.00262763
0.00262801
0.00265655
0.0026278
0.00265905
0.00258429
0.00268132
0.00271055
0.0028488
0.00295059
0.00266619
0.00266194
0.00282038
0.00285498
0.00234927
0.0016842
0.000619844
0.00159396
0.00105733
0.000312562
0.000334753
0.000424637
0.000645862
0.00150538
0.00225757
0.00149374
0.00189874
0.00235423
0.00325415
0.00313135
0.00294925
0.00396057
0.00466821
0.00600027
0.00407809
0.00376634
0.00510957
0.00393445
0.00519875
0.00582399
0.00600879
0.00574171
0.00630929
0.00746457
0.00690486
0.00633425
0.00581151
0.00617637
0.00552645
0.00509431
0.00509817
0.00549436
0.00426409
0.00448247
0.00395464
0.00335162
0.00357497
0.00413395
0.00282037
0.00415655
0.0035851
0.00301615
0.00350817
0.00489104
0.00432368
0.00390666
0.00281282
0.00326069
0.00366341
0.00360469
0.00246747
0.00230491
0.00308869
0.00469459
0.00504286
0.0093732
0.00882963
0.00910258
0.00259153
0.00252188
0.00283258
0.00162588
0.00824177
0.00688987
0.0113451
0.00957202
0.0021636
0.000295092
0.000502564
0.000383176
0.00107135
0.00106764
0.000967174
0.00122182
0.00124114
0.000860934
0.000874328
0.000191478
0.000130402
9.62775e-05
0.000519451
0.000411263
0.000573756
0.000461283
0.000427062
0.000354307
0.000213771
0.000180717
0.000163932
0.000138118
9.65966e-05
0.000126471
0.000144158
0.000165559
0.00015366
0.000232129
0.000241076
0.000101851
0.000107681
0.000148172
0.000161965
0.00010952
0.000117227
0.000115453
0.000129732
0.000141097
0.000138313
0.000213253
0.000219305
0.00020371
0.000211551
0.000147991
0.000158471
0.000197397
0.000201454
0.000150574
0.000135545
0.000118074
0.00012007
0.000127911
0.000106472
0.000130711
0.000111848
0.000144686
0.000119773
0.00011299
0.000101702
9.55922e-05
7.86737e-05
8.68798e-05
8.82772e-05
8.48058e-05
8.41372e-05
7.92973e-05
8.06225e-05
7.97318e-05
7.9481e-05
8.05766e-05
8.80246e-05
8.71537e-05
8.54536e-05
7.22996e-05
7.37651e-05
7.528e-05
7.70903e-05
9.2286e-05
8.38641e-05
0.00012343
0.000180726
0.000187768
0.00016025
0.00017464
0.000411893
0.000419462
0.00022167
0.0003684
0.000283642
0.000450364
0.000228903
0.000296713
0.000277788
0.000290834
0.000305078
0.000392102
0.000379666
0.00050123
0.000465153
0.000404887
0.000625129
0.00062038
0.000804029
0.000722161
0.000544289
0.000657621
0.00057935
0.000549507
0.00113674
0.0010072
0.00056827
0.000756724
0.000646857
0.000914836
0.00108985
0.000899324
0.00110389
0.0011013
0.00141421
0.00119259
0.00113153
0.00134276
0.00112906
0.000942715
0.00189843
0.00155044
0.000897155
0.0019014
0.00152004
0.000693396
0.000945659
0.000810272
0.0328919
0.0226906
0.014998
0.009063
0.00462473
0.00219685
0.00108328
0.000483666
0.000266656
0.000183471
0.000138684
0.000137685
0.000140022
0.000171931
0.000157154
0.000145175
0.000146141
0.000145765
0.000144434
0.000143961
0.000140607
0.000154978
0.000152492
0.000163658
0.000159576
0.000159277
0.000298633
0.000249706
0.000275616
0.000205703
0.000175939
0.000169274
0.00015661
0.000157473
0.000153943
0.000151019
0.000152353
0.000154361
0.00016957
0.000166472
0.000167884
0.000167672
0.000170012
0.000161452
0.00016261
0.000162945
0.0137226
0.0127109
0.0112913
0.00976705
0.00925848
0.00812915
0.0071783
0.00668136
0.00592331
0.00546872
0.00488519
0.00463534
0.00404252
0.00351091
0.00290733
0.00256592
0.0021025
0.00184671
0.00168473
0.00129526
0.00115129
0.00106309
0.000710734
0.000638958
0.00065508
0.000440012
0.000456598
0.000420105
0.000413463
0.000517484
0.000568564
0.000509356
0.000959884
0.000913609
0.00147647
0.00160689
0.000768887
0.00086791
0.000273361
0.000288944
0.000311963
0.000452435
0.000427897
0.000488838
0.000564923
0.00059478
0.000627108
0.00055753
0.000595227
0.000619662
0.000431387
0.000473834
0.000423984
0.000339722
0.00020013
0.000128506
0.000119591
7.77072e-05
4.72409e-05
2.74007e-05
1.92851e-05
2.38848e-05
4.66727e-05
2.08012e-05
1.75042e-06
2.32419e-05
2.16388e-05
3.58516e-05
0.000119385
0.00012588
0.000130342
0.000138543
0.00022591
0.000269509
0.000263212
0.000308105
0.000252295
0.000496218
0.000685017
0.000455693
0.000339922
0.000468093
0.000613749
0.00059607
0.000633827
0.000906948
0.000633672
0.00101383
0.000941968
0.00104281
0.0011589
0.00142285
0.00184393
0.00188504
0.00239747
0.00257357
0.00223735
0.0033007
0.00267647
0.00310768
0.00361082
0.00405735
0.00362667
0.00373689
0.00320613
0.00419012
0.00357307
0.00505436
0.00395928
0.00584635
0.00425406
0.00562658
0.00361514
0.00459424
0.00457702
0.00461657
0.00425287
0.00342056
0.00404798
0.00421079
0.00336305
0.00346109
0.00275727
0.00370395
0.00293234
0.00365669
0.00286724
0.0030896
0.00437308
0.00382184
0.0045927
0.00389551
0.00466077
0.00365081
0.00389171
0.0055088
0.00439623
0.00455485
0.00620451
0.00512303
0.00507044
0.00462735
0.00581484
0.00403565
0.00386059
0.00353945
0.00342836
0.00318189
0.00327831
0.00302779
0.00293994
0.00266157
0.00260873
0.00279074
0.00263748
0.00261574
0.00250182
0.00239139
0.00237202
0.00221422
0.00225701
0.00224814
0.00217409
0.00215885
0.00215328
0.00212196
0.00202797
0.00197749
0.0019726
0.00197745
0.00195142
0.0020009
0.00195002
0.00194417
0.00199114
0.00193962
0.00193062
0.00177393
0.00176489
0.00178116
0.00196412
0.0019131
0.00190326
0.00183899
0.00181771
0.00174791
0.00177441
0.00178864
0.001802
0.00168999
0.001663
0.00166416
0.00176432
0.00177922
0.00178481
0.00184134
0.00183193
0.00172503
0.00171713
0.00171064
0.00169156
0.00167898
0.00165872
0.000712298
0.000518051
0.000816652
0.00065797
0.000457966
0.000316895
0.00041334
0.000318484
0.000258126
0.000535722
0.000604868
0.000238133
0.000235079
0.000290531
0.000359856
0.000353094
0.000629456
0.000587319
0.000981195
0.00127509
0.001393
0.00113262
0.0020331
0.00224477
0.00185277
0.00203069
0.00202806
0.00253214
0.00242229
0.00322002
0.00301546
0.00329797
0.00298781
0.00282517
0.00298536
0.00453347
0.00447307
0.00397498
0.0042616
0.0044387
0.00407396
0.00375031
0.00367817
0.0037723
0.00341221
0.00320159
0.00376501
0.00331634
0.00262815
0.00180492
0.00415892
0.00237529
0.00220818
0.00268296
0.00233751
0.00235311
0.00120557
0.00107352
0.000948175
0.00149254
0.00130961
0.0012728
0.00155461
0.00107992
0.000964493
0.000903303
0.000413217
0.000520495
0.000607607
0.000668745
0.00101495
0.000849287
0.000416429
0.000512663
0.000148647
0.000158293
0.0001808
6.71603e-05
0.000408199
0.0034187
0.00327234
0.000636996
0.00128702
0.000921555
0.000756401
0.000468774
0.000188514
0.000144297
9.72971e-05
0.000332721
0.000195578
9.90999e-05
0.000123253
9.26471e-05
9.43838e-05
8.9191e-05
9.73853e-05
0.000104297
0.000199753
0.000254359
9.72553e-05
0.00327274
0.00260495
6.70948e-06
6.71643e-06
6.737e-06
6.68634e-06
6.66384e-06
6.66472e-06
6.6717e-06
6.67783e-06
7.50063e-06
7.21304e-06
7.86658e-06
7.80427e-06
8.02089e-06
0.000773493
0.000809175
0.00217209
0.00206376
0.00182842
0.000163292
0.000138825
0.000496478
0.000350843
0.000311153
0.00011306
9.68112e-05
9.52793e-05
9.86582e-05
4.80127e-05
5.15324e-05
0.000220671
0.000224265
0.000206195
0.000161988
0.000168941
0.000144528
0.000145126
0.00014942
0.000129762
0.000196036
0.000200597
0.000299928
0.000290131
0.000340272
0.000322745
0.000238482
0.000224479
0.000424787
0.000312947
0.000291421
0.000294615
0.000277659
0.000244214
0.000181894
0.000228508
0.000212242
0.000188061
0.000173383
0.000160972
0.000246222
0.00022387
0.000197465
0.000115588
0.00186534
0.00147087
0.0014024
0.00110779
0.000803658
0.000606266
0.000447789
0.000395482
0.000329417
0.000236485
0.000266188
0.000185409
0.000168767
0.000148211
0.000102967
9.03841e-05
6.35541e-05
6.77829e-05
4.43409e-05
4.00751e-05
5.39355e-05
3.53809e-05
3.60697e-05
1.74472e-05
2.13511e-05
2.09414e-05
2.0401e-05
2.66252e-05
2.39968e-05
1.85375e-05
1.80231e-05
1.82857e-05
2.09605e-05
9.11743e-05
0.000104788
8.69596e-05
5.4872e-05
4.17894e-05
5.30167e-05
4.67048e-05
4.02345e-05
2.80508e-05
0.00506168
0.00340809
0.00263605
0.0019908
0.00162684
0.00100351
0.000726596
0.000305587
0.000203593
0.000214722
0.000337481
0.000236148
0.000514505
0.000356245
0.000287978
3.99167e-05
2.73228e-05
2.66579e-05
0.000165083
0.000201748
0.000134353
2.76411e-05
2.06635e-05
2.04703e-05
2.82201e-05
9.01155e-05
9.66777e-05
0.000117268
0.000124152
0.000157889
0.000155792
3.02934e-05
2.27757e-05
2.3152e-05
1.97549e-05
1.99716e-05
2.07811e-05
3.24263e-05
2.3416e-05
2.4198e-05
2.04553e-05
2.04518e-05
2.2838e-05
2.21055e-05
3.04263e-05
0.000310555
0.000254569
2.73724e-05
2.38661e-05
0.0010477
0.000757687
0.00167091
0.00184941
0.00148664
0.00103607
0.000655496
0.00042535
0.000322423
0.000319231
0.000208012
0.000104309
6.65329e-05
6.09977e-05
5.33279e-05
3.95307e-05
5.21671e-05
4.10764e-05
2.75146e-05
2.77012e-05
2.76072e-05
2.80988e-05
2.89596e-05
3.13482e-05
2.96197e-05
3.06136e-05
3.17554e-05
3.40014e-05
3.25403e-05
3.31713e-05
4.28253e-05
3.87964e-05
3.34994e-05
3.46065e-05
3.74884e-05
3.78932e-05
3.81135e-05
3.65859e-05
3.84299e-05
3.88483e-05
4.44983e-05
3.85507e-05
0.000667002
0.000535948
0.00092838
0.00282952
0.00180866
0.00151347
0.001344
0.000743942
0.000563405
0.000402004
0.000410282
0.000402635
0.000526719
0.000213765
0.000256
0.000230321
0.00024188
0.0014691
0.00136865
0.00131814
0.00172079
0.00228935
0.00283804
0.00268032
0.00234672
0.00259976
0.00245354
0.00201668
0.00244801
0.00220526
0.00197418
0.00186813
0.00175712
0.00151211
0.0015733
0.00123792
0.00100109
0.000838924
0.000810201
0.000589474
0.000734294
0.000442606
0.000418968
0.000321629
0.00025132
0.00015833
0.000211018
0.000183842
9.65907e-05
4.44177e-05
2.03213e-05
3.51252e-05
7.60443e-05
6.86358e-05
7.28827e-05
0.000137868
9.70743e-05
0.000107455
0.000166143
0.000322841
0.000246341
0.000354336
0.000314745
0.000493242
0.000591455
0.000622686
0.00283965
0.00260469
0.00269391
0.0021829
0.00209844
0.00194729
0.00191824
0.00193812
0.00179457
0.00178485
0.00193661
0.00189959
0.00164397
0.00166607
0.00160323
0.00153075
0.00157583
0.00151416
0.00163959
0.0016842
0.00164305
0.0017357
0.00151547
0.00147635
0.00157021
0.00170297
0.0018362
0.00172515
0.00179063
0.00188835
0.00185276
0.0021587
0.00228834
0.0020904
0.00206054
0.00220166
0.00217057
0.00223102
0.00217267
0.00222748
0.00236208
0.00232896
0.00242901
0.00243617
0.00250823
0.00240275
0.00237441
0.00241151
0.00251856
0.00267007
0.00262605
0.00261225
0.00248218
0.00246564
0.00244133
0.00254382
0.00251098
0.00245643
0.00242056
0.00239868
0.002289
0.00229117
0.0022662
0.0023509
0.00229947
0.0023073
0.0022478
0.00222347
0.0022467
0.00225978
0.00223392
0.00226879
0.00222563
0.00225612
0.00231434
0.0023477
0.00225891
0.00229021
0.00233073
0.00242639
0.00233938
0.0024113
0.00235672
0.00150775
0.00178508
0.000921287
0.00136493
0.000783624
0.000372892
0.000330662
0.000621306
0.000256954
0.000826858
0.00057356
0.000779777
0.00174849
0.00165484
0.00215042
0.00124981
0.0011858
0.0018538
0.00353715
0.00329978
0.00407854
0.00295221
0.00507867
0.00497729
0.00457587
0.00553511
0.0049495
0.0060765
0.00522223
0.00454543
0.00458059
0.00429539
0.00470425
0.00514163
0.00423165
0.00427055
0.00320344
0.00263521
0.0023621
0.002751
0.00296458
0.00255077
0.002069
0.00174846
0.00190352
0.00178399
0.00184672
0.00337154
0.00278189
0.00136765
0.00137609
0.00142299
0.00137991
0.00120482
0.00137542
0.00256679
0.00223829
0.00228391
0.002547
0.00239576
0.00179687
0.00179903
0.00250524
0.00227715
0.0015589
0.00544552
0.00500144
0.00593689
0.0100905
0.0110836
0.00398571
0.0039226
0.00515824
0.00482771
0.00116426
0.000346016
0.000358426
0.0153028
0.0277573
0.00294286
4.19659e-05
0.00015716
0.000178096
0.000160773
0.0013152
1.68764e-05
9.6499e-05
9.1084e-05
0.000490009
0.0005239
1.83318e-05
1.6233e-05
1.60847e-05
0.000457171
0.000326588
0.000302892
0.0014475
0.00117864
0.00105417
0.00151091
0.00131134
0.00120465
0.00147897
0.00129027
0.0012126
0.000859823
0.00072504
0.000537071
0.000472385
0.000336734
0.000316194
0.000234978
0.000221889
0.00011182
0.000101621
0.000101675
0.00011495
0.000108228
0.00010893
9.58412e-05
9.6628e-05
9.64885e-05
0.000103478
0.000114272
0.000114678
0.000148607
0.000162126
0.000115076
0.000109403
0.000156277
0.000137567
0.000230006
0.000222215
0.000193821
0.000143625
0.000123996
0.000111342
0.000116403
0.00010123
9.70179e-05
7.19944e-05
6.95071e-05
6.96227e-05
7.20701e-05
7.25845e-05
7.08259e-05
8.39342e-05
9.30785e-05
7.01118e-05
7.15579e-05
8.13133e-05
6.57445e-05
6.40504e-05
6.58931e-05
6.80674e-05
6.90479e-05
7.06296e-05
7.07486e-05
6.44609e-05
7.13403e-05
7.04747e-05
7.17201e-05
7.85338e-05
5.97179e-05
5.82231e-05
5.83995e-05
6.02529e-05
7.41906e-05
8.69763e-05
8.58629e-05
6.65841e-05
7.37937e-05
7.42333e-05
6.18669e-05
5.84401e-05
5.85162e-05
7.6227e-05
6.95093e-05
6.18265e-05
6.29599e-05
6.27953e-05
6.8465e-05
6.99152e-05
6.40852e-05
7.31738e-05
7.00926e-05
7.12978e-05
6.97911e-05
7.71902e-05
8.59379e-05
8.96265e-05
0.000100228
0.000152882
0.00017179
0.000158236
0.000104006
0.000112265
0.000121833
0.000103367
0.000114581
9.65679e-05
0.000108541
0.000104392
0.00010098
0.000110403
0.000106297
0.000115702
0.000108638
0.000119812
9.98938e-05
0.000110682
0.000105827
0.000118812
0.000127087
9.74378e-05
0.000106217
0.00010218
0.000116743
0.000126036
0.000137181
0.000141962
0.000122754
0.000132273
0.000127055
0.000167672
0.00016912
0.000130872
0.000132314
0.000118445
0.000124843
0.000119728
0.000108015
0.000111898
0.000116121
0.000124359
0.000127731
0.000110695
0.000114768
0.000111899
0.000118484
0.000120335
0.000121864
0.000119614
0.000121118
0.000116848
0.000120247
0.000123389
0.000131117
0.000125219
0.000124867
0.000125134
0.000128148
0.000123419
0.000128855
0.000103936
0.000117868
0.0168223
0.0147573
0.0141931
0.0117169
0.0112032
0.0128404
0.0107837
0.00932051
0.000240907
0.000488425
0.000440546
0.000696895
0.000582782
0.000512377
0.000708888
0.000620298
0.000604204
0.000696977
0.000576872
0.000559973
0.000458554
0.000446835
0.000387126
0.000412132
0.000330137
0.000325767
0.000275831
0.000312143
0.000325405
0.000305274
0.000554618
0.000576043
0.00110923
0.000913637
0.00117831
0.0016821
0.00201354
0.00216491
0.00267928
0.00183553
0.00223359
0.000646047
0.000683069
0.000891266
0.000383898
0.000441573
0.000398085
0.000555432
0.000639245
0.000543007
0.000371092
0.000334604
0.000415404
0.000326796
0.000284923
0.000216271
0.000210032
0.00022268
0.000168098
7.87581e-05
8.30214e-05
5.98559e-05
4.01027e-05
2.91018e-05
4.5058e-05
1.53865e-05
6.34947e-05
1.75401e-05
4.44359e-05
6.67254e-05
0.000161834
0.00012474
0.000194048
0.000175491
0.000240081
0.000491304
0.000361125
0.000415831
0.000489318
0.000424574
0.00071688
0.000658689
0.000651503
0.000997135
0.00137015
0.00124035
0.00144442
0.00172621
0.00191037
0.00131913
0.00172244
0.00175912
0.00273767
0.00214573
0.00340607
0.00219316
0.00264341
0.00300425
0.00331161
0.00263944
0.00278085
0.00386027
0.00337912
0.00326025
0.00287647
0.00433162
0.00386959
0.00394699
0.00582612
0.0046453
0.00499521
0.00524491
0.00467986
0.00585207
0.00503313
0.00761682
0.00788819
0.0057404
0.0074146
0.00652752
0.00853621
0.00644494
0.010198
0.00723798
0.0105503
0.0102485
0.00789109
0.00689031
0.00890587
0.00720677
0.00832229
0.00687233
0.0114035
0.00908568
0.00882482
0.00917258
0.00731758
0.0073087
0.0119332
0.00942876
0.00950211
0.00608483
0.0108501
0.0108019
0.0085605
0.00818867
0.00990329
0.00792919
0.00542442
0.0119409
0.00942984
0.0095024
0.00751212
0.00224783
0.00215945
0.00168999
0.00259276
0.00672979
0.0016424
0.00179299
0.00176652
0.00178333
0.00175409
0.0014972
0.00149008
0.00153444
0.00149807
0.00148983
0.00144944
0.00209483
0.00226361
0.00216036
0.00144179
0.0014283
0.00134162
0.00177936
0.00194329
0.00186129
0.00186109
0.00163956
0.00171239
0.00170213
0.00171297
0.00165402
0.00163697
0.0015126
0.00147159
0.00147589
0.00162763
0.001598
0.00147685
0.00149058
0.00170855
0.00168838
0.00143329
0.00143009
0.00146387
0.00148587
0.00144071
0.00141548
0.00137718
0.00139532
0.00142569
0.00138534
0.00115935
0.00134304
0.00131122
0.001263
0.000870367
0.00084924
0.000716499
0.000888461
0.000889208
0.000515317
0.000286436
0.000288805
0.000198607
9.43361e-05
6.19004e-05
0.000158728
0.000156528
8.77043e-05
6.32819e-05
6.8805e-05
6.79371e-05
0.000483546
0.00058666
0.000603425
0.000574454
0.000573211
0.000210897
0.000371175
0.000711753
0.000660642
0.0014617
0.00174094
0.00180472
0.00195992
0.00316909
0.00310182
0.00329682
0.00474443
0.00511375
0.0030829
0.00317966
0.00304005
0.00291011
0.00327367
0.00511136
0.00473354
0.00511023
0.00712965
0.00740937
0.0076177
0.00729123
0.00737026
0.00727132
0.00664594
0.00657715
0.00781032
0.00773718
0.0063834
0.00590112
0.00516975
0.00484349
0.00486052
0.00628203
0.00358602
0.00675049
0.00677304
0.00665079
0.00625315
0.00509753
0.00528125
0.00443939
0.00419315
0.00262348
0.00241237
0.00582913
0.00525058
0.00487822
0.00427235
0.00416401
0.00356413
0.00317586
0.00299336
0.00155557
0.00136744
0.00129725
0.00180321
0.00165486
0.00160036
0.00132796
0.00134031
0.001033
0.000858802
0.000793967
0.000477003
0.000365755
0.000673385
0.000534401
0.000579812
0.000193133
0.000145387
0.000211138
0.000167053
2.73655e-05
2.48751e-05
7.56089e-05
0.000114434
9.02374e-05
2.7965e-05
3.7534e-05
0.000207997
0.000198161
0.000307445
0.000413196
0.000301602
0.000153871
0.000236399
0.000177438
9.05765e-05
8.23368e-05
0.000127909
0.000206278
0.00269018
0.00276679
0.00308285
2.41175e-05
2.39501e-05
2.54447e-05
2.54353e-05
2.62194e-05
2.83874e-05
2.8376e-05
2.85204e-05
2.6317e-05
2.66828e-05
1.10121e-05
1.10238e-05
2.29708e-05
1.02648e-05
1.03767e-05
1.03018e-05
