0.0058881
0.00528456
0.00450775
0.00386125
0.00324098
0.00269635
0.00227536
0.00195109
0.000144319
0.000231268
0.000336341
0.000240863
0.000348169
0.000298307
0.000264618
0.000233789
0.000173569
0.000111048
6.10995e-05
2.58091e-05
1.52543e-06
5.11437e-05
0.000153558
0.000329423
0.000512693
0.00054216
0.000893297
0.00117567
0.00128854
0.00111901
0.000946765
0.000596329
0.000529979
0.000221107
0.000159649
9.30384e-05
3.37777e-05
4.68135e-05
1.86799e-05
1.33685e-05
4.73609e-07
2.29111e-07
3.97056e-06
1.46939e-06
1.3764e-07
3.28809e-09
1.36001e-06
3.44259e-06
3.36771e-06
4.16756e-07
1.84293e-06
1.08562e-06
4.64761e-06
3.31674e-07
1.94221e-06
6.14195e-06
6.94693e-06
3.55572e-05
2.57045e-05
3.39457e-05
8.05493e-05
4.63698e-05
3.51042e-05
0.000146559
0.00025845
3.17689e-05
0.000150376
0.000319056
0.000129219
0.000235013
0.000331935
0.000818397
0.000501833
0.000745037
0.000927125
0.000867316
0.000860603
0.000586508
0.000466795
0.0012283
0.00141189
0.00057084
0.00049296
0.000790908
0.000740901
0.000673752
0.000667909
0.000634892
0.000574547
0.00072236
0.000615021
0.000592127
0.000547292
0.000539171
0.000555664
0.000431797
0.000576344
0.000523152
0.00049203
0.000425609
0.000462135
0.000379541
0.000382139
0.000451855
0.000381088
0.000286214
0.00028977
0.000249844
0.000258674
0.000264133
0.000204164
0.000247168
0.000190542
0.000163766
0.00012634
0.000127758
0.000103758
8.79882e-05
5.54819e-05
5.90206e-05
4.79067e-05
1.87751e-05
3.0153e-05
1.41174e-05
1.51892e-05
5.70415e-06
2.41367e-06
2.28745e-06
2.17378e-08
2.60387e-08
9.87456e-07
1.64747e-06
4.09547e-06
6.2929e-06
4.78005e-06
8.32443e-06
5.08587e-06
3.0177e-06
2.44193e-06
5.57135e-06
4.49435e-06
4.67601e-06
4.63848e-06
3.64325e-06
2.17695e-06
6.94196e-06
3.68523e-06
4.50977e-06
8.14734e-06
9.58352e-06
5.32282e-06
6.60019e-06
8.36911e-06
6.98283e-06
1.13937e-05
1.1699e-05
4.0822e-06
1.56526e-05
7.36258e-06
3.13062e-08
1.34318e-05
0.000141411
0.000146663
0.000158829
0.000164762
0.000282193
1.23762e-06
0.000185224
0.00106624
0.00223358
0.000131196
0.00157133
1.56236e-05
0.000312284
0.000313132
8.66255e-05
6.95685e-05
0.000212589
0.00017754
7.61285e-05
9.97743e-07
4.31194e-05
0.000115292
0.000440362
0.000836843
0.00106666
0.00161738
0.00213244
0.00254596
0.00262203
0.00231638
0.00222095
0.00193811
0.00208503
0.00164135
0.00108606
0.000734616
0.000520653
0.000588132
0.000792278
0.000996911
0.000336536
1.27073e-05
8.97441e-06
2.43655e-06
5.1503e-06
1.73353e-05
1.917e-05
2.10503e-05
5.51652e-05
3.9796e-06
9.41866e-06
1.1571e-05
4.61231e-06
4.12478e-07
7.98956e-07
3.16744e-10
9.01635e-06
1.93699e-06
3.01885e-05
4.11663e-05
4.88794e-06
5.41248e-07
1.83991e-05
1.80373e-06
2.14774e-06
0.00033909
0.000548306
0.00720121
0.00484186
0.00328696
0.00243293
0.00161075
0.00106029
0.000623411
0.000429781
0.000234921
0.000205825
8.43726e-05
0.00377212
0.00383305
0.00379654
0.0034565
0.00304869
0.00308865
0.00268497
0.00242121
0.00206863
0.00155284
0.00109141
0.000544557
0.000129768
5.78761e-07
0.000104957
0.000769917
0.00142108
0.00112872
0.000868267
0.00067451
0.000513351
0.000497556
0.000384236
0.000261085
0.000209728
0.000141091
6.50428e-05
4.57885e-05
2.80122e-05
2.73454e-06
2.76145e-06
8.45746e-06
8.73218e-05
5.48677e-05
5.52326e-05
4.91421e-05
6.19836e-05
0.000134541
0.000163286
0.00010189
0.000117029
8.88864e-05
8.0157e-05
0.000119677
1.4692e-05
0.000103642
6.69179e-05
0.000145771
0.000168857
0.00011799
0.000137262
0.000131909
0.000167972
0.000234726
0.000217207
0.000271551
0.000244791
0.000421871
0.000347656
0.000543089
0.000560917
0.000469405
0.00114066
0.00133583
0.000729107
0.000775306
0.00051805
0.000177485
0.000162993
0.000356502
0.000285325
0.000373315
0.000369921
0.000469684
0.000213163
0.000207235
0.000519657
0.000115991
0.00020071
0.000325137
0.000308207
0.000303215
0.000243667
0.000204904
9.36684e-05
0.000143942
0.000104808
0.000125982
0.000122805
9.07951e-05
8.70685e-05
0.000115606
9.25844e-05
6.85038e-05
5.552e-05
4.89579e-05
5.61606e-05
5.50067e-05
4.84901e-05
4.74912e-05
3.55487e-05
2.73381e-05
2.36655e-05
2.14288e-05
1.88362e-05
1.82017e-05
8.0388e-06
7.17519e-06
6.41333e-06
2.51495e-06
3.27919e-09
1.55239e-07
5.31184e-07
2.296e-08
4.45284e-07
2.95738e-06
2.59585e-06
1.05022e-06
1.02074e-05
5.68962e-06
1.45498e-05
2.36579e-05
7.88363e-06
4.74334e-09
5.49086e-07
1.24097e-07
2.33702e-09
2.42584e-10
1.35065e-06
3.11446e-08
6.82453e-08
1.2132e-07
1.93769e-08
4.65721e-07
1.4893e-06
1.16026e-06
6.1689e-07
1.05035e-08
1.42101e-06
1.41584e-06
1.97226e-06
1.15831e-05
8.5394e-07
8.87864e-08
5.32432e-09
2.41309e-06
0.000125197
0.000127707
0.000131575
0.000131532
0.000132277
0.0001377
7.29637e-05
8.44129e-05
0.000195419
0.00131173
0.00323647
0.000231927
0.00517045
0.000583148
0.000408814
0.000337872
0.00485635
0.00402395
0.00270772
0.00186406
0.001022
0.000453722
0.000352692
8.21916e-05
9.34061e-05
3.04412e-05
1.93985e-06
1.42922e-05
5.18108e-05
1.20471e-07
1.12736e-06
6.99874e-06
3.66518e-06
7.86787e-06
6.41937e-05
1.32958e-05
3.8138e-05
4.94022e-06
1.40493e-05
6.97823e-05
8.91841e-05
2.94568e-05
8.64984e-05
0.000211989
0.000137324
0.00291668
0.00170377
0.00455149
0.00307233
0.00230824
0.00172317
0.000879495
0.00158936
0.00231747
0.00254047
0.00123053
0.000774515
0.000828619
0.000213685
0.00050967
0.000215746
6.42843e-05
9.57097e-05
5.60604e-05
1.17163e-05
1.08352e-08
9.67427e-07
3.98427e-07
1.0951e-05
4.58003e-06
2.73922e-06
8.69914e-07
3.87387e-06
1.19162e-05
4.8438e-06
1.00103e-05
8.01991e-06
1.80602e-06
0.00531919
0.002604
0.001183
0.000538399
0.000191116
7.92354e-05
6.36305e-05
3.73815e-06
0.00937683
0.00863459
0.00792255
0.00720446
0.00627979
0.00525522
0.0045431
0.00265083
0.00211652
0.00129057
0.000563782
0.000106332
5.048e-07
0.000207571
0.000736022
0.000698164
0.000504637
0.000424844
0.000305365
0.000307503
0.000236733
0.000168576
7.73564e-05
4.86909e-05
2.04122e-05
7.79737e-06
1.3775e-07
1.25979e-05
2.44587e-05
3.31445e-05
0.000173222
0.00014402
0.000209014
0.000211695
0.000216438
0.000233581
0.00020322
0.000244893
0.000254712
0.000246885
0.000392086
0.000249606
0.000382211
0.000386596
0.000455365
0.000548883
0.000539506
0.000630961
0.00061382
0.000565293
0.000599026
0.000679525
0.000758294
0.000693379
0.00067567
0.000883608
0.0011327
0.000714537
0.000812943
0.000766332
0.000202835
7.63946e-05
0.000133844
0.000442587
0.000413225
0.00065352
0.000878054
0.000988881
0.000563768
0.000434695
0.00109452
0.000947937
0.000470177
0.000473401
0.000410623
0.00038038
0.00035464
0.000324194
0.000374485
0.000279344
0.000347948
0.000322688
0.000403266
0.000315996
0.000334601
0.000259624
0.000311067
0.000320375
0.000276173
0.000243344
0.000224582
0.000281006
0.000296577
0.000251784
0.000284623
0.000263143
0.000244653
0.000277049
0.000203182
0.000264922
0.000177512
0.000212279
0.000174022
0.000157828
0.000167875
0.000152501
0.000137425
0.000113842
8.11796e-05
8.99264e-05
7.94481e-05
5.77099e-05
4.25851e-05
2.6876e-05
1.25897e-05
6.90266e-06
1.34579e-05
3.51072e-06
4.54201e-08
1.02508e-06
4.61728e-06
1.54073e-05
3.12288e-05
3.67502e-05
4.51715e-05
5.65468e-05
6.64167e-05
7.59525e-05
9.64908e-05
9.45512e-05
0.000114767
0.000120637
0.000126909
0.00013607
0.000143617
0.000144078
0.000144937
0.000155004
0.000145609
0.00014831
0.000151497
0.000151005
0.00015848
0.000160445
0.0001558
0.000150153
0.00018585
6.41169e-05
6.4163e-05
6.41832e-05
6.42108e-05
6.42415e-05
6.42648e-05
6.42897e-05
0.00127853
8.98567e-06
0.00107429
0.00557094
0.00491871
0.004471
0.00370997
0.00302618
0.00242904
0.00156378
0.000954149
0.000677793
0.00298302
0.00411699
0.00299186
0.00255081
0.00185044
0.0013256
0.00111431
0.000579522
0.00034193
0.000362823
0.000144648
6.52574e-05
4.13632e-05
6.79877e-06
1.41838e-06
2.01432e-05
1.5863e-05
1.86325e-05
0.00264359
0.0020347
0.00144439
0.00109556
0.000707614
0.000555978
0.000286035
0.000179319
9.47285e-05
5.57215e-05
1.38858e-05
0.00284231
0.00172389
0.00138645
0.000879859
0.000432088
0.000154982
9.0328e-05
8.64669e-05
0.000111919
1.25351e-05
5.21587e-05
1.12742e-05
1.97743e-05
7.97643e-05
1.24491e-05
3.72548e-08
2.19766e-05
1.73949e-05
0.00415958
0.0025006
0.00128556
0.00224135
0.00103016
0.000595358
0.000329935
0.000292436
0.000124017
0.0115749
0.0104152
0.00960249
0.00802307
0.00712603
0.00454005
0.00339122
0.00207724
2.38984e-05
0.000200166
9.57755e-05
9.1275e-05
5.89373e-05
4.53968e-05
4.20647e-05
2.03178e-05
5.42911e-06
1.37221e-07
1.05968e-05
2.77062e-05
5.0952e-05
0.000124164
0.000109989
9.4619e-05
0.000149798
0.000148151
0.000184162
0.000132217
0.000233486
0.000305818
0.000379089
0.000504307
0.000336125
0.000311498
0.000381912
0.000456586
0.000884902
0.000928332
0.000740858
0.00113755
0.000892932
0.000753165
0.000963185
0.00065561
9.99944e-05
0.000295531
1.63436e-05
1.54259e-08
5.26483e-05
0.000121542
0.000181112
0.000271897
0.000487914
0.00054748
0.000684929
0.000758141
0.000713197
0.000690643
0.000680334
0.000729976
0.000763973
0.000763808
0.0007021
0.000688229
0.000710047
0.000749619
0.000752157
0.000801923
0.000761375
0.000795095
0.000727607
0.000730045
0.000738603
0.000658179
0.000667684
0.000670538
0.000736165
0.000689237
0.000663257
0.000663846
0.000603885
0.000525586
0.000461637
0.000387839
0.000287361
0.000252829
0.000178742
0.000113807
6.97267e-05
3.40766e-05
8.72022e-06
6.86938e-07
1.04307e-06
8.63212e-06
1.62599e-05
3.50666e-05
5.70794e-05
6.14287e-05
9.83095e-05
8.36803e-05
0.000103082
0.000132273
0.00010375
0.000140166
0.000144714
0.000127401
0.000159454
0.000148085
0.000161357
0.000172662
0.000154758
0.000149213
0.000156731
0.000193479
0.000191524
0.00018414
0.000156669
0.000191879
8.25241e-05
0.00013236
9.65468e-05
0.000172462
5.25373e-05
5.26247e-05
5.26084e-05
5.25332e-05
5.21111e-05
5.21056e-05
0.000210135
0.000209717
0.00366587
0.00317095
0.0111109
0.0100354
0.00835331
0.00753678
0.00606349
0.00597259
0.00494626
0.00370498
0.00322648
0.00122994
0.000719774
0.000544549
0.000367997
0.000151314
7.6198e-05
1.50512e-06
4.20307e-07
1.53258e-07
3.98733e-06
5.05552e-05
0.000131375
5.17799e-05
5.78588e-05
0.000139437
0.000115507
0.000252705
8.76819e-05
9.1446e-05
2.83467e-06
3.43184e-06
0.000499196
0.000275135
0.000231359
0.000122481
1.14315e-05
7.98239e-08
2.56025e-06
4.24658e-06
2.12613e-05
3.43882e-06
2.04311e-05
1.58162e-05
0.00396332
0.00227695
0.00132966
0.000815893
0.000509841
0.000186089
9.06674e-05
6.21686e-05
1.42223e-05
1.84525e-05
2.02841e-05
1.10838e-06
6.73438e-07
2.76867e-07
3.49822e-07
5.21737e-06
6.57729e-06
1.68914e-05
1.21323e-05
4.0408e-06
5.10446e-06
3.88376e-05
3.45302e-05
6.03856e-07
0.0089525
0.00840739
0.0072591
0.00663997
0.00565587
0.00421114
0.00326734
0.00232113
0.00126669
0.000456109
7.31226e-05
3.32311e-05
0.000265723
0.000156637
0.000144844
8.98107e-05
7.36248e-05
0.000101191
6.86636e-05
6.16342e-05
4.86691e-05
4.06848e-05
1.36981e-05
2.18994e-07
1.72102e-06
1.23287e-05
1.08854e-05
3.93518e-05
0.00010638
0.000145552
0.000142679
0.00012653
0.000174284
0.000151155
0.000213449
0.000184353
0.00017974
0.000120852
0.000114008
0.000202863
0.000214341
0.000423358
0.000396169
0.000540628
0.000649766
0.000551253
0.000695649
0.000724571
0.000952932
0.00070511
0.000808434
0.00100775
0.00108888
0.00117255
0.000930191
0.000901641
0.00106642
2.5103e-05
0.000160286
0.000303661
0.000384845
0.000438923
0.000586262
0.000621905
0.00061903
0.000554683
0.000551166
0.000688404
0.000664914
0.000582409
0.00060247
0.000609173
0.000553189
0.000553008
0.00045989
0.00040838
0.000498332
0.00041561
0.000327935
0.000300818
0.000319633
0.000323396
0.000330483
0.000353099
0.000359303
0.000304017
0.000318464
0.000287899
0.00025966
0.00025377
0.000204367
0.000214038
0.000217672
0.000206096
0.000193907
0.000155566
0.000151892
0.000137946
0.000117637
0.000117538
9.16874e-05
8.47378e-05
5.12085e-05
4.56902e-05
2.80304e-05
2.11352e-05
1.59055e-05
2.85396e-06
2.44517e-06
4.78152e-07
3.75326e-07
1.58246e-06
1.9215e-06
3.85303e-06
2.59146e-06
2.24973e-06
3.71327e-06
6.88886e-06
9.27699e-06
1.42037e-05
1.25941e-05
2.15382e-05
1.95855e-05
2.30849e-05
2.20662e-05
2.87374e-05
3.26007e-05
2.99777e-05
3.18843e-05
7.14335e-05
3.29206e-05
6.42511e-05
6.51439e-05
6.55558e-05
6.66226e-05
6.80787e-05
6.96764e-05
5.9066e-05
0.000617881
0.00377936
0.000500031
6.76559e-05
0.000255306
0.000198857
0.000151016
0.000118329
7.50121e-05
8.1463e-06
9.21077e-05
0.000322169
0.000201155
0.0318101
0.0260054
0.0211496
0.0164405
0.0120923
0.00899768
0.00602669
0.00403024
0.00271117
0.00172015
0.000883376
0.000816245
0.000313405
1.44409e-05
5.95589e-06
0.000430128
0.000345918
0.000275968
0.00043222
0.000309021
0.000237809
0.000395048
0.000512374
0.000167623
0.00015813
0.000210278
0.000129381
0.000154328
0.000136055
9.48249e-05
0.000264057
0.000201039
0.000216643
0.00538348
0.00463667
0.00312589
0.0029187
0.0024222
0.00198795
0.0018374
0.00141725
0.00117581
0.00109701
0.000899763
0.000861552
0.000675169
0.000694855
0.000616776
0.00071652
0.000548571
0.000558704
0.000527329
0.000406754
0.000378659
0.000118725
9.13361e-05
9.60833e-05
0.000100722
0.000147875
0.000138854
9.17481e-05
4.31454e-06
9.02356e-05
0.000180583
0.000340124
0.000430786
0.000389841
0.000295747
1.12927e-07
0.000106159
0.00044071
0.00122933
0.00161188
0.0011603
0.00076054
0.000445664
0.000464445
0.000314092
0.000207934
0.000125781
6.18267e-05
8.48157e-05
5.19216e-05
3.7726e-05
1.29147e-05
8.41596e-07
5.04058e-05
8.30713e-05
0.000143299
9.87325e-05
0.000210063
0.000177614
0.000264673
0.000203566
0.000136642
0.000114135
0.000140131
0.000144563
5.99486e-05
4.85715e-05
0.00011462
0.000212081
0.000358926
0.00033992
0.000502431
0.000437765
0.000469919
0.000588848
0.000461691
0.000455192
0.000480175
0.000693125
0.000433942
0.000496593
0.000799304
0.000525277
0.000683189
0.000813055
0.000389466
0.00052769
0.000733862
0.000515945
4.00512e-06
0.000144668
0.000163158
0.000144852
0.00018413
0.000169965
0.000166048
0.000101936
0.000115433
0.000123168
5.57889e-05
4.82221e-05
7.4368e-05
9.38079e-05
8.87566e-05
9.90631e-05
0.000118959
9.95555e-05
0.000114202
0.000122707
0.00011938
0.000108187
6.18464e-05
5.93054e-05
5.12698e-05
4.86097e-05
5.12552e-05
5.90881e-05
6.13968e-05
4.32011e-05
3.87684e-05
2.82239e-05
2.70592e-05
2.26211e-05
2.84871e-05
1.66818e-05
1.1428e-05
2.56262e-05
1.16145e-05
1.48043e-05
1.25448e-05
1.1443e-05
3.65523e-06
3.03533e-06
5.44504e-08
1.62493e-07
4.23814e-06
9.11496e-06
3.53068e-06
2.00314e-05
9.74375e-06
1.17263e-05
3.08901e-05
1.86474e-05
2.09651e-05
5.19192e-05
5.82747e-05
2.88221e-05
4.74604e-05
3.35231e-05
1.36223e-05
1.25255e-05
1.3958e-05
1.18256e-05
1.2609e-05
8.7683e-06
1.38317e-05
6.88279e-06
1.05343e-05
1.1046e-05
4.06167e-06
6.99775e-06
7.90502e-06
9.13357e-06
9.96116e-06
5.28125e-07
5.90644e-08
0.000113583
0.000118351
0.000121667
0.000128507
0.000133667
0.000138589
7.67338e-05
7.70426e-05
0.00234178
0.000155452
0.00333542
0.0091783
0.00805783
0.00790171
0.00698652
0.00525383
0.00374566
0.00327745
0.00191647
0.00118573
0.000927656
0.000423234
0.000308678
0.000128712
0.000153964
0.000102773
1.79196e-06
1.88158e-10
2.29566e-06
2.1555e-06
2.31698e-05
2.90406e-05
3.5085e-05
0.000162018
1.2235e-05
2.53492e-05
7.56456e-06
2.87268e-05
3.20645e-05
0.000145225
8.74066e-05
0.000103395
0.00524436
0.00328528
0.00244811
0.00134924
0.00477451
0.0033359
0.00138296
0.00159278
0.00192786
0.00193991
0.00627392
0.00512368
0.0054115
0.00359023
0.00150284
0.000777829
0.00106353
0.000744962
0.000181346
0.000193671
1.37994e-05
1.96662e-08
0.000568088
0.000789104
0.000971432
0.00079222
0.00043018
0.000472676
0.000410831
0.000190812
0.000219456
0.00145028
0.0253461
0.0169855
0.0102519
0.00549794
0.00265508
0.00136452
0.000478517
0.000242231
0.000101852
0.0117124
0.0108186
0.0101529
0.00928165
0.0080926
0.00719733
0.00626073
0.00508286
0.00391146
0.0029442
0.0016972
0.000770515
0.000773872
0.000225408
6.81555e-06
0.000131315
0.000570461
0.000473399
0.000314488
0.000310225
0.000264953
0.000174575
0.000143034
6.7491e-05
2.80474e-05
1.92256e-05
1.15107e-06
9.79515e-08
5.35655e-06
3.26149e-05
6.46513e-05
0.000122593
0.00013998
0.000207497
0.000170215
0.000245737
0.00025825
0.000330557
0.000291715
0.000344005
0.00023545
0.000328877
0.000268419
0.000459636
0.000473073
0.000450869
0.000429829
0.000510767
0.00052398
0.000543392
0.000579876
0.00056847
0.00053336
0.000575452
0.000788676
0.000897236
0.00112287
0.000812472
0.00097156
0.00134819
0.000816602
0.000462328
0.000248102
0.000167031
0.000558319
0.000583007
0.000797934
0.000945256
0.000992496
0.00128815
0.00106401
0.000238637
0.000270769
0.000297317
0.000335568
0.000358862
0.000298374
0.000304188
0.000395995
0.000377347
0.000394714
0.000334285
0.000464292
0.000391701
0.000509737
0.0004162
0.000480228
0.000379955
0.000464775
0.000458955
0.000460144
0.000510394
0.000424155
0.000445938
0.000424904
0.000465253
0.00043747
0.000499225
0.000479694
0.000404485
0.000482007
0.000397099
0.000353317
0.000382697
0.000367506
0.000325177
0.000303191
0.000298773
0.000320812
0.000291464
0.000260894
0.000225949
0.000225686
0.000209123
0.000181653
0.000170665
0.000161473
0.000100404
7.67642e-05
6.38007e-05
4.31902e-05
3.36854e-05
1.9023e-05
1.03255e-05
6.55038e-06
1.05429e-06
1.14251e-06
1.86798e-06
4.83089e-06
9.90988e-06
1.67384e-05
2.32421e-05
3.37431e-05
3.72801e-05
4.96103e-05
5.60247e-05
6.61752e-05
6.69657e-05
7.24954e-05
7.92969e-05
8.11826e-05
9.14758e-05
8.99306e-05
9.87516e-05
8.72444e-05
9.74079e-05
0.000100856
0.000100794
9.78959e-05
9.71342e-05
0.000143172
9.65636e-05
9.23014e-05
6.32005e-05
6.34583e-05
6.34713e-05
6.32946e-05
6.33227e-05
6.33252e-05
8.89021e-05
0.00341941
0.000682277
0.000809145
0.00215886
0.00248919
0.00252107
0.00202742
0.0015004
0.0012729
0.000896299
0.00047536
0.000237352
6.16419e-05
3.32225e-05
4.03775e-06
8.06105e-05
0.00116559
0.000870721
0.000137366
0.000597446
0.0004403
0.000332273
0.00012732
1.82175e-05
1.47266e-05
2.20924e-06
9.89928e-07
3.56984e-05
3.62585e-05
4.8667e-05
0.000165611
4.87702e-05
6.2764e-05
0.000178374
0.00011019
0.000130435
0.00246756
0.00151243
0.00140623
0.00105026
0.000778196
0.000732343
0.000389382
0.000277097
0.000221185
9.97196e-05
0.00260304
0.00164441
0.00119308
0.000952528
0.000466051
0.00028363
0.000207096
0.00010304
2.40499e-05
1.17416e-05
9.57958e-06
2.16972e-06
2.94516e-06
2.44802e-06
3.73315e-06
1.11828e-06
4.96427e-06
1.10053e-05
1.28169e-07
9.81894e-06
6.24001e-05
1.65186e-06
3.58977e-06
2.7372e-08
1.88636e-05
0.00398176
0.00237889
0.00117351
0.00104181
0.00124383
0.000669104
0.000354486
0.000193351
0.000113775
9.46628e-05
0.0107611
0.00952156
0.00863824
0.00736352
0.00578289
0.0045949
0.00317376
0.00203142
0.00156133
0.00163522
0.000638916
5.35194e-07
3.34071e-05
0.000389673
0.000289614
0.00017718
0.000160535
0.000101695
0.000112792
7.55959e-05
5.71599e-05
4.90231e-05
1.75139e-05
2.66763e-05
8.58434e-06
2.65477e-07
6.54445e-05
3.79894e-05
3.07018e-05
4.51361e-05
7.29272e-05
0.000103953
0.000263281
0.000260639
0.00026645
0.000248494
0.000255511
0.000268357
0.000296594
0.000169413
0.000244943
0.000294495
0.000238932
0.000290546
0.000316468
0.000378722
0.0005684
0.000433674
0.000629553
0.000678553
0.000613097
0.000602365
0.000655283
0.000897626
0.00056933
0.000514361
0.00054144
0.000435941
0.00015147
3.939e-05
0.000495875
6.45354e-07
2.97652e-05
0.000102432
0.00016305
0.000325559
0.000326131
0.000500271
0.000628925
0.000661622
0.000777342
0.000726842
0.000754891
0.000653911
0.000724525
0.000731603
0.000731117
0.000726047
0.000746903
0.000724304
0.000710655
0.000737252
0.000708481
0.000714067
0.000743655
0.000718192
0.000648371
0.00079322
0.000607885
0.00063142
0.000574677
0.000564278
0.000532427
0.00052108
0.000447575
0.000392308
0.000360119
0.000336739
0.000306428
0.00021443
0.000184354
0.000141735
9.77422e-05
7.44783e-05
4.88736e-05
3.10283e-05
1.24115e-05
4.64339e-07
6.24625e-08
5.51822e-06
2.6863e-05
2.40412e-05
3.55428e-05
5.44576e-05
6.69911e-05
7.57298e-05
0.000105758
7.89657e-05
0.000110875
0.000127925
0.000116626
0.000146994
0.000127885
0.000152657
0.000167766
0.000132466
0.000163493
0.000155152
0.000162921
0.000174688
0.000200299
0.000163069
0.000104708
9.96186e-05
8.80065e-05
9.43141e-05
9.65207e-05
0.000104639
0.000103257
6.07436e-05
6.07874e-05
6.07875e-05
6.0602e-05
6.01872e-05
6.01796e-05
6.01745e-05
0.000171958
0.00119283
0.00455215
0.0105826
0.0113601
0.00983557
0.00757784
0.00786333
0.00570321
0.0049947
0.00396711
0.00262672
0.00170723
0.000935887
0.000654874
0.000229033
0.000354696
0.000231176
8.82473e-06
3.89279e-06
2.5726e-05
9.6438e-05
8.56626e-05
6.40055e-05
0.000192772
0.000170533
5.07231e-05
7.32847e-05
3.11917e-05
3.93226e-05
6.01467e-05
3.58564e-05
7.2483e-05
7.52542e-05
7.38401e-05
9.91048e-05
3.51186e-05
0.000127439
1.64599e-05
0.00034285
0.000361816
0.000225114
0.00018994
7.66274e-05
1.43071e-05
5.40372e-06
2.87148e-06
4.4831e-06
5.39882e-06
5.38956e-06
1.35346e-06
3.66412e-09
0.0038604
0.00230781
0.00145175
0.000933498
0.000433466
0.000291048
0.00013845
5.52993e-05
9.41813e-05
4.10561e-05
6.90203e-05
3.00414e-05
1.85286e-06
6.58862e-07
9.15205e-07
4.7071e-06
5.31325e-06
1.63637e-06
4.87625e-06
1.6368e-06
2.65624e-06
1.44169e-13
4.32448e-07
1.21045e-06
2.83214e-06
0.00838606
0.00788731
0.00732668
0.00626968
0.005133
0.00367472
0.00298757
0.00166079
0.000859829
0.000367274
2.83584e-05
0.000116152
0.00033344
0.000194693
0.000150605
0.000151708
0.000125633
7.95325e-05
8.15156e-05
6.46974e-05
3.60366e-05
3.80076e-05
4.60981e-05
2.67886e-05
1.76321e-05
1.98934e-06
7.38475e-07
8.22154e-06
3.03995e-05
1.29691e-05
6.58511e-05
5.47176e-05
2.14404e-05
0.000107069
2.36937e-05
5.51792e-05
7.42071e-05
0.000147649
0.000146846
0.000130831
0.000108819
7.52501e-05
8.76633e-05
5.03761e-05
0.000147993
0.000167457
0.000235722
0.000200763
0.000345079
0.00039828
0.000389106
0.000435179
0.000375702
0.000537741
0.000437711
0.000335353
0.00037742
0.000345269
7.75456e-06
2.47662e-05
0.000178268
0.0001143
0.000200243
0.000215051
0.000320514
0.000478141
0.000484429
0.000551672
0.000663202
0.000624817
0.00059834
0.000548702
0.000543051
0.000519064
0.000478958
0.000529396
0.00045126
0.000471236
0.000411355
0.000493842
0.000431411
0.000440648
0.000531726
0.000433584
0.000466128
0.000419478
0.000399631
0.00033282
0.000410017
0.000360353
0.00030942
0.000248302
0.000286224
0.000254176
0.000231957
0.000212798
0.000199083
0.00015174
0.000139505
0.000112882
0.00011976
9.92878e-05
6.31982e-05
5.11196e-05
3.82049e-05
2.67481e-05
1.20847e-05
7.86769e-06
2.91231e-06
9.67012e-07
7.08383e-07
3.30229e-06
2.05555e-06
1.08403e-05
1.52245e-05
1.91868e-05
2.76769e-05
3.34696e-05
3.33382e-05
4.70184e-05
4.78531e-05
5.00282e-05
5.93831e-05
6.62968e-05
6.40208e-05
7.60122e-05
6.07227e-05
6.466e-05
5.45007e-05
4.09167e-05
7.28628e-05
5.93979e-05
6.64671e-05
6.71741e-05
7.54121e-05
7.75006e-05
7.81918e-05
7.8678e-05
8.07131e-05
8.02723e-05
6.62014e-05
0.000111257
0.000111935
0.00241917
0.00313476
0.00212435
0.02526
0.0269161
0.0228935
0.019451
0.0176764
0.0166468
0.0147116
0.0118091
0.00870878
0.00685549
0.00409279
0.0028698
0.0018551
0.00124321
0.000593254
0.000405249
0.00020725
0.000103751
5.75341e-05
4.31868e-05
0.000152216
6.30245e-05
7.91628e-05
0.000128261
0.000102793
9.09373e-05
0.000175792
2.6089e-05
2.52629e-05
5.6991e-05
5.93158e-05
5.18233e-05
6.54046e-05
5.15433e-05
0.000139501
0.000148404
7.74392e-05
0.000184513
0.00162448
0.00221465
0.00189056
0.00177752
0.00145148
0.00126651
0.00077695
0.000702575
0.000956483
0.000724061
0.00070958
0.000768656
0.000725321
0.000558975
0.000675498
0.000649988
0.000539826
0.000589771
0.000546409
0.000493229
0.000431174
0.000552533
0.000464623
0.000400534
0.000391688
0.000345517
0.000467744
0.000360452
0.000336982
0.000327773
0.000396922
0.00033847
0.000327921
0.000241084
0.00018055
0.00035373
0.000509469
0.000468625
0.00036274
0.000209468
7.34405e-05
3.65422e-05
8.1164e-06
0.000186049
0.00132965
0.00138984
0.000938657
0.000660988
0.000589294
0.0004454
0.000303086
0.000177388
0.000117144
5.52998e-05
1.23726e-05
3.34826e-05
1.21711e-05
7.47402e-07
1.48992e-07
9.82489e-07
2.34441e-05
2.33612e-05
3.8313e-05
2.36641e-05
4.39323e-06
1.86378e-05
5.21373e-06
5.41476e-07
4.69989e-07
3.37498e-06
3.51551e-05
7.65395e-05
2.4914e-05
0.000137439
0.000124962
0.00024158
0.000252668
0.00017422
0.000348529
0.000467947
0.000260619
0.000422028
0.00038803
0.000385245
0.000334474
0.000449767
0.000809399
0.000455201
0.000566703
0.000753733
0.000596955
0.000323456
0.000326606
0.000993891
0.00097142
5.77038e-05
6.56517e-05
2.85835e-05
2.82352e-05
4.7664e-05
8.61402e-05
0.00010347
8.18892e-05
0.000122
0.000133668
0.000126287
0.000144054
0.000195082
0.00016304
0.000181294
0.000151674
0.000169124
0.00017403
0.000175292
0.000188928
0.000241756
0.00022188
0.000181669
0.000239841
0.000186703
0.000184902
0.00016486
0.00017078
0.000174578
0.000193591
0.000156006
0.000217221
0.000145697
0.000117494
0.000100904
0.000111453
9.76917e-05
5.87441e-05
4.51121e-05
3.62055e-05
2.89076e-05
2.66376e-05
2.39154e-05
1.5117e-05
1.69292e-05
8.99897e-06
1.02159e-05
6.45136e-07
1.49466e-06
3.76423e-06
1.1266e-07
4.71378e-07
4.94763e-07
3.23659e-06
3.75307e-06
6.10976e-06
1.4763e-05
1.95283e-05
7.47932e-06
1.99311e-05
2.23935e-05
2.7495e-05
1.21934e-05
3.98584e-05
1.62355e-05
4.12921e-05
1.4216e-05
9.39995e-06
4.44685e-05
1.78833e-05
2.01666e-05
9.41375e-06
9.69427e-06
1.9599e-05
3.39892e-05
8.97399e-06
4.66661e-05
1.80954e-05
4.74785e-06
7.02881e-05
7.5857e-05
7.64983e-05
6.88232e-05
7.6785e-05
7.00336e-05
7.96806e-05
8.13767e-05
7.95336e-05
0.0025678
0.00259588
0.00469547
1.74574e-05
0.00829536
0.00666288
0.00551845
0.0049057
0.00498746
0.00481362
0.00393105
0.00357735
0.0024653
0.00179006
0.00107862
0.000890705
0.000387182
0.000209448
0.000143601
0.000226618
6.98642e-05
8.29954e-05
2.34196e-06
1.85172e-06
6.96956e-05
0.000113992
1.9903e-05
5.92952e-05
0.000271345
0.000150503
0.000165351
3.97678e-05
0.00017528
0.000185646
0.000372185
0.000361
0.00252344
0.00286546
0.00167186
0.00090916
0.00272227
0.00242471
0.000996799
0.000667969
0.000369413
0.000710798
0.000305163
0.000199697
0.00027099
7.26693e-05
4.12898e-05
4.48151e-05
2.57665e-05
5.26519e-06
1.43398e-05
1.50696e-06
5.19897e-06
2.1144e-05
1.36766e-05
7.53915e-05
3.82678e-05
0.0161821
0.0104769
0.00180011
0.00727
0.00401758
0.00243908
0.00109002
0.000455728
0.000137452
5.80655e-05
6.53905e-05
1.04615e-05
3.60171e-06
1.36549e-05
1.90189e-07
0.0120737
0.0112197
0.0105671
0.00936795
0.00811663
0.00702651
0.00621845
0.00505055
0.00333907
0.00256976
0.00169023
0.00156317
0.00084902
0.000175193
6.0852e-07
0.000203809
0.000601752
0.000337719
0.00028413
0.000226458
0.000206677
0.000157531
9.1721e-05
6.30411e-05
3.47401e-05
3.17824e-05
2.43515e-06
6.67679e-06
3.93617e-06
2.98231e-05
4.68606e-05
9.44952e-05
0.000116583
0.0001449
0.000202246
0.000223472
0.000216532
0.000253701
0.000194445
0.000285607
0.00042972
0.000366306
0.000435049
0.000374855
0.000282518
0.000283094
0.000408131
0.000427918
0.000464475
0.00068274
0.000908576
0.000734469
0.000943907
0.000769473
0.00112439
0.000839985
0.000677101
0.000418018
0.00038442
0.000327496
0.000440296
0.000647498
0.000968683
0.000863859
0.000489864
0.000684336
0.000933145
0.00109931
0.000902846
0.000965751
0.000306873
0.000335558
0.000326655
0.000359016
0.00033623
0.000348366
0.000374123
0.000362009
0.000401193
0.000430831
0.000401666
0.00038816
0.000449421
0.00033179
0.000445779
0.000448112
0.000434237
0.000476395
0.000436594
0.000502364
0.000452101
0.000348065
0.000460167
0.000491349
0.000489241
0.000407922
0.000419838
0.000382283
0.000491787
0.000393461
0.000401788
0.000367442
0.000357675
0.000387625
0.000371129
0.000387469
0.000350915
0.000332408
0.000246479
0.000254221
0.000225056
0.00016454
0.000195835
0.000141635
0.000112121
9.47512e-05
8.87623e-05
7.29517e-05
6.12433e-05
3.8644e-05
2.39528e-05
2.60576e-05
7.55666e-06
4.26257e-06
2.97666e-07
3.78591e-07
1.93388e-06
5.89008e-06
1.07555e-05
1.43551e-05
2.18306e-05
3.94701e-05
4.53472e-05
5.30264e-05
5.9571e-05
6.71331e-05
7.43437e-05
9.54313e-05
9.36967e-05
9.81714e-05
0.000105084
0.00010663
0.000106784
0.000108152
0.000112426
0.000119047
0.000118316
0.000117074
0.000120657
0.000120874
0.000121312
0.000165768
6.92806e-05
6.85524e-05
6.85443e-05
6.94337e-05
6.87042e-05
6.86881e-05
6.68558e-05
7.97056e-05
0.00280019
0.000511658
2.42719e-05
0.00171008
0.00276791
0.00288051
0.00249894
0.00164646
0.00135807
0.000832733
0.000444424
0.000158345
9.08884e-05
1.03126e-05
8.21327e-08
0.00207897
0.00120778
0.000711762
0.000654885
0.000462831
0.000335979
0.000241168
9.37912e-05
2.45021e-05
1.3459e-05
1.27062e-06
1.17007e-05
4.97286e-06
1.48223e-06
3.12581e-08
1.92945e-05
1.33323e-06
7.71311e-06
8.7281e-05
2.46407e-07
0.00293952
0.00183153
0.00129998
0.00122063
0.00088797
0.000639898
0.000238521
0.000279068
5.89892e-05
2.21649e-05
0.000208309
0.000263059
0.000100084
0.000217407
0.000209808
0.000524883
0.000232519
0.00033828
6.24159e-05
0.000310348
0.000253396
0.000381267
0.000359948
0.00027417
0.000381828
0.000250284
0.000315307
0.000296563
0.000268607
6.99494e-05
8.12472e-05
0.000198871
0.000273873
0.000253592
0.00026833
6.09049e-05
0.000288016
0.000275893
0.000273585
1.53761e-07
4.01459e-07
2.20247e-06
0.0253928
0.00162318
0.00174323
0.00185028
0.0017011
0.00131217
0.00106191
0.000946013
0.000752394
0.000225484
0.000154008
8.30091e-07
0.000109062
0.000523599
0.00123687
0.000774167
0.000552055
0.00043698
0.000408201
0.00024974
0.000204782
9.45082e-05
5.86456e-05
2.45292e-05
8.49632e-07
6.71317e-06
8.43761e-06
1.25329e-05
1.01448e-05
5.67312e-05
5.19114e-05
0.000167665
0.000140529
0.00015062
0.000212969
0.000174757
0.00015661
0.000238396
0.000157308
0.000203067
0.000164217
0.000162375
0.000309545
0.000219583
0.000334789
0.000476411
0.000509036
0.00063418
0.000739545
0.000767355
0.000836664
0.0010085
0.00080199
0.000751893
0.000703448
0.000637958
0.000369614
0.000314829
0.000968089
0.000551723
0.000732319
0.000673106
0.000143527
2.33472e-05
1.93457e-06
2.40017e-05
0.000127444
0.000199386
0.000233401
0.000304449
0.000288284
0.000284591
0.000342161
0.000406411
0.000430237
0.000363872
0.000400044
0.000434233
0.000457656
0.000531975
0.000422524
0.000347243
0.00050593
0.000525282
0.000448808
0.000453517
0.000490215
0.000629029
0.000450488
0.000444946
0.000472697
0.000466712
0.000468886
0.000361437
0.00041107
0.000364742
0.000276367
0.000285797
0.000264102
0.000197733
0.000158328
0.000146899
7.73543e-05
5.02974e-05
3.54641e-05
9.61488e-06
2.2469e-06
2.64417e-07
8.19395e-07
4.33081e-06
2.04537e-05
4.3477e-05
3.33265e-05
6.75699e-05
7.68716e-05
7.22129e-05
9.65464e-05
8.3821e-05
0.000108722
0.000127924
0.000116488
0.000147036
0.000132662
0.000145893
0.000159089
0.000155297
0.000138146
0.000167302
0.000141363
9.08359e-05
7.28244e-05
7.705e-05
8.84101e-05
8.97631e-05
9.42273e-05
0.000101067
9.90209e-05
0.000122825
6.86708e-05
6.87205e-05
6.87485e-05
6.87238e-05
6.85599e-05
6.82003e-05
6.81498e-05
0.000208816
0.00147242
0.0023277
0.0133313
0.00945522
0.00792277
0.00968712
0.00607775
0.00595184
0.00438833
0.00337345
0.00238462
0.00172748
0.00126156
0.00044417
0.000149855
0.000136129
0.000102387
1.96854e-05
7.60953e-07
1.38188e-05
0.000153705
0.000143365
5.87683e-05
8.8845e-06
0.000117657
7.34922e-05
9.9034e-05
9.47975e-05
0.000174727
0.00032177
7.25206e-05
0.000296491
9.35567e-05
8.80905e-05
8.40101e-06
7.958e-05
0.000430885
0.000309674
0.000266382
0.000112664
7.26985e-05
9.85352e-06
3.78112e-05
1.26998e-05
1.62134e-05
9.57168e-07
8.72865e-06
0.00163387
0.000966389
0.000618539
0.000451864
0.000198883
0.00012569
8.10488e-05
3.4499e-05
2.8359e-06
1.07323e-05
4.89189e-06
6.60967e-06
1.85886e-08
1.79044e-06
3.27216e-06
3.18109e-06
6.65694e-06
1.83094e-06
3.00942e-05
2.85762e-06
1.40084e-05
9.85271e-06
8.78612e-06
2.88861e-06
2.34616e-05
0.00556287
0.00539676
0.00528987
0.00470517
0.00376386
0.00326375
0.00213983
0.00133309
0.00087051
0.000203251
4.69805e-07
0.000103068
0.000558832
0.000629947
0.000404489
0.000278753
0.000213901
0.000135596
9.28381e-05
4.51405e-05
1.94148e-05
4.0241e-05
2.26658e-06
4.44385e-07
1.01747e-05
2.06421e-05
4.50774e-05
0.000103171
0.00013712
0.000149017
0.000184774
0.000120005
0.000106069
0.000215241
0.000328687
0.000280233
0.00024241
0.000203757
0.00025483
0.000213426
0.0002745
0.000170409
0.000306509
0.000512014
0.000565963
0.000426502
0.000465814
0.000477057
0.000542185
0.000487314
0.000532895
0.000428624
0.000525251
0.000537096
0.000395921
5.01772e-05
0.000842684
0.000141717
0.000129858
0.000221302
0.000265648
0.000302488
0.000307918
0.000377955
0.000336989
0.000266629
0.000324854
0.000267817
0.000246589
0.000298795
0.000309648
0.000357596
0.000299329
0.000403423
0.00031593
0.00031385
0.000288271
0.000304471
0.000315043
0.000298459
0.000336487
0.000300217
0.000278482
0.000320973
0.000270255
0.000234385
0.000223307
0.00016601
0.000192372
0.000160841
0.000141499
0.000127274
0.000147371
0.000144692
8.81784e-05
9.29647e-05
6.62423e-05
7.19451e-05
4.98876e-05
2.9414e-05
3.22799e-05
5.22639e-06
8.07189e-06
2.19453e-06
5.30845e-07
2.46652e-07
1.02704e-06
3.48622e-06
5.45953e-06
1.46118e-05
2.02854e-05
1.85508e-05
3.74363e-05
3.99576e-05
4.60512e-05
5.95398e-05
6.26095e-05
7.28976e-05
7.0152e-05
7.89153e-05
8.34549e-05
8.13917e-05
8.17067e-05
8.32128e-05
9.87275e-05
9.78886e-05
0.000100391
9.51234e-05
9.36191e-05
9.01372e-05
8.04942e-05
7.31695e-05
7.33125e-05
7.35726e-05
7.37052e-05
7.41015e-05
7.47249e-05
7.46468e-05
7.24077e-05
0.00112238
0.00172659
5.35507e-05
0.0322454
0.020837
0.0181487
0.0149171
0.0156006
0.0166297
0.0156999
0.0147585
0.0127326
0.0103304
0.007692
0.00574016
0.0035896
0.00249361
0.00127779
0.000727414
0.000355146
0.000216111
0.000217872
5.19155e-05
2.94919e-05
5.53869e-05
3.70173e-05
0.00014086
0.000136227
0.000187306
0.000162281
0.000147756
8.20881e-05
6.69945e-05
0.000156857
8.18442e-05
4.93736e-05
9.26757e-05
0.000112913
9.56754e-05
0.00010047
0.000126466
0.000144912
2.89705e-05
0.000147017
0.000135384
4.91449e-05
4.97443e-05
0.00203356
0.00185975
0.00159908
0.0016603
0.00163201
0.00145919
0.00150868
0.00131162
0.00128166
0.00118405
0.00103104
0.000987866
0.00087658
0.000860672
0.000670289
0.000701048
0.000839191
0.000696725
0.000608185
0.000576551
0.000534246
0.000436519
0.000503432
0.000493494
0.00035418
0.000322324
0.000295601
0.000334215
0.000529814
0.00023904
0.000223434
1.23175e-07
9.37719e-05
0.000421669
0.000952873
0.00161837
0.00148705
0.000818375
0.00081866
0.000508323
0.000281898
0.000274053
0.000193092
0.000105255
6.88333e-05
1.62623e-05
3.68145e-06
9.55255e-06
7.87077e-07
1.8121e-05
6.17117e-05
3.88321e-05
4.49712e-06
5.08811e-06
2.94035e-06
3.14941e-05
1.73833e-05
2.65753e-05
7.76438e-05
2.95464e-05
0.000105501
4.48337e-05
0.000241873
0.000259547
0.000312616
0.000323195
0.000358272
0.000311187
0.000293172
0.000382246
0.000394266
0.000555381
0.00077601
0.000598644
0.00054715
0.000458812
0.000343482
0.000597206
0.000672022
0.000722131
0.000757584
0.00096441
0.000469195
0.000430779
0.000404912
0.00033917
0.000407572
0.000331964
0.000390311
0.000368172
0.000319291
0.000326622
0.000290292
0.000236529
0.000272161
0.00026276
0.000255278
0.000233357
0.000239008
0.000247756
0.000160431
0.000228274
0.000166458
0.000205757
0.000206548
0.000194028
0.000157082
0.000157465
0.000105329
8.62175e-05
0.00011775
0.000103695
9.41495e-05
0.000119674
0.000120519
8.03529e-05
7.03769e-05
7.02474e-05
7.39808e-05
4.00872e-05
2.96249e-05
4.78368e-05
3.39593e-05
3.63719e-05
2.72094e-05
3.31935e-05
2.63679e-05
6.05463e-06
6.55354e-06
6.20275e-06
2.29489e-06
5.15979e-11
1.25665e-06
1.04728e-07
3.88884e-08
6.36571e-07
6.95788e-08
2.01652e-10
2.47902e-07
6.06831e-07
8.71052e-07
1.83164e-06
2.33594e-06
2.61235e-06
3.24004e-06
4.14232e-06
4.62754e-06
1.47018e-05
1.66889e-05
1.53626e-05
1.80633e-05
1.79417e-05
2.59484e-05
3.16797e-05
4.58016e-05
3.11211e-05
4.53018e-06
7.12915e-06
2.27923e-05
2.71475e-05
1.47727e-05
1.55192e-05
4.17923e-05
2.93139e-05
7.06549e-05
0.000132479
0.00146381
0.00141353
0.00157412
0.00169563
0.00226448
0.00020845
0.000233494
0.000254076
0.000273241
0.000813876
0.00417693
0.000260142
0.00292288
0.00232724
0.00230349
0.00184662
0.0012556
0.00100711
0.000558542
0.000141086
4.86707e-05
3.04945e-05
6.26737e-06
1.74027e-05
1.39074e-05
1.29038e-05
2.49957e-05
7.6525e-05
0.000100944
0.000139478
0.000282205
0.000480889
0.000172037
0.000383371
0.000461349
0.000344004
0.000295756
0.000240198
0.000444123
0.000331919
0.000450631
0.00186325
0.000858372
0.00085836
0.00154387
0.000826083
0.000552661
0.000701095
0.000255287
0.000430851
0.000199433
7.13266e-05
4.63963e-05
1.49734e-05
1.41406e-05
4.3307e-06
5.37373e-05
1.95434e-05
2.07141e-06
4.32528e-06
5.16575e-06
1.13151e-05
1.63741e-05
8.15219e-05
6.23067e-06
1.35266e-05
1.5082e-05
3.36324e-07
3.95097e-05
3.19672e-05
1.28306e-05
8.73513e-06
1.11525e-05
0.0120889
0.00803383
0.0050336
0.00232473
0.000939805
0.000444008
0.000198822
9.04216e-05
3.78949e-05
2.07935e-05
9.57559e-06
0.00805375
0.00780775
0.00710906
0.00630928
0.00550137
0.00470736
0.00396136
0.00293831
0.00215116
0.000664828
0.000262939
0.00016408
0.000214883
0.000873547
0.000822938
0.000612872
0.00049832
0.000442602
0.00039364
0.00029291
0.00019272
0.000119072
4.44617e-05
3.07205e-05
5.33581e-05
1.1947e-06
2.02789e-06
6.15809e-06
0.000105141
0.000108303
0.000151504
0.000184873
0.000203923
0.000311196
0.000246236
0.00050024
0.000429275
0.00037453
0.000497807
0.000449364
0.000331892
0.000535272
0.000346182
0.000414887
0.000394041
0.000675006
0.000910769
0.000656147
0.000556693
0.000509718
0.000294342
0.000232217
0.000552743
0.00049744
0.000776324
0.000558363
0.00056716
0.000503411
0.000684365
0.000392354
0.000916491
0.00111773
0.000224018
0.000260151
0.000215773
0.00022453
0.000209911
0.000200303
0.000261307
0.00019537
0.00026192
0.00020503
0.000222286
0.000257084
0.000227499
0.000221118
0.000216341
0.000230005
0.000221806
0.00021388
0.000194175
0.00025745
0.000193549
0.000224406
0.000165599
0.000230278
0.000226816
0.000191435
0.000223931
0.000190114
0.000216709
0.000172893
0.000217872
0.000162226
0.000155602
0.000134755
0.000104656
0.000101798
5.33115e-05
3.92084e-05
3.30225e-05
1.61918e-05
1.25038e-05
4.11299e-06
8.4929e-07
1.73607e-06
5.95559e-06
7.06224e-06
2.01442e-05
3.06527e-05
3.71354e-05
6.06074e-05
7.56761e-05
7.67965e-05
8.5219e-05
0.00010759
0.000118552
0.000126128
0.000137516
0.000139935
0.000146922
0.000146544
0.000155996
0.000161761
0.00016618
0.000162497
0.000165141
0.000167963
0.000162501
0.000165004
0.000169377
0.000171587
0.000174956
0.000189269
8.19491e-05
8.26877e-05
8.20371e-05
8.28785e-05
8.26687e-05
8.20201e-05
7.98093e-05
0.000891985
0.00123569
0.000888545
0.00532938
0.00514597
0.00468557
0.00424208
0.0031537
0.00243513
0.00142247
0.00104032
0.00445873
0.0035487
0.00204807
0.00159503
0.00145824
0.000915926
0.000890018
0.000639592
0.000377667
0.00015647
0.000203972
0.000109623
3.04876e-05
2.12649e-06
8.58999e-07
5.36192e-06
1.49631e-07
0.00252621
0.00147086
0.00113064
0.000911936
0.000794772
2.30917e-05
1.32782e-06
4.3214e-06
1.16379e-08
8.66347e-06
1.43031e-05
4.92475e-05
2.93911e-05
0.000100381
0.000133345
0.00027459
0.000261245
0.000140682
0.000262091
0.000276141
0.000335397
0.000278743
0.000333499
9.08911e-05
0.00015355
0.000312548
0.000327284
0.000311418
0.000101261
0.000182727
0.000391288
4.00097e-05
3.06319e-05
0.000714085
0.000898195
0.00117698
0.000973396
0.000968914
0.000868301
0.00064436
0.000411825
0.000225103
4.94282e-05
2.67517e-05
0.00022528
0.00133721
0.00106762
0.000647872
0.000453288
0.000314737
0.000205317
0.000144319
5.44593e-05
0.000112764
2.7349e-05
1.8396e-05
5.7305e-06
2.31625e-07
1.76473e-05
8.75144e-05
0.000271449
0.000231805
0.000304438
0.000277829
0.000322656
0.000370843
0.000404576
0.000487648
0.000297614
0.000378473
0.000367446
0.000754141
0.000616988
0.000819238
0.000677478
0.000544021
0.000699046
0.000803798
0.000903647
0.0011428
0.000897408
0.000620857
0.000415569
0.000478405
0.000587108
0.000178292
3.48282e-05
2.03614e-07
5.41756e-05
0.000135188
0.000175438
0.000213171
0.000261166
0.000277066
0.000339807
0.000379741
0.00041977
0.000481989
0.00046516
0.00050769
0.000470925
0.000431936
0.000508215
0.000361584
0.000516618
0.000495905
0.000444066
0.000435454
0.000545184
0.000506551
0.000460285
0.000474239
0.000433351
0.000467111
0.000474003
0.000438851
0.000365671
0.000340578
0.00031656
0.000271057
0.000237891
0.000224398
0.000131033
7.6036e-05
4.86711e-05
2.57723e-05
1.33921e-05
4.90965e-06
3.01683e-07
1.47139e-06
8.0421e-06
1.83342e-05
4.15439e-05
7.15085e-05
6.88003e-05
0.000107133
0.000100159
0.000112312
0.000137451
0.000121598
0.000162068
0.000145152
0.000155917
0.00017058
0.000188129
0.000158207
0.000198198
0.000182971
0.000199213
0.000173012
0.000198023
0.000181515
0.000197869
0.000107031
0.000105844
0.000110826
0.000157182
0.000157842
0.000169306
0.000173681
7.22498e-05
7.23668e-05
7.23593e-05
7.23542e-05
7.23179e-05
7.17412e-05
0.000614429
0.00630946
0.0208253
0.0156363
0.0108853
0.00956269
0.00896507
0.00694157
0.00595112
0.00396643
0.00294891
0.00199776
0.00119053
0.000547225
0.000222684
0.000325983
0.000224168
0.000185336
1.0491e-07
1.22488e-05
1.40672e-05
2.16069e-05
3.75714e-05
2.69579e-05
5.50197e-07
1.92643e-05
6.79105e-06
3.68568e-05
7.89398e-05
6.77368e-05
2.07073e-05
1.04569e-05
9.12631e-05
0.000623666
0.000427884
0.00016273
9.49214e-05
3.45348e-05
3.26943e-06
1.81836e-05
2.31064e-08
1.88055e-05
0.00185848
0.00106508
0.000760699
0.000345
0.000218934
0.000142576
3.33909e-05
3.91251e-05
1.64488e-05
3.08422e-06
3.17384e-09
3.35983e-06
2.33365e-06
3.05427e-06
6.64201e-06
1.09605e-05
1.41421e-06
9.23318e-07
5.72933e-06
1.19378e-05
3.26476e-05
3.18011e-05
0.00590677
0.00582824
0.00552886
0.00488099
0.00439674
0.00363446
0.00268163
0.0019154
0.00131094
0.000625453
9.30554e-05
1.60876e-08
6.47023e-06
0.000499535
0.00044159
0.000307645
0.000224294
0.000108858
0.00011369
3.30713e-05
1.53303e-05
3.02446e-06
1.01054e-08
2.22716e-07
5.26554e-06
1.70749e-05
2.54833e-05
4.16154e-05
6.7271e-05
9.97309e-05
8.76334e-05
0.000141899
6.75675e-05
0.000126129
0.000315143
0.000301471
0.000256801
0.000209448
0.000196064
0.000209776
0.000123208
0.000137557
5.71359e-05
0.000221186
0.00048357
0.000477327
0.000441839
0.000420314
0.000409753
0.000440592
0.000483494
0.000741687
0.000669774
0.000562097
0.000637936
0.000559837
0.000462825
0.000534882
0.00091134
9.96508e-05
0.00014874
0.000174837
0.000207039
0.000280692
0.000253469
0.000262712
0.000212559
0.000353893
0.000272869
0.000306135
0.000287424
0.00030872
0.000317948
0.00036496
0.000322461
0.000313907
0.000331627
0.000356968
0.000300367
0.000315363
0.000330503
0.000330174
0.000274218
0.000271919
0.000309595
0.000363491
0.00030547
0.000348905
0.000363043
0.00032968
0.00026812
0.000278536
0.000209094
0.000253782
0.000266563
0.000234086
0.000233337
0.000186341
0.000201376
0.000130167
0.00015517
0.00012822
8.46329e-05
7.14268e-05
5.38968e-05
4.92669e-05
3.01857e-05
1.988e-05
1.46937e-05
1.08185e-05
7.68881e-06
4.32746e-06
8.05181e-08
1.46918e-08
1.08699e-06
4.13863e-06
6.63771e-06
7.57291e-06
9.72303e-06
2.22626e-05
2.45463e-05
2.54544e-05
2.35597e-05
3.53106e-05
3.79007e-05
4.04077e-05
4.4889e-05
6.22518e-05
3.9681e-05
5.06148e-05
4.28525e-05
2.69971e-05
7.07296e-05
7.09501e-05
7.13956e-05
7.09264e-05
7.1274e-05
7.18319e-05
0.00199685
0.00398914
5.4665e-07
0.0167455
0.013677
0.00973253
0.010641
0.0127063
0.0113987
0.0121236
0.0104608
0.0089391
0.00673492
0.00504245
0.00294521
0.00192647
0.00079723
0.000618744
0.000245865
0.000149564
4.99782e-05
4.32876e-05
8.8273e-09
6.30572e-07
3.70778e-06
6.59134e-06
0.000111223
8.34892e-05
9.67351e-05
0.000274926
0.00021532
0.000132736
0.000178663
0.000543952
0.000433747
0.000441715
0.00037286
0.000399272
0.000341725
0.000274942
0.000283537
0.000247827
0.000216711
0.000141535
0.000128169
0.000125176
0.000150693
5.03113e-05
0.00028058
0.000282856
0.00022624
0.000181392
0.000130219
3.75516e-05
8.37344e-05
0.000246721
0.000221459
0.000223881
0.000248868
0.000993728
0.000655395
0.000488039
0.000380042
0.000236319
0.000182111
9.63233e-05
0.00100038
0.000841597
0.000564354
0.000403274
0.000265872
0.000138801
9.2564e-05
6.25714e-05
4.00164e-05
0.00371174
0.00369649
0.00363253
0.00314439
0.0022774
0.00147572
0.000809848
0.000720614
1.73478e-06
0.000146356
0.00054263
0.000756939
0.000503935
0.000363324
0.000285907
0.000172045
0.000188504
8.19453e-05
3.90272e-05
2.46351e-05
2.34735e-06
8.05211e-07
3.56792e-07
2.2102e-05
2.57911e-05
2.63399e-05
1.76304e-05
1.18772e-05
2.15948e-05
3.92574e-05
2.33627e-05
1.78613e-05
4.73317e-05
9.90864e-05
5.97212e-05
3.58819e-05
0.000105495
1.62214e-05
4.70171e-05
1.47046e-05
8.52007e-05
8.65623e-05
0.000529625
0.000185481
0.000171167
0.000312421
0.000307388
0.000497301
0.000461858
0.000399448
0.000328401
0.000559658
0.000837375
0.000890349
0.000649018
0.000718118
0.000301115
0.000589469
0.00053804
0.000467711
0.000460341
0.000436347
0.000402745
0.000395189
0.000398131
0.000314992
0.000360824
0.000310841
0.000283875
0.000336469
0.0003284
0.00032006
0.000341889
0.00029639
0.000267101
0.000276638
0.000258695
0.000222565
0.000260318
0.000186317
0.000129683
0.000170178
0.000171208
0.000160386
0.00015252
0.000131088
0.000135688
0.000131954
7.22832e-05
7.81318e-05
6.84527e-05
8.0765e-05
5.31919e-05
5.20843e-05
4.53631e-05
4.22154e-05
1.702e-05
3.22448e-05
7.73519e-06
1.71141e-05
1.13644e-05
9.35963e-06
3.52546e-06
3.67472e-06
1.96059e-06
2.03294e-06
1.45594e-06
5.4969e-07
1.01299e-06
1.71513e-07
1.18211e-09
2.35686e-08
9.69395e-10
1.64559e-06
2.88399e-07
5.06427e-07
3.85873e-06
1.34644e-06
1.71716e-06
3.74349e-06
1.78978e-06
9.43259e-07
1.71759e-06
1.67576e-06
3.04055e-06
1.65988e-06
1.41556e-06
1.52153e-06
1.78294e-06
7.79491e-07
7.32e-07
4.53806e-07
1.10924e-07
4.01715e-06
0.00015505
0.000161721
0.000172388
0.000183112
0.000197447
0.000215471
0.00023606
0.000250959
0.00338004
0.00564383
7.64688e-07
0.000277593
0.00397356
0.00316163
0.00336791
0.00306468
0.00269943
0.00235635
0.00107258
0.000437482
0.000192258
4.81412e-05
3.05195e-05
3.59545e-06
1.57476e-06
1.49858e-06
1.09115e-05
6.39462e-05
8.97468e-05
0.000134608
0.000136121
0.000132629
0.000194595
0.000266376
0.00040282
0.000180644
0.000315817
0.000243273
0.000177004
7.43479e-05
5.29429e-05
0.000221203
0.00260553
0.00274459
0.00199926
0.000958023
0.00261891
0.00187756
0.00104756
0.000816726
0.00041439
0.000135604
9.56033e-05
4.16466e-05
3.22565e-06
2.16474e-06
2.60741e-08
7.07804e-06
1.63049e-05
5.37637e-06
2.24474e-06
2.29951e-05
2.87489e-06
2.07219e-05
1.16873e-05
2.28454e-05
3.88846e-05
1.37766e-05
2.72666e-07
8.68288e-06
2.85028e-05
1.06529e-07
0.0158961
0.00915518
0.00531725
0.00353634
0.00158098
0.000756408
0.000302072
0.00012526
7.54683e-05
3.54734e-05
2.17867e-05
1.05863e-07
0.0101855
0.00939962
0.00871644
0.0079371
0.00686663
0.00612776
0.0050757
0.00386423
0.00231007
0.00153332
0.000547724
0.000301817
0.000225653
0.000490129
0.000377111
0.000312647
0.000218272
0.000190379
0.000138273
8.22402e-05
6.33737e-05
1.271e-05
3.07688e-06
3.27825e-06
9.28894e-06
1.86946e-05
3.51005e-05
4.3095e-05
0.0001116
7.28302e-05
0.000119047
0.000211725
0.000195698
0.000168988
0.000186291
0.000284076
0.000186771
0.000331767
0.000219605
0.000321778
0.000182614
0.000292952
0.00017491
0.000245641
0.000251193
0.000194579
0.000381284
0.00036122
0.000415818
0.000412206
0.000573315
0.000433591
0.00031029
0.00041706
0.0003656
0.000352042
0.000535527
0.000389522
0.000355425
0.000414712
0.000444654
0.00034049
0.000343615
0.000372804
0.000397124
0.000314632
0.000308589
0.000385105
0.000381029
0.000286132
0.000403861
0.000353976
0.000314345
0.000395537
0.000472578
0.000359644
0.000399847
0.000353046
0.00034115
0.000329194
0.000322279
0.000418003
0.000367124
0.000316266
0.000368533
0.000382578
0.000424905
0.000469496
0.000382974
0.000406472
0.000363386
0.000329371
0.00041739
0.000317361
0.000252876
0.000271247
0.000381875
0.000370873
0.000349094
0.000260283
0.000289524
0.000340877
0.000342778
0.000274538
0.000378247
0.000277551
0.000344601
0.000324199
0.000470798
0.000299685
0.000276563
0.00034018
0.00037311
0.000260736
0.000292022
0.000263934
0.000229441
0.000202199
0.00019036
0.000163905
0.000148432
0.000125964
0.000112215
0.000100697
8.29914e-05
6.67937e-05
0.000368802
0.000184882
0.000153359
0.000243831
0.000201072
0.000174852
0.000143937
0.000120697
9.05738e-05
7.56047e-05
5.98969e-05
4.85325e-05
3.76408e-05
3.19761e-05
2.96289e-05
2.19046e-05
1.85287e-05
1.75971e-05
1.21246e-05
8.29961e-06
6.80687e-06
3.82218e-06
2.08306e-06
0.000752835
0.000708837
0.000672975
0.000600119
0.000570997
0.000540162
0.000547254
0.000500116
0.000459501
0.000392276
0.000345578
0.000319372
0.0002914
0.000266613
0.000232621
0.000209987
0.00018064
0.000154175
0.00011573
9.61988e-05
8.817e-05
3.93422e-05
1.64281e-05
8.17039e-06
1.20686e-05
5.1147e-06
7.39598e-07
4.97496e-06
2.37476e-06
8.05751e-06
1.42896e-05
3.71967e-05
5.9744e-05
8.93608e-05
0.000115243
8.60476e-05
0.000117904
0.000152469
0.000195116
0.000164574
6.62698e-05
2.60503e-05
2.56176e-05
2.59647e-06
7.18308e-08
1.2185e-05
1.2283e-05
5.12037e-06
5.69963e-07
2.08007e-05
5.69952e-05
1.8721e-05
2.91634e-05
0.000106997
0.000179803
8.89554e-05
6.16733e-05
0.000109073
0.000166172
0.000236053
0.000169647
0.000142468
0.000227948
0.000514102
0.00052158
0.000714292
0.000511895
0.000698918
0.000534673
0.000658211
0.000580459
0.000960178
0.000514642
0.000615314
0.000678568
0.00102293
0.000652775
0.000869915
0.00103198
0.000857458
0.00103224
0.000657742
0.000768237
0.000457609
0.000580505
0.0005637
0.000483971
0.000587456
0.00086159
0.000934882
0.000894955
0.00110521
0.000724231
0.00095917
0.00094061
0.000883672
0.00087619
0.000847195
0.000686376
0.000808146
0.000758498
0.000894878
0.000887464
0.000857738
0.000889015
0.000882042
0.00083244
0.000649949
0.000781003
0.000777214
0.000750388
0.000736583
0.000698992
0.000676252
0.000611667
0.000569039
0.000629345
0.000554772
0.000556642
0.000537565
0.000544639
0.000467011
0.000470503
0.000452017
0.000458925
0.000453013
0.00046322
0.000433343
0.000409141
0.000413099
0.000398426
0.00035688
0.000361378
0.000354516
0.000387046
0.00040222
0.000405851
0.000388931
0.00037761
0.00037176
0.000345455
0.000309718
0.000216406
0.000215846
0.000207688
0.000360279
0.000363996
0.000348114
0.000333722
0.00032484
0.00022454
0.000323864
0.000327585
0.000309766
0.000266185
0.00026863
0.000301435
0.00027718
0.000262341
0.000274547
0.000277897
0.000265288
0.000266855
0.000256563
0.000211512
0.000210693
0.000200608
0.000202823
0.000201958
0.000187754
0.000186188
0.000173018
0.000174982
0.000173525
0.000158259
0.000136504
0.000126885
0.000114338
8.88823e-05
8.47216e-05
7.30527e-05
7.52297e-05
6.82867e-05
6.54094e-05
6.21559e-05
4.78011e-05
3.45836e-05
3.12328e-05
2.66915e-05
2.66228e-05
2.40932e-05
2.0002e-05
6.80455e-06
3.70629e-06
8.74996e-06
6.5664e-06
3.54056e-07
4.14604e-08
2.5603e-07
1.02459e-06
2.24435e-06
2.71948e-06
4.29117e-06
1.07567e-05
1.34638e-05
1.88676e-05
1.98517e-05
2.29157e-05
3.03863e-05
2.93535e-05
3.88395e-05
4.94434e-05
5.69326e-05
6.19105e-05
7.02767e-05
7.1622e-05
7.62906e-05
8.63792e-05
9.35683e-05
9.73288e-05
0.000104516
0.000109485
0.000113181
0.000118577
0.000123309
0.000133173
0.000133344
0.000135242
0.000142454
0.000146834
0.000146801
0.00016727
0.000167719
0.000180617
0.000189717
0.000188079
0.000189878
0.000197576
0.000196184
0.000206247
0.000203016
0.000204268
0.000213824
0.000211089
0.000203372
0.000214489
0.000210714
0.000210274
0.000228486
0.000223724
0.000211368
0.000228794
0.000206335
0.000202507
0.000203314
0.000220694
0.000217937
0.00021446
0.000217085
0.000212078
0.000239491
0.000242518
0.000254412
0.000235333
8.78894e-05
8.78849e-05
8.78561e-05
8.78659e-05
8.7851e-05
8.78588e-05
8.79186e-05
8.78764e-05
8.84862e-05
8.83939e-05
9.06296e-05
0.000155247
0.000156115
0.000156436
0.000720739
0.000249381
0.000267125
0.000288478
0.000246234
0.00136078
0.00117171
0.00146738
0.00129219
0.00143042
0.00126446
0.000889266
0.000761609
0.000339159
0.000271204
0.0002517
7.79313e-05
5.59365e-05
1.14768e-06
5.09886e-06
8.5728e-05
9.76412e-05
8.76261e-05
0.000131285
0.000135008
0.00012467
4.98932e-05
0.000190226
0.000196338
0.000302291
0.000303833
0.000377979
0.000376798
0.000240848
0.000234439
0.000167107
0.000118256
0.000119714
0.000107789
6.6962e-05
6.56673e-05
8.29985e-05
8.0476e-05
7.10635e-05
0.000129081
0.000133075
0.000126938
0.000111881
0.000193948
0.000146605
0.000131187
7.39423e-05
4.95437e-05
5.2758e-05
3.55671e-05
2.20133e-06
1.82988e-06
7.18356e-06
5.55641e-06
3.07647e-05
1.66247e-05
1.70678e-06
8.18319e-07
2.52366e-05
2.98828e-05
7.0346e-05
6.41828e-05
1.6472e-05
1.89165e-05
1.855e-05
9.43299e-06
8.43274e-06
2.10175e-05
2.26782e-05
2.53783e-05
2.52471e-05
2.31477e-05
1.23339e-06
6.22267e-06
9.10302e-05
9.14602e-05
4.59013e-05
7.42185e-05
0.000186292
0.000231416
0.00027073
0.000350994
0.000288656
0.000359188
0.000486969
0.000682332
0.000401549
0.000391642
0.000501013
0.00048089
0.000561739
0.000499137
0.000624049
0.00102537
0.000886243
0.000492273
0.000995747
0.000624655
0.00118714
0.000632159
0.00120124
0.00101115
0.000836499
0.0014869
0.00125651
0.000893901
0.00101052
0.000856497
0.00110508
0.0012187
0.0279147
0.0196824
0.0124667
0.00703059
0.00376596
0.00200862
0.000924764
0.00044526
0.000164922
7.66551e-05
4.05057e-05
1.22673e-05
7.65002e-06
2.33684e-06
5.06347e-07
2.59074e-07
4.27194e-07
2.41755e-08
1.22202e-07
1.00942e-06
7.63274e-08
1.14875e-06
2.10069e-06
9.68399e-07
6.27301e-06
0.000146269
0.000109263
3.77881e-05
2.50251e-05
1.81248e-05
1.16994e-05
2.61645e-06
3.78864e-06
7.47434e-06
0.00798496
0.00747102
0.00700494
0.0065462
0.00515944
0.00464748
0.00409154
0.00379392
0.00354834
0.00338673
0.00300233
0.00272876
0.00229246
0.00214761
0.00172804
0.00136617
0.00117154
0.00112102
0.000770905
0.000674172
0.00031061
0.000324415
0.000100548
7.42333e-05
2.10403e-06
8.85664e-06
5.48975e-06
9.59058e-05
0.000107878
0.000428356
0.000470039
0.000522072
0.00122556
0.00126337
0.000859212
0.00117434
0.00126053
0.00107836
0.00110024
0.000970034
0.00067101
0.000781807
0.000616354
0.000559577
0.000423855
0.000455967
0.000461866
0.000395492
0.000412498
0.000360053
0.000291505
0.000333439
0.00022103
0.000163041
0.000190013
0.000197851
0.00013349
0.000153644
8.71012e-05
7.29272e-05
5.3679e-05
2.62982e-07
2.56379e-07
1.76181e-06
4.15133e-06
3.16243e-07
3.28336e-06
1.86774e-08
6.09447e-06
2.77457e-05
1.36007e-05
4.74311e-05
5.15136e-05
3.87191e-05
5.62238e-05
3.6623e-05
3.35948e-05
0.000101381
7.43689e-05
0.000141608
4.87467e-05
7.59191e-05
0.000115957
8.85492e-05
5.36544e-05
6.06752e-05
3.0675e-05
9.27613e-05
7.61942e-05
0.000175152
0.0001691
0.000119205
0.000165393
0.000173576
0.000136148
0.000303599
0.000156012
0.000196326
0.000238062
0.000242061
0.000168971
0.000124573
0.000272402
0.000442495
0.000265916
0.000279477
0.000380143
0.000465399
0.000389009
0.000554949
0.000298048
0.000484909
0.000378904
0.000491372
0.000548742
0.000300623
0.000477863
0.000645146
0.000429144
0.000549252
0.000585556
0.000475253
0.000329043
0.000513862
0.000396466
0.000146426
3.87821e-05
0.000176133
0.000305767
0.000417483
0.000509397
0.000210698
0.000309772
0.000144653
0.000232368
0.000202329
0.000279196
0.000300806
0.000465376
0.000305262
0.000414761
0.000367284
0.000506965
0.000739087
3.00262e-05
0.000916702
8.34904e-05
0.000105041
0.000169491
0.000183074
0.000213318
0.000154026
0.000188728
0.00028687
0.000290079
0.000306415
0.000317774
0.000307871
0.000307015
0.000234721
0.000240097
0.000271606
0.000268362
0.000278514
0.000281315
0.000284692
0.000280831
0.000246682
0.000259893
0.000300335
0.000276597
0.000335142
0.000335139
0.000266682
0.000262188
0.000250656
0.000261617
0.000235237
0.000264264
0.000274981
0.000262554
0.000273964
0.000269915
0.000251378
0.000242303
0.000252046
0.00024208
0.00020266
0.000191704
0.000238496
0.000247537
0.000234303
0.000246965
0.000255626
0.000252122
0.000183951
0.000187104
0.000275876
0.000283728
0.000274536
0.00021371
0.000221457
0.000217815
0.000242516
0.000237884
0.000235456
0.000242541
0.000235289
0.00018842
0.000180243
0.000200321
0.000203005
0.000199363
0.000187014
0.000188466
0.000175846
0.00017478
0.000123195
0.000112005
0.000103138
0.000128814
0.00012729
0.000121428
8.88775e-05
8.5553e-05
7.6187e-05
6.86087e-05
5.69579e-05
7.95148e-05
7.79124e-05
7.04539e-05
5.05402e-05
4.78511e-05
4.03035e-05
4.74626e-05
4.56853e-05
3.64675e-05
1.61283e-05
1.22825e-05
1.09527e-05
9.13241e-06
4.22387e-06
3.18535e-06
1.48609e-06
6.21803e-07
2.82626e-07
7.3729e-07
2.25296e-06
4.34801e-06
6.07088e-06
9.16957e-06
1.12475e-05
1.34548e-05
1.36273e-05
2.57838e-05
2.91709e-05
3.2556e-05
3.23087e-05
3.98504e-05
4.24741e-05
4.7533e-05
5.27101e-05
6.47914e-05
6.8303e-05
7.58615e-05
7.49547e-05
7.69448e-05
7.93643e-05
8.53012e-05
8.61743e-05
8.7126e-05
9.32501e-05
0.000100756
0.000111119
0.000113821
0.00011111
0.000112805
0.000110106
0.000109147
0.000111436
0.000123243
0.00012386
0.000136135
0.000138319
0.000144066
0.000143851
0.000148723
0.000206525
0.000195798
0.000189561
0.000182443
0.000180762
0.000176167
0.000174565
0.000175297
0.000174506
0.000172707
0.000170351
0.000170536
0.000177672
0.000179081
0.000164764
0.000162104
0.000165325
0.000164692
0.000163125
0.000160782
0.000160134
0.000159504
0.000162139
0.0001745
0.000179685
0.000167302
0.000164774
0.000166434
0.000163972
0.00019003
0.000194442
8.70503e-05
8.70925e-05
8.71204e-05
8.71078e-05
8.71066e-05
8.71159e-05
8.69202e-05
8.69596e-05
8.70057e-05
8.70841e-05
9.20045e-05
9.21753e-05
9.30176e-05
0.00352066
0.00328561
0.000928525
0.000913873
0.0006105
0.000494142
0.00176856
0.00158357
0.00170049
0.00155372
0.00141056
0.00126525
0.000824784
0.000763302
0.00066787
0.000244842
0.000192211
7.48172e-05
5.27281e-05
4.39781e-06
1.49961e-06
4.12098e-06
8.79139e-07
5.62531e-06
8.41501e-06
2.50474e-05
3.10724e-05
2.71451e-05
3.27657e-05
6.27122e-05
6.35468e-05
0.000130209
0.000131905
0.000223763
0.000218911
0.00020191
0.00019562
0.000203729
0.000200027
0.000184952
0.000151206
0.00014478
0.000259246
0.000227263
0.000128321
0.000107883
1.56464e-07
0.00191257
0.00152374
0.0010715
0.0008259
0.000649982
0.000496631
0.000740124
0.000562109
0.000498289
0.000367431
0.000321613
0.000252831
0.000178679
0.000103527
6.93053e-05
0.000111387
2.75642e-05
1.23805e-05
5.37101e-05
3.09119e-05
1.14731e-05
3.89912e-06
2.75283e-05
1.26989e-05
3.95609e-06
1.19148e-07
2.60452e-08
4.66708e-07
1.99663e-05
2.33562e-05
4.40759e-07
3.07102e-07
2.93426e-08
2.44019e-05
0.00492445
0.0040833
0.00232469
0.00178534
0.00149087
0.00108246
0.000834242
0.00121763
0.000904475
0.000753101
0.000792072
0.000571482
0.000478757
0.000331132
0.000283094
2.88364e-05
1.04731e-05
1.88654e-06
2.57323e-06
4.99992e-06
1.23368e-05
0.000108018
6.54742e-05
6.05052e-05
9.45949e-07
5.29781e-06
4.23622e-06
3.53341e-05
4.81517e-05
3.79975e-05
2.82331e-05
3.60186e-05
1.59793e-07
3.10689e-06
7.0622e-05
4.0797e-05
4.0779e-06
1.46226e-07
6.25643e-07
3.05735e-05
4.08706e-05
2.9265e-05
8.43416e-05
4.71621e-05
8.71998e-06
1.57388e-05
5.34025e-06
6.00643e-07
1.02868e-06
1.80178e-07
2.36673e-06
8.20578e-06
1.33929e-06
1.06614e-06
3.2059e-07
0.00044999
0.00130849
0.000951307
0.000758638
2.06767e-05
0.000330772
0.0026058
0.0018718
0.00144997
0.000940421
0.000640797
0.000521705
0.000353593
0.000198364
0.000138182
0.0001806
0.000109552
8.67311e-05
9.20375e-05
5.6359e-05
1.40949e-05
6.54109e-06
3.7952e-06
2.67221e-07
9.99055e-07
3.43547e-06
1.93441e-07
1.13959e-06
1.16351e-05
3.59677e-06
6.10426e-06
2.7882e-06
1.7108e-06
5.34297e-06
4.87218e-06
1.57816e-06
5.16019e-06
1.02879e-06
9.58641e-07
1.01691e-06
3.10419e-06
1.13669e-05
2.93493e-06
1.09573e-05
2.15832e-05
1.52576e-05
0.00200661
0.00153195
0.00104401
0.00337935
0.0030144
0.00149279
0.00188544
0.000820375
0.000764706
0.000453613
7.20148e-05
3.79253e-06
6.74161e-05
2.85259e-05
0.000176905
7.67937e-05
9.20786e-05
9.17368e-05
6.93146e-05
8.23503e-05
5.25215e-05
4.07499e-05
4.80493e-05
3.48695e-05
2.56789e-05
3.52864e-05
4.82991e-05
3.5294e-05
4.19829e-05
2.80092e-05
1.97269e-05
2.23723e-05
3.11965e-05
9.55967e-06
1.53079e-05
1.35738e-05
6.99921e-07
2.58951e-07
4.38277e-07
2.26127e-06
6.814e-07
1.52084e-05
6.92156e-06
1.79133e-05
1.10571e-05
2.79652e-05
4.21174e-05
6.22313e-05
3.98512e-05
5.42895e-05
9.9408e-05
9.19934e-05
9.74735e-05
4.69277e-05
6.77851e-05
0.000109031
0.000236034
6.79379e-05
0.000234335
0.000217051
0.000199627
0.000272646
0.000281024
0.000380154
0.000852385
0.000685435
0.00059312
0.000425346
0.000405753
0.000345077
0.000260745
0.000203035
0.000164166
0.000112804
7.39803e-05
5.44908e-05
2.81328e-05
1.68477e-05
9.09042e-06
1.98278e-06
2.7778e-06
5.72823e-06
1.82214e-05
2.22021e-05
2.9717e-05
5.32518e-05
8.10133e-05
0.000113252
0.000154539
0.000154267
0.000264917
0.000287405
0.000336854
0.000339448
0.000362589
0.000441686
0.000543509
0.000570605
0.000656147
0.000602384
0.000625691
0.000681976
0.000637843
0.000710258
0.000842992
0.000952843
0.00106098
0.00104598
0.00107081
0.00114117
0.00121746
0.00125941
0.00132916
0.00129148
0.00111736
0.00111337
0.0011771
0.0011463
0.00136983
0.00135434
0.00125722
0.0012628
0.00127469
0.00143792
0.00137411
0.00128757
0.00130017
0.00122475
0.00132678
0.00122229
0.000984266
0.00100388
0.000944421
0.00106942
0.000983255
0.00087474
0.000836527
0.000957058
0.00089755
0.000775877
0.000721441
0.000673647
0.000756887
0.000675463
0.00062823
0.000650054
0.000596089
0.00068735
0.000617385
0.000546835
0.000559474
0.000518244
0.000431178
0.000428187
0.000381217
0.000479227
0.000433374
0.000392863
0.000286707
0.000275041
0.000238791
0.000270476
0.000218246
0.000177305
0.000150444
0.000141148
0.000128186
9.30355e-05
7.74577e-05
6.81892e-05
4.65741e-05
2.52409e-05
1.55105e-05
1.41675e-05
1.03424e-05
2.27235e-06
8.17823e-07
8.73404e-07
4.71814e-06
5.88129e-06
1.09249e-05
2.1141e-05
2.77834e-05
4.24229e-05
4.84802e-05
6.04551e-05
7.22641e-05
8.26724e-05
8.76516e-05
9.63396e-05
9.96545e-05
0.000112858
0.000116636
0.000128209
0.000132965
0.000141957
0.000142819
0.000169125
0.000172597
0.000164509
0.000165141
0.000179048
0.000180451
0.000197095
0.000205258
0.000213646
0.00022927
0.000229016
0.000233675
0.000176433
0.000185354
0.00018556
0.000148298
3.7202e-05
5.58826e-05
0.000625108
0.000569075
0.001381
0.000210185
0.000138322
0.000132913
0.000455163
0.000451848
0.000301412
0.000547285
0.000817158
0.00083175
9.35418e-05
0.000112612
0.000409855
0.000288497
0.000253685
0.000199674
0.000132946
0.0004518
0.00034491
0.000427931
0.000330108
0.000120113
9.34891e-05
0.000177324
0.000173946
0.000159477
4.23989e-05
2.53737e-05
7.3661e-07
4.35757e-06
4.58355e-06
9.66969e-06
7.15446e-06
1.60327e-05
3.37275e-05
8.58607e-06
1.35929e-05
3.27487e-06
2.83018e-06
1.05553e-06
2.76404e-06
4.15743e-06
1.81979e-06
3.73335e-06
9.48269e-06
2.11396e-05
1.92702e-05
4.14622e-05
4.00806e-05
1.32417e-05
1.19673e-05
0.000109587
0.000107692
9.65302e-05
5.8815e-06
1.15503e-05
2.7998e-06
7.17952e-06
6.22284e-06
2.68098e-06
1.94927e-09
5.71414e-08
4.29522e-06
9.69786e-07
9.50925e-05
5.20143e-05
0.000107265
5.92641e-05
9.08381e-06
1.31466e-05
8.69303e-06
8.10102e-07
1.03589e-06
8.07178e-07
1.84498e-05
8.74436e-06
1.35586e-05
1.37532e-05
9.29489e-05
8.03635e-05
7.40934e-05
0.00015375
0.000112349
8.29395e-05
7.57656e-05
6.80319e-05
3.7274e-05
2.64133e-05
1.12746e-05
6.7867e-06
1.82054e-07
7.16143e-06
1.60791e-05
1.67076e-05
3.04643e-05
2.09626e-05
1.34898e-05
2.68386e-05
5.52015e-09
1.69973e-06
3.04381e-05
0.00010897
0.000170288
0.000111685
0.000109933
0.000131884
3.83597e-05
5.29769e-05
8.25713e-05
0.000101761
8.55915e-05
5.82147e-05
7.1859e-05
6.41166e-05
6.92617e-05
4.66027e-05
6.16327e-05
5.71667e-05
0.000101253
0.000103954
0.000116228
6.63095e-05
8.032e-05
0.000104398
0.000119592
7.96188e-05
9.09307e-05
0.000116918
0.000129095
6.25653e-05
7.10613e-05
0.00011478
0.000112303
0.000125354
0.000130101
9.85701e-05
0.000102724
9.19968e-05
9.4921e-05
5.61828e-05
5.86346e-05
4.97586e-05
7.30684e-05
7.31614e-05
5.32673e-05
4.09769e-05
3.99219e-05
3.63382e-05
4.12438e-05
3.78487e-05
2.05308e-05
1.79782e-05
1.47368e-05
1.00531e-05
8.66719e-06
7.3669e-06
6.50594e-06
6.1867e-06
3.43364e-06
8.64002e-07
8.42545e-07
1.20729e-06
0.00028568
0.0200709
0.0180639
0.0165064
0.0142758
0.0114912
0.0149345
0.0084988
0.0100413
0.00836153
0.000319234
0.000407717
0.000719437
0.00113548
0.000913017
0.000711978
0.000880132
0.000761888
0.000876284
0.000872477
0.000854028
0.000731626
0.000623816
0.000711738
0.000570463
0.000468663
0.000396892
0.000238969
0.000173457
0.000192885
3.79808e-05
1.95035e-05
1.87179e-05
3.09231e-05
3.4074e-07
0.000210339
0.000207398
0.000781928
0.000810352
0.000496919
0.00105497
0.00109056
0.00112308
0.00106399
0.000729232
0.000627084
0.000488548
0.000501072
0.00034142
0.000288431
0.000341388
0.000286859
0.000229333
0.000139456
0.00010305
9.79609e-05
9.1289e-05
0.00011162
3.48246e-05
4.03303e-05
2.49785e-05
2.55607e-05
1.95399e-06
2.63866e-06
7.99033e-07
5.4474e-07
8.9045e-07
1.04209e-06
1.43599e-06
6.35479e-06
3.69076e-05
3.92037e-05
1.89845e-05
1.69784e-05
5.56325e-05
3.24285e-05
2.02152e-05
3.25706e-05
3.57139e-05
2.40233e-05
3.03571e-05
6.59477e-05
9.07647e-05
0.000129607
9.2193e-05
3.96625e-05
4.22209e-05
0.000131717
7.34251e-05
0.000189676
0.000161095
0.000269445
0.000257514
0.000172341
0.000101207
0.000140518
0.000168151
0.000221201
0.000286151
0.000385294
0.000450148
0.000389232
0.000433136
0.000554834
0.000642515
0.00036016
0.00062489
0.000455086
0.000805967
0.000517852
0.000651926
0.000745912
0.000472076
0.000677512
0.000589383
0.000843785
0.000759663
0.000834868
0.000670976
0.00082266
0.000672724
0.000760738
0.0010473
0.000701161
0.000851162
0.00066076
0.00108836
0.000704465
0.000984619
0.00059576
0.000663479
0.000859458
0.000701472
0.000690677
0.000449433
0.000459583
0.000447248
0.00056458
0.000625054
0.000802503
0.000984915
0.000913956
0.000484708
0.000433246
0.000524306
0.000923076
0.000506466
0.000779723
0.000344368
0.000330915
0.000789286
0.000330226
0.000321001
0.000322652
0.000376157
0.000373351
0.000322408
0.000335172
0.000332009
0.000287514
0.000135533
0.000338977
0.00016318
0.000162861
0.000130796
0.000138091
0.00037714
0.000180171
0.000340779
0.00017054
0.000343645
0.000344449
0.000317723
0.000320897
0.000270272
0.000132085
0.000340437
0.000188223
0.000186989
0.000326476
0.000186015
0.000280782
0.000279809
0.000225494
0.000170621
0.000228044
0.000221189
0.000189991
0.000195428
0.000176257
0.000180917
0.000173147
0.000114792
0.000119305
0.000184143
0.000186846
0.000177878
0.000172523
0.000181126
0.000178329
0.000202787
0.000200845
0.000198857
0.000201145
0.000203314
0.000189847
0.000215779
0.000223535
0.00021086
0.00018533
0.000173894
0.00016964
0.000163849
0.000128975
0.000123904
0.000150364
0.000141086
0.000166401
0.000167165
0.000156464
0.00011844
0.000116209
0.000112087
0.000123669
0.000124936
0.000119881
0.000114715
0.000100631
9.02335e-05
7.60462e-05
7.49239e-05
6.90205e-05
6.52702e-05
6.28513e-05
6.01603e-05
5.68724e-05
4.05889e-05
3.19723e-05
3.10849e-05
2.77972e-05
2.24987e-05
1.80776e-05
1.52193e-05
1.20609e-05
6.49813e-06
4.1543e-06
5.8435e-06
3.99386e-06
2.70325e-06
1.42803e-06
5.52759e-07
2.42941e-07
1.85867e-12
7.84268e-09
5.8282e-09
3.80889e-07
3.86021e-06
5.60848e-06
5.58288e-06
8.68326e-06
1.11447e-05
1.25707e-05
1.59203e-05
1.7457e-05
2.05145e-05
2.53292e-05
2.78428e-05
4.28818e-05
4.60737e-05
5.10379e-05
4.06626e-05
4.16029e-05
4.49899e-05
5.49638e-05
5.63766e-05
5.58516e-05
6.09137e-05
6.17079e-05
6.61362e-05
7.18957e-05
7.26233e-05
7.73628e-05
8.838e-05
8.9743e-05
9.5377e-05
9.70651e-05
9.94184e-05
0.000114086
0.000116405
0.000101476
0.000100758
0.000102623
0.000108395
0.000110266
0.000111794
0.000112138
0.000102787
0.000101906
0.000104327
7.50207e-05
7.51542e-05
7.72811e-05
7.4811e-05
7.65304e-05
7.75835e-05
7.49768e-05
7.44242e-05
7.69287e-05
7.5932e-05
7.6535e-05
8.1926e-05
8.04457e-05
7.95655e-05
7.8779e-05
8.06951e-05
7.06261e-05
6.95355e-05
7.05864e-05
7.41588e-05
7.32222e-05
7.60474e-05
6.93736e-05
6.83744e-05
6.90502e-05
6.62645e-05
6.79132e-05
7.03925e-05
7.01976e-05
6.38455e-05
6.44814e-05
6.91072e-05
6.9141e-05
7.50944e-05
7.92206e-05
6.22702e-05
6.5751e-05
5.69668e-05
5.77673e-05
6.1978e-05
6.2056e-05
6.2658e-05
0.000159016
0.000155998
0.000162726
0.000164966
0.00016464
0.000164716
0.000169456
0.000158287
0.000164996
9.37781e-05
9.36119e-05
8.81787e-05
8.69079e-05
8.67859e-05
0.00011879
0.000117047
1.93609e-06
9.41211e-06
0.000190348
0.000211169
0.00144496
0.00124826
0.00216076
0.00196207
0.00149656
0.00137061
0.00251834
0.00223943
0.000529566
0.000452032
0.000271385
0.000226296
0.000217051
0.000181326
0.000171599
5.22221e-05
4.17909e-05
7.7672e-05
4.75455e-05
2.5299e-05
2.95869e-05
2.54047e-05
2.89639e-05
3.0284e-05
2.33512e-05
0.000134454
0.000125526
7.76083e-05
7.29975e-05
5.72016e-07
3.97696e-06
3.24333e-06
0.000113969
0.000101446
8.22612e-05
6.57849e-05
1.50676e-05
2.21301e-05
1.01813e-05
2.02063e-05
2.05451e-05
2.51344e-07
9.63847e-06
1.51751e-05
2.56436e-05
0.00011672
0.000117658
0.000202693
0.000209411
0.00021691
4.63039e-08
2.5126e-06
1.85182e-06
1.34182e-05
2.67141e-05
2.13624e-05
7.48414e-06
1.47554e-05
4.17334e-06
1.01965e-06
1.67285e-08
3.61745e-06
4.70116e-06
7.17213e-07
6.08991e-07
2.20746e-05
3.09091e-05
6.29578e-06
9.2259e-06
8.0258e-05
8.94584e-05
7.79495e-05
5.12641e-05
5.26105e-05
9.36558e-05
9.35386e-05
6.7999e-06
7.99438e-06
3.07431e-05
2.96997e-05
2.99121e-05
3.05157e-05
2.65803e-05
7.58931e-05
7.29967e-05
6.6188e-05
6.95833e-05
6.15588e-05
5.00908e-05
4.45724e-06
2.69355e-06
1.93563e-06
5.61148e-06
2.8723e-06
1.98657e-06
1.76335e-06
6.11476e-06
1.35981e-07
3.73587e-06
4.26234e-08
2.8549e-06
2.7695e-06
8.84709e-06
2.14227e-05
3.70953e-05
6.345e-05
4.22282e-05
7.75296e-05
7.29132e-05
0.000116604
0.000147274
0.000166872
0.000238501
0.000233009
0.00012736
0.000197532
0.000198977
0.000291551
0.000318301
0.000446894
0.000440445
0.000375801
0.000343084
0.00182056
9.01601e-05
0.00167665
0.00125726
0.000975574
0.000892402
0.00114135
0.000879556
0.000792699
0.000491557
0.000354898
0.000314057
0.000303176
0.000198257
0.00018735
0.000150461
8.87154e-05
8.51728e-05
7.6436e-05
3.96213e-05
1.23819e-05
3.07028e-06
1.27081e-05
1.67393e-06
3.17181e-06
5.57681e-08
1.6206e-06
3.78447e-06
2.48814e-08
3.53554e-10
3.29749e-07
6.21879e-06
3.39338e-06
2.9665e-07
2.769e-05
4.16988e-05
6.28911e-05
4.63975e-05
5.84591e-06
1.65982e-05
1.24515e-05
2.98869e-05
4.81412e-05
3.17933e-05
3.72912e-05
4.60123e-05
6.31087e-05
6.77225e-05
2.13241e-05
3.56297e-05
2.8032e-05
1.25602e-05
1.17007e-05
8.56491e-06
0.0412942
0.0377147
0.0343082
0.0311065
0.0279419
0.0241794
0.0211146
0.0176327
0.0146457
0.011763
0.00926362
0.00719689
0.00525205
0.00436999
0.0040024
0.00262967
0.00260455
0.00151725
0.00130687
0.00062984
0.000511855
0.000482887
2.66017e-05
0.000125042
1.48229e-06
7.70008e-06
1.84592e-05
3.82234e-06
2.4689e-06
2.82667e-07
8.51252e-07
3.77309e-07
4.98342e-06
8.55132e-06
4.22271e-06
1.6476e-07
3.68171e-06
4.37762e-06
1.56861e-06
9.68046e-06
1.53472e-05
2.01686e-05
6.42285e-06
1.15007e-05
6.76415e-06
1.55583e-05
8.40223e-06
3.9295e-05
3.33926e-05
3.7825e-05
4.32974e-05
4.65908e-05
7.49687e-05
9.42711e-05
0.00012386
0.000124584
8.07812e-05
0.000142499
0.000250792
0.000232212
0.000209565
0.000290833
0.000288406
0.000327102
0.000270487
0.000357021
0.000390792
0.00040855
0.000377742
0.000437297
0.000357677
0.000418835
0.000342307
0.000352859
0.000391746
0.000321997
0.000440612
0.000387037
0.00045428
0.000361916
0.00228085
0.00204321
0.00175827
0.00143893
0.00115699
0.000847732
0.000733161
0.000595801
0.000443443
0.00045085
0.000340739
0.000246933
0.000153749
0.000149969
9.17795e-05
3.81883e-05
9.64432e-06
2.14727e-05
4.31767e-06
7.61684e-07
1.65097e-06
2.91073e-06
7.65343e-06
1.41855e-05
2.46132e-05
3.94712e-05
8.54598e-05
0.000103284
0.000137279
0.000132143
0.000151142
0.000199342
0.000189601
0.000209582
0.000252945
0.000290264
0.000313382
0.000378743
0.000391136
0.000415939
0.000493527
0.00052701
0.000552667
0.000645206
0.000654065
0.00074343
0.000832286
0.000862434
0.000890024
0.000985592
0.00110625
0.00123533
0.00116231
0.00129455
0.00132585
0.00123914
0.00131284
0.00123088
0.00114403
0.00117621
0.00107404
0.00107914
0.00102679
0.000993854
0.000929017
0.000933367
0.000871777
0.000928917
0.000804582
0.000757077
0.000647086
0.00057486
0.000730075
0.000711884
0.000596651
0.00056191
0.000543622
0.000525245
0.000446469
0.000544928
0.000517062
0.000343374
0.000425025
0.000325019
0.000288193
0.000224944
0.000184555
0.000194848
0.000168919
0.000141354
0.000110163
9.60855e-05
8.73267e-05
6.15334e-05
4.41745e-05
2.6278e-05
2.74596e-05
2.29436e-05
1.03487e-05
9.0938e-06
2.76986e-06
2.21069e-07
1.48227e-07
1.30614e-06
4.50713e-06
1.23286e-05
1.72153e-05
2.35858e-05
2.89508e-05
3.78438e-05
4.42871e-05
5.0236e-05
6.28957e-05
7.34367e-05
7.62952e-05
8.45662e-05
8.99749e-05
9.21187e-05
0.000102378
0.000117847
0.000114963
0.000132068
0.000134171
0.000138358
0.000148749
0.000159351
0.00016125
0.000166254
0.000165734
0.000170633
0.000178923
0.000180859
0.000181512
0.000181523
0.000190545
0.000202976
0.000206257
0.000223201
0.00022419
0.000230065
0.000210914
0.00021
0.000214526
0.000209221
0.000121271
0.000112874
0.000960861
0.00114069
0.00209641
0.000861377
0.000283165
0.000187411
0.00208102
0.0020518
0.00187986
0.00210867
0.00212854
0.00167605
0.00167818
0.000513162
2.03101e-05
5.24822e-06
0.00043379
0.000315107
0.000514898
0.00038274
0.000345207
0.000258583
0.000103088
6.55048e-05
4.86876e-05
2.12126e-05
3.39122e-05
0.00011474
0.000142802
0.000176854
0.000155593
0.000307193
0.000317243
8.35716e-06
1.7483e-05
0.000122021
0.000143542
1.4691e-05
2.73735e-05
2.17421e-05
6.27685e-05
8.06816e-05
7.74217e-05
0.000247312
0.000254675
0.000231477
0.000242545
0.0001175
0.000133093
0.000218981
0.000224152
0.00012357
9.75488e-05
6.10006e-05
6.39542e-05
7.99558e-05
4.13783e-05
9.54672e-05
6.37319e-05
0.000133202
9.169e-05
7.85723e-05
5.23663e-05
4.133e-05
1.11344e-05
1.44584e-07
1.04332e-07
8.79164e-07
5.93488e-07
6.35296e-07
3.66779e-07
1.3101e-06
1.15489e-06
1.64974e-06
6.80016e-06
5.82827e-06
4.45989e-06
1.36784e-08
1.47218e-06
2.2894e-06
4.58756e-06
2.46597e-05
1.44473e-05
6.743e-05
0.000136529
0.000146959
0.000117465
0.000137749
0.000460677
0.000472407
0.000201935
0.000402872
0.00028872
0.000516426
0.000216545
0.000308845
0.00028443
0.000302668
0.000322605
0.000439321
0.000423571
0.00058436
0.000540481
0.000458533
0.000743648
0.000746259
0.000984258
0.000885138
0.000643428
0.000790077
0.000694238
0.000662307
0.0014071
0.00125692
0.00069922
0.000942036
0.000801901
0.00116493
0.00139422
0.0011249
0.0013871
0.00141333
0.0018121
0.00153929
0.00147456
0.00174662
0.00145707
0.00121585
0.00242045
0.0020062
0.00117917
0.00245428
0.00199409
0.000919303
0.00124733
0.00108496
0.0387263
0.0298754
0.0210126
0.0135219
0.00760551
0.00407725
0.00220118
0.00100284
0.00045025
0.000183008
3.34631e-05
7.62084e-06
6.10024e-06
3.83309e-05
9.00198e-06
1.24848e-06
3.88926e-06
3.74494e-07
9.10726e-06
9.92233e-06
4.82867e-06
4.2428e-06
6.79368e-07
6.36024e-06
7.75948e-07
1.42481e-08
0.000157422
0.000136075
0.000181277
9.58981e-05
6.16088e-05
5.01305e-05
1.5074e-05
1.62171e-05
1.18089e-05
5.58721e-06
8.7164e-06
1.12209e-06
1.74974e-06
3.60059e-08
3.41387e-09
1.3437e-06
1.00114e-07
4.69402e-06
7.62645e-06
1.86295e-06
0.0167178
0.015736
0.0139741
0.0120244
0.0117392
0.0103066
0.00913063
0.008754
0.00778223
0.00725295
0.0066877
0.00641081
0.005765
0.005011
0.00428844
0.00378876
0.00321432
0.00279856
0.00253978
0.00200346
0.00174774
0.00159375
0.00101381
0.000853022
0.000892154
0.000347653
0.000438105
0.000258829
0.000250653
1.79535e-05
5.07574e-06
2.1486e-05
6.54453e-05
5.25548e-05
0.000276586
0.000316997
0.00037818
0.000381352
0.000231822
0.000249852
0.000289357
0.000172838
0.000150542
0.000156846
0.000138112
0.000117204
0.000117654
0.000102137
9.4511e-05
7.03235e-05
7.64242e-05
4.9532e-05
3.21702e-05
3.2334e-05
2.7322e-05
1.08282e-05
9.34243e-06
7.44775e-06
1.85846e-05
4.96627e-06
2.51941e-06
3.23873e-07
8.54319e-06
3.84788e-06
6.37708e-06
8.62297e-06
7.49883e-07
1.79971e-05
3.86885e-05
9.68379e-05
4.63913e-05
0.000108689
0.000127558
0.000129128
0.00012866
0.000156414
0.00012444
0.000116037
8.78829e-05
0.000140767
0.00021255
0.00031153
0.000145276
0.000321756
0.000359642
0.000300601
0.000334077
0.000204896
0.000325021
0.000276489
0.000334564
0.000272508
0.000280519
0.000478275
0.00033994
0.000406363
0.000397306
0.000295376
0.000327207
0.000235948
0.000340733
0.000391085
0.00059965
0.000292401
0.000440234
0.000424033
0.000615774
0.000446407
0.000776292
0.000523265
0.000746383
0.000558917
0.000515068
0.000336637
0.000363663
0.000825054
0.000669282
0.000835561
0.000533029
0.000700786
0.000864981
0.000393861
0.000504571
0.000421144
0.000540172
0.000440024
0.000566613
0.000651972
0.00059195
0.000812177
0.000486221
0.00067503
0.00051683
0.000655118
0.000748664
0.000502088
0.000624673
0.000697549
0.000539953
0.000736625
7.94118e-05
4.48747e-05
0.000601051
1.19899e-05
8.20713e-07
1.00827e-06
1.09372e-05
2.53347e-05
8.26978e-05
0.000104005
0.000141345
0.000129825
0.000182507
0.00030787
0.000339991
0.000396803
0.000410945
0.000442742
0.000491074
0.000470366
0.00054997
0.000538396
0.000568095
0.000563199
0.000552429
0.00055579
0.000615263
0.000641063
0.000628996
0.000608609
0.000613278
0.00055694
0.000581455
0.00057226
0.000522018
0.000545675
0.000540016
0.000685673
0.000676606
0.000635665
0.000462864
0.000484451
0.000480863
0.000518934
0.000522268
0.00057842
0.000535717
0.000512019
0.000486816
0.000582165
0.00059814
0.00058313
0.000471784
0.000447806
0.0004352
0.000388051
0.000383466
0.000446751
0.000441444
0.000438378
0.00044187
0.000443606
0.000448778
0.000337931
0.000327689
0.000358266
0.000353087
0.000336021
0.000321517
0.000335174
0.000325762
0.000317455
0.000219239
0.000207091
0.000234063
0.000230763
0.000216436
0.000203566
0.000199544
0.000172422
0.000166196
0.000141978
0.0001232
0.00011228
0.000110009
8.33975e-05
7.22035e-05
6.94048e-05
6.02192e-05
5.34553e-05
4.14384e-05
3.69502e-05
2.44602e-05
1.99105e-05
1.43062e-05
1.12652e-05
8.98766e-06
5.44622e-06
8.40056e-07
1.30827e-07
2.0328e-10
4.55307e-07
2.29526e-06
3.57205e-06
5.61128e-06
7.85022e-06
1.17476e-05
1.37613e-05
1.73266e-05
2.39261e-05
2.64007e-05
2.90652e-05
2.74076e-05
4.49931e-05
4.07933e-05
4.33134e-05
5.21745e-05
5.4252e-05
6.08022e-05
5.58896e-05
5.63252e-05
5.8896e-05
7.02138e-05
7.1144e-05
7.59515e-05
8.33268e-05
8.11672e-05
8.58603e-05
8.696e-05
8.33221e-05
8.5122e-05
9.07171e-05
9.20811e-05
0.000104006
0.000103966
0.000105015
0.000106686
0.000101262
9.96328e-05
0.000101853
0.000119867
0.00010986
0.00019564
0.000179333
0.000115724
0.000179854
0.000173839
0.000169117
0.000163376
0.000163618
0.000161483
0.00016192
0.000150943
0.000147508
0.000155279
0.000155764
0.00015387
0.000148135
0.000146887
0.000146206
0.000144953
0.000141978
0.000144021
0.000130227
0.000162755
0.00016812
7.58539e-05
7.58676e-05
7.59257e-05
7.57425e-05
7.566e-05
7.56557e-05
7.56683e-05
7.56877e-05
7.90675e-05
7.77728e-05
8.07265e-05
8.04374e-05
8.14457e-05
0.000689202
0.000736183
0.00343283
0.00326701
0.00292242
0.000154275
0.000121723
0.000573609
0.000396145
0.00033798
8.11562e-05
5.70904e-05
5.43235e-05
5.57834e-05
5.4996e-06
9.49542e-06
0.000311948
0.000316879
0.000290731
0.000221766
0.000231321
0.000190566
0.000190091
0.000196397
0.000164543
0.000281527
0.000289407
0.000461414
0.000446881
0.000535531
0.000508882
0.000368638
0.000346383
0.000688399
0.000504386
0.000471323
0.000478828
0.0004536
0.000397205
0.000289167
0.000374343
0.000349232
0.000306824
0.000280608
0.000260394
0.000412661
0.000377957
0.000331226
0.000181756
0.0019141
0.00147578
0.00149194
0.00119797
0.000860244
0.000660037
0.00049449
0.000444403
0.000372576
0.000271741
0.000335492
0.000237303
0.00021769
0.000189781
0.000132276
0.000109465
7.53476e-05
8.79271e-05
5.28473e-05
4.50073e-05
6.42684e-05
3.60586e-05
3.66507e-05
1.16544e-07
1.54076e-06
1.53747e-06
3.896e-06
1.02519e-05
7.5344e-06
3.44707e-06
3.34044e-08
4.9938e-07
7.93221e-07
9.18404e-05
0.000108788
8.7536e-05
4.52247e-05
3.10529e-05
4.97726e-05
4.24643e-05
3.40823e-05
1.39073e-05
0.00532268
0.00354446
0.00278721
0.00214498
0.00179612
0.00114725
0.000855274
0.00035394
0.000242669
0.000270489
0.000460268
0.000334074
0.000645725
0.000463082
0.000381425
5.77585e-05
3.14285e-05
2.77589e-05
0.000202123
0.000266937
0.000181191
2.22901e-05
8.32337e-06
7.03708e-06
2.07354e-05
3.69928e-05
4.56872e-05
7.61503e-05
8.67929e-05
0.000107783
0.000109324
1.05892e-05
3.48884e-06
4.07314e-06
1.82355e-07
3.61913e-07
6.41179e-07
1.43952e-05
4.37924e-06
5.35451e-06
2.81646e-07
6.14307e-09
1.70448e-06
1.09619e-06
1.29908e-05
0.000310108
0.000258399
1.09487e-05
4.62127e-06
0.00107123
0.0007999
0.00182203
0.00205324
0.00169013
0.00122215
0.000783401
0.000530712
0.000416583
0.000438602
0.000296049
0.000136961
8.16013e-05
7.15919e-05
5.7649e-05
3.38795e-05
5.63112e-05
3.4848e-05
3.96936e-06
3.4145e-07
1.04391e-06
1.35677e-06
2.29842e-07
5.22048e-07
2.2229e-07
5.51364e-07
6.38299e-07
7.0204e-06
1.42906e-06
2.57796e-06
1.82555e-05
1.0968e-05
3.66777e-07
3.87871e-07
6.03258e-06
4.85467e-06
1.65523e-06
3.64553e-07
1.62656e-06
2.26336e-06
1.07129e-05
8.42792e-07
0.00064885
0.000548612
0.000987621
0.00328363
0.00209195
0.00173142
0.00150284
0.000699948
0.000408654
6.16666e-05
3.46901e-05
9.17671e-05
1.06439e-05
0.000155812
0.000184536
0.000121451
0.000108827
5.23356e-05
7.01962e-05
6.10481e-05
6.71117e-05
4.58566e-05
3.42515e-05
4.12516e-05
5.32494e-05
4.23321e-05
2.97219e-05
4.23612e-05
1.96791e-05
3.44635e-05
3.45024e-05
8.69591e-06
1.76577e-05
1.55942e-05
9.84369e-07
6.63974e-08
3.69028e-08
5.42887e-06
3.92666e-06
9.86344e-06
1.51957e-06
5.33312e-05
2.28353e-05
3.20747e-05
3.60516e-05
6.41369e-05
7.85793e-05
5.38054e-05
9.28855e-05
3.44755e-05
6.27067e-05
9.21641e-05
0.000123089
0.000135099
8.0147e-05
0.000110594
0.000148596
9.98023e-05
0.000126988
0.000109734
0.000166491
0.000214152
0.000286136
0.000266264
0.000180241
0.000274065
0.000800263
0.000712148
0.00043728
0.000494716
0.000368639
0.000334226
0.000229354
0.00016099
0.000126162
8.4188e-05
3.1122e-05
9.58586e-06
1.75105e-05
3.98247e-06
1.43394e-06
1.58929e-08
2.78202e-06
7.04972e-06
2.6548e-05
4.9439e-05
5.87488e-05
9.31666e-05
6.87115e-05
8.20512e-05
0.000117924
0.000175325
0.000247741
0.000244954
0.000299507
0.00035705
0.000379891
0.000518496
0.000624788
0.000583123
0.000602786
0.000700617
0.000737149
0.000800927
0.000809548
0.000869809
0.000981875
0.00100922
0.00109922
0.00113457
0.00121571
0.0011941
0.00121772
0.00126845
0.00137291
0.00105717
0.00108563
0.00107181
0.00128359
0.00126901
0.00127573
0.00103129
0.00104382
0.00110437
0.00112995
0.00113458
0.00142154
0.0013265
0.00135734
0.00106926
0.00113668
0.00107946
0.001175
0.00119217
0.00108842
0.00102455
0.00104014
0.000947393
0.000987274
0.000909264
0.000809244
0.000751144
0.000825027
0.00076842
0.000708217
0.000616255
0.000664566
0.000594585
0.000616351
0.000571692
0.000609467
0.000546003
0.000600669
0.000550508
0.000485326
0.000394698
0.000335496
0.000401243
0.00029731
0.000303714
0.000273079
0.000208029
0.000193647
0.00016045
0.000172896
0.000162864
0.000128421
8.26927e-05
7.15008e-05
4.94381e-05
4.76522e-05
2.2583e-05
1.40996e-05
9.28209e-06
2.7331e-06
1.00305e-06
2.56588e-07
1.4171e-06
3.03155e-06
7.04946e-06
1.16713e-05
1.89837e-05
2.80328e-05
3.33189e-05
4.16888e-05
4.52644e-05
4.85154e-05
5.47919e-05
6.65613e-05
7.56524e-05
8.26921e-05
8.56937e-05
9.11192e-05
9.77288e-05
0.000104773
0.000110695
0.000130511
0.000133877
0.000130274
0.000137309
0.000140858
0.000146877
0.000147857
0.000155214
0.000170545
0.000172381
0.00017947
0.00018842
0.000190744
0.00019198
0.000194097
0.000202992
0.000204052
0.000203593
0.000228401
0.000230051
0.00023922
0.000256706
0.000259394
0.000196043
0.000197421
0.00020909
0.000209411
0.000190801
0.000181461
0.00017946
0.000239003
2.04761e-07
0.00359812
0.00010699
0.000344485
0.000369137
0.000334784
0.00158772
0.000323042
0.000597435
0.000573355
0.000751878
0.000797869
1.69668e-05
3.7459e-05
3.0993e-05
0.000405674
0.000279211
0.000263634
0.00182276
0.00148452
0.00132672
0.00197177
0.00170493
0.00155944
0.00189737
0.0016404
0.00152699
0.00107594
0.000888944
0.000634061
0.000540121
0.000351188
0.00031876
0.000203666
0.00018133
3.3429e-05
1.4517e-05
1.35451e-05
2.85161e-05
1.57941e-05
1.54731e-05
2.92408e-06
4.95007e-08
7.24646e-07
2.36825e-05
4.05735e-05
4.07985e-05
0.000109121
0.000127349
5.13639e-05
4.36368e-05
0.000126563
0.000103058
0.000263011
0.000253311
0.000212489
0.000135449
0.000107957
8.79258e-05
9.67984e-05
7.48982e-05
6.93235e-05
7.18349e-06
2.98391e-06
1.67663e-06
2.12806e-05
2.20036e-05
1.88336e-05
7.31444e-06
1.85563e-05
1.46201e-06
9.97635e-07
3.90885e-05
1.51303e-05
1.05093e-05
7.93448e-07
1.38496e-06
1.90398e-06
3.51545e-06
3.54102e-06
4.22706e-06
3.7986e-06
2.96304e-06
3.76964e-06
1.17829e-05
5.92493e-06
2.87489e-06
1.49831e-06
3.43239e-08
1.27004e-05
2.4801e-05
2.32889e-05
6.49455e-06
1.40663e-05
1.45919e-05
2.50785e-06
2.94511e-07
2.01699e-07
1.20828e-05
2.66458e-06
8.0124e-08
2.19168e-06
1.39572e-06
2.69589e-07
1.27549e-06
9.5337e-06
2.23084e-05
1.73124e-05
3.31629e-06
2.7139e-08
1.75162e-05
2.80171e-05
2.90337e-05
4.24844e-05
0.000136425
0.000163456
0.000146271
6.94766e-05
8.0252e-05
9.17416e-05
6.33696e-05
7.74783e-05
4.82001e-05
6.52546e-05
6.05114e-05
5.60703e-05
6.81336e-05
6.34424e-05
7.56524e-05
6.73852e-05
8.26346e-05
4.51771e-05
6.08165e-05
5.38575e-05
8.35053e-05
9.46293e-05
3.41182e-05
4.67758e-05
4.02716e-05
7.69411e-05
9.01291e-05
0.000114857
0.00012072
8.59296e-05
0.000100474
9.3041e-05
0.000173535
0.000174569
0.000101908
0.000101513
7.42395e-05
8.35462e-05
7.45917e-05
5.04051e-05
5.38534e-05
5.72309e-05
7.87247e-05
8.25574e-05
3.73896e-05
4.05847e-05
3.17286e-05
5.68613e-05
5.63419e-05
5.25131e-05
4.81442e-05
4.1943e-05
2.87186e-05
2.3061e-05
9.18309e-06
5.24941e-06
2.13376e-05
1.97311e-05
1.4005e-05
4.14202e-06
2.38504e-06
7.96024e-06
4.3694e-05
1.16885e-05
0.0212879
0.0184458
0.0175454
0.0143162
0.0135956
0.0155076
0.0128797
0.0110193
0.000125894
0.000398966
0.000361098
0.0006843
0.000553737
0.000479465
0.000755055
0.000649591
0.000651519
0.000805954
0.000638925
0.00063826
0.000480625
0.000486123
0.000383806
0.00044641
0.000293861
0.000293458
0.000126578
2.61238e-05
1.48863e-05
2.60994e-05
2.77229e-05
3.36669e-05
0.000259733
0.00016362
0.000282503
0.000545124
0.00071454
0.00075828
0.00110906
0.000941888
0.000998935
0.000601597
0.000617689
0.000678314
0.000371718
0.000304274
0.000320892
0.000219697
0.000172581
0.000181087
0.000224394
0.000175566
0.000159743
0.000116836
0.000146262
0.000103797
6.8603e-05
0.000105926
0.000102593
4.03829e-05
4.69285e-05
4.13916e-05
1.86394e-05
1.40692e-05
2.67983e-05
2.23558e-06
4.41124e-06
1.19945e-05
7.15363e-06
5.79159e-06
3.74212e-06
2.08497e-05
1.78236e-05
4.00243e-05
7.79683e-06
3.83608e-05
4.83411e-05
2.55541e-05
3.75426e-05
1.58669e-05
5.00442e-05
0.000123018
0.000165863
0.000121064
3.95303e-05
0.000113179
0.000123404
6.78823e-05
9.59201e-05
0.000114506
0.00011865
0.000204166
0.000122838
0.000175504
8.61168e-05
0.000170795
9.66044e-05
0.000146621
0.000247069
0.000340628
0.00039443
0.000230062
0.000376713
0.000190061
0.00034035
0.000226556
0.000386425
0.000368509
0.000272014
0.000380016
0.000469973
0.00029049
0.000474554
0.000446321
0.000649552
0.000319423
0.000388942
0.000529403
0.000400688
0.000693827
0.00054718
0.000644145
0.0003726
0.000758301
0.00041005
0.000434937
0.000522726
0.000776649
0.000570172
0.000744421
0.000592345
0.000773128
0.000805123
0.000982554
0.00101621
0.000620077
0.000759867
0.000820073
0.000438628
0.000564323
0.000634556
0.00091931
0.000569082
0.000801194
0.000959522
0.000967397
0.000589048
0.000761623
0.00109215
0.00057827
0.000731279
0.000703571
0.000846693
0.00016592
0.000176407
0.000273482
0.00011268
0.000876814
0.000253008
0.000195389
0.000197532
0.000188625
0.000191689
0.000290021
0.000286128
0.000258415
0.000269461
0.000268362
0.000284644
0.000130991
0.000100344
0.000110011
0.0002581
0.000258771
0.000308613
0.000170664
0.000129789
0.000140893
0.000136939
0.000177895
0.000162851
0.000161375
0.000150551
0.00016059
0.00016146
0.000199255
0.000208094
0.000199831
0.000148527
0.000151336
0.000183735
0.000178713
0.0001161
0.000116108
0.000184436
0.000179929
0.000161977
0.000154135
0.000161714
0.000165289
0.000175962
0.000168559
0.000136742
0.000144353
0.000142589
0.000168668
0.000176207
0.000171294
0.000157341
0.000163342
0.000161042
0.000173742
0.000172952
0.00015842
0.000152128
0.000149647
0.000143445
0.000137021
0.000125639
0.000146716
0.000149372
0.0001392
0.000129544
0.000127572
0.000121774
9.19419e-05
8.23303e-05
8.27826e-05
7.77847e-05
7.46736e-05
8.84867e-05
7.99363e-05
6.40238e-05
6.40641e-05
4.92156e-05
4.33301e-05
3.85244e-05
3.27701e-05
1.99142e-05
1.79853e-05
1.40231e-05
7.17332e-06
4.61626e-06
8.20468e-06
5.26517e-06
5.12029e-06
3.68721e-06
1.82663e-06
4.32137e-10
1.25049e-08
1.24384e-07
2.40539e-06
4.20118e-06
6.25265e-06
7.7616e-06
1.10401e-05
1.3447e-05
1.5268e-05
1.78173e-05
2.52336e-05
2.90065e-05
3.05666e-05
3.21827e-05
3.36774e-05
3.54074e-05
4.02273e-05
5.07357e-05
4.20846e-05
6.04799e-05
6.54755e-05
7.13235e-05
7.454e-05
7.52611e-05
8.03021e-05
8.14715e-05
8.35704e-05
7.83704e-05
7.84519e-05
8.29811e-05
8.43658e-05
8.89528e-05
5.72102e-05
5.94033e-05
5.95958e-05
5.97659e-05
6.22448e-05
5.26021e-05
5.20608e-05
5.35933e-05
6.08503e-05
6.12016e-05
6.24775e-05
6.19904e-05
6.38394e-05
6.19453e-05
6.13606e-05
6.22616e-05
5.87359e-05
5.76913e-05
6.45667e-05
6.39874e-05
6.62198e-05
5.90858e-05
5.87275e-05
6.21034e-05
6.23567e-05
5.53535e-05
5.53456e-05
4.94947e-05
4.88477e-05
4.93624e-05
5.42651e-05
5.4625e-05
4.70546e-05
4.92255e-05
4.72273e-05
4.70128e-05
4.84277e-05
5.24854e-05
5.25168e-05
5.35488e-05
5.34238e-05
5.71404e-05
5.66209e-05
5.76644e-05
2.76835e-05
2.89302e-05
2.91534e-05
0.000163165
0.000162313
0.000169535
0.000169466
0.000173216
0.000183606
0.000183527
0.000184166
0.000172861
0.000174761
9.73181e-05
9.73336e-05
0.000156672
9.34555e-05
9.3761e-05
9.3369e-05
