0.000647176
0.000512678
0.000513553
0.000457224
0.000401833
0.000387678
0.000347036
0.000348621
0.000115714
0.000130732
0.000105784
0.000129225
0.000101116
0.00011677
0.000132531
0.000140377
0.000161287
0.000196073
0.000220075
0.000253196
0.000365998
0.000531592
0.000776064
0.00107194
0.00153743
0.00209378
0.00271357
0.00423985
0.00550489
0.00284244
0.00217321
0.000533461
0.000196086
5.81539e-08
9.74706e-05
0.000126531
5.42497e-05
2.09598e-06
2.7537e-07
4.28868e-05
0.000291167
0.00049925
0.000441119
0.000409036
0.000813216
0.00101461
0.000928347
0.000967111
0.00130466
0.00255142
0.00313695
0.00390957
0.00399455
0.00310259
0.00411675
0.00399215
0.00519271
0.00357078
0.00485142
0.00587964
0.00484556
0.00557014
0.00663931
0.00641601
0.00496931
0.00834008
0.00685616
0.00501251
0.0125117
0.0112189
0.01111
0.00709017
0.00867436
0.00961457
0.0110063
0.0136486
0.0144325
0.0190479
0.022467
0.0140888
0.0119937
0.0260148
0.0334574
0.00211309
0.00223239
0.00232952
0.00231552
0.00237216
0.00253985
0.00209917
0.00234
0.00237623
0.00248689
0.00248336
0.00239847
0.00282739
0.00227945
0.00242083
0.00249941
0.00189809
0.00255714
0.00049069
0.0004812
0.00181552
0.000310694
0.000284451
0.000152589
0.000715353
0.000362545
0.000166926
0.00151265
0.000165851
0.00152001
0.00236625
0.00430814
0.00333333
0.00456982
0.00510165
0.00875222
0.00615411
0.0065243
0.013462
0.00630717
0.00982864
0.00667977
0.00980582
0.0102305
0.00748098
0.0102309
0.00892752
0.00935327
0.00847422
0.00972182
0.00881477
0.00665877
0.00768909
0.00728877
0.00698585
0.00701787
0.00938807
0.00707012
0.00616945
0.00585653
0.00435538
0.00200922
0.00205769
0.000247424
1.60988e-05
1.45193e-05
9.35653e-07
0.000603669
0.001324
0.000875701
0.0017263
0.00236763
0.00204467
0.00604544
0.00115097
0.00273164
0.000402039
0.00155948
2.90387e-11
3.07178e-11
3.50746e-11
3.72706e-11
9.91087e-11
0.00047928
0.0012781
0.00325929
0.00542361
0.00800582
4.17811e-05
0.0106638
0.0205998
0.0151999
0.0070104
0.00632888
0.0138964
0.0150494
0.0153492
0.0125332
0.00887627
0.00681032
0.00171938
0.000176354
0.000396539
0.00210046
0.00913982
0.0144521
0.0222174
0.0131491
0.012059
0.0107337
4.55459e-07
5.04662e-07
4.06433e-07
3.64616e-07
3.51193e-07
5.71961e-07
1.00999e-06
1.53428e-06
1.36512e-06
1.3539e-06
1.6912e-06
2.18637e-06
1.93272e-06
2.7874e-06
3.02683e-06
3.28728e-06
4.01956e-06
3.41144e-06
3.81441e-06
4.11872e-06
4.11619e-06
3.98408e-06
4.37707e-06
4.37612e-06
3.99782e-06
4.47516e-06
3.83069e-06
3.77163e-06
4.44757e-06
5.08089e-06
4.3628e-06
5.46036e-06
5.99374e-06
6.61272e-06
8.19106e-06
2.14177e-05
1.76117e-05
1.5327e-05
1.49645e-05
1.36084e-05
1.25984e-05
1.16318e-05
1.14028e-05
1.05445e-05
1.10798e-05
1.03246e-05
4.41442e-06
4.34594e-06
4.49609e-06
4.61726e-06
4.88823e-06
4.66021e-06
5.55357e-06
5.79277e-06
6.69899e-06
8.52933e-06
1.08289e-05
1.5949e-05
2.69503e-05
4.19772e-05
7.00257e-05
0.000153242
3.82145e-05
0.000994635
0.00532493
0.0118107
0.0166077
0.0166997
0.01735
0.0142175
0.0114775
0.00827731
0.00461418
0.00355685
0.00266066
0.000536076
0.000594429
0.00041248
3.72923e-05
9.14274e-05
7.53232e-05
5.12212e-05
1.6223e-05
3.72301e-05
0.000111894
2.66145e-05
0.000109663
0.000128281
0.000246661
0.000639176
0.000480262
0.000669799
0.000978917
0.00169902
0.00203022
0.00243514
0.00381831
0.00370003
0.00501791
0.00527217
0.00974359
0.00978763
0.011404
0.0108186
0.0194399
0.0175599
0.0233543
0.027796
0.0153404
0.0172981
0.0224733
0.0219054
0.0277701
0.0442464
0.0434515
0.0315676
0.0357394
0.0289764
0.0275095
0.0237141
0.00313351
0.00314504
0.023485
0.00377373
0.00297932
0.00243875
0.0025226
0.00252715
0.00281842
0.00294581
0.00384305
0.00283974
0.00360104
0.00329115
0.00200124
0.000172089
2.45309e-05
0.000620075
1.10647e-05
0.000452007
0.00129238
0.0016018
0.000952729
0.00162528
0.00272444
0.00257069
0.00390488
0.00490159
0.00500891
0.00463417
0.00466095
0.00391853
0.00707957
0.0069732
0.00664572
0.00756611
0.00672005
0.00657802
0.00735062
0.00684031
0.00725381
0.00461112
0.00745877
0.00418638
0.00423408
0.00683029
0.00393695
0.00624538
0.0046471
0.00689024
0.00445305
0.00478391
0.00489931
0.00425919
0.00136876
0.00254184
0.00196176
0.00142647
0.0012176
0.000302005
1.58151e-05
2.63961e-06
1.89955e-06
9.83564e-06
0.000189748
0.000172926
0.000103808
0.00169051
1.8221e-05
0.000260423
0.000266797
0.00207947
1.69235e-11
1.74511e-11
1.81623e-11
1.83361e-11
1.84633e-11
1.60835e-11
7.99008e-12
9.20488e-12
4.01718e-11
2.23081e-08
6.35256e-07
7.81696e-06
1.85829e-05
1.84765e-05
2.7859e-05
2.73767e-05
7.47203e-05
5.60945e-05
2.57274e-05
1.67947e-05
1.1448e-05
7.50855e-06
7.34608e-06
5.4096e-06
5.74711e-06
5.12841e-06
3.87529e-06
3.94657e-06
3.51811e-06
4.51095e-06
4.43253e-06
5.06823e-06
4.45356e-06
4.45091e-06
4.10528e-06
4.5589e-06
4.60078e-06
5.09702e-06
5.47772e-06
4.39417e-06
4.32899e-06
4.45898e-06
4.10453e-06
3.6694e-06
4.1196e-06
1.0102e-05
7.8682e-06
1.09841e-05
9.39119e-06
9.52359e-06
9.11277e-06
6.99988e-06
8.25707e-06
9.93762e-06
1.09884e-05
1.15614e-05
1.05129e-05
9.14566e-06
8.51068e-06
9.79234e-06
8.13891e-06
6.92299e-06
8.12912e-06
8.05845e-06
7.5259e-06
6.84454e-06
7.11127e-06
7.26621e-06
7.7922e-06
7.77338e-06
7.64054e-06
7.49214e-06
7.82506e-06
7.25161e-06
7.32718e-06
7.17655e-06
7.41273e-06
7.86112e-06
2.3061e-05
1.67357e-05
1.38591e-05
1.24708e-05
1.06608e-05
1.03185e-05
1.13755e-05
9.48132e-06
2.7756e-06
2.8291e-06
3.02452e-06
3.19249e-06
3.63136e-06
4.38227e-06
4.8309e-06
8.68969e-06
1.02129e-05
1.46724e-05
2.3339e-05
4.11855e-05
6.41131e-05
0.000115496
0.00022864
0.000960897
0.00520134
0.0112566
0.0185305
0.0185034
0.0203395
0.0192785
0.0157143
0.0127219
0.00973411
0.00774792
0.00558113
0.0033336
0.00272985
0.00235602
0.000694253
0.000816003
0.000441365
0.000376977
0.000256215
0.000181477
0.000117271
3.91891e-05
8.44948e-06
3.72632e-05
0.000206925
0.000163653
0.00039253
0.00100607
0.000994345
0.00208519
0.0020521
0.00247558
0.00279068
0.00333143
0.00387083
0.00493755
0.00571061
0.00568056
0.00738486
0.0107816
0.00959651
0.00880056
0.0105439
0.0128741
0.0167464
0.0241686
0.0229027
0.0169335
0.0172602
0.0134737
0.0110931
0.00898475
0.0163938
0.00229834
0.00877049
0.0101103
0.00202039
0.00198729
0.00216411
0.00224882
0.00232383
0.00243533
0.00219467
0.0026086
0.00225249
0.0023403
0.00200599
0.00232601
0.00221987
0.00257208
0.00228332
0.00222131
0.00241128
0.00257133
0.0026164
0.00231942
0.00222564
0.00171563
0.00224827
0.00117465
0.000478452
0.0011114
2.43875e-05
0.000647109
0.000379371
1.01443e-05
0.000253813
0.000474699
0.000143114
0.000328601
0.000550253
0.00128138
0.00306196
0.00136525
0.00153267
0.00273444
0.00367662
0.00501361
0.00738353
0.00669712
0.00174461
0.00477259
0.00771346
0.00759832
0.00827996
0.0107787
0.0131408
0.00751741
0.00513906
0.00444319
0.00339406
0.00278078
0.00573424
0.0018222
0.0035223
0.00213513
0.00140081
0.00168863
0.00152145
0.00106623
0.000677392
0.00103712
8.12622e-05
0.000209116
0.000380069
0.000134285
0.000955352
0.000739951
1.04567e-05
8.89312e-08
0.00458666
7.43978e-12
7.44522e-12
7.44785e-12
7.45036e-12
7.45424e-12
7.45388e-12
7.45707e-12
5.82628e-10
1.15088e-07
2.36685e-06
5.08894e-05
9.28065e-05
7.27999e-05
4.91334e-05
4.59218e-05
3.50701e-05
2.12231e-05
1.60347e-05
1.33363e-05
2.07035e-05
2.76547e-05
2.008e-05
2.18572e-05
1.80498e-05
1.56394e-05
1.60679e-05
1.21597e-05
1.02491e-05
1.20344e-05
9.5561e-06
8.61532e-06
8.62273e-06
7.88467e-06
7.76447e-06
6.54174e-06
6.76972e-06
6.42397e-06
1.23404e-05
1.35774e-05
1.15669e-05
1.17855e-05
1.01944e-05
1.06555e-05
9.07908e-06
8.49293e-06
7.76797e-06
7.64896e-06
6.9077e-06
1.52431e-05
1.44571e-05
1.38398e-05
1.23508e-05
1.07505e-05
9.59921e-06
9.32873e-06
9.49319e-06
1.06505e-05
9.12986e-06
1.02717e-05
9.78498e-06
8.14862e-06
7.0771e-06
8.78673e-06
9.77866e-06
8.49995e-06
9.06136e-06
2.29765e-05
1.9841e-05
1.63768e-05
2.18497e-05
1.60387e-05
1.53282e-05
1.45232e-05
1.67725e-05
1.53684e-05
3.34868e-06
3.83412e-06
3.99098e-06
5.13541e-06
5.56594e-06
1.02553e-05
1.35432e-05
2.05218e-05
0.00016978
0.000192138
0.00293005
0.0074582
0.0143708
0.0195446
0.0198527
0.020929
0.0184323
0.0139398
0.00873983
0.00645167
0.00478318
0.00264445
0.00280105
0.00296183
0.00187092
0.00166573
0.00119818
0.00136389
0.000563525
0.000258541
4.12976e-05
7.43092e-08
1.19752e-05
8.69797e-05
0.00021939
0.000842939
0.00215045
0.00300176
0.00250617
0.00428074
0.004592
0.00445431
0.00636702
0.012209
0.025056
0.013548
0.00718075
0.006253
0.00507713
0.00435192
0.00369018
0.00339303
0.00392696
0.00308415
0.00298983
0.00279608
0.00291342
0.00294238
0.00295115
0.00274013
0.00267986
0.00266255
0.00280341
0.00280559
0.00271801
0.00258993
0.00256578
0.00243185
0.00250884
0.00240998
0.00256403
0.00253714
0.00249318
0.00269999
0.00200708
0.00127013
0.0018638
0.000654189
0.000315328
0.000346003
3.05697e-05
7.84216e-05
0.000269239
0.000714737
0.00206544
0.00121318
0.00242523
0.00367122
0.00356549
0.00392784
0.0048596
0.00307511
0.00217559
0.00208228
0.00125624
0.00395428
0.00211721
0.00156832
5.12631e-06
0.00100745
0.000116568
0.000220212
0.000356175
0.000479518
1.77642e-06
0.0002565
5.03609e-06
0.00260985
4.30994e-05
0.000120967
7.60224e-06
0.000515467
0.00036324
5.50049e-05
9.84369e-07
0.000195269
0.00151228
4.3217e-05
0.0189299
0.0311034
0.00395332
0.0334289
1.00589e-11
1.00748e-11
1.0073e-11
1.00619e-11
1.00005e-11
1.00012e-11
7.64179e-11
7.63046e-11
5.05197e-09
2.69016e-06
3.18099e-05
9.60183e-05
0.00041371
0.000423448
0.000561372
0.000339201
0.000212837
0.00011159
8.61238e-05
3.34731e-05
2.72024e-05
2.22051e-05
2.12124e-05
2.03384e-05
1.94319e-05
1.52916e-05
1.53926e-05
1.48384e-05
1.0768e-05
1.24862e-05
1.009e-05
1.15855e-05
1.18472e-05
1.02851e-05
1.06082e-05
8.34357e-06
1.07684e-05
1.0735e-05
1.31624e-05
1.23081e-05
1.70387e-05
1.51546e-05
1.65593e-05
1.47827e-05
1.17963e-05
1.07367e-05
1.18615e-05
1.06727e-05
9.95173e-06
1.39556e-05
1.51543e-05
1.26192e-05
3.34034e-05
2.52834e-05
2.12761e-05
1.88683e-05
1.87223e-05
1.57648e-05
1.43334e-05
1.52238e-05
1.43641e-05
1.49074e-05
1.54111e-05
1.30843e-05
1.44848e-05
1.43172e-05
1.49549e-05
1.42078e-05
1.42984e-05
1.38919e-05
1.40689e-05
1.54441e-05
1.55161e-05
1.46066e-05
1.45438e-05
1.73648e-05
5.28071e-06
5.55823e-06
6.90056e-06
7.28063e-06
8.64282e-06
1.24004e-05
1.54752e-05
2.07787e-05
3.31112e-05
5.86189e-05
9.5804e-05
0.000177173
7.07531e-05
0.00116268
0.00433742
0.0111435
0.0135462
0.0127859
0.0160085
0.0172313
0.0170112
0.0160466
0.0138454
0.00781408
0.00549644
0.00340046
0.00344617
0.00180475
0.000688223
0.000412044
0.000425236
0.000479994
0.000221015
0.000253774
9.36802e-05
8.96901e-05
7.09448e-05
0.00011154
7.57505e-05
4.76746e-05
7.72953e-05
0.000970031
0.00109503
0.00117856
0.00224351
0.00210456
0.00360504
0.00357129
0.00508005
0.00555188
0.00527631
0.00483857
0.00625579
0.00746805
0.00720022
0.00752275
0.011652
0.00595847
0.00533889
0.00472085
0.00463902
0.00444158
0.00470385
0.00443096
0.0045864
0.00489331
0.00484275
0.00406955
0.00412446
0.00449221
0.00431887
0.00422474
0.00447193
0.0044251
0.00494705
0.00526978
0.00455122
0.00497068
0.00557069
0.00578013
0.00546386
0.00535883
0.00522376
0.00521366
0.00502553
0.00529237
0.00494471
0.00249145
0.000956851
0.000571121
1.98406e-05
1.36728e-07
8.52342e-07
2.68205e-05
8.22285e-05
0.000792883
0.000748833
0.000974783
0.0015945
0.00124103
0.0026143
0.00254679
0.00568418
0.0051431
0.00751708
0.00735742
0.00734818
0.0131947
0.00957792
0.0101324
0.00738151
0.0123268
0.00911718
0.00836842
0.0109228
0.0112681
0.0109621
0.0111501
0.0102511
0.0107109
0.00750621
0.0106175
0.00775185
0.00742813
0.00564905
0.00686605
0.00673452
0.00477052
0.00441938
0.0168449
0.00238893
2.03703e-11
2.07223e-11
2.08905e-11
2.1333e-11
2.19382e-11
2.26253e-11
1.84282e-11
6.77111e-10
2.78101e-07
1.07201e-05
4.45862e-05
7.89223e-05
7.80146e-05
7.65401e-05
7.64402e-05
6.98289e-05
3.80434e-05
2.80725e-05
1.87171e-05
1.85533e-05
0.000343342
0.000215415
0.000184372
0.00013293
9.32312e-05
7.4967e-05
5.50183e-05
4.65806e-05
4.0794e-05
3.40953e-05
2.62808e-05
3.07765e-05
2.32404e-05
1.89619e-05
1.72624e-05
1.5255e-05
1.83132e-05
1.89386e-05
1.5118e-05
1.67581e-05
1.79012e-05
1.45288e-05
1.23836e-05
1.86612e-05
1.89217e-05
1.72494e-05
1.93932e-05
1.87e-05
1.93973e-05
2.10475e-05
1.56319e-05
1.74657e-05
1.64104e-05
1.00324e-05
8.58508e-06
1.11986e-05
9.20453e-06
9.85887e-06
1.01166e-05
1.02279e-05
1.00376e-05
1.05732e-05
1.07132e-05
1.07407e-05
1.04628e-05
1.15956e-05
1.12583e-05
1.16934e-05
1.10372e-05
1.2774e-05
1.22885e-05
1.22892e-05
1.27268e-05
1.18826e-05
1.39929e-05
1.51357e-05
1.53823e-05
1.68199e-05
1.57244e-05
1.62044e-05
1.6333e-05
1.96274e-05
1.67458e-05
1.84756e-05
1.85545e-05
1.97544e-05
2.28919e-05
2.59926e-05
7.13245e-05
0.000123739
0.000208608
0.000467369
0.00020117
0.000969441
0.0051107
0.0109521
0.0102395
0.0105411
0.00887491
0.00675922
0.003399
0.0039034
0.00272352
0.00184566
3.54335e-05
0.000175379
1.79393e-05
6.63575e-05
0.000143942
0.00015048
0.00031179
0.000346222
0.000714839
0.000772782
0.00083418
0.00101341
0.00180512
0.00218352
0.00228556
0.00287526
0.00300537
0.00654999
0.00733239
0.00946064
0.0109128
0.0115005
0.0125686
0.012474
0.0176131
0.0183752
0.020842
0.0206562
0.025404
0.0294258
0.0211939
0.0282215
0.0335669
0.0291025
0.0414122
0.0344715
0.0280823
0.0330567
0.0142228
0.00653782
0.00608123
0.00634325
0.00553122
0.00565712
0.00561353
0.00670075
0.00626367
0.00592198
0.0077247
0.00795271
0.00674353
0.00607526
0.0061396
0.00581714
0.00531282
0.00568072
0.00531139
0.00506657
0.00511173
0.00215359
0.000420455
0.000170549
0.000131016
2.10504e-05
7.29576e-05
0.000218494
0.000184004
7.40785e-05
8.40107e-05
0.000822001
0.00077189
0.00133224
0.000690716
0.00239084
0.00292555
0.00149864
0.00492385
0.00285312
0.00327593
0.00300178
0.00682789
0.00524741
0.00994313
0.00945481
0.00661257
0.00963983
0.00831677
0.00886086
0.00818401
0.00757128
0.00590239
0.00712484
0.00615587
0.00649034
0.00598468
0.0041757
0.00516023
0.00610342
0.00760498
0.00618722
0.00578386
0.00418976
0.00379312
0.00199409
0.0031039
0.000860553
0.0014537
0.00124877
3.62607e-05
0.00026544
0.000227123
0.000227752
0.000151888
0.00128036
0.00281512
2.40517e-11
2.64699e-11
2.81196e-11
3.07116e-11
3.28036e-11
2.74721e-11
1.39185e-11
1.3973e-11
8.8141e-08
2.09937e-06
5.49007e-06
0.000154395
0.000139882
0.000173455
0.000146787
0.000113753
5.02911e-05
5.71238e-05
2.84519e-05
2.17621e-05
2.07069e-05
1.49983e-05
1.57975e-05
1.25764e-05
1.28251e-05
1.2698e-05
1.11305e-05
8.90734e-06
8.81232e-06
9.70516e-06
9.00149e-06
9.5774e-06
9.482e-06
7.67313e-06
1.15475e-05
1.03225e-05
1.08359e-05
1.09438e-05
1.09453e-05
9.05292e-06
8.9679e-06
9.74067e-06
3.16019e-05
2.37082e-05
2.18528e-05
1.76452e-05
2.93472e-05
2.40352e-05
2.82133e-05
2.4391e-05
1.81328e-05
1.93483e-05
4.35822e-06
7.10557e-06
4.654e-06
4.45761e-06
6.5724e-06
7.15097e-06
6.21774e-06
6.75981e-06
9.02149e-06
7.97023e-06
1.01876e-05
9.70681e-06
1.48563e-05
1.51039e-05
1.58556e-05
1.72172e-05
1.34095e-05
1.55833e-05
1.63936e-05
1.34123e-05
1.40239e-05
2.00393e-05
0.00016895
9.67746e-05
5.80008e-05
3.76377e-05
2.82459e-05
2.65484e-05
2.01757e-05
2.03404e-05
1.90802e-05
4.22855e-06
4.38585e-06
4.37874e-06
4.68413e-06
5.20712e-06
5.75359e-06
6.61124e-06
8.32941e-06
1.09038e-05
1.39666e-05
2.29342e-05
3.76711e-05
3.69701e-05
6.0812e-05
9.99115e-05
0.000192724
0.000334478
0.000616696
0.00431749
0.0056948
0.0110154
0.0157052
0.0168896
0.0132187
0.00962759
0.00789464
0.00466689
0.00387927
0.00236572
0.00114118
0.000600313
0.000244695
0.000180817
4.43246e-05
8.27219e-05
4.78606e-06
7.04302e-07
7.33655e-05
8.03444e-05
0.000119012
8.71338e-05
0.000527363
0.0006943
0.000857527
0.00140406
0.00147831
0.00139348
0.00225871
0.00298748
0.00329136
0.00336324
0.00461632
0.00418683
0.00608903
0.00908226
0.00974399
0.00891995
0.00776713
0.00932624
0.0139027
0.012699
0.0096166
0.0167953
0.0191875
0.0124393
0.0136578
0.015418
0.0104654
0.0115282
0.0110015
0.0132199
0.00470446
0.00429395
0.00399416
0.00365421
0.00344904
0.0038225
0.00372949
0.00312078
0.00318675
0.00306336
0.00337639
0.00268995
0.00299063
0.00247656
0.00281998
0.00253891
0.00294782
0.00255669
0.00255928
0.0025356
0.00234108
0.00264071
0.00253104
0.00259838
0.00242544
0.00251075
0.00227459
0.00232226
0.00258638
0.00227914
0.00257825
0.000975682
0.00134399
0.000742047
8.42219e-05
9.71103e-07
7.13329e-07
0.00010064
1.03126e-06
0.000133228
0.00055412
0.000328321
0.000462885
0.000968251
0.000965654
0.000918597
0.00394146
0.00474934
0.0044028
0.00560495
0.00493989
0.00611768
0.00629353
0.00510644
0.00678372
0.00328224
0.00861029
0.00644886
0.00571994
0.00514924
0.00404164
0.00412282
0.00234007
0.0032246
0.00215019
0.00238796
0.00104215
0.000967246
0.0010901
0.000655696
0.00131128
0.000426166
0.000855761
4.32189e-05
0.000471757
0.000326237
0.000425321
0.000152176
0.000123027
0.00663212
0.000464564
0.000248016
8.88561e-12
8.94993e-12
8.95289e-12
8.89909e-12
8.90241e-12
8.90046e-12
1.49679e-11
4.38e-09
4.0504e-07
8.26535e-06
3.03099e-05
6.60052e-05
0.000127932
9.63293e-05
5.68113e-05
5.49999e-05
3.88662e-05
2.62833e-05
1.86726e-05
1.3384e-05
1.29286e-05
9.38258e-06
7.08605e-06
1.27674e-05
1.22002e-05
1.10222e-05
1.16673e-05
1.12951e-05
1.13917e-05
9.1315e-06
7.07621e-06
7.41546e-06
7.16587e-06
7.22104e-06
5.78375e-06
6.01378e-06
5.95579e-06
4.57797e-06
5.96546e-06
5.84971e-06
4.45962e-06
5.05108e-06
4.60677e-06
1.21133e-05
9.44139e-06
1.12572e-05
1.08825e-05
1.07624e-05
1.24579e-05
1.03385e-05
1.02015e-05
1.04364e-05
9.16757e-06
1.79057e-05
1.47184e-05
1.26315e-05
1.34829e-05
1.05518e-05
1.01779e-05
1.0305e-05
1.02742e-05
9.49951e-06
9.47116e-06
9.58146e-06
9.3819e-06
8.24953e-06
8.95774e-06
9.17078e-06
9.24252e-06
8.14944e-06
7.96397e-06
9.36011e-06
9.95558e-06
8.10051e-06
9.36605e-06
9.36783e-06
1.05357e-05
9.39216e-06
2.62967e-05
2.01185e-05
1.75989e-05
1.63062e-05
1.94391e-05
1.75064e-05
1.64631e-05
1.59005e-05
1.54857e-05
1.66611e-05
3.85626e-06
4.45028e-06
4.67984e-06
5.54461e-06
7.44563e-06
9.23897e-06
1.34787e-05
2.01128e-05
2.40891e-05
2.15058e-05
3.8944e-05
0.000116275
0.000147503
7.88155e-05
0.000549866
0.00677814
0.0116044
0.0185235
0.0178271
0.0199536
0.0183022
0.0174231
0.0134506
0.0123961
0.0107962
0.00674351
0.00205469
0.00273772
0.00287483
0.00224204
0.00151678
0.000888901
0.000144613
0.000111003
6.66935e-05
5.83054e-05
8.05923e-06
2.23369e-06
7.50341e-05
3.54593e-05
0.000340683
0.000515047
0.00043797
0.000929972
0.00128498
0.00217381
0.00243129
0.00244206
0.00320178
0.00379135
0.00387947
0.00517996
0.00567491
0.0114884
0.00927529
0.00921837
0.00924921
0.00920264
0.0113807
0.00717657
0.00879369
0.00491389
0.00423819
0.00384684
0.00322352
0.00321914
0.00264208
0.00272319
0.00285718
0.00274777
0.00242707
0.002531
0.00244506
0.00270666
0.00248368
0.00244738
0.00242524
0.00241754
0.00235202
0.00238332
0.00240102
0.00231567
0.00237542
0.00233873
0.00224862
0.00228977
0.00245437
0.00208404
0.00254506
0.00244659
0.00211054
0.00113314
0.000408125
0.00025541
1.71411e-05
0.000216712
0.000244644
0.000206702
0.00026721
0.0020246
0.0015055
0.00194426
0.00259449
0.00206532
0.00233986
0.00212279
0.00297198
0.00566606
0.00210795
0.0032348
0.00112715
0.00214144
0.00122168
0.00103418
0.000671849
2.67843e-05
0.000128019
0.000604899
7.34564e-05
0.000664582
0.000769375
0.000128173
0.00104528
0.000546208
0.000157479
0.000480423
7.96369e-05
2.64808e-05
0.00146271
0.000731477
1.62718e-05
0.000185581
0.0075805
0.0115281
0.00390347
0.00330445
0.00237653
0.00332868
0.00240332
1.0503e-11
1.05098e-11
1.05116e-11
1.04841e-11
1.043e-11
1.04302e-11
1.04306e-11
4.8931e-11
7.99883e-10
1.06883e-06
3.26783e-05
0.000284476
0.000250816
0.0003768
0.000682102
0.000277513
0.000185278
9.31806e-05
5.16267e-05
3.73182e-05
2.4858e-05
2.33733e-05
1.70122e-05
1.88732e-05
1.81053e-05
1.34022e-05
1.07822e-05
9.87543e-06
8.2736e-06
8.44468e-06
8.0465e-06
6.52459e-06
6.88042e-06
8.39831e-06
8.0112e-06
9.03624e-06
8.88399e-06
8.71945e-06
9.45362e-06
8.23876e-06
8.27557e-06
8.3251e-06
8.11154e-06
9.52233e-06
7.63363e-06
8.98243e-06
1.10073e-05
1.24162e-05
1.19543e-05
1.24625e-05
1.11392e-05
9.4979e-06
9.35102e-06
9.41827e-06
8.53288e-06
8.71846e-06
9.02341e-06
9.67155e-06
9.90956e-06
2.15146e-05
1.7715e-05
1.62391e-05
1.57116e-05
1.27331e-05
1.29029e-05
1.20485e-05
1.0997e-05
1.3551e-05
1.14494e-05
1.24058e-05
1.2076e-05
1.05542e-05
1.07478e-05
1.10496e-05
1.19656e-05
1.0262e-05
1.12765e-05
1.11796e-05
1.18904e-05
1.36641e-05
1.32494e-05
1.30234e-05
1.336e-05
1.37496e-05
4.34094e-06
4.09061e-06
5.25143e-06
6.3122e-06
7.87346e-06
1.16253e-05
1.33861e-05
2.21618e-05
3.39725e-05
4.98323e-05
8.54e-05
0.000191175
0.000172836
0.00166379
0.00689589
0.00931691
0.0136854
0.0193204
0.0188124
0.0181368
0.0160285
0.0156675
0.0141154
0.0111882
0.0098524
0.00378174
0.00401286
0.00262764
0.00144234
0.00210761
0.000731746
0.0008283
0.00131538
0.000274017
0.000977874
0.000477657
0.000287813
1.388e-05
4.76811e-06
8.89868e-06
7.57279e-06
3.89456e-07
6.77854e-05
6.56137e-05
0.000641576
0.000922591
0.00227849
0.0031044
0.00326566
0.00363994
0.00497044
0.00551852
0.00511177
0.00761268
0.0081244
0.00811609
0.00852852
0.011543
0.00501133
0.0045511
0.0057203
0.00450437
0.00460535
0.0041925
0.00425401
0.00509052
0.00496902
0.00447599
0.00386266
0.00399639
0.00406395
0.00427361
0.00424269
0.00433151
0.00451216
0.00417116
0.00459223
0.00440855
0.00478302
0.00417291
0.00453468
0.00441655
0.00383545
0.00435795
0.00409988
0.00436566
0.00444934
0.00206409
0.00427037
0.00180622
0.000481037
1.80749e-05
0.000125759
1.39062e-05
0.000147536
0.000378679
0.000510501
0.00192929
0.00200197
0.00307813
0.00180049
0.00263721
0.00562063
0.00574429
0.00628668
0.00670662
0.00960032
0.00814703
0.00823644
0.00830865
0.0106274
0.0100753
0.00622681
0.00919837
0.00771343
0.00530855
0.00705524
0.00582447
0.0029914
0.00640539
0.00390728
0.00351457
0.00393941
0.00375604
0.00257682
0.00347426
0.00443909
0.00408839
0.00563515
0.00461115
0.0140998
0.00736829
0.00803645
0.00687388
2.61775e-11
2.73656e-11
2.77663e-11
2.80571e-11
2.92857e-11
2.90541e-11
2.14568e-11
4.87313e-11
4.92939e-11
4.99426e-09
5.04688e-07
5.78988e-07
7.92048e-05
0.00183932
0.00186903
0.00202465
0.00139711
0.000729766
0.000329932
0.000196508
0.000122051
0.000126826
6.31811e-05
5.91971e-05
4.92821e-05
4.546e-05
3.35163e-05
3.23077e-05
3.03178e-05
2.83168e-05
2.72951e-05
1.9282e-05
1.7195e-05
2.09277e-05
1.96498e-05
1.79355e-05
1.84776e-05
1.86473e-05
1.55635e-05
2.18487e-05
2.23296e-05
2.04696e-05
2.04038e-05
2.04508e-05
2.00606e-05
2.10722e-05
1.71519e-05
1.67065e-05
1.91221e-05
1.55189e-05
1.24454e-05
9.55752e-06
1.01618e-05
9.97189e-06
1.09134e-05
1.13991e-05
1.52665e-05
1.56138e-05
1.2166e-05
1.41087e-05
1.39134e-05
1.26171e-05
1.26024e-05
1.38511e-05
1.23341e-05
1.22848e-05
1.27354e-05
1.19711e-05
1.21263e-05
1.25587e-05
1.36709e-05
1.16136e-05
1.40626e-05
1.50277e-05
1.51261e-05
1.59299e-05
1.41022e-05
1.62852e-05
1.62929e-05
1.63972e-05
1.56895e-05
1.68681e-05
1.71627e-05
1.70377e-05
1.96151e-05
1.93665e-05
1.9026e-05
2.25465e-05
2.77413e-05
3.65096e-05
4.91267e-05
5.63996e-05
8.89711e-05
0.00015369
0.000514512
2.6421e-05
0.00250964
0.00710557
0.00817071
0.01001
0.00987888
0.00761761
0.00477121
0.00284751
0.000934088
0.00139287
0.000730057
0.000268612
0.000191977
4.91321e-05
1.1093e-05
3.26448e-05
0.00012108
0.000101871
0.000115372
0.000350776
0.000338747
0.000610792
0.000849913
0.00133744
0.00162679
0.00170385
0.00206052
0.00532451
0.00731132
0.00747671
0.0103497
0.0106329
0.0125743
0.0109429
0.011537
0.0151773
0.0201071
0.0170333
0.0266063
0.0273296
0.0207399
0.0263435
0.0279065
0.031553
0.02841
0.0420419
0.0445026
0.0222423
0.0212797
0.00885693
0.00834133
0.00991167
0.00982021
0.0084046
0.00687582
0.00631089
0.00676072
0.0057753
0.00548473
0.00559967
0.00520814
0.00442773
0.00483413
0.00453433
0.00491163
0.00461525
0.00463845
0.00444787
0.00427973
0.00380046
0.00395978
0.00229318
0.00373562
0.0014174
0.00101755
0.000318665
0.000294666
0.000281052
0.000687881
2.37785e-06
0.00114987
6.11326e-05
0.00105859
0.00172807
0.000817483
0.000862198
0.00154015
0.00280798
0.00390232
0.0043197
0.00409908
0.0037771
0.00511921
0.00496579
0.00747839
0.00625308
0.00854053
0.00620652
0.00552707
0.00620804
0.00597027
0.00979443
0.00531994
0.0104157
0.0101027
0.0056223
0.00575345
0.00516342
0.00439784
0.00392385
0.00295806
0.00311468
0.000820295
0.00433989
0.000600752
0.00264352
0.000768671
0.000898896
0.00273452
0.00293746
0.000329058
0.000395232
0.00272241
0.000148783
0.000349877
0.00355118
0.00152653
5.35271e-05
1.23236e-11
1.32485e-11
1.33605e-11
1.21019e-11
1.34214e-11
1.22902e-11
1.39134e-11
1.42226e-11
1.55882e-11
3.24793e-09
3.39361e-09
4.19944e-07
6.54638e-06
9.7935e-05
0.000300378
0.00048624
0.000511
0.000286652
0.000198285
0.000114816
0.000101472
5.0756e-05
4.50042e-05
2.70707e-05
3.09275e-05
1.98207e-05
1.67224e-05
1.63642e-05
1.85493e-05
1.65121e-05
1.56185e-05
1.28523e-05
1.23338e-05
9.89723e-06
8.9402e-06
1.13194e-05
9.14711e-06
7.29154e-06
8.40716e-06
7.94694e-06
1.01392e-05
7.12306e-06
7.0519e-06
6.59078e-06
6.19141e-06
1.5595e-05
1.77512e-05
1.455e-05
1.27437e-05
1.68949e-05
2.01113e-05
1.37081e-05
1.29603e-05
1.17633e-05
1.78677e-05
1.47403e-05
1.42969e-05
1.4883e-05
1.34919e-05
1.32864e-05
1.23908e-05
1.22828e-05
1.17101e-05
1.08381e-05
1.24918e-05
1.23584e-05
9.89582e-06
1.07464e-05
1.00005e-05
1.11264e-05
7.53283e-05
4.83498e-05
6.88349e-06
4.11272e-05
3.07148e-05
2.46915e-05
2.10122e-05
1.86284e-05
1.56152e-05
1.53012e-05
1.76484e-05
1.61677e-05
1.60317e-05
1.84246e-05
1.75116e-05
4.26823e-06
4.73324e-06
4.33331e-06
4.89997e-06
5.772e-06
6.59218e-06
7.09512e-06
8.82615e-06
1.42594e-05
1.73765e-05
2.40816e-05
2.41929e-05
3.47519e-05
6.8643e-05
0.000128821
0.000236044
0.00017738
0.00207242
0.00641775
0.00891511
0.0127024
0.0157165
0.0165201
0.0141912
0.010773
0.00947574
0.00551778
0.00246442
0.00269576
0.0012297
0.000878437
0.000388799
0.000260604
0.000115323
1.03618e-05
5.4211e-10
3.58656e-05
0.000159025
0.000102551
0.000307885
0.000654116
0.000725301
0.00111907
0.00144685
0.00169989
0.00263414
0.00330334
0.00310919
0.0043335
0.00501041
0.00565763
0.00695217
0.00815222
0.00923391
0.014055
0.0124448
0.013216
0.0173284
0.0110426
0.0157701
0.0100233
0.0109771
0.00851001
0.00760221
0.0139276
0.0148892
0.0106418
0.00891741
0.0173135
0.015506
0.00378302
0.00353732
0.00354753
0.00330578
0.00340825
0.00329824
0.00311751
0.00315587
0.00292044
0.00275987
0.00286215
0.00290553
0.00260868
0.00315499
0.00258202
0.00255384
0.0025896
0.00241724
0.00254306
0.00229116
0.00244981
0.00288588
0.00237879
0.0022558
0.0022497
0.00253016
0.00246631
0.00260264
0.00217628
0.00241942
0.00205244
0.000773139
0.000466865
0.000856821
0.000435492
0.000601314
0.000123631
2.2507e-05
0.000773312
0.000353026
0.000746921
0.00269868
0.00060609
0.00230849
0.0033425
0.00354281
0.00261245
0.00288481
0.00285924
0.00460286
0.0055474
0.00276146
0.00713481
0.00566503
0.00725314
0.00668627
0.00561645
0.00554093
0.00440836
0.00319078
0.00337968
0.00601774
0.00399249
0.00267653
0.0020459
0.00177513
0.00162087
0.00381294
0.00113995
0.000931638
0.000986444
0.000401603
0.000366353
0.000343453
0.000349974
0.000814182
0.000421778
0.000245362
0.000338632
0.000181305
0.000175247
0.00768089
1.02356e-11
1.00669e-11
1.00654e-11
1.0274e-11
1.01043e-11
1.00993e-11
9.64108e-12
1.27215e-11
2.42306e-09
2.99682e-07
2.05721e-06
1.31517e-05
4.03096e-05
7.83552e-05
7.38941e-05
3.44642e-05
3.29822e-05
2.52978e-05
1.87668e-05
1.20499e-05
1.16457e-05
9.04195e-06
7.98464e-06
1.6834e-05
1.24545e-05
9.79429e-06
1.0813e-05
1.02356e-05
1.00048e-05
9.29329e-06
7.98356e-06
7.0711e-06
7.12466e-06
6.83486e-06
5.61797e-06
7.66572e-06
6.88632e-06
7.66514e-06
1.0071e-05
9.35062e-06
7.84282e-06
5.79615e-06
7.21756e-06
1.72421e-05
1.2922e-05
1.19548e-05
1.33137e-05
1.29336e-05
1.24696e-05
9.21424e-06
1.07942e-05
7.17734e-06
8.37596e-06
7.5808e-06
6.85406e-06
6.77015e-06
7.20419e-06
7.49434e-06
5.00163e-06
6.89111e-06
5.90059e-06
7.179e-06
5.99842e-06
6.78905e-06
5.73388e-06
5.82803e-06
6.70524e-06
5.71865e-06
6.67166e-06
6.40792e-06
6.54285e-06
6.71557e-06
6.91355e-06
7.1219e-06
7.40157e-06
6.32164e-06
6.85164e-06
6.80581e-06
7.4382e-06
6.11407e-06
6.62999e-06
6.65668e-06
8.91658e-06
9.80267e-06
8.85954e-06
0.000128768
6.23939e-06
6.62969e-06
6.59382e-06
7.53977e-06
9.92358e-06
1.16455e-05
1.198e-05
1.36063e-05
2.51046e-05
2.81348e-05
4.96225e-05
8.86776e-05
0.000170252
0.000295704
0.00117442
0.00543409
0.0113187
0.0125624
0.0183995
0.0181897
0.0169794
0.0143755
0.0104156
0.0064132
0.00374256
0.00341776
0.0029451
0.00290674
0.00132332
0.00125366
0.00039127
0.000382289
0.000256164
7.05803e-05
9.65818e-05
2.95055e-05
4.1744e-05
1.60734e-05
6.61854e-05
0.000150164
0.00038117
0.000658632
0.00089571
0.0011528
0.00183665
0.00206948
0.00311002
0.00388003
0.00469129
0.00621483
0.006154
0.00696882
0.00717734
0.00999874
0.0103226
0.0150894
0.012813
0.0365446
0.00744701
0.00634766
0.00772074
0.013821
0.00925023
0.00858456
0.00526613
0.00485533
0.00422908
0.00386204
0.00330041
0.00340786
0.00340342
0.00302688
0.00269605
0.00259035
0.00287807
0.00268681
0.00256026
0.00245912
0.0022003
0.00255863
0.00289151
0.00223954
0.00216869
0.00240249
0.00237957
0.00224059
0.00184508
0.00235477
0.00236697
0.00224871
0.00139162
0.000982255
3.50279e-05
0.000274865
3.1486e-07
0.000703817
8.96226e-05
3.28098e-05
0.000971079
0.00183559
0.00097801
0.00389537
0.00327132
0.00238466
0.00538947
0.00388748
0.00381223
0.0017352
0.00153873
0.00331481
0.00132852
0.000890694
0.000799563
0.000679581
0.00046579
2.45373e-06
0.00148136
0.000165085
0.000100775
0.00185109
7.91573e-05
0.000837869
0.000370486
0.000206143
4.17616e-06
0.00117654
2.59579e-05
0.000414025
0.00564379
0.00790163
0.0048477
0.0049593
0.00268739
0.00233829
0.0027648
0.00147564
0.00535292
9.72615e-12
9.73319e-12
9.73853e-12
9.73622e-12
9.71552e-12
9.67651e-12
9.66625e-12
5.02594e-11
8.42396e-10
5.30372e-07
1.86298e-05
1.4865e-05
4.05434e-05
0.000213379
0.000227909
0.000229156
9.03288e-05
6.6066e-05
4.37406e-05
2.89529e-05
2.68274e-05
1.78395e-05
1.35676e-05
1.38551e-05
1.2094e-05
1.18808e-05
1.01986e-05
9.21609e-06
6.25171e-06
5.87176e-06
7.27255e-06
7.73922e-06
6.14095e-06
7.08704e-06
6.9045e-06
6.94101e-06
6.03611e-06
4.64775e-06
6.71796e-06
4.53575e-06
6.26678e-06
6.32994e-06
7.13701e-06
5.527e-06
9.15854e-06
9.60074e-06
9.86864e-06
8.57247e-06
8.92515e-06
7.35685e-06
8.62595e-06
6.12498e-06
6.27938e-06
7.31193e-06
6.72747e-06
1.30788e-05
1.10592e-05
1.05657e-05
1.0782e-05
9.33219e-06
9.16408e-06
9.29589e-06
8.88729e-06
7.70876e-06
8.55587e-06
8.60272e-06
7.8892e-06
9.24677e-06
8.90226e-06
8.78006e-06
9.01234e-06
8.90322e-06
9.17017e-06
8.05768e-06
9.8943e-06
9.12313e-06
9.23713e-06
9.4784e-06
9.81022e-06
9.40952e-06
4.07632e-06
4.20236e-06
4.15544e-06
5.18321e-06
6.69861e-06
7.42898e-06
1.12981e-05
1.63897e-05
2.05339e-05
3.92277e-05
7.52963e-05
0.000116659
0.00022915
0.000144847
0.00154615
0.00641472
0.0129414
0.0201874
0.0221557
0.0181164
0.0140184
0.0150362
0.0082693
0.00560275
0.00349041
0.0027345
0.00176752
0.000870038
0.000636961
0.000636751
0.000470605
0.00076579
0.000812287
0.000186135
1.98939e-05
3.36547e-05
1.78597e-05
3.91522e-05
1.07091e-06
7.40049e-06
0.000424515
0.00041922
0.000672584
0.00158054
0.00234291
0.00281452
0.00322882
0.00316112
0.00534335
0.00598756
0.00895413
0.00938118
0.0121372
0.0109849
0.0137467
0.0060768
0.0133306
0.00577163
0.00499156
0.00500633
0.00469764
0.00468689
0.00456731
0.00398232
0.00421572
0.00478811
0.00421157
0.00468082
0.0048505
0.00429272
0.00414961
0.00376225
0.00416055
0.0034131
0.00397106
0.00394726
0.00410132
0.00393012
0.0038168
0.00391346
0.00360257
0.0038325
0.0039722
0.00359866
0.00393624
0.00172706
0.000920857
5.38176e-06
0.000138186
5.41443e-05
0.00034957
0.000653303
9.80235e-05
0.000109129
0.00254803
0.00150083
0.00325163
0.0019135
0.00383602
0.00678111
0.00448309
0.0136951
0.00786641
0.0095856
0.00921013
0.0062819
0.0102122
0.01005
0.00753436
0.0103219
0.0101306
0.00560352
0.0117761
0.00796468
0.00830801
0.00830485
0.00544038
0.00760845
0.00426624
0.00294059
0.00269861
0.00244869
0.0015033
0.00134934
0.00452727
0.00255277
0.0027575
0.00153432
0.0015028
0.000878344
0.000252599
1.67758e-11
1.68265e-11
1.69154e-11
1.69631e-11
1.71047e-11
1.73243e-11
1.7302e-11
1.63516e-11
1.04224e-09
2.98005e-07
1.01299e-05
0.00130368
0.0039861
0.00369885
0.0042
0.00244795
0.00111452
0.000707561
0.000409971
0.000178714
0.000148555
8.32099e-05
7.07588e-05
4.44174e-05
3.92853e-05
2.59483e-05
2.34065e-05
1.92848e-05
1.83664e-05
2.03106e-05
1.61699e-05
1.65264e-05
1.33621e-05
1.41738e-05
1.16441e-05
1.16678e-05
1.02248e-05
1.03319e-05
1.03935e-05
1.16691e-05
1.21152e-05
1.00728e-05
1.12397e-05
1.23667e-05
1.1145e-05
1.06089e-05
1.07653e-05
1.05276e-05
9.88217e-06
9.8271e-06
1.28455e-05
9.91322e-06
9.82944e-06
1.20742e-05
1.2224e-05
7.13498e-06
7.42883e-06
7.94245e-06
7.38177e-06
7.12206e-06
7.39893e-06
7.03719e-06
7.48961e-06
7.2703e-06
7.27008e-06
7.70139e-06
7.68405e-06
8.05224e-06
7.85969e-06
9.04945e-06
8.54286e-06
7.64875e-06
8.34377e-06
8.78729e-06
8.94514e-06
9.20264e-06
1.00792e-05
9.38258e-06
9.36875e-06
1.08019e-05
1.12434e-05
1.28893e-05
1.40773e-05
1.29225e-05
2.07798e-05
2.21924e-05
4.90574e-05
8.16775e-05
0.000147987
0.000257886
8.22018e-05
6.72351e-06
0.00523525
0.00554263
0.0123253
0.0146604
0.0137159
0.0117268
0.00823665
0.00646886
0.00321997
0.0020825
0.0023514
0.000984396
0.000363305
5.62351e-05
8.37857e-05
0.000342744
7.43492e-05
4.21341e-08
4.48388e-05
1.18444e-05
9.14977e-05
0.000539603
0.000666353
0.000990364
0.00155495
0.00455559
0.00501197
0.00552081
0.00640864
0.00793157
0.00990084
0.0106956
0.0147477
0.0146302
0.0200809
0.0178128
0.0218896
0.0191095
0.0264027
0.0363461
0.0264724
0.0247724
0.0264216
0.0229544
0.0192134
0.00335471
0.00353692
0.00366646
0.00407413
0.00360109
0.00408044
0.00366363
0.00378094
0.00410406
0.00398911
0.00425407
0.00478285
0.00435752
0.00444816
0.00450023
0.00466877
0.00464289
0.00452408
0.00560936
0.00464757
0.00545771
0.00488408
0.00486022
0.00487772
0.00417898
0.00427853
0.000871198
0.00181472
0.00186463
0.000679785
0.000625476
0.00123201
0.000941724
1.51327e-07
8.13102e-05
6.68421e-05
1.53994e-05
0.00157729
0.00208779
0.000648041
0.00180401
0.00143564
0.00237745
0.00121211
0.00158477
0.00695517
0.00544415
0.00553836
0.00808993
0.0133047
0.00751333
0.00947539
0.00882579
0.00584546
0.00857728
0.00669797
0.00731565
0.00720312
0.0065814
0.00645227
0.0047654
0.00331643
0.00278696
0.00206461
0.00103149
8.86546e-05
1.67162e-06
0.000737969
0.00111774
0.00372634
0.00712288
0.014526
0.0192111
0.0268498
0.0211879
0.0174007
0.0163088
0.0147004
0.0175892
0.0159611
0.0171881
0.0101087
0.014223
0.0180946
0.00418376
0.00408907
0.00439506
0.00462627
0.00568845
2.06588e-11
2.46483e-11
2.81764e-11
3.17944e-11
6.26004e-10
2.30494e-08
2.86428e-06
3.48729e-05
4.97091e-05
5.31252e-05
4.69135e-05
2.59522e-05
1.75373e-05
1.28195e-05
7.44887e-06
6.24769e-06
6.22364e-06
5.26915e-06
4.26942e-06
4.46294e-06
4.0821e-06
4.57886e-06
3.60162e-06
3.45412e-06
3.22577e-06
2.66511e-06
2.07971e-06
2.73246e-06
2.25972e-06
2.16052e-06
2.23726e-06
2.21493e-06
2.30429e-06
1.71847e-06
2.05003e-06
1.8554e-06
4.56091e-06
3.55211e-06
3.78126e-06
4.34929e-06
3.20268e-06
3.03159e-06
3.74177e-06
3.16698e-06
3.69162e-06
3.37232e-06
3.29723e-06
3.29351e-06
3.02305e-06
3.11265e-06
2.97212e-06
3.1583e-06
3.11162e-06
2.93053e-06
2.98005e-06
2.91186e-06
2.89138e-06
2.79691e-06
2.26129e-06
2.58741e-06
2.66391e-06
2.91812e-06
3.01509e-06
2.42769e-06
2.52305e-06
2.84307e-06
2.81885e-06
2.84104e-06
1.35318e-05
9.22009e-06
8.16691e-06
6.06838e-06
4.67621e-06
4.48409e-06
4.23062e-06
4.15289e-06
4.01948e-06
4.12115e-06
4.14061e-06
1.3785e-06
1.25627e-06
1.34114e-06
1.5092e-06
1.72977e-06
2.00461e-06
2.33759e-06
3.15135e-06
4.08618e-06
9.40218e-06
1.38317e-05
5.03527e-05
5.66958e-05
0.000120858
0.000712184
0.00526416
0.012503
0.0181448
0.0205928
0.0267658
0.0282362
0.0257648
0.0192282
0.0168655
0.0183033
0.0105828
0.00810674
0.00727159
0.00321957
0.00314107
0.0027007
0.00227853
0.0020286
0.00122069
0.00148644
0.000574732
0.000518006
0.000603429
0.000209352
0.00015201
0.000110203
2.00685e-05
6.18272e-05
1.61815e-05
0.000171288
0.00223979
0.00223042
0.00361618
0.00483144
0.00661739
0.00853124
0.00876772
0.00371579
0.00371216
0.00364072
0.00560778
0.00703603
0.00979163
0.0116128
0.014747
0.00857664
0.00616223
0.0026106
0.00237238
0.00261177
0.00253247
0.00260069
0.00264571
0.00225587
0.00263514
0.00221773
0.00253127
0.0024
0.00219211
0.00233843
0.00236192
0.0023715
0.00227945
0.00230726
0.00233839
0.00244324
0.00207341
0.0024149
0.00220944
0.00258103
0.00214885
0.00215383
0.00220277
0.00213943
0.0011118
0.00174714
0.000164281
0.00122847
2.07402e-06
7.32931e-06
0.000228609
0.00109323
0.000838832
0.00520548
0.00571812
0.00519901
0.00813149
0.00648645
0.00879197
0.0092591
0.0145698
0.0129185
0.007591
0.011259
0.00979031
0.00691181
0.0103382
0.00824312
0.0032415
0.00235687
0.00479537
0.00348702
0.00240138
0.00235947
0.0012374
0.00135833
0.000450254
0.000918176
0.00103807
0.000804568
0.000165552
0.000309965
0.000629692
0.000132132
0.000325145
0.000441202
0.00041372
0.00093203
0.00176257
8.67626e-12
8.80144e-12
8.69359e-12
8.83713e-12
8.80219e-12
8.69393e-12
8.29726e-12
2.93873e-10
2.0297e-06
1.93007e-06
2.71377e-05
5.42018e-05
0.000157953
0.000106166
3.85564e-05
2.76327e-05
1.59433e-05
1.48836e-05
1.91725e-05
1.89862e-05
1.16178e-05
1.09999e-05
1.27748e-05
1.01051e-05
1.13815e-05
1.0812e-05
9.2018e-06
7.40471e-06
8.69645e-06
7.87224e-06
6.81445e-06
5.86848e-06
6.1926e-06
5.68896e-06
5.94695e-06
1.03496e-05
8.56728e-06
8.50183e-06
8.68799e-06
9.66603e-06
7.16075e-06
7.1246e-06
7.11544e-06
6.86815e-06
6.42922e-06
6.39953e-06
5.60165e-06
6.60306e-06
5.66101e-06
5.32837e-06
4.83002e-06
4.93644e-06
6.12102e-06
4.99914e-06
4.99554e-06
4.68075e-06
4.9602e-06
4.70431e-06
5.137e-06
4.74874e-06
5.1501e-06
5.11575e-06
5.18592e-06
5.80552e-06
5.54433e-06
5.13513e-06
6.3067e-06
7.08487e-06
5.49875e-06
5.54894e-06
5.46846e-06
6.85603e-06
6.88094e-06
7.90549e-06
1.00272e-05
1.34614e-05
1.75479e-05
2.60637e-05
4.9389e-05
8.33659e-05
3.58816e-05
0.000486314
0.00656342
0.0146738
0.0195805
0.0206768
0.0196429
0.0156365
0.0169084
0.0119741
0.0103118
0.00458589
0.00630403
0.00341284
0.00158826
0.000549658
0.000620884
0.000427108
0.000397924
0.000224625
0.000101146
5.42417e-05
1.78999e-06
1.19581e-06
0.000226414
0.000356104
0.000900326
0.00122149
0.00217525
0.0027785
0.00340533
0.00372045
0.00448353
0.00528303
0.00649333
0.00821101
0.0104326
0.0124157
0.0142199
0.0567872
0.0145336
0.00861202
0.00647685
0.00553155
0.00457713
0.00413084
0.00372727
0.00331719
0.00319749
0.00281788
0.0026226
0.00244993
0.00222203
0.00228024
0.00213467
0.00224253
0.002372
0.00210795
0.00264588
0.00206078
0.00211929
0.00226875
0.00228474
0.00194055
0.00204786
0.00216583
0.00210781
0.00175674
0.00183987
0.00131285
0.000323237
5.39385e-05
5.65428e-05
0.000134331
0.000453376
0.000586881
0.000379758
0.00375621
0.00615892
0.00523545
0.00493866
0.0033059
0.00276424
0.00716176
0.0018935
0.00277214
0.00246932
0.00180415
0.00195468
0.00155459
0.000179191
0.0010704
8.68501e-05
0.000236934
0.0013704
5.02406e-06
0.00110299
0.000472762
0.000133214
0.000206073
0.000944981
4.66282e-07
0.000475009
4.32902e-05
0.00131981
0.000686833
0.00183636
1.91917e-05
0.0133514
0.00824156
0.00520528
0.0159281
0.0074581
0.00599446
0.00783419
1.02827e-11
1.03012e-11
1.03016e-11
1.03024e-11
1.02982e-11
1.0229e-11
2.37506e-10
2.16386e-06
3.21408e-05
0.000112682
0.000253744
0.000223905
0.000292184
0.000114175
6.926e-05
4.37699e-05
3.53784e-05
2.7714e-05
2.01698e-05
1.37614e-05
1.04246e-05
1.37951e-05
1.36977e-05
1.13654e-05
8.43787e-06
7.46699e-06
7.56241e-06
7.51712e-06
7.13789e-06
7.75646e-06
9.54882e-06
8.24687e-06
9.28774e-06
7.59862e-06
7.20497e-06
7.44416e-06
8.73069e-06
7.65185e-06
6.15484e-06
1.25287e-05
1.21274e-05
9.61918e-06
9.28503e-06
8.52355e-06
7.60354e-06
8.9281e-06
7.69005e-06
6.67459e-06
1.70977e-05
1.5255e-05
1.48066e-05
1.18705e-05
1.15581e-05
1.1785e-05
1.0256e-05
1.11144e-05
1.08694e-05
1.04842e-05
9.75808e-06
1.09566e-05
9.60771e-06
1.02961e-05
1.03178e-05
1.01388e-05
1.13724e-05
1.15615e-05
1.07847e-05
1.11009e-05
1.025e-05
1.03641e-05
4.41496e-06
4.45328e-06
4.6665e-06
5.56605e-06
6.11592e-06
7.52181e-06
1.03591e-05
1.39168e-05
1.79492e-05
2.84835e-05
5.54388e-05
8.29129e-05
9.57642e-05
2.05731e-08
0.000277959
0.00302321
0.00864574
0.0206625
0.0202649
0.0164325
0.0125703
0.00882179
0.00649595
0.00655035
0.00396653
0.00282686
0.00232531
0.00175214
0.00122681
0.000830642
0.000924399
0.000494705
0.00106258
0.000500115
5.88297e-05
4.43151e-05
5.07475e-05
5.05877e-05
4.34817e-05
1.73474e-06
5.45006e-06
2.71064e-05
1.44345e-05
0.000444393
0.00153919
0.00250359
0.00251884
0.00282557
0.00415418
0.00460961
0.0059828
0.00806889
0.00782832
0.00831064
0.00938912
0.0108579
0.0133679
0.013228
0.00929954
0.00683977
0.00634506
0.00568044
0.00616827
0.00513775
0.00539871
0.00520672
0.00577206
0.00422846
0.00486816
0.00450393
0.00462106
0.00437661
0.00424432
0.00386112
0.0041315
0.00417082
0.00398759
0.00376799
0.00415239
0.00398744
0.00383121
0.00381066
0.00422217
0.00419442
0.00384617
0.00344909
0.00380412
0.003473
0.00335868
0.00354496
0.00157847
0.00135015
2.46846e-05
0.000541627
0.000657385
9.63987e-05
4.68773e-05
0.000244284
4.6428e-05
0.00190073
0.000554518
0.00139536
0.00431075
0.00481789
0.00623379
0.00562459
0.00804998
0.00956248
0.00896233
0.00850845
0.00793022
0.00872986
0.0122669
0.00987667
0.0109338
0.0119507
0.00978665
0.00807884
0.00771869
0.0127178
0.00921268
0.00647583
0.00444695
0.00674211
0.00542059
0.00506385
0.00532092
0.00896654
0.00158414
0.00320998
0.00131296
1.50569e-05
1.40447e-11
1.41001e-11
1.42055e-11
1.4099e-11
1.41832e-11
1.43218e-11
2.23419e-09
3.36877e-07
1.20628e-05
0.00101117
0.00386123
0.00543361
0.00309772
0.00122439
0.00106186
0.000382493
0.000309195
0.000174525
7.88302e-05
6.67787e-05
3.61486e-05
2.97975e-05
1.82184e-05
1.96552e-05
1.53153e-05
1.48517e-05
1.31673e-05
1.40329e-05
1.0903e-05
1.18172e-05
1.0891e-05
1.0691e-05
7.64055e-06
7.92933e-06
8.93613e-06
7.70993e-06
7.97818e-06
8.93657e-06
8.05303e-06
7.56672e-06
8.32331e-06
7.75061e-06
7.91421e-06
7.26497e-06
7.47462e-06
7.82744e-06
7.43973e-06
7.76627e-06
7.94164e-06
8.81326e-06
9.0907e-06
8.95853e-06
8.54668e-06
1.07453e-05
7.00066e-06
6.87689e-06
7.428e-06
7.92733e-06
8.52909e-06
1.10718e-05
9.81433e-06
7.53854e-06
7.97535e-06
8.04574e-06
7.36339e-06
1.63191e-05
1.457e-05
1.44736e-05
1.48599e-05
1.36668e-05
1.39831e-05
1.24576e-05
1.74986e-05
2.01542e-05
1.83192e-05
1.81353e-05
1.74437e-05
1.58882e-05
1.57482e-05
1.57976e-05
1.57826e-05
7.31691e-06
7.79387e-06
8.01742e-06
9.53278e-06
1.41512e-05
2.03893e-05
3.00496e-05
3.13102e-05
9.65234e-05
0.000176206
0.00030311
0.000298286
0.0010286
0.00590068
0.011021
0.015961
0.0150242
0.0133317
0.00926464
0.00774493
0.00446327
0.00269693
0.00329184
0.00104765
0.000941288
0.000882418
0.000968838
0.00107976
0.000737868
0.000381776
0.000383878
0.000326489
0.000148092
2.12073e-07
1.24346e-05
6.70646e-07
0.000149922
0.000133397
0.000238046
0.00033923
0.000791086
0.00262858
0.00731727
0.00476433
0.00555019
0.00559139
0.0107158
0.0102779
0.0113312
0.0183576
0.0215431
0.0221971
0.0182249
0.0163858
0.0241307
0.0282461
0.045479
0.0299824
0.00373229
0.00407997
0.00408651
0.0041781
0.00435633
0.00435401
0.00428337
0.00489997
0.00444422
0.00481676
0.0050144
0.00447003
0.00448484
0.00449867
0.00427656
0.00460874
0.00484583
0.00469359
0.00367426
0.00153673
0.00274413
0.000224795
0.000354677
2.74409e-05
2.02143e-05
4.78638e-06
4.99142e-05
0.000390219
0.000263417
0.000304935
0.00381658
0.0027876
0.00344624
0.00199836
0.00474556
0.00436349
0.00489393
0.00477016
0.0109363
0.00511899
0.0134656
0.00701713
0.00828901
0.00813815
0.0109789
0.00917644
0.00958306
0.00811766
0.00768189
0.00787289
0.00593683
0.00674451
0.00701609
0.00541757
0.00488774
0.00772121
0.00445166
0.00408495
0.0065644
0.00341223
0.00304652
0.00365721
0.00190542
0.000982501
0.00108305
0.000706466
0.00081383
0.000233234
7.41388e-05
8.23915e-06
2.69975e-07
0.000254012
0.00059738
0.000942114
0.00308626
0.00751236
3.46287e-11
3.67187e-11
3.97534e-11
4.32362e-11
4.81301e-11
5.48546e-11
6.29787e-11
6.93318e-11
1.24561e-08
1.01412e-06
1.27934e-05
6.38939e-05
0.000508173
0.000685499
0.000599156
0.000187221
0.000174539
0.000131269
3.98711e-05
2.44054e-05
1.69105e-05
1.40361e-05
1.32678e-05
1.12132e-05
1.24193e-05
1.06378e-05
1.05319e-05
9.30475e-06
9.09588e-06
8.21686e-06
8.2806e-06
7.37323e-06
7.76922e-06
5.88837e-06
5.57493e-06
7.36655e-06
6.17821e-06
6.60043e-06
6.72054e-06
9.15819e-06
8.51317e-06
7.34661e-06
1.74287e-05
1.96956e-05
1.79916e-05
1.49757e-05
1.91894e-05
1.76331e-05
1.60817e-05
1.53639e-05
1.23988e-05
1.01511e-05
1.03363e-05
9.91698e-06
9.09685e-06
8.68904e-06
9.1113e-06
1.03081e-05
1.09628e-05
1.07249e-05
9.62238e-06
1.15003e-05
1.05799e-05
1.23094e-05
1.2394e-05
9.91142e-06
1.01671e-05
1.01684e-05
1.11534e-05
1.09727e-05
9.60691e-06
1.22052e-05
7.1545e-05
4.5918e-05
3.38069e-05
2.90014e-05
2.26863e-05
2.033e-05
1.85291e-05
1.73779e-05
1.80473e-05
1.80419e-05
1.8704e-05
1.64519e-05
4.45885e-06
4.62285e-06
4.78048e-06
5.1013e-06
6.02934e-06
6.54304e-06
7.94525e-06
1.06495e-05
1.72639e-05
2.41663e-05
4.26151e-05
5.46279e-05
0.000232787
0.000343336
0.00426494
0.00906671
0.014302
0.0154177
0.015818
0.0125454
0.0109892
0.00549534
0.00375391
0.00168407
0.00120526
0.000853244
0.000553277
0.000436624
6.45225e-05
0.000161808
1.96644e-05
1.24106e-05
2.09987e-05
2.43819e-05
5.94161e-05
0.000438721
0.000182846
0.000815658
0.00085711
0.00179752
0.00134054
0.00152688
0.00217271
0.00223712
0.00365336
0.00422905
0.00348566
0.00255796
0.00291198
0.00219298
0.00367356
0.00299224
0.00218807
0.00225922
0.00176406
0.00171141
0.00227633
0.00148311
0.00197761
0.00210292
0.001408
0.00127466
0.00135409
0.000977335
0.00127546
0.000756319
0.000973489
0.00121571
0.00150448
0.000843213
0.00099403
0.000935597
0.000686976
0.000825886
0.00116567
0.000584401
0.000731466
0.000701339
0.000796211
0.000359939
0.000482892
0.00070155
0.000707477
0.000270181
0.000538962
0.000841472
0.000711637
0.000257811
0.000255562
0.000460428
0.000144719
0.000273652
0.000302343
0.000150922
0.000174929
5.32204e-05
0.000459092
0.000280073
0.000112138
0.000263246
7.1105e-05
8.42488e-05
0.000171006
7.82828e-05
0.000330364
3.78886e-05
0.000152159
0.000161888
0.000300309
0.000199065
0.00023094
0.000146473
7.09619e-05
3.07542e-06
0.000153464
0.000150632
0.000146673
0.000144836
0.000143349
0.000142551
0.000159868
0.000156473
0.000155974
0.000149614
0.000147225
0.000136897
0.000180846
0.000165225
0.000160905
0.000170347
0.000167706
0.000185153
0.000172264
0.000163646
0.000173534
0.00015838
0.000155171
0.000163907
0.000160973
0.000162059
0.000135754
0.000133623
0.000135329
0.000153173
0.000133868
0.000133353
0.00014239
0.000144737
0.000143131
9.10813e-05
9.38623e-05
9.49218e-05
0.000118151
0.000119724
0.000124254
0.000102088
0.000111282
0.000117008
0.000142533
0.000172506
0.000181504
0.000179245
0.000191159
0.000221567
0.000243901
0.000250997
0.000246967
0.00029566
0.000312937
0.00037145
0.000398628
0.000597837
0.000651634
0.000664442
0.000733694
0.00084132
0.000934667
0.00101536
0.00116128
0.00167112
0.00233593
0.0027042
0.00313167
0.00383427
0.00433674
0.00505178
0.00750312
0.00883967
0.00783304
0.00847978
0.00568598
0.00195893
0.00108338
0.00195896
0.00108791
0.000416274
0.00257548
0.00394853
0.00264695
0.00119948
0.0025141
0.00273689
0.000519801
0.000245296
0.00090188
0.00197487
0.00101286
0.00101223
0.000550763
0.00225101
0.00274337
0.00188542
0.000570513
0.00187848
0.00144618
0.00121709
0.000944611
0.00395864
0.00274499
0.00311867
0.00198651
0.00514796
0.00406425
0.00425743
0.00209024
0.00560904
0.00700396
0.00521644
0.00572518
0.00449219
0.0102092
0.00787801
0.0148049
0.0112123
0.0112478
0.0125568
0.00946998
0.00521017
0.000753577
0.000777478
0.000643979
0.00713009
0.000705084
0.000712077
0.000745768
0.000747271
0.000763119
0.000895123
0.000784068
0.00082091
0.000711778
0.000713324
0.00072886
0.000703737
0.000705042
0.000734501
0.000884917
0.000762199
0.000761608
0.00077818
0.000784732
0.000813862
0.000830961
0.000890661
0.000935389
0.000863093
0.000942717
0.000935835
0.000953626
0.000939205
0.00104367
0.00103312
0.00105523
0.00103708
0.00104144
0.00101913
0.00106214
0.00109642
0.00108411
0.00110346
0.0011799
0.00116463
0.00117127
0.00109808
0.00106466
0.00105364
0.00107729
0.00109275
0.00109927
0.00114568
0.00122237
0.000596465
0.000509728
0.00029408
0.00109191
0.00108025
0.00110759
0.00113288
0.00114761
0.000406571
0.00113871
0.00112371
0.00115942
0.00119288
0.00114122
0.00115744
0.00121557
0.000748156
0.00105768
0.00104545
0.000690975
0.000724801
0.000454683
8.76633e-08
6.01794e-08
1.71214e-05
1.90092e-06
1.7488e-06
6.41439e-05
6.23746e-05
0.000183704
0.000102194
9.97487e-05
0.00029457
0.000814615
0.00108023
0.00154834
0.00310873
0.003036
0.00370178
0.00286261
0.00317194
0.00282911
0.00275737
0.0041271
0.00570807
0.00553195
0.00554278
0.0047089
0.00455788
0.00470419
0.00945466
0.0102876
0.00462985
0.00485726
0.0105953
0.0100431
0.0105655
0.00993923
0.00979447
0.00792128
0.007775
0.0103415
0.00949198
0.00959588
0.0076627
0.00694649
0.00759594
0.00453463
0.00589544
0.00782035
0.00779192
0.00674901
0.0062815
0.00372329
0.00349781
0.00424743
0.00393576
0.00333496
0.0030109
0.00289343
0.00256087
0.00186498
0.00196725
0.00243772
0.00185089
0.00157474
0.0016582
0.000132828
0.000176715
0.000432757
0.000430751
0.0001877
1.14841e-05
2.67971e-05
4.19536e-05
2.48004e-05
4.54262e-08
0.000127801
4.76685e-05
4.00901e-06
3.8656e-05
7.30213e-06
0.000237547
0.000231852
9.89253e-05
4.22917e-05
0.000805845
0.00058972
1.52882e-05
0.000676223
0.000239263
0.000104237
1.63592e-05
2.16445e-05
1.73951e-06
4.47905e-05
0.000670429
0.00028296
0.000313537
0.000441027
2.49458e-07
0.00404136
6.90978e-12
6.91026e-12
6.90963e-12
6.91082e-12
6.91084e-12
6.91208e-12
6.91631e-12
6.91472e-12
6.95467e-12
6.94968e-12
7.11431e-12
1.65534e-11
1.68949e-11
1.6955e-11
4.03986e-09
9.54561e-07
9.53732e-07
9.40938e-07
9.61e-07
1.54318e-05
1.51712e-05
2.58459e-05
2.53994e-05
3.28516e-05
3.20877e-05
2.12555e-05
2.07764e-05
1.25301e-05
1.232e-05
1.23258e-05
7.86793e-06
7.85146e-06
5.01563e-06
4.95632e-06
3.42419e-06
3.40633e-06
3.41544e-06
3.17755e-06
3.21938e-06
3.22412e-06
4.05328e-06
3.03353e-06
3.04509e-06
2.44222e-06
2.45571e-06
2.13583e-06
2.15325e-06
2.45849e-06
2.51516e-06
2.88409e-06
3.25953e-06
3.30733e-06
3.32609e-06
3.59491e-06
3.68498e-06
3.30509e-06
3.33215e-06
3.36192e-06
2.87241e-06
2.67669e-06
2.69699e-06
2.72728e-06
2.266e-06
2.22581e-06
2.24165e-06
2.68122e-06
2.6817e-06
2.60733e-06
2.64506e-06
3.35141e-06
3.33421e-06
2.901e-06
2.95901e-06
2.61613e-06
2.60179e-06
3.17727e-06
2.96811e-06
3.76019e-06
3.78891e-06
3.82546e-06
3.82238e-06
3.49114e-06
3.49257e-06
3.5179e-06
3.14159e-06
2.96723e-06
2.99999e-06
3.05747e-06
3.02657e-06
3.02744e-06
3.0293e-06
2.4963e-06
2.52485e-06
3.37428e-06
3.3803e-06
2.86728e-06
2.92449e-06
3.45144e-06
3.58223e-06
3.76937e-06
3.9045e-06
3.53875e-06
3.66542e-06
4.30267e-06
4.56694e-06
4.26728e-06
3.72344e-06
3.93505e-06
4.05404e-06
4.2269e-06
3.97823e-06
4.19826e-06
4.66547e-06
4.60377e-06
3.87872e-06
4.47405e-06
4.45212e-06
5.18907e-06
4.2502e-06
4.89799e-06
4.80832e-06
5.21457e-06
6.04225e-06
5.97701e-06
5.83375e-06
6.068e-06
5.53544e-06
5.96905e-06
6.36107e-06
6.20934e-05
3.48768e-05
1.97647e-05
1.31015e-05
9.9471e-06
8.69697e-06
7.34761e-06
6.66319e-06
5.80862e-06
5.70973e-06
5.69679e-06
5.48902e-06
5.37069e-06
5.35973e-06
5.28741e-06
5.40637e-06
5.50817e-06
5.46714e-06
5.52739e-06
5.89545e-06
5.89989e-06
5.5564e-06
5.52543e-06
5.56454e-06
5.15938e-06
4.707e-06
4.85096e-06
5.35295e-06
5.46833e-06
5.45774e-06
5.59949e-06
5.87696e-06
5.84312e-06
5.48026e-06
1.97315e-06
2.02568e-06
1.83126e-06
1.93311e-06
2.4506e-06
2.50331e-06
2.59945e-06
2.51692e-06
2.7128e-06
2.72404e-06
3.06616e-06
3.1005e-06
3.48953e-06
3.40577e-06
4.12486e-06
4.9127e-06
5.26029e-06
5.11951e-06
6.45257e-06
6.74664e-06
9.75804e-06
9.22354e-06
1.29901e-05
1.40619e-05
2.21648e-05
2.44456e-05
1.83826e-05
3.27945e-05
3.56785e-05
5.90632e-05
6.5978e-05
6.88394e-05
0.000127912
0.000142785
0.00011089
0.000312306
9.37155e-05
0.000789396
0.00077322
0.00056808
0.00496568
0.00436226
0.0100399
0.0104051
0.0170368
0.0170074
0.0156206
0.0189706
0.0188125
0.0213771
0.0237336
0.0217335
0.0241918
0.0229365
0.0219773
0.0209635
0.0191008
0.0192302
0.0160007
0.0147504
0.0130705
0.00576849
0.00624485
0.00487515
0.00683398
0.00554808
0.00393546
0.00469032
0.00336072
0.00214792
0.00263814
0.00155111
0.00143761
0.0016067
0.00120815
0.00151013
0.00150481
0.000616794
0.000714968
0.000309441
0.000919017
0.000608799
0.000326661
0.000356518
0.000399111
0.000440041
0.000601032
9.91154e-05
0.000125105
1.89594e-06
6.74484e-06
2.85761e-05
9.28039e-07
2.64339e-07
1.24695e-06
0.000192366
9.72779e-05
0.000212309
0.000175289
0.000236092
0.000247394
0.000367011
0.000852042
0.00115937
0.000876018
0.000856665
0.000827223
0.00117477
0.00181869
0.00194958
0.00172497
0.0019677
0.00227788
0.00200644
0.0022573
0.00268885
0.00313845
0.00290047
0.00296076
0.00252019
0.0026281
0.00328425
0.00412944
0.00280646
0.00192319
0.00152915
0.00373285
0.00202229
0.00284234
0.00217249
0.00270893
0.00285438
0.00222705
0.00536762
0.00396161
0.00636912
0.0048133
0.00484567
0.0022732
0.00663645
0.0048658
0.00744759
0.00589356
0.00340634
0.00249708
0.00418678
0.00259408
0.00253258
0.00269717
0.00257672
0.00256485
0.00226089
0.00225388
0.002581
0.00254118
0.00243479
0.00236147
0.00238421
0.00236989
0.00274698
0.00268862
0.00247994
0.00247868
0.00239847
0.00236727
0.00233245
0.00233565
0.00249489
0.00240299
0.00218749
0.00228475
0.00201258
0.00200156
0.00228167
0.00229034
0.00232981
0.00225809
0.00238063
0.00220985
0.00214622
0.00218823
0.00211606
0.00212336
0.00220183
0.00223345
0.00217117
0.00220479
0.00241344
0.00247163
0.00217242
0.00211558
0.00216667
0.00208479
0.00203369
0.00203526
0.00240275
0.00236751
0.00189119
0.00185179
0.00187604
0.0021476
0.00209558
0.00209971
0.00196301
0.00197636
0.00197396
0.00193255
0.0016961
0.000237456
9.49457e-05
0.000432566
0.000424287
0.000326955
0.000131176
0.000129013
2.09802e-05
1.76249e-05
0.000775261
0.00110956
0.00136928
0.00020717
0.000200656
0.000258942
0.00150817
0.00145866
0.00178404
0.00200197
0.00281104
0.000571418
0.000553417
0.000764382
0.00206965
0.00199252
0.00241843
0.00120134
0.00115822
0.00179911
0.00549306
0.00574307
0.00478208
0.00453619
0.0060832
0.00551717
0.00539073
0.00539888
0.00464772
0.00813226
0.00850476
0.00837365
0.00762472
0.0072896
0.00621821
0.00559182
0.00377769
0.00681145
0.00593877
0.00518884
0.00317575
0.00357718
0.00312085
0.00285513
0.00269095
0.00416599
0.00351972
0.00336127
0.00186751
0.00160039
0.00115813
0.00136138
0.00105675
0.000929867
0.00107043
0.00131764
0.00210955
0.00187067
0.000691819
0.000734447
0.000130238
0.000141872
0.000152201
0.000397567
0.000414138
0.000992845
0.00102317
0.000520957
0.000476799
0.000562165
0.00481415
0.00276229
0.00139416
0.000757562
0.000330658
0.000154515
8.81107e-05
4.59793e-05
1.34786e-07
4.6876e-06
9.24602e-08
6.89423e-07
0.000203774
0.000267925
0.000204645
6.16336e-05
1.3258e-05
1.08418e-05
2.20963e-05
4.93725e-07
0.000131596
0.000131214
0.000135594
0.000910481
0.00110899
4.55218e-05
1.27756e-05
1.44416e-07
0.000155585
0.00496718
0.00375964
1.05101e-11
1.05184e-11
1.05237e-11
1.05242e-11
1.05295e-11
1.05287e-11
1.0506e-11
1.05129e-11
1.05209e-11
1.0539e-11
1.12722e-11
1.12904e-11
1.1429e-11
3.58389e-09
3.64322e-09
6.96729e-07
7.16283e-07
1.18365e-05
1.17276e-05
5.60187e-05
5.56772e-05
0.000118674
0.000116094
9.05575e-05
8.82611e-05
3.91785e-05
4.14171e-05
4.14749e-05
2.07787e-05
2.03942e-05
1.54442e-05
1.53379e-05
1.15244e-05
1.16654e-05
1.23257e-05
1.23092e-05
1.04149e-05
1.05702e-05
9.55726e-06
9.61366e-06
9.68042e-06
9.75343e-06
8.64415e-06
8.868e-06
7.18072e-06
7.27017e-06
6.09441e-06
6.21589e-06
6.14633e-06
6.27161e-06
5.94048e-06
6.06883e-06
6.26554e-06
6.51505e-06
6.68786e-06
5.32078e-06
5.61439e-06
6.63341e-06
6.26002e-06
4.82551e-06
9.50477e-06
9.0206e-06
7.34175e-06
7.03467e-06
6.46156e-06
6.3133e-06
8.59457e-06
8.27358e-06
8.22756e-06
7.94766e-06
7.86437e-06
6.89245e-06
6.74003e-06
5.96517e-06
5.92191e-06
6.63743e-06
5.6381e-06
5.59507e-06
6.91469e-06
6.84065e-06
6.09532e-06
6.03983e-06
7.00022e-06
6.93005e-06
6.63525e-06
6.50601e-06
6.45352e-06
5.81605e-06
5.14471e-06
5.16143e-06
6.49427e-06
6.40001e-06
6.51053e-06
5.1403e-06
1.4561e-05
1.37035e-05
1.13783e-05
1.06431e-05
1.03544e-05
9.94832e-06
9.6885e-06
1.16967e-05
1.10702e-05
1.08514e-05
9.69967e-06
9.24879e-06
9.19333e-06
8.81471e-06
8.84533e-06
7.15888e-06
7.53542e-06
7.35541e-06
7.4705e-06
6.66592e-06
6.5461e-06
8.47121e-06
8.24176e-06
8.36237e-06
8.33516e-06
8.17851e-06
8.20987e-06
6.76885e-06
6.66119e-06
6.75247e-06
6.74797e-06
6.72372e-06
7.22218e-06
7.08794e-06
8.50715e-06
8.37405e-06
7.71789e-06
7.55291e-06
7.71093e-06
6.78559e-06
6.69077e-06
6.86387e-06
6.81886e-06
8.51112e-06
7.75133e-06
7.68166e-06
7.76439e-06
7.61009e-06
7.71761e-06
7.53571e-06
7.48826e-06
7.89598e-06
7.72248e-06
7.7075e-06
7.61524e-06
1.0309e-05
1.27899e-05
1.20266e-05
1.16903e-05
8.27831e-06
1.26818e-05
1.94838e-05
1.76835e-05
1.69142e-05
1.44277e-05
1.35347e-05
1.37851e-05
1.32565e-05
1.17242e-05
1.17362e-05
1.33601e-05
1.28796e-05
1.28282e-05
1.35908e-05
1.34064e-05
1.16774e-05
1.16896e-05
1.14394e-05
1.12223e-05
1.15167e-05
1.203e-05
1.18011e-05
1.21909e-05
1.36704e-05
1.33933e-05
1.39033e-05
1.40807e-05
1.24711e-05
1.22873e-05
1.24098e-05
1.31489e-05
1.29506e-05
1.36337e-05
1.45573e-05
1.52645e-05
1.58677e-05
1.74823e-05
1.68948e-05
1.72889e-05
1.88326e-05
1.82355e-05
3.37859e-05
3.31507e-05
2.87483e-05
1.93313e-05
2.0479e-05
3.71903e-05
2.91223e-05
5.1196e-05
5.09805e-05
6.59672e-05
0.00011322
0.000154639
0.000113732
0.00021614
2.98651e-06
0.00331027
0.00326778
0.00250754
0.00443768
0.00438753
0.0102239
0.0127707
0.0125837
0.014063
0.0165894
0.0160446
0.0141594
0.0162918
0.0154676
0.0172093
0.0181193
0.0173087
0.0158784
0.014666
0.0145654
0.0128999
0.00776797
0.0073529
0.00912263
0.00612827
0.00608097
0.00379988
0.00450744
0.003083
0.00325149
0.00219822
0.00160506
0.00102637
0.00139051
0.000982718
0.000442955
0.00044351
0.000297408
0.000625695
0.000326857
8.40338e-05
3.07108e-05
0.000129022
5.20882e-05
0.000121871
0.000123662
0.000307816
0.000137803
0.000470696
0.0023074
0.0024112
0.00236093
0.00246509
0.00224021
0.00210314
0.00219008
0.00223218
0.0021053
0.0021878
0.00223405
0.00212257
0.00221603
0.00219397
0.00209444
0.00214393
0.00195289
0.00230247
0.00233839
0.00223446
0.00215693
0.0022781
0.00236469
0.00243778
0.00250097
0.00233387
0.00271358
0.00261438
0.00269334
0.00258663
0.00249962
0.00268072
0.0029101
0.00280948
0.00295179
0.00262683
0.00255045
0.00261994
0.00242
0.00249694
0.00276918
0.00289956
0.00301153
0.00287845
0.00279834
0.00286815
0.00292791
0.00290968
0.00301431
0.00305305
0.00341431
0.00338233
0.00318844
0.00322334
0.00272368
0.00272022
0.00286814
0.00282718
0.00277282
0.00245949
0.00253653
0.00265583
0.00260423
0.00271082
0.00250007
0.00266118
0.00315937
0.00307263
0.00319016
0.00284405
0.003016
0.00327687
0.00335696
0.00297893
0.00310788
0.00344614
0.00360572
0.00375217
0.00339792
0.00366359
0.00381307
0.00367889
0.00387025
0.00344188
0.00369098
0.00193159
0.00186764
0.00092379
3.15901e-05
3.23468e-05
4.98316e-05
0.000522939
8.99413e-05
4.68163e-06
0.00128137
0.00119745
0.0018566
0.000520071
0.00164218
0.00277622
0.00345807
0.00299607
0.00290903
0.00471906
0.00486414
0.0044005
0.00574142
0.00795132
0.00810538
0.00538574
0.00465885
0.00702163
0.00591858
0.00833403
0.00883639
0.0056943
0.00564672
0.00657509
0.00564524
0.00677755
0.00510555
0.00471233
0.00489658
0.00427038
0.00321526
0.00276733
0.00215374
0.00279706
0.00231199
0.00263154
0.00240056
0.00235832
0.00174347
0.00575716
0.00473733
0.00144167
0.00126962
0.00265015
0.00229355
0.00478581
0.00521762
0.00675968
0.0106115
0.0103245
0.0107757
0.0046994
0.00434778
0.00402574
0.000175793
0.0403063
0.0342982
0.00847932
0.00789246
0.000175985
2.27173e-05
2.19366e-05
2.22613e-05
2.53338e-05
3.45393e-06
3.63643e-06
2.40417e-06
1.71732e-06
1.70734e-06
4.84805e-06
4.85738e-06
2.07321e-05
1.99545e-05
1.97576e-05
1.87655e-05
1.83686e-05
3.07676e-05
3.04309e-05
3.52533e-05
3.45402e-05
2.47892e-05
2.43659e-05
3.17277e-05
3.17783e-05
3.18917e-05
2.45585e-05
2.42153e-05
1.85037e-05
1.84659e-05
1.80181e-05
1.77824e-05
1.8007e-05
1.65662e-05
1.61101e-05
2.46009e-05
2.5333e-05
2.47821e-05
2.47209e-05
2.44555e-05
2.46348e-05
2.51872e-05
2.60057e-05
2.62756e-05
2.02946e-05
1.99188e-05
1.99003e-05
1.76013e-05
1.76417e-05
1.94572e-05
1.97371e-05
1.37654e-05
1.37353e-05
1.37592e-05
1.88046e-05
1.8914e-05
1.92078e-05
1.9148e-05
1.88671e-05
1.91553e-05
2.03745e-05
2.05584e-05
1.8319e-05
1.8682e-05
1.3091e-05
1.34736e-05
1.22306e-05
1.25569e-05
1.45983e-05
1.44801e-05
1.48275e-05
1.64548e-05
1.68236e-05
1.677e-05
1.7768e-05
1.72998e-05
1.74691e-05
1.76521e-05
2.16558e-05
2.1893e-05
2.23106e-05
2.34726e-05
2.35465e-05
2.31843e-05
2.32559e-05
2.18962e-05
2.15891e-05
2.13116e-05
2.10723e-05
2.10652e-05
2.03441e-05
1.78014e-05
1.76825e-05
1.77539e-05
1.74403e-05
1.80104e-05
1.85991e-05
1.82635e-05
2.10755e-05
2.09601e-05
1.73469e-05
1.46985e-05
1.42188e-05
1.5615e-05
1.56825e-05
1.54961e-05
1.91957e-05
1.91509e-05
1.73363e-05
1.71572e-05
1.74702e-05
1.85444e-05
1.8477e-05
1.82424e-05
1.8756e-05
1.98705e-05
1.97161e-05
1.96664e-05
1.71917e-05
1.75992e-05
1.77333e-05
1.97511e-05
1.96781e-05
1.78176e-05
1.78e-05
1.98769e-05
1.99159e-05
1.80021e-05
1.80724e-05
2.1799e-05
2.20067e-05
1.89803e-05
1.96323e-05
1.86416e-05
1.88671e-05
2.01321e-05
2.04621e-05
2.0617e-05
2.0997e-05
2.26577e-05
2.31346e-05
2.35052e-05
2.14919e-05
2.20245e-05
2.31724e-05
2.48679e-05
2.46337e-05
2.56548e-05
2.4952e-05
2.58771e-05
2.77415e-05
2.8801e-05
2.91861e-05
2.97173e-05
3.04728e-05
3.06838e-05
3.05512e-05
3.03446e-05
3.12368e-05
3.54267e-05
3.38793e-05
3.42747e-05
3.06799e-05
0.000241511
0.000197605
0.000180378
0.000156555
0.000134375
0.000189003
0.000103905
0.000125685
0.000115134
2.36651e-05
2.17424e-05
2.09282e-05
1.94208e-05
2.12404e-05
2.33506e-05
2.36738e-05
2.46161e-05
2.63154e-05
2.45305e-05
2.80165e-05
2.95522e-05
3.49254e-05
3.11149e-05
3.68039e-05
3.95957e-05
4.19663e-05
5.27703e-05
5.8241e-05
5.46147e-05
8.10661e-05
8.94669e-05
0.000138012
0.000150709
0.00011445
0.000229522
0.000241443
0.000473938
0.000519848
0.00037839
0.000266413
0.000312077
0.000504867
0.000193277
0.000749457
0.0014869
0.00373297
0.00335725
0.00689022
0.00762345
0.00659153
0.00725752
0.00807015
0.00727835
0.00649674
0.00533152
0.00519127
0.00395822
0.00180499
0.00164724
0.00138543
0.00115793
0.000262247
0.000280525
0.00014514
9.22982e-05
3.74942e-06
0.00010829
5.94556e-06
1.49834e-05
0.000218966
0.000258374
0.000228832
0.000108669
0.000440834
0.000312894
0.000285074
0.000447102
0.000570143
0.00057154
0.00079632
0.00096783
0.00124897
0.00147227
0.0015723
0.00112774
0.00142289
0.00196229
0.00207117
0.00218452
0.00247179
0.00401971
0.00455346
0.00255999
0.00235508
0.00290557
0.00344356
0.0039603
0.00441259
0.00412559
0.00455381
0.00421285
0.00447103
0.00410938
0.00454902
0.0054317
0.00637449
0.00562222
0.0067677
0.00677471
0.00608581
0.00662081
0.00693845
0.00688125
0.00900865
0.00901499
0.0100896
0.00769035
0.0100139
0.00962938
0.00999022
0.0105263
0.00923488
0.0107093
0.00910785
0.0116017
0.0114533
0.0153007
0.00991378
0.0127135
0.013
0.012375
0.0142481
0.0177252
0.0225243
0.021556
0.0216033
0.0173996
0.0175019
0.0136895
0.0112574
0.0145653
0.0246435
0.0258024
0.0216178
0.0108733
0.0203172
0.0127217
0.0258381
0.0255878
0.0111098
0.00245854
0.00248059
0.0024588
0.00221933
0.00221827
0.00241279
0.00234244
0.00233683
0.00253894
0.00346718
0.00225492
0.00309945
0.00307715
0.00339838
0.00329331
0.00203202
0.0028428
0.00213738
0.00288534
0.00209787
0.00208565
0.00217208
0.00214921
0.00236434
0.00314362
0.00202647
0.0026003
0.00259061
0.00203281
0.00256725
0.00219252
0.00218782
0.00235735
0.00262184
0.00226965
0.0022998
0.00243381
0.00240171
0.00250763
0.00245332
0.00250047
0.00302127
0.00295333
0.0023801
0.00234104
0.00238553
0.00240497
0.00233633
0.00233921
0.00218664
0.00217166
0.00216915
0.002153
0.00212247
0.00218772
0.00204292
0.00199687
0.00204944
0.00218095
0.00224671
0.00213408
0.0018513
0.000225239
0.000143467
0.000702478
0.000422241
0.00108139
0.00106736
0.000619369
9.73867e-06
8.72698e-06
2.5832e-05
5.36243e-07
4.43564e-07
5.04671e-06
7.95631e-06
0.000226365
0.000425978
0.000961149
0.000939518
0.00111781
0.00142213
0.00127227
0.00142762
0.00158144
0.00311127
0.0038614
0.00362697
0.00347745
0.00395735
0.00468783
0.00446514
0.00464284
0.0066492
0.00668974
0.00470904
0.00465707
0.00530641
0.00493086
0.00508711
0.00451665
0.00519019
0.00449063
0.00425432
0.00473346
0.00792593
0.00796601
0.0058213
0.00680896
0.00657886
0.00605876
0.00592655
0.00542953
0.00503568
0.00550134
0.0051978
0.0089124
0.00787997
0.00686461
0.00248432
0.00226054
0.00210717
0.00331419
0.00295926
0.00189658
0.00220782
0.00199271
0.0019426
0.00220332
0.00197994
0.00193487
0.00310154
0.0027124
0.00260012
0.00212233
0.00214624
0.00405563
0.00367741
0.000780596
0.00074664
0.000628262
0.00103008
0.00120935
0.000875105
0.000936307
0.000966256
0.000919174
0.000840595
0.004793
0.00425638
0.00378634
0.00304536
0.00308852
0.00295012
0.00243129
0.00213305
0.00207287
0.00163808
0.00158224
0.00192943
0.00157169
0.00125921
0.00107012
0.00106456
0.000245992
0.000191898
0.00020464
0.000347999
0.000267995
0.000370554
6.36725e-05
3.50693e-05
4.28639e-05
3.33261e-06
1.32088e-05
4.39344e-05
2.04482e-05
4.37267e-05
5.4903e-05
3.26197e-06
5.29605e-07
2.24225e-05
4.90829e-05
0.000357333
0.000295409
0.000873368
0.000997838
0.000693618
0.000925273
0.000755369
5.63457e-11
5.40569e-11
5.92882e-11
6.11796e-11
6.09509e-11
6.10983e-11
6.50081e-11
5.61226e-11
6.14828e-11
1.97588e-11
1.96997e-11
1.53024e-11
1.5716e-11
1.49655e-11
2.92339e-11
2.83579e-11
2.115e-08
2.181e-08
3.62017e-06
3.70003e-06
6.91634e-05
6.81513e-05
0.000160746
0.000159991
0.000199945
0.000200724
0.000142839
0.000139368
6.34947e-05
6.3253e-05
4.81948e-05
4.85844e-05
4.90524e-05
4.96537e-05
4.9792e-05
3.57774e-05
3.69431e-05
2.75988e-05
2.71217e-05
1.99754e-05
2.04385e-05
2.0643e-05
2.13778e-05
2.21168e-05
2.26626e-05
1.66561e-05
1.73719e-05
1.51723e-05
1.59013e-05
1.52002e-05
1.52187e-05
1.53017e-05
1.71095e-05
1.80333e-05
1.93026e-05
2.06379e-05
1.11494e-05
1.13378e-05
1.16813e-05
1.17939e-05
1.19181e-05
1.05265e-05
1.07874e-05
1.15916e-05
1.15878e-05
9.67601e-06
1.00189e-05
8.55011e-06
8.72788e-06
8.88035e-06
9.15655e-06
9.04861e-06
9.1146e-06
7.79815e-06
7.7258e-06
7.84359e-06
8.55475e-06
8.67804e-06
1.10658e-05
1.0919e-05
1.07473e-05
1.09292e-05
1.36734e-05
1.36908e-05
1.36661e-05
1.04727e-05
1.06052e-05
1.27749e-05
1.31483e-05
9.72755e-06
9.88476e-06
1.00133e-05
1.08425e-05
1.1299e-05
9.99716e-06
1.03906e-05
1.42054e-05
1.47259e-05
1.25931e-05
1.32087e-05
1.3092e-05
1.35997e-05
1.3718e-05
1.1001e-05
1.14717e-05
1.21167e-05
1.19134e-05
1.25902e-05
1.29102e-05
1.65831e-05
1.76646e-05
1.78466e-05
1.70775e-05
1.82437e-05
1.84618e-05
2.15979e-05
2.37665e-05
2.17949e-05
2.4316e-05
2.20999e-05
2.44723e-05
2.45074e-05
2.64499e-05
2.95383e-05
3.20998e-05
3.6446e-05
3.40822e-05
3.94677e-05
3.94532e-05
4.54717e-05
4.98941e-05
5.30996e-05
6.21845e-05
6.30167e-05
5.13569e-05
6.03951e-05
6.16496e-05
7.32079e-05
7.84498e-05
9.49831e-05
9.70899e-05
9.20771e-05
8.71199e-05
1.657e-05
6.23352e-05
1.94462e-05
1.57442e-05
1.50345e-05
1.51432e-05
2.00686e-05
1.91663e-05
1.90469e-05
1.60711e-05
1.54869e-05
1.53162e-05
1.52476e-05
1.46805e-05
1.4874e-05
1.46659e-05
1.4197e-05
1.43659e-05
1.38723e-05
1.35085e-05
1.23064e-05
1.22826e-05
1.31457e-05
1.28036e-05
1.31346e-05
1.20948e-05
1.21153e-05
1.44035e-05
1.40669e-05
1.41775e-05
1.39221e-05
1.36278e-05
1.3979e-05
1.47242e-05
1.30638e-05
1.30818e-05
1.2886e-05
1.33607e-05
1.58051e-05
1.55596e-05
1.58388e-05
1.40122e-05
1.38229e-05
1.44983e-05
1.38379e-05
1.40879e-05
1.36344e-05
1.41319e-05
1.61596e-05
1.60173e-05
1.63556e-05
1.72174e-05
1.7663e-05
1.61327e-05
0.000974594
0.000835022
0.000620281
0.000491162
0.000375073
0.000297434
0.000236345
0.00019662
0.000154882
0.000133324
0.00010118
9.35446e-05
1.98992e-05
2.38085e-05
2.44757e-05
3.82644e-05
3.60043e-05
5.66215e-05
6.17202e-05
9.48767e-05
0.000104912
0.000104607
0.000218079
0.000160263
7.38396e-05
8.83717e-05
0.000186213
0.0010167
0.00599014
0.00592806
0.00510144
0.00733483
0.0123547
0.0148036
0.0145306
0.0110054
0.0162055
0.0171384
0.0159305
0.0166759
0.0148386
0.012731
0.0129305
0.0119018
0.0113514
0.00955252
0.00916194
0.00603365
0.00615705
0.0051287
0.00477954
0.00382859
0.00252202
0.00171327
0.00106307
0.00101226
0.00169068
0.000542597
0.000101901
0.000118211
0.000164707
8.347e-06
8.56623e-06
6.53667e-07
7.59148e-07
1.57225e-05
4.29975e-05
5.47969e-05
3.87735e-05
0.000107606
5.7148e-05
0.00024488
5.3602e-05
0.00012918
0.000233685
0.000264259
0.00044388
0.000377467
0.000607225
0.000392691
0.00556271
0.00491847
0.00479642
0.00467667
0.00459915
0.00479125
0.00435224
0.00430476
0.00426411
0.00370559
0.00363903
0.00392638
0.00398135
0.00338418
0.00340624
0.00379969
0.00391156
0.00309465
0.00322048
0.00305166
0.00318751
0.00296956
0.00283256
0.00279732
0.00281065
0.00275569
0.00311121
0.00297695
0.00306472
0.00282668
0.00272049
0.00288279
0.00265639
0.00256672
0.00267982
0.00276979
0.00267704
0.00285202
0.00277558
0.00268609
0.00288017
0.00286373
0.00277509
0.00298866
0.00291611
0.0030273
0.00312051
0.00308403
0.00299191
0.00315923
0.00335056
0.00353371
0.00398858
0.00358199
0.00346799
0.00362773
0.00340151
0.00355813
0.00373606
0.00360851
0.0038426
0.00376602
0.00388104
0.00393684
0.00411127
0.00404059
0.00421877
0.00394447
0.00437541
0.00453164
0.00501947
0.00539594
0.00445977
0.00449303
0.00504137
0.00519603
0.00418291
0.00286853
0.000805654
0.00262965
0.00158687
0.000113104
0.000204401
0.000282515
0.000667477
0.00213236
0.003366
0.00202703
0.00265052
0.00335618
0.00472453
0.00443511
0.00402288
0.00547926
0.00637069
0.00811212
0.0050433
0.00442572
0.00611864
0.00431394
0.00580428
0.00637413
0.00632993
0.00573693
0.00619701
0.00732474
0.00639819
0.00555582
0.00487111
0.00523204
0.00448761
0.00404751
0.00408892
0.00461327
0.00333463
0.00369265
0.00320873
0.00264958
0.00300813
0.00377474
0.00232305
0.0040472
0.00342805
0.00280924
0.00352605
0.00547351
0.00478539
0.00430198
0.00289395
0.00357351
0.00421122
0.00419562
0.0026525
0.00247804
0.00364557
0.00611345
0.00671362
0.0137528
0.0129704
0.0135495
0.00315682
0.0030916
0.00360415
0.00181639
0.0157061
0.012694
0.00953598
0.00782748
0.00024085
5.09576e-06
4.688e-05
4.50125e-05
1.82228e-06
1.80053e-06
1.81922e-06
7.4542e-07
7.48983e-07
1.79272e-06
1.79394e-06
5.13938e-06
2.0604e-05
2.03477e-05
5.25905e-05
5.07894e-05
6.53297e-05
6.33913e-05
6.29046e-05
6.18656e-05
4.79497e-05
4.76931e-05
4.65138e-05
4.50875e-05
2.91683e-05
2.33164e-05
2.30083e-05
2.26437e-05
2.28765e-05
1.83291e-05
1.8676e-05
3.50034e-05
3.48993e-05
2.63e-05
2.61753e-05
3.58241e-05
3.54589e-05
3.60653e-05
3.17607e-05
3.15861e-05
3.1293e-05
2.15329e-05
2.19716e-05
2.16262e-05
2.19483e-05
2.6063e-05
2.62601e-05
2.19901e-05
2.23368e-05
2.54691e-05
2.56772e-05
2.7194e-05
2.71589e-05
2.64378e-05
2.71589e-05
2.4191e-05
2.43423e-05
2.12622e-05
2.13623e-05
2.16861e-05
2.31018e-05
2.32656e-05
2.38492e-05
2.88887e-05
2.93904e-05
2.81158e-05
2.79743e-05
2.62334e-05
2.6748e-05
2.63571e-05
2.63415e-05
2.66718e-05
2.83441e-05
2.8306e-05
2.80319e-05
2.41814e-05
2.44384e-05
2.48532e-05
2.50397e-05
2.58593e-05
2.53411e-05
2.68752e-05
3.38091e-05
3.42844e-05
2.89633e-05
2.94829e-05
4.38625e-05
4.47013e-05
3.41782e-05
3.76075e-05
3.79724e-05
4.10625e-05
3.36366e-05
3.50488e-05
3.52754e-05
3.56432e-05
3.63084e-05
3.80268e-05
3.77917e-05
3.99872e-05
4.05794e-05
3.78145e-05
4.09873e-05
4.32993e-05
4.63695e-05
4.65022e-05
3.95312e-05
4.15312e-05
4.11509e-05
4.25988e-05
5.10615e-05
5.14235e-05
4.5454e-05
4.88776e-05
4.75592e-05
5.79441e-05
6.29219e-05
5.27414e-05
5.67119e-05
6.38706e-05
6.99229e-05
6.80735e-05
7.14895e-05
7.70214e-05
6.81416e-05
6.4186e-05
8.08197e-05
7.81512e-05
6.7665e-05
8.6329e-05
8.27244e-05
6.4493e-05
7.10846e-05
7.62717e-05
0.00173423
0.000933677
0.000504994
0.000279368
0.000178608
0.000132706
0.000116925
9.77733e-05
8.63284e-05
7.94996e-05
6.55564e-05
6.34228e-05
6.50213e-05
7.87788e-05
7.51838e-05
6.44396e-05
6.37025e-05
6.67458e-05
6.11551e-05
6.099e-05
6.19775e-05
7.23693e-05
7.23412e-05
7.81464e-05
7.70238e-05
7.62772e-05
6.55768e-05
6.26676e-05
6.07236e-05
6.40906e-05
6.36906e-05
6.4157e-05
7.01601e-05
6.9851e-05
6.96203e-05
7.04415e-05
6.97497e-05
7.4476e-05
8.50775e-05
8.31638e-05
8.43226e-05
8.27654e-05
8.55991e-05
7.72704e-05
7.65244e-05
8.01465e-05
1.29449e-05
1.30911e-05
1.39119e-05
1.52398e-05
1.51773e-05
1.65187e-05
1.74573e-05
1.77991e-05
1.87715e-05
1.77704e-05
1.98698e-05
1.81329e-05
2.04283e-05
2.26594e-05
2.693e-05
2.88893e-05
3.3449e-05
3.63355e-05
3.7329e-05
4.52475e-05
4.8513e-05
4.95925e-05
6.7609e-05
7.35823e-05
6.81687e-05
0.00010779
9.46728e-05
0.000115738
0.000113864
0.00018417
0.000206428
0.000184954
0.000329153
0.000314544
0.000478528
0.000535021
7.58523e-05
1.84149e-05
0.00147418
0.00141756
0.0017053
0.00583475
0.00528594
0.00629825
0.00736346
0.00782701
0.00784131
0.00755727
0.00770099
0.00758497
0.00625675
0.00596238
0.00496619
0.00427564
0.00299258
0.00175506
0.00157155
0.00115798
0.00113928
0.000570159
0.000305396
0.000292847
0.000817932
0.000339354
3.14993e-06
4.28283e-05
5.36635e-06
0.000150365
0.000469958
0.000925634
0.000531933
0.000982435
0.00121938
0.00127721
0.00123992
0.0014327
0.00114981
0.00142697
0.00141658
0.00147776
0.00159399
0.00209523
0.00163638
0.00231386
0.00244429
0.00271392
0.00231504
0.00234914
0.00274566
0.0026683
0.00303963
0.00309897
0.00366428
0.0045432
0.00462324
0.0051451
0.00456123
0.00533819
0.00466291
0.00454113
0.00584759
0.00668085
0.00705905
0.00544866
0.00557457
0.00673373
0.00674179
0.00785051
0.00775617
0.00918121
0.00788721
0.0088618
0.00580066
0.00603868
0.00613482
0.00832457
0.00707295
0.00640492
0.00601041
0.0068886
0.00617455
0.00438459
0.00393758
0.00474793
0.00422117
0.00469948
0.0041496
0.00470535
0.00615817
0.00615562
0.00589716
0.00566035
0.00604405
0.00516061
0.00576133
0.00704055
0.00594554
0.00638353
0.00810971
0.00725014
0.00823298
0.00752459
0.00764115
0.00666466
0.00641098
0.0058908
0.00572047
0.00531056
0.00552971
0.00507116
0.00489625
0.00436673
0.00427244
0.00457491
0.00427373
0.00419309
0.00395554
0.00373556
0.00366329
0.00337127
0.0034127
0.00343143
0.00327494
0.00326135
0.00327163
0.00323147
0.00296919
0.00285882
0.00287187
0.00291406
0.00287599
0.00305298
0.00293699
0.00294217
0.00310992
0.00299038
0.00298307
0.00248061
0.00248901
0.00259132
0.00321858
0.00309421
0.00307851
0.00289194
0.0028577
0.00262831
0.00275849
0.00281976
0.00289992
0.00253081
0.00246424
0.00248816
0.0028689
0.00295115
0.0029777
0.00318583
0.00318517
0.00285261
0.00285459
0.00283883
0.00280368
0.00276878
0.002728
0.00104157
0.000669386
0.00121709
0.00091156
0.000531171
0.000266944
0.000442125
0.000264503
0.000151701
0.000695938
0.000814215
0.000140627
0.000132906
0.000237969
0.00036151
0.000343506
0.000837684
0.000764228
0.00144441
0.00194956
0.00211977
0.00165329
0.00315427
0.00344787
0.00274083
0.00297447
0.00291149
0.00365941
0.00339456
0.00457719
0.00414858
0.00445804
0.00387436
0.00351828
0.00365018
0.00574748
0.00543872
0.00454825
0.00475887
0.00480623
0.00414866
0.00359246
0.00338231
0.0033778
0.0028626
0.00255049
0.00311516
0.00255334
0.00178849
0.00099682
0.00346234
0.00152854
0.00139033
0.0018883
0.00155834
0.00159665
0.000550333
0.000486518
0.000420026
0.00095984
0.000816772
0.000812184
0.00113501
0.00067717
0.000590042
0.000562268
0.000143425
0.000258883
0.000361314
0.000446514
0.000837997
0.000663336
0.000215453
0.00033043
1.81799e-05
3.23104e-05
5.62708e-05
3.78054e-05
0.000323764
0.0052432
0.00441321
0.000917674
0.00143018
0.00085766
0.000613048
0.00028287
2.67756e-05
7.95137e-06
1.89678e-05
0.000232206
7.75206e-05
4.24277e-05
8.50798e-05
1.13676e-06
2.58584e-06
4.58077e-06
1.91326e-05
2.75046e-05
0.00015659
0.000216225
1.10961e-05
0.00444979
0.0032199
1.41493e-11
1.41541e-11
1.41658e-11
1.41342e-11
1.41218e-11
1.41244e-11
1.4129e-11
1.41387e-11
1.48729e-11
1.45728e-11
1.52645e-11
1.52165e-11
1.54701e-11
1.85933e-08
1.88788e-08
1.14642e-06
1.14906e-06
1.19895e-06
3.18024e-05
3.20302e-05
0.000101814
7.04955e-05
6.96384e-05
3.58306e-05
3.53502e-05
3.55218e-05
3.76727e-05
2.17299e-05
2.17466e-05
1.04105e-05
1.04066e-05
1.0392e-05
1.08676e-05
1.08818e-05
1.14558e-05
1.16212e-05
1.16579e-05
1.20108e-05
9.75564e-06
9.7312e-06
7.63541e-06
7.75261e-06
6.69744e-06
6.83718e-06
7.71918e-06
7.92825e-06
5.27079e-06
6.22144e-06
6.40935e-06
6.09207e-06
6.23404e-06
6.39551e-06
7.11069e-06
6.36732e-06
6.54935e-06
6.69716e-06
6.67842e-06
6.82517e-06
5.42475e-06
5.62218e-06
5.76634e-06
7.01083e-06
1.07554e-05
9.14169e-06
1.0651e-05
1.03064e-05
9.08187e-06
8.78231e-06
8.45342e-06
8.48538e-06
8.26521e-06
8.0601e-06
9.73111e-06
9.41456e-06
9.49455e-06
9.31583e-06
9.13474e-06
8.5226e-06
8.46508e-06
9.55589e-06
9.32369e-06
9.23951e-06
9.47617e-06
9.25425e-06
9.41736e-06
7.64981e-06
7.49856e-06
7.47564e-06
6.73593e-06
6.62789e-06
6.71738e-06
8.12463e-06
7.95906e-06
8.31793e-06
8.12855e-06
5.69941e-06
5.6259e-06
5.76878e-06
6.36525e-06
6.42034e-06
5.87641e-06
5.90051e-06
5.99624e-06
6.77317e-06
2.04144e-05
1.60338e-05
1.49838e-05
1.39078e-05
1.35503e-05
1.22195e-05
1.15877e-05
8.78996e-06
8.49272e-06
9.32932e-06
1.23093e-05
1.19545e-05
1.25165e-05
1.19665e-05
1.17576e-05
1.022e-05
9.97082e-06
9.99832e-06
1.06086e-05
1.24531e-05
1.20597e-05
9.30514e-06
9.0908e-06
9.08543e-06
9.72314e-06
9.43367e-06
9.36384e-06
8.39397e-06
8.30044e-06
9.08831e-06
9.18621e-06
9.34155e-06
9.2475e-06
9.43616e-06
9.23859e-06
9.32972e-06
9.17145e-06
1.00207e-05
9.80172e-06
9.97501e-06
9.68505e-06
9.61918e-06
9.43651e-06
9.51138e-06
1.08865e-05
1.3287e-05
1.31554e-05
1.13044e-05
1.13188e-05
1.65796e-05
1.59458e-05
2.14437e-05
2.27575e-05
2.15196e-05
2.00043e-05
1.69626e-05
1.5985e-05
1.57955e-05
1.80285e-05
1.74025e-05
1.43625e-05
1.39049e-05
1.41546e-05
1.42069e-05
1.4089e-05
1.61392e-05
1.61008e-05
1.32564e-05
1.30106e-05
1.33231e-05
1.36816e-05
1.38313e-05
1.36e-05
1.43469e-05
1.36895e-05
1.4131e-05
1.69206e-05
1.65799e-05
1.70035e-05
1.87e-05
1.89086e-05
1.59154e-05
1.64338e-05
1.91853e-05
1.99247e-05
1.72539e-05
1.90523e-05
2.05561e-05
2.08061e-05
2.28249e-05
2.05271e-05
2.95197e-05
3.06608e-05
3.62187e-05
2.11075e-05
3.12948e-05
3.48874e-05
3.77917e-05
5.99549e-05
7.86465e-05
0.000129713
0.000145128
0.00012031
0.00021636
8.23188e-05
6.84464e-05
0.00240004
0.00248692
0.00843343
0.0082697
0.00792998
0.0100543
0.0123248
0.0146041
0.0142368
0.0131441
0.0145721
0.0139026
0.012509
0.0133231
0.012906
0.0119851
0.0101332
0.010299
0.00918886
0.00746941
0.00596467
0.00520527
0.00338799
0.00340741
0.00242463
0.00343461
0.000778892
0.00141079
0.00101074
0.000821287
0.00035218
0.000268158
0.000447035
0.000107452
0.000437166
0.000111548
3.48081e-05
1.54386e-05
1.98286e-05
6.27922e-07
3.61462e-05
5.84914e-05
1.27867e-05
7.91744e-05
0.000145749
0.000226048
0.000455087
0.000587906
0.000744206
0.000558571
0.000900502
0.00324238
0.00303351
0.00353376
0.00271907
0.00276118
0.00257733
0.00267392
0.00279272
0.00261909
0.00266036
0.00299347
0.00298459
0.00252369
0.0025899
0.00248397
0.00236813
0.00244854
0.00234171
0.00255318
0.00261963
0.00253133
0.00267161
0.00227898
0.00219847
0.00233751
0.0025363
0.00272898
0.00251642
0.00259388
0.00272499
0.0026341
0.00309921
0.0032608
0.00289792
0.0028158
0.00300181
0.00290835
0.00296579
0.00283874
0.00288925
0.00305527
0.00296288
0.00307733
0.00305257
0.00312067
0.00292657
0.00284991
0.00287576
0.00299636
0.00375599
0.00362335
0.00361145
0.0030506
0.00304802
0.00300178
0.00355735
0.00348122
0.00326956
0.00317188
0.00312048
0.00253097
0.00266594
0.00258535
0.0031408
0.00294752
0.00304298
0.00280008
0.00273842
0.00292459
0.00304171
0.00296826
0.00316768
0.00302943
0.00320195
0.00347477
0.00364252
0.00334759
0.00349611
0.00368069
0.00403064
0.0037688
0.00404288
0.00389492
0.00228188
0.00275505
0.00115791
0.00194866
0.00088267
0.000153412
0.000139114
0.000720704
4.06277e-06
0.00109956
0.000630372
0.00100092
0.00274411
0.00253375
0.00337097
0.00176027
0.00161558
0.00271429
0.00546154
0.00490396
0.00601566
0.00407387
0.00717666
0.00673945
0.00584171
0.00691603
0.00576111
0.00697788
0.00551263
0.00440674
0.00426296
0.00376772
0.00409969
0.00445634
0.00333466
0.00333484
0.00220804
0.00168286
0.00147712
0.00193493
0.00221467
0.00183448
0.00139726
0.00114036
0.00136364
0.0012968
0.00141695
0.00327198
0.00256722
0.000971168
0.00103363
0.00112695
0.00111965
0.000947914
0.00118549
0.00274697
0.00231653
0.00240523
0.00279472
0.00259925
0.00181494
0.00183825
0.00284426
0.00253728
0.0015702
0.00738906
0.00670609
0.00823549
0.01512
0.0167916
0.00523421
0.00520753
0.00716703
0.00672357
0.00119358
0.000166537
0.00019879
0.0165197
0.0367824
0.000281397
5.71219e-06
3.29648e-06
3.23237e-06
3.2169e-06
2.14776e-07
2.74128e-08
3.34945e-08
3.36465e-08
5.13035e-07
5.18903e-07
4.77913e-06
4.62917e-06
4.67622e-06
1.64372e-05
1.5778e-05
1.60566e-05
6.27181e-05
5.97486e-05
5.85683e-05
0.000109886
0.000106011
0.000105284
0.000163626
0.000157504
0.000159075
0.000106499
0.000102569
8.31986e-05
8.29137e-05
7.14309e-05
7.08064e-05
6.31232e-05
6.31341e-05
4.46283e-05
4.35417e-05
4.36287e-05
4.74898e-05
4.6702e-05
4.70332e-05
4.16962e-05
4.13173e-05
4.18106e-05
3.24241e-05
3.09611e-05
3.12016e-05
2.48418e-05
2.46382e-05
2.89449e-05
2.9349e-05
2.39227e-05
2.40503e-05
1.79811e-05
1.79505e-05
1.84189e-05
1.99673e-05
2.01834e-05
2.06592e-05
2.0233e-05
2.04491e-05
2.03585e-05
2.67373e-05
2.70132e-05
2.7461e-05
2.30486e-05
2.29897e-05
2.31224e-05
3.28625e-05
3.35574e-05
2.77e-05
2.8626e-05
2.1652e-05
2.2223e-05
2.27063e-05
2.60798e-05
2.67323e-05
2.70716e-05
2.72458e-05
2.73751e-05
2.44129e-05
2.77005e-05
2.76366e-05
2.80431e-05
2.84067e-05
2.21192e-05
2.23022e-05
2.27113e-05
2.3806e-05
2.50292e-05
2.76827e-05
2.81044e-05
2.40101e-05
2.44059e-05
2.47113e-05
2.37331e-05
2.31135e-05
2.31873e-05
2.85276e-05
2.81786e-05
2.4876e-05
2.43351e-05
2.45989e-05
2.81022e-05
2.7629e-05
2.24999e-05
2.2031e-05
2.2375e-05
2.8903e-05
2.86717e-05
2.47091e-05
2.46489e-05
2.55998e-05
2.54248e-05
1.97866e-05
1.94965e-05
1.95779e-05
2.08485e-05
2.08685e-05
2.11072e-05
2.20674e-05
2.22149e-05
2.35927e-05
2.32925e-05
2.32139e-05
2.3267e-05
2.33958e-05
2.32958e-05
2.34377e-05
2.32365e-05
2.32776e-05
2.57902e-05
2.55635e-05
2.57197e-05
2.30856e-05
2.32668e-05
2.79356e-05
2.77771e-05
2.80581e-05
2.42006e-05
2.43133e-05
2.25164e-05
2.29001e-05
2.43822e-05
2.43882e-05
2.43476e-05
2.03344e-05
2.08399e-05
2.38913e-05
2.45933e-05
2.58917e-05
2.61104e-05
2.62968e-05
2.76011e-05
2.81818e-05
2.89145e-05
2.70643e-05
2.74809e-05
3.11742e-05
3.18001e-05
3.26155e-05
2.94841e-05
3.01807e-05
3.13997e-05
3.14024e-05
3.29817e-05
3.40793e-05
3.60312e-05
3.9558e-05
4.23177e-05
3.7397e-05
3.74842e-05
3.85624e-05
4.15087e-05
4.08765e-05
4.05745e-05
3.22115e-05
3.70774e-05
0.00030857
0.0002837
0.000277655
0.00023878
0.000240976
0.000281329
0.000240451
0.00020336
3.45755e-05
3.11814e-05
3.09921e-05
2.85688e-05
3.05476e-05
3.1299e-05
2.99091e-05
3.10583e-05
2.85638e-05
2.98018e-05
3.2517e-05
3.74652e-05
4.13435e-05
4.56796e-05
4.97264e-05
4.53025e-05
5.79635e-05
5.62847e-05
7.84677e-05
0.000108297
0.00011548
0.000107381
0.000183747
0.000191368
0.000331568
0.000282058
0.000358935
0.000493512
0.000595887
0.000666088
0.000659218
7.54995e-05
0.000296903
0.000745485
0.000689819
0.000301586
0.0041513
0.00546364
0.0050986
0.0071055
0.0078146
0.00718014
0.00578451
0.00553162
0.00608008
0.00506743
0.00479113
0.0038142
0.00326969
0.00372962
0.00307408
0.00145166
0.00152489
0.00109701
0.000634565
0.000370502
0.000479521
6.63632e-05
1.87426e-05
0.000168563
0.000147963
0.000153771
0.0002167
0.000450082
0.000494921
0.000730214
0.000358889
0.00112856
0.00104919
0.000819775
0.0010578
0.000649399
0.00146842
0.00202907
0.00225022
0.00243694
0.00198174
0.00263748
0.00296256
0.00269481
0.00321794
0.00259233
0.00311945
0.00380592
0.00437386
0.00402008
0.00468264
0.00394148
0.00375922
0.00469878
0.00590555
0.00547468
0.00589461
0.00628112
0.00652676
0.00499021
0.00544251
0.00658806
0.00698386
0.00689499
0.00876008
0.00778052
0.00872554
0.00782227
0.00810524
0.00953502
0.00929349
0.0110082
0.0118148
0.00942668
0.0110193
0.0112168
0.0133463
0.010605
0.0146112
0.0121217
0.0152505
0.0149017
0.0117322
0.0112756
0.0133587
0.0114354
0.0124272
0.0108658
0.0180617
0.0149178
0.0144947
0.0135185
0.0110738
0.0112045
0.017259
0.0137037
0.0140731
0.00941406
0.0160807
0.0167276
0.0134191
0.0127809
0.0146414
0.0118371
0.00844268
0.0181638
0.0143025
0.0153874
0.0124152
0.00387261
0.00372163
0.00304816
0.00438709
0.011733
0.00301222
0.00343222
0.00338465
0.0034272
0.0033713
0.00264933
0.00265586
0.00279353
0.00270893
0.00269106
0.0025757
0.00355036
0.00395652
0.00377597
0.00263157
0.00261333
0.00231808
0.00298128
0.00337377
0.003227
0.00324285
0.00287671
0.00293934
0.0029293
0.00302679
0.00291565
0.00288434
0.00255794
0.00248817
0.00253281
0.0029228
0.00288154
0.00259888
0.00260215
0.00318536
0.00316735
0.00250812
0.00253029
0.00266342
0.00269786
0.00263092
0.00259052
0.00248926
0.00251485
0.00265454
0.0025733
0.00212992
0.00246977
0.00240511
0.00231856
0.00155337
0.0015116
0.0012527
0.0015741
0.00155844
0.000850417
0.000424535
0.000424514
0.000255984
6.19265e-05
7.11787e-06
0.000182321
0.00017688
4.64488e-05
3.02763e-06
5.37857e-06
1.08907e-05
0.000769089
0.000971657
0.000973054
0.000930902
0.000924202
0.000261428
0.000539187
0.00116133
0.00105135
0.00244806
0.00291109
0.0030044
0.00325851
0.00535756
0.00515587
0.00542749
0.00781415
0.00829818
0.00475333
0.00485665
0.00452556
0.00424932
0.00475561
0.00758767
0.00679496
0.00722137
0.010146
0.0102809
0.0102862
0.00949648
0.00929966
0.00886371
0.00771529
0.00738436
0.00874696
0.00835184
0.00633612
0.00557657
0.00455711
0.00409088
0.00400144
0.00550666
0.00248328
0.0058988
0.00580982
0.00554555
0.00504556
0.00375204
0.00396362
0.0030909
0.00289784
0.00141944
0.00130842
0.00544525
0.00478346
0.00431663
0.00498109
0.00489394
0.00407665
0.00362134
0.00335633
0.00158462
0.00141267
0.00132623
0.00198144
0.00185727
0.00185143
0.00150326
0.00158124
0.00123546
0.00104802
0.000953819
0.000528741
0.000415063
0.000853326
0.000693131
0.000751734
0.000215048
0.000167133
0.000277352
0.000225999
7.86026e-06
1.08755e-06
6.03448e-05
0.000101586
7.10539e-05
2.9114e-07
5.22932e-06
0.000215198
0.000190843
0.000331263
0.000466471
0.00031848
0.000128103
0.000232824
0.00015871
5.59782e-05
4.55019e-05
0.000101532
0.000207599
0.00379419
0.00392346
0.00443052
3.8643e-11
3.82912e-11
4.14041e-11
4.14425e-11
4.31151e-11
4.79695e-11
4.80188e-11
4.83102e-11
4.0905e-11
4.22957e-11
1.65271e-11
1.64808e-11
3.46879e-11
1.55853e-11
1.52679e-11
1.51854e-11
