0.00272145
0.00236704
0.00202779
0.00171748
0.0014269
0.00119631
0.00100364
0.000874661
0.000109483
0.000150784
0.000179888
0.000155273
0.000184888
0.000175595
0.00017492
0.000169599
0.000159035
0.00015197
0.000143721
0.000144049
0.000183091
0.000277805
0.000435672
0.000651312
0.000959707
0.00125239
0.00171354
0.00260649
0.00329394
0.00188795
0.00147862
0.000507815
0.000310952
8.42269e-05
0.000108454
9.65444e-05
3.7603e-05
1.6096e-05
5.06906e-06
2.4457e-05
0.000147039
0.000249846
0.00022497
0.000204519
0.000406937
0.000508078
0.000464176
0.000483727
0.000652477
0.00127593
0.0015719
0.00195484
0.00199755
0.00155304
0.00206198
0.00200303
0.00260401
0.00181048
0.00244532
0.00296447
0.00247327
0.00281684
0.00334509
0.00329434
0.00262831
0.00419368
0.00351669
0.0026812
0.00633418
0.00574367
0.00573953
0.00397313
0.00460785
0.00520126
0.00598954
0.00728227
0.00767137
0.00984122
0.0114897
0.0076847
0.00672751
0.0133154
0.0169921
0.00149006
0.00151742
0.0015406
0.00153219
0.0015451
0.00159502
0.00145857
0.001523
0.0015303
0.00156229
0.00155741
0.00152583
0.00167237
0.00148059
0.00152206
0.00154496
0.00120732
0.00155855
0.000478595
0.000475451
0.00118264
0.000389841
0.000322172
0.000257985
0.000515711
0.000343947
0.000249381
0.000886634
0.000238052
0.000881447
0.00128848
0.00223701
0.00174949
0.00235322
0.00260942
0.00441483
0.00311727
0.00329537
0.00674584
0.00317518
0.00492572
0.00335183
0.00490841
0.00511819
0.00374329
0.00511589
0.00446395
0.00467666
0.00423726
0.0048618
0.00440905
0.00333053
0.00384702
0.00364573
0.0034936
0.00350943
0.00469566
0.00353627
0.00308598
0.00292949
0.00217853
0.00100495
0.00103077
0.000124442
9.02667e-06
9.53875e-06
3.2919e-06
0.000303052
0.00066366
0.000440173
0.000864945
0.00118732
0.00102597
0.0030235
0.00058076
0.00136776
0.000201472
0.000784173
4.69018e-05
4.76689e-05
4.95488e-05
5.04276e-05
6.71121e-05
0.000274733
0.000869862
0.00249456
0.00434156
0.00418532
0.00119753
0.00536957
0.0104265
0.0077537
0.00355244
0.00320456
0.00706286
0.00762473
0.00772208
0.00626905
0.00445171
0.00344881
0.00104037
0.000453933
0.000644599
0.00177001
0.00549337
0.00834222
0.0122008
0.00755803
0.00696502
0.0061512
0.000813709
0.000641735
0.000433405
0.000297982
0.000213376
0.000232345
0.000310669
0.000394747
0.000139685
2.69138e-06
1.75122e-06
4.89758e-06
1.29999e-06
1.42879e-05
1.52549e-05
1.62735e-05
3.40459e-05
6.1429e-06
9.73617e-06
1.10748e-05
6.74738e-06
3.30414e-06
4.00647e-06
2.72318e-06
3.50487e-06
2.26852e-06
1.01872e-05
1.40218e-05
2.87714e-06
2.58005e-06
6.88888e-06
2.75495e-06
5.47469e-06
0.000138019
0.000222923
0.00272985
0.00181451
0.00122443
0.000909292
0.000602687
0.000398521
0.000237226
0.000166378
9.31862e-05
8.38967e-05
3.78152e-05
0.00136254
0.00139972
0.00140463
0.00128357
0.00113231
0.00117102
0.0010374
0.000942776
0.00083111
0.00065082
0.000478601
0.000263484
8.45724e-05
2.39501e-05
6.5527e-05
0.000373822
0.000600383
0.000949951
0.00300946
0.00618386
0.00852551
0.00856888
0.0088536
0.00724044
0.00584833
0.00421733
0.0023498
0.00180994
0.00135101
0.00026805
0.000297303
0.000207591
4.97486e-05
6.52753e-05
5.90895e-05
4.63095e-05
3.51443e-05
8.04868e-05
0.000132631
6.09926e-05
0.000111224
0.000108205
0.000164385
0.000381292
0.000249622
0.000389177
0.000526493
0.000926906
0.00110456
0.00128233
0.00198492
0.00192308
0.00260131
0.00276252
0.00499155
0.00504149
0.00583664
0.00563392
0.00990923
0.00906858
0.0119762
0.0141511
0.00825897
0.00933425
0.0116216
0.01136
0.014162
0.0222241
0.0218188
0.0159765
0.0180246
0.0146887
0.0139535
0.0121061
0.00170473
0.00170769
0.0120156
0.00197408
0.00162121
0.00140232
0.00143404
0.00143402
0.00154971
0.00159942
0.00199675
0.00151834
0.00188325
0.00174217
0.00109322
0.000157681
8.08131e-05
0.000396704
7.72032e-05
0.000281302
0.000692037
0.000841966
0.000521413
0.000855139
0.00139927
0.00132125
0.00198044
0.00247316
0.00252408
0.00233503
0.00234642
0.00197465
0.00354797
0.00349385
0.00332934
0.00378655
0.00336078
0.00328928
0.00367664
0.00342046
0.00362693
0.00230581
0.00372966
0.0020932
0.00211949
0.00341638
0.00197261
0.00313052
0.00232559
0.00344525
0.0022274
0.0023924
0.00244986
0.00212978
0.000685974
0.00127124
0.000981279
0.000713722
0.000609113
0.000151918
9.72688e-06
2.89968e-06
2.05314e-06
5.24133e-06
9.67019e-05
8.82882e-05
5.41538e-05
0.000853871
1.04387e-05
0.000130704
0.000133592
0.00104013
4.50797e-05
4.54731e-05
4.59878e-05
4.61134e-05
4.6196e-05
4.43383e-05
3.62285e-05
3.77339e-05
0.000100823
0.000527991
0.00131789
0.000145674
0.00219772
0.000317663
0.000239866
0.000203268
0.00211702
0.00174389
0.00115548
0.000786539
0.000432065
0.000190881
0.000149818
3.73397e-05
4.23727e-05
1.58718e-05
2.65436e-06
6.85555e-06
2.10177e-05
2.42172e-06
2.42687e-06
3.97902e-06
3.22138e-06
4.57224e-06
2.43285e-05
6.31635e-06
1.45376e-05
3.63572e-06
6.21582e-06
2.64053e-05
3.34812e-05
1.24032e-05
3.3419e-05
8.0698e-05
5.15251e-05
0.00107194
0.000617128
0.00163859
0.00109573
0.000830071
0.000620552
0.000309354
0.000562881
0.000828524
0.00091209
0.000459608
0.000289997
0.000296743
8.26406e-05
0.00019002
8.01774e-05
2.48311e-05
3.93497e-05
2.50706e-05
8.25875e-06
3.42404e-06
3.93223e-06
3.83123e-06
8.22256e-06
5.81008e-06
4.93702e-06
3.96258e-06
4.89903e-06
7.64027e-06
5.30679e-06
7.09205e-06
6.34963e-06
4.39973e-06
0.00192196
0.00091174
0.000411757
0.000190657
6.92786e-05
3.21674e-05
2.93425e-05
5.8679e-06
0.00334015
0.00309317
0.00286528
0.00263457
0.00232019
0.00197475
0.00174524
0.00105826
0.000850097
0.000533686
0.000249685
6.75597e-05
3.21106e-05
0.000144231
0.000439379
0.000781888
0.00281422
0.00581311
0.00940395
0.00939459
0.0102852
0.00972631
0.00790348
0.00639181
0.004883
0.00388179
0.00279192
0.00166944
0.00137229
0.0011895
0.000418673
0.000467309
0.000312436
0.000282807
0.00022714
0.000198453
0.000154649
0.00013597
0.000128445
0.000140105
0.000295557
0.000206207
0.000385502
0.000697289
0.000724708
0.00131874
0.00129774
0.00155517
0.00170516
0.00195274
0.00223991
0.00281435
0.00324077
0.00319377
0.00403847
0.00584244
0.00537332
0.00476693
0.00568864
0.00683129
0.00848253
0.0121279
0.0115253
0.00869845
0.00884691
0.00707482
0.00599688
0.00499758
0.00848984
0.0014106
0.00494226
0.00553919
0.00129154
0.00127835
0.00133274
0.00135933
0.00138357
0.0014223
0.00133254
0.00148455
0.00134781
0.00137738
0.00125837
0.00136749
0.00132644
0.00145763
0.00134476
0.00131981
0.00138859
0.00144932
0.00146054
0.00134703
0.00130988
0.00102763
0.00131416
0.00076457
0.000405245
0.000741102
0.000152219
0.000500386
0.000313138
0.000149104
0.000247369
0.000347213
0.000186686
0.000269615
0.000370827
0.000721148
0.00159057
0.000746985
0.000823723
0.00141074
0.00187163
0.0025295
0.00370417
0.00335649
0.000884834
0.00239116
0.00385765
0.00379916
0.00414065
0.00539393
0.00658186
0.00377273
0.00258731
0.00224446
0.00172427
0.00142186
0.00290834
0.000951133
0.00181069
0.00111974
0.000755354
0.000903591
0.000823565
0.000596125
0.000401997
0.000586712
0.000103956
0.000169102
0.00025612
0.00013284
0.000547259
0.000440574
7.32483e-05
6.52042e-05
0.00237677
3.46368e-05
3.46409e-05
3.46399e-05
3.4637e-05
3.46382e-05
3.46275e-05
3.46275e-05
0.000711123
6.19274e-08
0.000523174
0.00258023
0.00230528
0.00208765
0.00173295
0.00142638
0.00115053
0.000753448
0.000475056
0.000343343
0.00129015
0.00174037
0.00125517
0.00107826
0.000781794
0.000562024
0.000476306
0.000251295
0.000150082
0.00016243
6.84109e-05
3.40108e-05
2.39941e-05
8.02253e-06
5.15998e-06
9.43002e-06
8.01862e-06
9.20288e-06
0.000961853
0.00075479
0.00052921
0.000406949
0.000260351
0.000209364
0.000107256
6.79558e-05
3.65963e-05
2.31493e-05
7.75368e-06
0.00103296
0.000633166
0.000508424
0.000322205
0.000159206
5.97272e-05
3.68113e-05
3.58723e-05
4.76393e-05
9.27124e-06
2.51461e-05
9.50287e-06
1.11759e-05
3.35704e-05
8.32124e-06
4.99045e-06
1.18129e-05
1.00432e-05
0.00151139
0.000902548
0.000461503
0.000815965
0.000366552
0.000216665
0.000123751
0.000117123
5.38743e-05
0.00421652
0.00381972
0.00356965
0.00301308
0.00272776
0.00179561
0.00136125
0.000861066
9.87127e-05
0.000196188
0.00151004
0.00377331
0.00721623
0.00980041
0.00995238
0.0104813
0.00922442
0.00697234
0.00437054
0.0032312
0.00240458
0.00136492
0.00143925
0.00151386
0.000993335
0.000891889
0.00067469
0.000736416
0.000382587
0.000264065
0.000192211
0.000230357
0.000159908
0.000189967
0.000290291
0.000640642
0.00150331
0.00195264
0.00161367
0.00269677
0.00273457
0.0025977
0.00365905
0.00643211
0.0125792
0.00686916
0.00359054
0.00313323
0.00259901
0.00228612
0.00199533
0.00190368
0.00229401
0.00191184
0.0019415
0.00188307
0.00191238
0.0019155
0.00191244
0.00184173
0.00181815
0.00180713
0.00184321
0.00183822
0.00180579
0.00176259
0.00174995
0.00170769
0.00172254
0.00169014
0.00172698
0.00171375
0.00169577
0.00175238
0.00141086
0.00104353
0.00137663
0.000744172
0.00055779
0.000571754
0.0003786
0.00035651
0.000413704
0.000592192
0.00120894
0.000761086
0.00132394
0.00190836
0.00182887
0.00198817
0.00243765
0.0015391
0.0010878
0.00104323
0.000633094
0.00199018
0.00108153
0.000809367
4.34481e-05
0.000538406
0.000101496
0.000166696
0.000222199
0.0003007
6.40233e-05
0.000183555
7.24777e-05
0.00137075
9.3384e-05
0.000137639
7.25369e-05
0.000324097
0.000251675
0.00011473
8.68833e-05
0.000180285
0.000826491
0.000108379
0.00950349
0.0156148
0.00202205
0.0167974
2.92625e-05
2.92732e-05
2.92685e-05
2.92572e-05
2.92089e-05
2.92076e-05
0.000120648
0.000120468
0.00203426
0.00162536
0.00516132
0.00470415
0.00406315
0.00366652
0.00304884
0.00287836
0.00234867
0.00173986
0.00149119
0.000588904
0.000355663
0.000263641
0.000183826
8.91995e-05
5.2791e-05
1.05263e-05
9.26896e-06
7.65784e-06
6.53239e-06
2.0395e-05
4.96875e-05
2.18981e-05
2.39211e-05
5.31557e-05
4.47224e-05
9.75897e-05
3.50652e-05
3.65211e-05
7.10789e-06
7.0946e-06
0.000188927
0.000105555
9.38894e-05
5.16061e-05
9.29095e-06
5.37422e-06
6.71576e-06
7.26188e-06
1.3677e-05
8.85673e-06
1.65923e-05
1.12203e-05
0.00145104
0.000818064
0.000474736
0.000291456
0.000188253
7.12313e-05
3.69698e-05
2.94238e-05
1.21135e-05
1.41498e-05
1.53042e-05
7.06426e-06
7.53916e-06
7.22411e-06
7.52913e-06
8.81288e-06
9.29905e-06
1.27537e-05
1.11853e-05
8.80172e-06
9.19931e-06
2.02211e-05
1.89537e-05
8.7288e-06
0.00328201
0.00311875
0.00271761
0.00252888
0.00219596
0.00164906
0.00131986
0.000957638
0.000542273
0.000219492
7.81025e-05
0.000105334
0.000161754
0.000652541
0.00223563
0.0056158
0.00681069
0.00644477
0.00804215
0.00865299
0.00853829
0.00805262
0.00693834
0.00391062
0.00274875
0.00170061
0.00172366
0.000910095
0.000376195
0.000253291
0.00026173
0.000284347
0.000176751
0.000184782
0.000131336
0.000119362
0.000108919
0.000105349
8.52354e-05
0.000113662
0.000134121
0.000682405
0.000733303
0.000842365
0.0014312
0.00131523
0.00213856
0.00213577
0.00300352
0.00312126
0.0030333
0.00291007
0.00366117
0.00431038
0.00405866
0.00420677
0.00635623
0.00300355
0.00277198
0.00253802
0.00254122
0.002472
0.00268226
0.00256541
0.002642
0.00276116
0.00273464
0.00242161
0.00243656
0.00257563
0.00250074
0.00245796
0.00255127
0.00252714
0.00273864
0.00287252
0.00256267
0.00273377
0.00299082
0.00308012
0.00293468
0.002884
0.00282029
0.00281339
0.00272308
0.00283872
0.00267305
0.00142829
0.000643523
0.000446532
0.000140317
0.000135504
0.00013711
0.000142774
0.000163517
0.000496203
0.000471397
0.000576124
0.000873808
0.000696523
0.00136734
0.00132906
0.00287755
0.00260328
0.0037791
0.00369471
0.00368644
0.00660068
0.00479186
0.00506729
0.00369167
0.00616355
0.00455888
0.00418513
0.00546212
0.00563475
0.00548235
0.00557776
0.00512931
0.00536147
0.00375842
0.00531828
0.00388456
0.00372435
0.00283434
0.00344602
0.00338211
0.00239886
0.00222421
0.00845617
0.00120951
3.12928e-05
3.14522e-05
3.15261e-05
3.17258e-05
3.19943e-05
3.22946e-05
3.0332e-05
0.000352655
0.00142658
0.000116155
0.000108367
0.000235159
0.000197972
0.000165406
0.000142344
0.000109642
2.01289e-05
2.65537e-05
9.42043e-05
5.44985e-05
0.0135213
0.0106497
0.00844535
0.00634919
0.00451406
0.0032804
0.00213783
0.00141354
0.000945571
0.000593547
0.000297324
0.000291157
0.00011003
1.2351e-05
1.24759e-05
0.000166344
0.000130635
0.000106117
0.000167125
0.000120298
9.38469e-05
0.000154529
0.000201337
6.76177e-05
6.43328e-05
8.40405e-05
5.43542e-05
6.3521e-05
5.68678e-05
4.22479e-05
0.000105896
8.10342e-05
8.76806e-05
0.0021022
0.00177202
0.00116457
0.00109496
0.000905195
0.000741377
0.000687089
0.000530119
0.000439192
0.000410839
0.000337869
0.000325384
0.000253807
0.000262963
0.000233721
0.000274037
0.000208642
0.000214155
0.000203121
0.000157097
0.000147629
4.87331e-05
3.87999e-05
4.07826e-05
4.27733e-05
6.07218e-05
5.77069e-05
4.03169e-05
1.05836e-05
4.03572e-05
7.62552e-05
0.000144172
0.000190504
0.000183393
0.00014545
3.78522e-05
9.1238e-05
0.000261377
0.000732286
0.000775017
0.000967145
0.00287059
0.00566886
0.0053222
0.00541802
0.00454265
0.00345026
0.00173819
0.0020013
0.00139542
0.000947672
1.94956e-05
8.77631e-05
2.43268e-05
6.13354e-05
0.000124677
0.000112668
0.000241259
0.000246202
0.000473509
0.000476684
0.000479039
0.000559911
0.000970542
0.00116299
0.00117432
0.00146427
0.00156178
0.0033857
0.00384979
0.00490703
0.00571474
0.00597755
0.00652868
0.00654056
0.00905019
0.00942858
0.0106757
0.0106899
0.012935
0.0149787
0.0110134
0.0143913
0.0171451
0.0149773
0.0209188
0.0175176
0.0144254
0.0168028
0.00712443
0.00336993
0.00315318
0.00327316
0.0028924
0.00294757
0.00292452
0.00343192
0.00322244
0.00305908
0.00391674
0.00402516
0.00344027
0.00312017
0.00314841
0.00299385
0.00275549
0.00292537
0.00275023
0.00263423
0.00265303
0.00116441
0.000269072
0.000141755
0.00011732
5.97726e-05
8.50227e-05
0.000165633
0.000149666
8.09937e-05
8.28967e-05
0.000442646
0.000416237
0.000692075
0.000375171
0.00121531
0.00147809
0.00077385
0.00247527
0.00144225
0.00165153
0.00151343
0.00341966
0.00262886
0.00497277
0.00472779
0.00330648
0.0048214
0.00415868
0.00443577
0.0040942
0.00378861
0.00296118
0.00356818
0.00308468
0.00326462
0.00301478
0.00209809
0.00259835
0.00306436
0.0038072
0.00309788
0.00289681
0.00209888
0.00190089
0.000999789
0.0015568
0.000432274
0.000730315
0.000628058
1.90782e-05
0.000134757
0.000115951
0.000116757
7.91603e-05
0.000640181
0.00140799
4.05922e-05
4.17722e-05
4.2533e-05
4.36556e-05
4.45126e-05
4.21741e-05
3.44605e-05
3.4496e-05
0.00092353
4.48825e-05
0.00135216
0.00404617
0.00353438
0.00346326
0.00303602
0.00228206
0.0015819
0.00139609
0.000797547
0.000493506
0.000388347
0.000178475
0.000136133
5.9208e-05
6.8573e-05
4.86172e-05
6.80513e-06
4.4554e-06
5.27841e-06
5.42917e-06
1.26022e-05
1.43898e-05
1.65765e-05
6.42316e-05
8.79206e-06
1.31675e-05
7.46149e-06
1.43335e-05
1.5564e-05
5.70017e-05
3.64833e-05
4.12897e-05
0.00196288
0.00121007
0.000899688
0.000492084
0.0017457
0.00120174
0.000686788
0.000773755
0.00070334
0.00071114
0.00241835
0.0020821
0.00210209
0.00133051
0.000529977
0.000270553
0.000379629
0.000263902
6.15803e-05
6.85994e-05
8.00298e-06
4.9292e-06
0.000228342
0.000306457
0.000372117
0.000311375
0.000166223
0.0001879
0.000166824
7.85581e-05
8.97748e-05
0.000542647
0.00979751
0.00603798
0.00334733
0.00166894
0.000772787
0.000406185
0.000137044
7.76289e-05
3.75427e-05
0.0042515
0.00394161
0.00373116
0.0034437
0.00299144
0.00268485
0.00237752
0.00194593
0.00153544
0.00118294
0.000696231
0.000338627
0.000335581
0.000124657
5.27368e-05
0.000156808
0.000430409
0.000522061
0.00229826
0.00298675
0.0056334
0.00793969
0.00852068
0.00665268
0.00483678
0.00396433
0.00233701
0.00194125
0.00118302
0.000578821
0.00031906
0.000165235
0.000141348
0.0001049
0.000108519
0.000104742
0.000110817
0.000183585
0.000170896
0.000214097
0.00015044
0.000417999
0.000475016
0.000645947
0.000928938
0.000956249
0.000903834
0.00137799
0.00175086
0.00191306
0.00196698
0.00259045
0.0023583
0.00333245
0.00493666
0.00532179
0.00502017
0.00429065
0.00515015
0.00762804
0.00676271
0.00504413
0.00852725
0.00968223
0.00650454
0.00712653
0.00811465
0.00571006
0.00626562
0.00614904
0.00714811
0.00250952
0.00232552
0.00219326
0.00204752
0.00196062
0.0021112
0.00206897
0.00182062
0.00184265
0.00179157
0.00191137
0.00164711
0.0017535
0.00156702
0.001683
0.00158007
0.0017242
0.00157868
0.001576
0.00156431
0.00149621
0.0015944
0.00155235
0.00157268
0.00150937
0.00153523
0.00145297
0.00146483
0.00155257
0.0014439
0.00154353
0.000715861
0.000916428
0.000606091
0.000251277
0.000195875
0.000192455
0.000254225
0.000186744
0.000234335
0.000423463
0.000309611
0.000366478
0.000602052
0.000593317
0.000563532
0.00203878
0.00242781
0.00224601
0.00283394
0.00249505
0.0030743
0.00315614
0.00255972
0.00339385
0.00164315
0.00430527
0.00322538
0.00286277
0.00258018
0.00202912
0.00207427
0.00118438
0.00163217
0.00109778
0.00122128
0.000548568
0.000513532
0.000578035
0.000361583
0.000694216
0.000250781
0.000469731
5.78968e-05
0.000276919
0.000205694
0.000255306
0.000117301
0.00010233
0.00337961
0.000272879
0.000162415
3.41719e-05
3.4327e-05
3.43264e-05
3.41741e-05
3.41721e-05
3.41612e-05
4.91409e-05
0.00192164
0.000235942
0.000422028
0.0010482
0.00120557
0.00123379
0.00100259
0.000750332
0.000644234
0.000464086
0.000263393
0.00014318
5.02782e-05
3.35146e-05
4.7021e-06
2.35379e-05
0.000463574
0.000348934
6.95182e-05
0.00024065
0.000179741
0.00013908
5.52311e-05
1.0357e-05
9.6587e-06
4.61786e-06
3.77271e-06
1.63235e-05
1.60412e-05
2.0376e-05
6.65295e-05
2.00728e-05
2.50917e-05
7.12094e-05
4.36083e-05
5.25036e-05
0.000883062
0.000529323
0.000508541
0.000381776
0.000286203
0.000278439
0.000147085
0.000106987
8.78287e-05
4.09849e-05
0.000943344
0.000587904
0.000419057
0.000342849
0.000163137
0.000101632
7.69407e-05
4.1953e-05
1.33814e-05
9.09778e-06
8.44404e-06
5.57639e-06
5.37651e-06
5.30027e-06
5.92978e-06
5.07913e-06
6.11934e-06
8.27491e-06
4.68531e-06
7.35362e-06
2.58237e-05
5.11165e-06
5.70992e-06
5.39593e-06
1.06429e-05
0.00143371
0.000835854
0.000415099
0.000363176
0.000444929
0.000242053
0.000132509
7.64534e-05
4.83181e-05
4.37025e-05
0.00385494
0.00343985
0.00316381
0.0027274
0.00216268
0.00175368
0.00122522
0.000788917
0.000607493
0.00063963
0.000259772
6.02011e-05
9.68317e-05
0.000241388
0.000422492
0.00348015
0.00588787
0.00932234
0.00898021
0.010027
0.0091924
0.00874867
0.00674376
0.00622063
0.00541003
0.00337293
0.00104491
0.00137743
0.00144421
0.00113332
0.000782068
0.000483144
0.000181281
0.000164659
0.000146503
0.000135288
0.000115576
0.000120068
0.000171656
9.39896e-05
0.000283606
0.00039469
0.000330043
0.000601953
0.00079271
0.00126865
0.00148876
0.00142986
0.00190537
0.00222506
0.00223786
0.00288463
0.00315859
0.00618859
0.00491937
0.00486389
0.00489278
0.00481742
0.00572908
0.00359123
0.00464211
0.00246811
0.00216362
0.00202276
0.00175161
0.00184797
0.00156068
0.00170029
0.00183696
0.00179696
0.0016989
0.00172158
0.00169216
0.0017633
0.00169165
0.00167608
0.00166455
0.00165705
0.00163391
0.00163704
0.00163672
0.00160825
0.00161935
0.00160413
0.00157499
0.00158074
0.00162273
0.00151899
0.0016416
0.00160659
0.00140615
0.000910866
0.000529278
0.000445335
0.000282865
0.000349393
0.000343504
0.000309544
0.000321481
0.0011467
0.000868631
0.00106251
0.00136167
0.00108245
0.00120395
0.00108419
0.00149678
0.00283447
0.00105421
0.00161844
0.000572109
0.0010789
0.000623817
0.000538075
0.000362443
4.34085e-05
0.000107135
0.000334535
8.28007e-05
0.000386732
0.000434816
0.000127641
0.000578026
0.000340385
0.000152814
0.000298158
0.00011215
8.15074e-05
0.000803988
0.000444518
9.8991e-05
0.00016611
0.003838
0.00581042
0.0019924
0.00169574
0.00123266
0.00171264
0.00124924
3.32246e-05
3.32248e-05
3.32234e-05
3.31928e-05
3.31432e-05
3.31397e-05
3.31362e-05
9.76156e-05
0.000664079
0.00200909
0.00476751
0.00525073
0.00451224
0.00356303
0.00378775
0.00264374
0.00226868
0.00175547
0.00114863
0.000746812
0.000409605
0.000291411
0.000109308
0.000157295
0.000106694
1.20326e-05
6.31293e-06
1.33361e-05
3.92226e-05
3.49407e-05
2.82285e-05
7.74527e-05
6.71374e-05
2.18903e-05
3.00506e-05
1.46423e-05
1.74873e-05
2.45232e-05
1.59086e-05
2.96496e-05
3.04167e-05
2.9796e-05
3.85862e-05
1.55914e-05
4.95237e-05
1.00356e-05
0.000120555
0.000132897
8.51605e-05
7.46546e-05
3.25585e-05
9.05947e-06
6.22227e-06
5.55194e-06
6.25366e-06
6.49343e-06
6.41445e-06
5.18363e-06
4.95903e-06
0.0013514
0.000797932
0.000503825
0.000329295
0.000150682
0.000105655
5.30303e-05
2.35632e-05
4.22566e-05
1.95409e-05
3.06756e-05
1.6868e-05
5.76046e-06
5.57064e-06
5.86718e-06
7.99056e-06
7.16736e-06
6.06017e-06
7.04789e-06
6.28436e-06
8.48735e-06
6.68735e-06
6.55151e-06
6.86646e-06
7.42345e-06
0.00295448
0.00279713
0.00266503
0.00231358
0.00192043
0.00138076
0.00114866
0.0006515
0.000345187
0.000160502
4.97482e-05
0.000163693
0.000261806
0.00093191
0.00352716
0.00473986
0.00691388
0.00971342
0.009462
0.00911684
0.00804821
0.00786893
0.00709634
0.00562083
0.00494743
0.00189177
0.00200791
0.0013139
0.000725635
0.00105468
0.000383512
0.000428581
0.000662097
0.000173536
0.000494743
0.000256391
0.00016935
6.49763e-05
6.08378e-05
5.62792e-05
4.69766e-05
3.02031e-05
7.05986e-05
5.341e-05
0.000386995
0.000537258
0.00124973
0.00164732
0.00179687
0.0020101
0.00267285
0.00296987
0.00273763
0.00406897
0.00427668
0.00422265
0.00444979
0.00594247
0.00251759
0.00230083
0.00297988
0.00233665
0.0024384
0.00224181
0.00233258
0.00283664
0.00278016
0.00257226
0.00232905
0.00237324
0.00239325
0.00246969
0.00245193
0.0024821
0.00255039
0.00240736
0.00257378
0.002493
0.00264473
0.00238722
0.0025311
0.0024773
0.00223846
0.00244416
0.00233382
0.00243872
0.0024695
0.00123799
0.00238571
0.00112534
0.000434391
0.00016692
0.000241644
0.000165955
0.000219409
0.000322936
0.000380501
0.00106194
0.00109046
0.00161236
0.000976994
0.00138279
0.00285273
0.00290694
0.00317001
0.00337278
0.00481005
0.0040805
0.00412161
0.00415593
0.00531368
0.00503824
0.0031137
0.00460267
0.00386208
0.00266127
0.00353854
0.00292579
0.00150908
0.00322263
0.00197391
0.00177866
0.00199546
0.00190704
0.00131641
0.00177083
0.00224669
0.00207324
0.00284235
0.00232418
0.00708404
0.00371181
0.00404937
0.00346846
3.72313e-05
3.77521e-05
3.79102e-05
3.80296e-05
3.8554e-05
3.84961e-05
3.47874e-05
6.09995e-05
6.11855e-05
0.00138816
0.00112322
0.000717374
0.0107075
0.0127906
0.0109199
0.00941103
0.00818755
0.00721132
0.00596357
0.00456947
0.00322384
0.00253012
0.00140897
0.000988839
0.000630826
0.000425963
0.000196007
0.00013854
7.64045e-05
4.35202e-05
2.94067e-05
3.05919e-05
7.13865e-05
3.51004e-05
4.09863e-05
5.90124e-05
4.87819e-05
4.39582e-05
7.65838e-05
1.97854e-05
1.95348e-05
3.03824e-05
3.11201e-05
2.85477e-05
3.3175e-05
2.81532e-05
6.04957e-05
6.35743e-05
3.69098e-05
7.7014e-05
0.000574438
0.000799391
0.000680265
0.000641768
0.000521216
0.000454129
0.000270923
0.000245798
0.000345439
0.000258283
0.000254404
0.000279538
0.000264608
0.000203174
0.000248576
0.000239822
0.000199759
0.000219701
0.00020387
0.000183913
0.00015973
0.000208158
0.000171591
0.000147876
0.000145252
0.000128495
0.000175666
0.000134953
0.000127093
0.000124362
0.000151327
0.00012966
0.000126432
9.43927e-05
7.22077e-05
0.000139984
0.000206896
0.0001994
0.000166398
0.000113779
6.34781e-05
4.78338e-05
4.59693e-05
0.000145866
0.000832576
0.000620476
0.0016636
0.00385249
0.00435423
0.00521774
0.00509482
0.00391015
0.00245695
0.00146462
0.000480404
0.000721455
0.00037716
0.000137319
9.78591e-05
2.46442e-05
1.06958e-05
2.23392e-05
7.27856e-05
5.82298e-05
5.87939e-05
0.000182321
0.000171173
0.000305589
0.000425152
0.000670449
0.000830046
0.000887554
0.00104274
0.00273163
0.00372068
0.00386069
0.00530512
0.00540827
0.00646669
0.00570895
0.00590455
0.00780707
0.0102573
0.00871824
0.0134819
0.0139024
0.0107859
0.0134123
0.0142507
0.0161693
0.0145184
0.0211968
0.0224278
0.0116316
0.0111392
0.00448778
0.00423584
0.00499709
0.00495024
0.00425854
0.00352152
0.00325151
0.00346191
0.00299512
0.00285761
0.00290828
0.00272478
0.00236952
0.002549
0.00241128
0.00257912
0.00244216
0.00245026
0.00236174
0.00228422
0.00207241
0.00213863
0.00127921
0.00203694
0.0008438
0.000642187
0.000279808
0.000270435
0.00026542
0.000480942
0.000113556
0.000725345
0.00013583
0.000613921
0.000937774
0.000488997
0.000504174
0.000821994
0.00144515
0.00198475
0.0021877
0.002075
0.00191162
0.00257582
0.00249927
0.00374919
0.00313693
0.00427285
0.00310662
0.00276841
0.00310453
0.00298674
0.00489726
0.00266015
0.00520836
0.0050526
0.00281503
0.00288251
0.0025835
0.00220512
0.00196916
0.00148823
0.00156094
0.000424003
0.00217526
0.00031497
0.00132623
0.000386865
0.000465609
0.00137323
0.00147569
0.000167091
0.000200283
0.00136796
8.63403e-05
0.00017737
0.00179366
0.00076941
2.77015e-05
3.56532e-05
3.64156e-05
3.65008e-05
3.54483e-05
3.65396e-05
3.55997e-05
3.6918e-05
3.71523e-05
4.03299e-05
0.00139375
0.00140267
0.00200715
5.90027e-06
0.00340814
0.00290706
0.00252577
0.00227416
0.00217235
0.0020315
0.00161118
0.00145
0.000958924
0.000699141
0.000402436
0.000345207
0.000144076
7.75522e-05
5.54702e-05
8.74098e-05
3.16575e-05
3.44399e-05
6.70868e-06
7.49032e-06
3.50595e-05
5.27777e-05
1.42654e-05
3.09868e-05
0.000113847
6.46904e-05
7.07677e-05
2.06712e-05
7.61892e-05
7.92814e-05
0.000147966
0.000145198
0.000853115
0.00098011
0.00056343
0.000304953
0.000922385
0.00084552
0.000335018
0.000225775
0.000125153
0.000263451
0.00011462
7.76694e-05
0.000102602
3.2682e-05
2.16172e-05
2.11098e-05
1.47959e-05
7.47467e-06
1.05719e-05
6.92437e-06
8.07359e-06
1.34917e-05
1.03189e-05
3.15039e-05
1.80075e-05
0.00582271
0.00351879
0.000684146
0.00238568
0.00126561
0.000751074
0.000336586
0.000144766
4.57823e-05
2.41202e-05
3.12495e-05
1.14987e-05
9.21658e-06
1.4854e-05
8.90601e-06
0.00418289
0.00392185
0.0037199
0.00331223
0.00289465
0.00254352
0.00223117
0.0018315
0.00121498
0.000949006
0.00062976
0.000583896
0.000325102
8.75096e-05
6.79582e-05
0.00023628
0.000405834
0.00121283
0.00335991
0.00458003
0.00646754
0.00795224
0.00832438
0.00714484
0.0054186
0.00476704
0.00276694
0.00123221
0.00134796
0.000619322
0.000449592
0.000222763
0.000168279
0.000110673
8.49207e-05
9.04355e-05
0.000109331
0.000189755
0.000135161
0.000280328
0.000521298
0.000529097
0.000759987
0.000897805
0.000982194
0.00145141
0.00184673
0.001759
0.00239072
0.00283545
0.00326942
0.0038346
0.00453822
0.00499533
0.00758383
0.00663818
0.00694405
0.00887312
0.00571218
0.00804869
0.00523006
0.00580986
0.0047336
0.00422771
0.00720806
0.00778581
0.00578417
0.00500333
0.00910714
0.00823427
0.00209182
0.00198659
0.00198755
0.00188636
0.00192431
0.00187677
0.00180212
0.00181385
0.00171989
0.00165709
0.00169137
0.00170439
0.00159252
0.00179538
0.00157604
0.00156277
0.00157197
0.00150917
0.00154896
0.00146088
0.00151002
0.00166698
0.0014791
0.00143536
0.00143001
0.00152234
0.00149656
0.00154278
0.001393
0.00145751
0.00127867
0.000618006
0.000458581
0.000669944
0.000449021
0.000540584
0.000280759
0.000218877
0.000543852
0.000336737
0.000515814
0.00145573
0.000426561
0.00124623
0.00174507
0.00183401
0.00136478
0.00149118
0.00147099
0.0023289
0.00279177
0.0013998
0.0035743
0.00283692
0.00362752
0.00334315
0.00280844
0.00277195
0.00220752
0.0016002
0.00169781
0.00302472
0.00201484
0.00136027
0.00104789
0.000915904
0.000842054
0.00194815
0.00061067
0.000508539
0.00053916
0.000247284
0.000229691
0.00021884
0.000224058
0.000459453
0.000262888
0.000174059
0.000222414
0.000143795
0.000140973
0.00391621
3.75755e-05
3.71319e-05
3.71166e-05
3.76404e-05
3.71943e-05
3.71633e-05
3.59768e-05
4.36564e-05
0.00158924
0.000133618
4.51017e-05
0.000920402
0.00141149
0.00146057
0.00127704
0.000866219
0.000724493
0.00047077
0.000274818
0.000118012
7.84649e-05
2.28782e-05
8.95629e-06
0.000887809
0.000519613
0.00030791
0.000287116
0.000206408
0.000153302
0.000111123
4.74564e-05
1.6361e-05
1.13861e-05
4.87295e-06
6.04532e-06
7.70839e-06
3.50873e-06
4.30679e-06
1.74136e-05
6.79194e-06
5.28157e-06
3.32087e-05
3.61025e-06
0.00108454
0.000660576
0.000468663
0.000448482
0.000329197
0.00023941
8.64863e-05
0.000106692
2.44547e-05
1.08671e-05
7.30394e-05
9.44826e-05
3.97055e-05
7.75578e-05
7.41234e-05
0.000197351
8.35683e-05
0.00012473
2.53215e-05
0.000114246
9.06967e-05
0.000140253
0.000131991
9.78537e-05
0.000140283
8.98863e-05
0.000113495
0.000106576
9.64201e-05
2.79535e-05
3.14126e-05
7.07137e-05
0.000100675
9.16296e-05
9.71458e-05
2.42688e-05
0.000107262
0.000100947
0.00010024
4.46202e-06
5.5087e-06
4.83252e-06
0.00972691
0.000638623
0.000690167
0.000743264
0.000695791
0.000551407
0.00045922
0.000406583
0.000327997
0.000116934
8.62132e-05
2.58655e-05
8.71333e-05
0.000310929
0.00070537
0.000929002
0.00296268
0.0058631
0.00647406
0.00932846
0.00920538
0.00855089
0.00723082
0.00523039
0.0032115
0.0018714
0.00170929
0.00147407
0.00145455
0.000679774
0.000643949
0.000260364
0.0002469
0.000189934
0.000126511
0.000123136
8.40948e-05
0.00013046
8.078e-05
0.00012756
0.00015306
0.000269261
0.000478211
0.000555644
0.000739754
0.0011515
0.0012845
0.00186802
0.00230606
0.00272729
0.00352584
0.00357952
0.00388777
0.0039681
0.00535782
0.00548781
0.0077391
0.00657266
0.018639
0.00400362
0.00354288
0.00420123
0.00694337
0.00462542
0.00429665
0.00267557
0.00254839
0.00228414
0.00212302
0.00188861
0.00192835
0.00192332
0.00177173
0.00164669
0.00160635
0.0017056
0.00163254
0.00158484
0.00154717
0.00146263
0.00157367
0.00169147
0.00146221
0.00143726
0.0015067
0.00149562
0.00144757
0.00133621
0.00147718
0.00147784
0.00143592
0.00100218
0.000797837
0.000258588
0.000407286
0.000240299
0.000538633
0.000235876
0.000197917
0.000624025
0.00102716
0.000589732
0.002006
0.00167578
0.00122154
0.00270538
0.0019478
0.00190639
0.000867625
0.000769827
0.0016632
0.000679072
0.000456532
0.000424866
0.000369159
0.000260489
3.87753e-05
0.000773481
0.000126277
0.000102847
0.000973978
0.00010154
0.000474814
0.000247539
0.000171018
6.80376e-05
0.000647107
8.51289e-05
0.000267441
0.00286084
0.00398257
0.00245753
0.00251868
0.00138317
0.00121061
0.0014271
0.000781371
0.00273167
3.64334e-05
3.64324e-05
3.64334e-05
3.64253e-05
3.63997e-05
3.63703e-05
3.63371e-05
0.00011521
0.000796175
0.00100205
0.00564534
0.00396964
0.00344658
0.00429395
0.00275588
0.00266717
0.00190934
0.00145447
0.00101559
0.000715694
0.000525241
0.000191637
6.9015e-05
6.32789e-05
4.56422e-05
1.49901e-05
5.20231e-06
9.18834e-06
6.39182e-05
6.09649e-05
2.5595e-05
7.49554e-06
4.89084e-05
3.00778e-05
3.90025e-05
3.72797e-05
6.76604e-05
0.000127496
2.89951e-05
0.000117685
3.64133e-05
3.42598e-05
6.35769e-06
3.38473e-05
0.000153446
0.000114973
0.000100936
4.35763e-05
3.10881e-05
6.64011e-06
1.83299e-05
8.94437e-06
9.86266e-06
3.95287e-06
6.70246e-06
0.000580846
0.000339588
0.000219979
0.000164931
7.3192e-05
4.82479e-05
3.3633e-05
1.67943e-05
4.59548e-06
8.21311e-06
6.21692e-06
6.17205e-06
4.73922e-06
4.81599e-06
5.24392e-06
5.27917e-06
6.34542e-06
5.0069e-06
1.45844e-05
5.44745e-06
8.80282e-06
7.55986e-06
7.24813e-06
5.59111e-06
1.19848e-05
0.00197272
0.00193173
0.00192151
0.00175431
0.00141545
0.00125714
0.000832962
0.000526905
0.000356958
9.68367e-05
3.87208e-05
0.000112928
0.000391078
0.000382546
0.000969127
0.00334438
0.00658164
0.0101737
0.01114
0.00909801
0.00703377
0.00755401
0.00414358
0.00280363
0.00174527
0.00136899
0.000891817
0.000462539
0.000359235
0.000367459
0.000300798
0.000424834
0.000443404
0.000180709
0.000150318
0.000136372
0.000114041
0.000107466
0.000113548
9.94e-05
0.000340932
0.000290041
0.000481357
0.00103579
0.00144535
0.00161571
0.00184272
0.00181441
0.0029403
0.00323643
0.00474443
0.00490679
0.00633405
0.00576347
0.00707508
0.00308475
0.00708955
0.00299047
0.00259503
0.00265739
0.00252988
0.00254386
0.00248827
0.00223702
0.00233059
0.00257453
0.0023212
0.00252067
0.00259245
0.00234485
0.00228016
0.0021145
0.00227821
0.00196639
0.00219122
0.00217786
0.00224022
0.00216401
0.00211301
0.00215068
0.00201738
0.00211028
0.00216683
0.00200599
0.00214556
0.00101939
0.00060886
0.000116042
0.000197828
0.000135999
0.000271163
0.000413806
0.000147723
0.00015121
0.00133561
0.000814729
0.00167336
0.0010074
0.00195448
0.00341353
0.00226594
0.00685351
0.00394103
0.00479602
0.00460655
0.00314206
0.0051061
0.00502554
0.00376834
0.00516562
0.00507256
0.00280828
0.00590316
0.00399863
0.00417332
0.00417801
0.00274715
0.00383632
0.00216385
0.00150494
0.00138609
0.00126026
0.000787603
0.000711317
0.00230802
0.00132028
0.00142396
0.000809824
0.000793424
0.000479491
0.00016197
3.81963e-05
3.82228e-05
3.82658e-05
3.82884e-05
3.84015e-05
3.85493e-05
3.85363e-05
3.69691e-05
0.000631523
0.000601484
7.4271e-05
0.0149017
0.0112718
0.00987332
0.00866133
0.00799127
0.00760134
0.00684359
0.0061116
0.00493239
0.00389322
0.00273634
0.00199565
0.00117965
0.000809071
0.000385056
0.000217797
0.000101659
6.37202e-05
7.11435e-05
1.853e-05
1.42024e-05
3.26883e-05
2.39804e-05
6.47752e-05
6.14983e-05
8.20975e-05
7.10384e-05
6.43011e-05
3.76204e-05
3.13513e-05
6.61029e-05
3.67011e-05
2.39508e-05
4.01147e-05
4.77065e-05
4.10555e-05
4.27928e-05
5.2729e-05
5.87543e-05
1.55682e-05
5.91093e-05
5.49199e-05
2.22933e-05
2.24751e-05
0.000724415
0.000661058
0.000566071
0.000593745
0.000587112
0.000524187
0.000545901
0.000472781
0.000464752
0.000430578
0.000373668
0.000359252
0.00031814
0.000314353
0.000241685
0.000255717
0.000311302
0.000256969
0.000223966
0.000212989
0.000197804
0.000160949
0.000188354
0.000185775
0.000132332
0.000121019
0.00011212
0.000130507
0.000218068
0.000107516
0.000109112
2.53323e-05
7.23795e-05
0.000241249
0.000530042
0.000750687
0.000654362
0.00297452
0.00313153
0.00639824
0.0074755
0.00699994
0.00597005
0.00418338
0.00328154
0.00162656
0.00104866
0.00118625
0.000492572
0.00018477
4.84533e-05
5.47152e-05
0.000172147
3.87598e-05
1.17735e-06
3.61067e-05
1.32927e-05
5.77123e-05
0.000306596
0.000348151
0.000546437
0.000801055
0.00240083
0.00263843
0.00291958
0.00336994
0.00415035
0.00511332
0.00550235
0.00757513
0.00752263
0.0103312
0.0093069
0.0112584
0.0098419
0.0134458
0.0183599
0.0135513
0.0127389
0.013587
0.0118719
0.0101032
0.00194427
0.00201415
0.00206456
0.00223271
0.00203313
0.00223161
0.00205467
0.00210123
0.00223623
0.00218333
0.00229595
0.00253042
0.00233772
0.00237747
0.00239932
0.00247188
0.00246144
0.00240683
0.00290143
0.00245812
0.0028289
0.0025638
0.00255224
0.00255471
0.0021843
0.0022351
0.000501955
0.000960707
0.00100347
0.000403377
0.00037068
0.00068852
0.000544575
5.10359e-05
8.58766e-05
7.84459e-05
5.48143e-05
0.000815971
0.00106624
0.000355831
0.000925611
0.000743071
0.00120866
0.000629936
0.000812362
0.00348403
0.00272895
0.0027756
0.00404821
0.00665281
0.00375884
0.00473847
0.0044135
0.00292419
0.00428882
0.00334933
0.00365788
0.00360156
0.00329071
0.0032263
0.002383
0.00165859
0.00139404
0.00103315
0.000516754
4.93004e-05
6.67889e-06
0.000374301
0.000565383
0.00186969
0.00357166
0.00727602
0.00962545
0.0134381
0.0105954
0.00870491
0.00816745
0.00736556
0.0088034
0.00798975
0.00861722
0.0050708
0.00714959
0.00911723
0.00331187
0.00322967
0.00349133
0.00368998
0.00461301
5.47314e-05
5.75181e-05
5.97195e-05
6.17779e-05
0.000343477
0.00184438
0.000124481
0.00106103
0.000870183
0.000857601
0.000685093
0.000446759
0.000338898
0.000179443
3.6092e-05
1.05471e-05
7.20753e-06
2.6444e-06
1.72572e-05
1.39162e-05
1.39144e-05
1.69282e-05
4.19091e-05
5.1053e-05
6.61636e-05
0.000124446
0.000207262
7.78147e-05
0.000160669
0.000188046
0.000141915
0.000123073
9.96452e-05
0.000185291
0.000133379
0.000178603
0.000590683
0.000260085
0.000266551
0.000490307
0.000244983
0.00016279
0.000223863
7.86838e-05
0.000140797
6.48509e-05
2.46748e-05
1.68682e-05
5.89174e-06
6.02078e-06
2.67597e-06
1.85211e-05
7.78321e-06
1.99624e-06
2.7637e-06
3.1547e-06
5.12264e-06
7.00443e-06
3.22578e-05
3.98304e-06
6.1636e-06
5.85364e-06
1.55688e-06
1.60832e-05
1.27729e-05
5.29846e-06
4.14008e-06
4.84342e-06
0.00417047
0.00260741
0.00159758
0.0007097
0.000276544
0.000134925
6.21189e-05
3.01912e-05
1.38719e-05
9.12258e-06
5.51099e-06
0.00269365
0.00264531
0.00241548
0.00214956
0.00188395
0.0016232
0.00138652
0.00102953
0.000758263
0.000229343
8.79847e-05
0.000122475
0.000151134
0.000508569
0.000770243
0.00294029
0.00650727
0.00930553
0.0105067
0.0135498
0.0142381
0.0129653
0.0096544
0.00846372
0.00919386
0.00529703
0.00405367
0.00363589
0.00164358
0.00160632
0.00140754
0.00121222
0.00109663
0.000745
0.00084852
0.000510297
0.000453454
0.00047093
0.000335082
0.000285825
0.000211729
0.000266642
0.000198608
0.000207683
0.000277275
0.00145414
0.00156477
0.00213522
0.00269485
0.00356555
0.00441555
0.00450263
0.00213471
0.00210554
0.00220789
0.00308482
0.00380401
0.00515084
0.00615247
0.00757368
0.00474937
0.00364116
0.00145616
0.00135955
0.00145298
0.00141894
0.00144482
0.00146155
0.00130459
0.00145378
0.0012861
0.0014077
0.00135302
0.00127049
0.0013251
0.00133261
0.00133467
0.00129658
0.00130573
0.00131634
0.00135694
0.00121065
0.00134224
0.00125873
0.00140802
0.00123179
0.001232
0.00123447
0.00122308
0.000688289
0.00102189
0.000203065
0.000762364
0.000114923
0.000112614
0.000209683
0.000622838
0.000493286
0.00264454
0.00289115
0.00262663
0.00408091
0.0032554
0.00440144
0.00463172
0.00728493
0.00646036
0.0037971
0.00563633
0.00490672
0.00347055
0.00519465
0.00415434
0.00165394
0.00121536
0.00244522
0.00179618
0.00125685
0.00124126
0.0006812
0.000744946
0.000290452
0.000528935
0.000591693
0.000477052
0.000155553
0.000229019
0.000390361
0.00013879
0.000236551
0.00029674
0.000284105
0.000545131
0.000967643
4.29535e-05
4.33723e-05
4.29877e-05
4.34748e-05
4.33334e-05
4.29457e-05
4.15562e-05
0.000497425
0.000690244
0.000509659
0.00257544
0.00248568
0.00228679
0.00206669
0.00155697
0.00121859
0.000742638
0.000559436
0.0019683
0.0015763
0.000917744
0.000719343
0.000663175
0.000422341
0.000410926
0.000301304
0.00018348
8.22552e-05
0.000104642
6.04804e-05
2.19904e-05
5.5788e-06
4.88818e-06
3.4028e-06
3.68305e-06
0.000935845
0.00054176
0.000419452
0.000342009
0.000305513
1.45982e-05
4.92217e-06
6.27559e-06
3.51898e-06
5.42138e-06
7.19531e-06
1.97232e-05
1.1783e-05
3.70479e-05
4.94769e-05
0.000100606
9.51952e-05
4.9006e-05
9.54958e-05
0.000100361
0.000123031
0.000101374
0.000122131
3.52715e-05
5.86773e-05
0.000111937
0.000117526
0.000111853
3.69444e-05
6.59328e-05
0.000141412
1.57361e-05
1.21458e-05
0.00025931
0.000331177
0.00044707
0.000372043
0.000375903
0.000345676
0.000263826
0.000180403
0.00010869
3.79075e-05
3.38455e-05
0.000133987
0.00061968
0.00071968
0.00357234
0.0075523
0.009948
0.0104504
0.00990579
0.00785866
0.00852268
0.00601141
0.00517387
0.00229295
0.00315443
0.00170918
0.000821366
0.000378401
0.000399648
0.000335375
0.000313462
0.000250841
0.000214189
0.000207566
0.00022294
0.000139109
0.000295545
0.000356698
0.000815322
0.00091329
0.0014915
0.00172711
0.00197732
0.00221133
0.00264573
0.00309605
0.0038207
0.0045615
0.00553698
0.0064265
0.00736098
0.0286172
0.00731284
0.00430786
0.00324883
0.00283175
0.00241374
0.00221732
0.00203963
0.00186558
0.00181419
0.00166367
0.0015891
0.00152587
0.00144916
0.00146348
0.00141562
0.00144448
0.00148275
0.00139654
0.00157262
0.00137539
0.00138886
0.00143208
0.00143402
0.0013273
0.00135366
0.00138603
0.00136473
0.00116298
0.00122508
0.000965597
0.000445932
0.000263823
0.000250468
0.000270853
0.000402335
0.000448358
0.000334961
0.00196651
0.00313285
0.00265302
0.00248954
0.00166474
0.00138771
0.00358097
0.000946789
0.00138788
0.0012403
0.000916978
0.00100521
0.000804547
0.000133392
0.000576232
8.97253e-05
0.000176203
0.000736521
7.22948e-05
0.000614009
0.00030425
0.000141436
0.000185842
0.000541611
8.83248e-05
0.00031876
0.00011055
0.000736841
0.000431639
0.000999098
9.82203e-05
0.00672377
0.00416855
0.00265271
0.00803699
0.00380224
0.00307597
0.00399829
3.75124e-05
3.75272e-05
3.75224e-05
3.75177e-05
3.75066e-05
3.7451e-05
0.000333963
0.00293833
0.00924444
0.00707842
0.00504312
0.0043989
0.00412688
0.0031181
0.00261819
0.00173835
0.00128736
0.000872691
0.000520969
0.000241471
0.000100929
0.000149255
0.000106555
8.25154e-05
4.23518e-06
7.55925e-06
8.16777e-06
1.0728e-05
1.65297e-05
1.24089e-05
5.47536e-06
9.9738e-06
6.10727e-06
1.66993e-05
3.17822e-05
2.74558e-05
1.0506e-05
7.71481e-06
3.89692e-05
0.000236538
0.000164608
6.21823e-05
3.80008e-05
1.58267e-05
4.55598e-06
1.11807e-05
3.84717e-06
1.15354e-05
0.000692718
0.000399062
0.000287468
0.000129038
8.42963e-05
5.8297e-05
1.68894e-05
2.03313e-05
1.17859e-05
6.49326e-06
4.87905e-06
6.99248e-06
5.71157e-06
6.04794e-06
7.21704e-06
8.68287e-06
5.92973e-06
5.91433e-06
7.18445e-06
9.19138e-06
1.6432e-05
1.61002e-05
0.0021641
0.00215858
0.00206985
0.00184872
0.00169138
0.00142047
0.00106226
0.000776549
0.000554017
0.000276393
6.66953e-05
4.14566e-05
5.12266e-05
0.000231979
0.000342447
0.001652
0.00442816
0.0103945
0.0101989
0.00824654
0.00630422
0.00441965
0.0032519
0.00327919
0.00198328
0.00141501
0.00116642
0.000884998
0.000631801
0.000446731
0.000491196
0.000298553
0.000553356
0.000296638
0.000157488
0.000147013
0.000133007
0.000114716
0.000106092
9.49319e-05
5.80427e-05
7.69758e-05
3.38542e-05
0.000327419
0.00100266
0.00148526
0.00147619
0.00162008
0.00228148
0.00252496
0.00323416
0.00440612
0.0042506
0.00443933
0.00501699
0.00571368
0.00692136
0.00688753
0.00510843
0.00349521
0.00327893
0.0029637
0.00322706
0.00275673
0.00286963
0.00277999
0.00303226
0.00234675
0.00261897
0.00245637
0.0025036
0.00239423
0.00233405
0.0021699
0.00227914
0.00229234
0.00221137
0.00211659
0.00227448
0.00220099
0.00213204
0.00212013
0.00229202
0.00227689
0.00212487
0.00195781
0.00210096
0.00196069
0.0019113
0.00198383
0.000964323
0.000854496
0.000151197
0.000435125
0.000499804
0.000200002
0.000173409
0.000244142
0.000153258
0.00103843
0.000379496
0.000783375
0.00221415
0.00245911
0.00315572
0.00284769
0.00404821
0.00479728
0.00449357
0.00426375
0.00397229
0.00436944
0.00613414
0.0049386
0.00546693
0.00597619
0.00489507
0.00404159
0.00386244
0.00636747
0.00461595
0.00324793
0.00223268
0.00338562
0.00272605
0.0025489
0.00267958
0.00451067
0.000808753
0.00162679
0.000674594
5.38998e-05
3.56308e-05
3.56677e-05
3.57377e-05
3.5657e-05
3.57134e-05
3.58119e-05
0.00111998
0.00155009
1.9245e-05
0.00782984
0.00795956
0.00698409
0.00616481
0.00601349
0.00530229
0.00508343
0.0042745
0.0034703
0.00243648
0.00178299
0.000967209
0.000617015
0.000227981
0.000187208
6.8828e-05
4.38917e-05
1.60545e-05
1.66618e-05
6.5217e-06
5.95245e-06
8.6644e-06
9.68899e-06
5.51235e-05
4.16117e-05
4.26114e-05
0.000108481
8.52377e-05
5.28349e-05
7.09177e-05
0.000197548
0.000155388
0.000161054
0.000136384
0.000148517
0.00012696
0.000102031
0.000106387
9.23323e-05
8.08388e-05
5.27684e-05
4.77936e-05
4.72186e-05
5.68532e-05
2.04091e-05
0.000107658
0.000108411
8.57317e-05
6.83114e-05
4.92244e-05
1.59355e-05
3.19844e-05
9.31119e-05
8.25727e-05
8.31062e-05
9.41536e-05
0.000370135
0.000243336
0.00018416
0.000147171
9.27983e-05
7.44034e-05
4.0672e-05
0.000366116
0.00031983
0.000214958
0.000157211
0.000106649
5.84769e-05
4.19386e-05
3.13531e-05
2.32072e-05
0.0013294
0.00134068
0.00134204
0.00117709
0.000894586
0.000596341
0.000344147
0.000306479
4.86627e-05
0.000157361
0.000407039
0.000506489
0.000748062
0.00312202
0.00565236
0.00807617
0.00761499
0.00672107
0.00466372
0.00389565
0.0022386
0.00134927
0.00164875
0.000526903
0.000475616
0.0004467
0.000488101
0.000541919
0.000374219
0.000203248
0.000199247
0.000168859
9.10275e-05
4.06262e-05
3.00041e-05
1.49108e-05
0.000121461
7.38162e-05
0.000140235
0.000176356
0.000435644
0.00135729
0.00392096
0.0024751
0.00286164
0.00295151
0.00551451
0.00538936
0.00589942
0.00938417
0.010942
0.0113854
0.00953693
0.00864326
0.012398
0.0144911
0.0228978
0.0152943
0.00216138
0.00229747
0.00229651
0.00233057
0.00240204
0.00239746
0.00236399
0.00262826
0.00242562
0.00258524
0.00267006
0.0024267
0.00243003
0.0024329
0.00233366
0.00247544
0.00257811
0.00250741
0.00198767
0.000898742
0.00152313
0.000222745
0.00025599
0.000114558
0.000111215
9.73515e-05
0.000115358
0.000273517
0.000212405
0.000231022
0.00195327
0.00144185
0.00176547
0.00104815
0.00240606
0.00221421
0.00247544
0.00241167
0.00547998
0.00258006
0.00673882
0.00352019
0.00415264
0.00407593
0.00549254
0.0045914
0.0047935
0.00406083
0.0038425
0.00393728
0.00296962
0.00337271
0.00350817
0.00270901
0.00244402
0.00386091
0.00222583
0.0020425
0.00328328
0.00170633
0.00152359
0.00182965
0.000953065
0.000491361
0.000541855
0.000353546
0.000407688
0.000116923
3.73014e-05
4.38064e-06
4.7499e-07
0.000127072
0.000298746
0.000471068
0.00154351
0.00375945
4.64255e-05
4.72281e-05
4.83402e-05
4.95453e-05
5.11298e-05
5.31324e-05
5.53323e-05
5.69127e-05
0.00162804
0.00232746
8.68456e-06
0.000198402
0.00195559
0.00168913
0.00172379
0.00139239
0.00122774
0.00105523
0.000464076
0.000192813
8.45205e-05
2.6291e-05
1.85738e-05
6.74326e-06
6.98907e-06
5.99205e-06
9.34288e-06
2.88715e-05
3.80919e-05
5.56044e-05
5.5607e-05
5.64941e-05
7.68415e-05
0.000110373
0.000160786
7.10331e-05
0.000124
9.52748e-05
7.06442e-05
2.92002e-05
2.27822e-05
8.42129e-05
0.000935353
0.000991873
0.000719785
0.000345697
0.000929413
0.00066422
0.000374004
0.000291689
0.000144296
4.66522e-05
3.51073e-05
1.7491e-05
5.1336e-06
4.6216e-06
4.56268e-06
7.6775e-06
1.16372e-05
7.46434e-06
5.67961e-06
1.46248e-05
6.37734e-06
1.47947e-05
1.13777e-05
1.29307e-05
1.80431e-05
9.81586e-06
5.61433e-06
8.08787e-06
1.52589e-05
6.10721e-06
0.00581999
0.00314158
0.00174338
0.00113742
0.000496723
0.000241536
0.000101165
4.66047e-05
3.34608e-05
2.09068e-05
1.7186e-05
8.23351e-06
0.00358981
0.00332211
0.00309984
0.00284189
0.00247213
0.00223839
0.00187788
0.00143914
0.00089092
0.000589148
0.000226871
0.000135769
0.000238435
0.000424457
0.00232279
0.00469592
0.00727174
0.00781859
0.00799583
0.00633178
0.00554394
0.00276491
0.00188535
0.000842204
0.000602867
0.000428737
0.000284268
0.000229506
7.11199e-05
0.000105309
5.46603e-05
9.05823e-05
9.01042e-05
8.1867e-05
0.000107944
0.000345902
0.00017287
0.000559256
0.000529722
0.00105057
0.000756168
0.000901398
0.00117024
0.00123627
0.00194904
0.0022101
0.00192791
0.00145312
0.00165709
0.00129458
0.0021153
0.0017066
0.00124419
0.00133116
0.00105811
0.00102537
0.00139698
0.000928879
0.00116112
0.00125264
0.000917935
0.00080142
0.000842946
0.000667556
0.000829254
0.000528933
0.000635374
0.000793826
0.000937083
0.000559467
0.000691684
0.000638563
0.000494648
0.000603418
0.000811391
0.000464909
0.000558273
0.000520835
0.000562944
0.000337569
0.000396343
0.00055233
0.000531043
0.000286384
0.00044699
0.000606064
0.000561159
0.000353154
0.000311106
0.000425925
0.000245686
0.000294893
0.000351417
0.000227148
0.00020857
0.000155572
0.000413755
0.00031819
0.000222708
0.000256794
0.000173564
0.000204674
0.000249724
0.000170148
0.000347328
0.000151008
0.000241146
0.000236369
0.000376541
0.000243521
0.000248534
0.00023635
0.000213618
0.000125126
0.000226605
0.000210283
0.000191062
0.000176082
0.000168092
0.000154406
0.000153219
0.000140775
0.0001334
0.000124562
0.000114995
0.000102647
0.00023654
0.000158771
0.000143554
0.00017963
0.000161222
0.000158102
0.000140106
0.000126941
0.000119989
0.000107108
9.95671e-05
9.92581e-05
9.37815e-05
9.20706e-05
7.84928e-05
7.46019e-05
7.40862e-05
8.22129e-05
7.0964e-05
6.93632e-05
7.32252e-05
7.34114e-05
7.20785e-05
0.000284531
0.000273307
0.000263334
0.000256736
0.000248707
0.000241918
0.000229819
0.000220997
0.000211556
0.000205016
0.000207157
0.000203246
0.000191736
0.00018977
0.000194627
0.000198669
0.000191263
0.000178823
0.000190037
0.000191498
0.000219046
0.000213253
0.000305048
0.000328738
0.00033682
0.000368714
0.000421174
0.000469955
0.000508905
0.000584472
0.000841813
0.00118434
0.0013788
0.00160628
0.00196961
0.00220688
0.00257943
0.00382162
0.00451063
0.00399251
0.00426929
0.00285387
0.00099042
0.000542513
0.000979667
0.000551076
0.000215145
0.00128954
0.0019749
0.00133539
0.00063013
0.00126782
0.00138475
0.000315231
0.000213984
0.000497406
0.00102039
0.000563119
0.000591535
0.000395236
0.00121334
0.00144595
0.00105971
0.000542994
0.00120283
0.00108163
0.000866592
0.000822381
0.00225117
0.00170514
0.00185361
0.00147489
0.00283652
0.00234458
0.00247295
0.00155861
0.00313663
0.00394345
0.00312977
0.00329738
0.00276748
0.00544062
0.00432978
0.00763754
0.00590253
0.00591175
0.00652716
0.00503531
0.00304116
0.000909429
0.00089856
0.000947005
0.00393187
0.000895648
0.000888828
0.000874171
0.000869856
0.000862046
0.0008415
0.000850504
0.000841227
0.000861387
0.000857
0.00084865
0.000852331
0.000848081
0.000836094
0.000813987
0.000823273
0.000820062
0.000813955
0.000809814
0.000803326
0.000799022
0.000794453
0.000793266
0.000789482
0.000788874
0.000786101
0.000785018
0.000781672
0.000791202
0.000787626
0.000789046
0.000784217
0.000782937
0.000777606
0.000782543
0.000787049
0.000782881
0.00078491
0.000800295
0.00079503
0.000795002
0.000776923
0.000768583
0.000764784
0.000767602
0.000769099
0.000768854
0.000777819
0.00079604
0.000430533
0.000386724
0.000274165
0.000759001
0.000754911
0.000759453
0.000763954
0.000766159
0.000340148
0.000761451
0.000756299
0.000763941
0.000756428
0.000731804
0.000759343
0.000774153
0.000531899
0.000694018
0.000689497
0.000505458
0.000523671
0.000382534
0.000129688
0.000128716
0.000131537
0.000125204
0.000124173
0.000147088
0.000144876
0.000198066
0.000158461
0.000155947
0.000244695
0.000492355
0.00061921
0.000845679
0.00161119
0.00157194
0.0018979
0.0014792
0.00162948
0.00145636
0.00141827
0.00209473
0.00287743
0.00278707
0.00278964
0.00237234
0.00229512
0.00236575
0.00473287
0.00514716
0.0023214
0.00243364
0.00529834
0.00502179
0.00528274
0.00496977
0.00489782
0.00396144
0.00388897
0.00517505
0.00475159
0.00480608
0.00384005
0.00348343
0.00381167
0.0022805
0.00296534
0.00393287
0.00392225
0.00340315
0.0031733
0.00189463
0.00178398
0.00216348
0.00201092
0.00171217
0.00155338
0.00149688
0.00133222
0.000986619
0.0010399
0.00127979
0.000986338
0.00084907
0.000894182
0.000133043
0.000154834
0.000292576
0.000291751
0.000176256
9.23226e-05
9.91497e-05
0.000107571
0.000102496
8.94546e-05
0.000157992
0.00011634
9.51506e-05
0.000117063
0.000100094
0.000211225
0.000213703
0.000145409
0.000116898
0.000507256
0.000396769
0.000103723
0.000442417
0.000212951
0.000143568
0.000100079
0.000111233
0.000100054
0.000119846
0.000433601
0.00023738
0.000266735
0.000332413
0.000117972
0.0021281
4.55193e-05
4.55119e-05
4.55029e-05
4.54967e-05
4.54888e-05
4.5483e-05
4.54826e-05
4.54716e-05
4.5536e-05
4.55192e-05
4.58081e-05
8.30335e-05
8.25183e-05
8.26984e-05
0.000495622
3.31982e-05
4.0651e-05
4.95174e-05
4.11417e-05
0.000779591
0.000679177
0.000810888
0.000720756
0.000778727
0.00069487
0.000511188
0.00044422
0.000227114
0.000187745
0.000174331
7.28522e-05
5.7282e-05
5.04269e-06
2.96721e-06
1.79851e-05
2.24132e-05
2.02573e-05
3.51597e-05
3.75531e-05
3.50061e-05
1.1903e-05
6.09253e-05
6.45992e-05
0.000106244
0.000108587
0.000139432
0.000140943
8.69467e-05
8.58651e-05
6.0539e-05
4.25698e-05
4.42193e-05
3.9872e-05
2.41252e-05
2.43712e-05
3.08114e-05
3.03612e-05
2.68795e-05
5.0716e-05
5.19702e-05
5.00449e-05
4.40986e-05
7.87967e-05
5.78221e-05
5.17328e-05
2.91696e-05
1.8937e-05
2.03596e-05
1.35046e-05
1.95255e-06
1.8731e-06
3.20937e-06
2.76839e-06
1.22851e-05
6.64729e-06
3.25028e-06
1.53254e-06
1.58501e-05
1.8027e-05
3.71585e-05
3.40234e-05
1.08793e-05
1.19778e-05
1.17102e-05
6.89685e-06
6.19394e-06
1.20795e-05
1.28147e-05
1.38889e-05
1.37272e-05
1.26938e-05
1.98561e-06
4.30359e-06
4.25518e-05
4.25054e-05
2.1643e-05
3.3416e-05
8.11776e-05
9.96009e-05
0.000115867
0.00014786
0.00011997
0.000147631
0.000201409
0.000277331
0.000165781
0.000156361
0.000198544
0.000191191
0.000221948
0.000194944
0.000242157
0.000392477
0.000339159
0.000186522
0.000373266
0.000238649
0.000447739
0.000235707
0.000443989
0.000373703
0.00031568
0.00055379
0.000468294
0.000336057
0.000377388
0.000314819
0.000404568
0.000446475
0.0107049
0.00692664
0.00399354
0.0020861
0.00106441
0.000561242
0.000252379
0.000121893
4.36661e-05
2.2171e-05
1.35227e-05
5.70181e-06
4.53986e-06
3.22472e-06
2.73152e-06
2.7713e-06
2.9057e-06
2.74107e-06
2.79572e-06
3.44266e-06
3.01615e-06
3.20362e-06
3.52484e-06
3.13357e-06
5.14008e-06
5.38376e-05
4.05963e-05
1.52549e-05
1.10176e-05
8.87469e-06
6.65883e-06
3.68525e-06
4.09869e-06
5.53526e-06
0.002845
0.00267348
0.00252286
0.00237156
0.00183778
0.00165768
0.00145648
0.00135665
0.00128442
0.00124478
0.00112263
0.00101951
0.000854092
0.000801137
0.000656715
0.0005345
0.000455475
0.000435382
0.000308462
0.000266038
0.000129602
0.000136817
4.98314e-05
3.75099e-05
1.18141e-05
1.5902e-05
1.18867e-05
5.61058e-05
6.38547e-05
0.000215846
0.000239016
0.000262214
0.000613662
0.000639828
0.000436913
0.000681497
0.000613899
0.000875862
0.000879103
0.000712138
0.00277574
0.00252788
0.00529728
0.00545217
0.00871295
0.00871518
0.00802177
0.00967007
0.00960022
0.0108622
0.0120135
0.0110308
0.0122131
0.0115596
0.0110914
0.0105874
0.00962614
0.0097006
0.00805326
0.00742107
0.00657122
0.00288486
0.00312449
0.00243758
0.00342294
0.00277586
0.00196777
0.00234592
0.00168103
0.00108115
0.0013221
0.000790567
0.000736314
0.000816016
0.000625121
0.000767371
0.000763563
0.000349536
0.000388109
0.000215635
0.000478911
0.000335832
0.000213257
0.00021706
0.000223655
0.000246565
0.000313872
9.2632e-05
9.80082e-05
8.27687e-05
8.19881e-05
7.00826e-05
7.87874e-05
8.18979e-05
6.5858e-05
0.000242075
0.000125327
0.000202859
0.000203437
0.000236443
0.000207961
0.000247153
0.000562637
0.000798989
0.000571882
0.000568776
0.000602169
0.000818468
0.00110604
0.00125236
0.00101499
0.00122809
0.00133241
0.00125116
0.00140536
0.00150034
0.00181344
0.00177624
0.00170071
0.00153892
0.0016111
0.00188616
0.00223697
0.00166604
0.00116518
0.00084301
0.00188993
0.0011051
0.0015811
0.00130117
0.00161582
0.0015394
0.00127515
0.00276332
0.00210474
0.00329407
0.00255486
0.00258207
0.00137665
0.00348048
0.00264989
0.00391791
0.00321092
0.00208164
0.00127918
0.00256134
0.00136307
0.00134628
0.00146783
0.00141646
0.00142915
0.00124387
0.00126139
0.0014819
0.00146418
0.00142131
0.00139161
0.00139767
0.00139
0.00153516
0.00150944
0.00142482
0.00142217
0.00138917
0.00137515
0.00135985
0.00135888
0.00141817
0.0013803
0.0012974
0.00133116
0.00123134
0.0012253
0.0013239
0.00132516
0.00133825
0.00130891
0.00135416
0.00128672
0.0012611
0.0012747
0.00124599
0.0012467
0.00127408
0.00128425
0.00125874
0.00126963
0.00134981
0.00137177
0.00125168
0.0012284
0.00124594
0.00121323
0.00119251
0.00119127
0.00133289
0.00131699
0.00113371
0.00111816
0.00112472
0.00122349
0.00120183
0.00120177
0.00114871
0.00115197
0.00114941
0.00113251
0.00100991
0.000251396
0.000174431
0.000355782
0.000352744
0.000301795
0.000196389
0.000195567
0.000133664
0.00013098
0.000477159
0.000636608
0.000760254
0.000194891
0.000190179
0.000215572
0.000819714
0.000792345
0.000948915
0.00105285
0.00144945
0.000343848
0.000333465
0.000434186
0.00107409
0.00103343
0.00124135
0.00063722
0.000614234
0.000928643
0.00276174
0.00288374
0.00240221
0.00227771
0.00304724
0.00276321
0.00269839
0.0027014
0.0023253
0.00406615
0.00425249
0.00418744
0.00381352
0.00364704
0.00311215
0.00279986
0.00189286
0.00341477
0.00297997
0.00260654
0.00159985
0.00180386
0.00157689
0.00144626
0.00136647
0.0021096
0.00178812
0.00171238
0.000964974
0.000832307
0.000612191
0.000716551
0.000564594
0.000501575
0.000574681
0.000701817
0.00110279
0.000984705
0.000393829
0.000415975
0.000112354
0.000117695
0.000123881
0.000252139
0.000260771
0.000556121
0.000572464
0.00032401
0.000301907
0.000347008
0.00249909
0.00146773
0.000780596
0.000458862
0.000244674
0.00015448
0.000120567
9.99141e-05
7.67939e-05
7.8236e-05
7.4901e-05
7.53383e-05
0.000180615
0.000213587
0.000174644
0.000101837
7.91662e-05
7.77647e-05
8.27002e-05
7.06979e-05
0.000136172
0.000135756
0.000139263
0.000533048
0.000635096
9.68966e-05
7.92606e-05
7.37285e-05
0.000150487
0.00256996
0.00196865
4.40785e-05
4.40845e-05
4.4083e-05
4.40768e-05
4.40894e-05
4.40656e-05
4.40324e-05
4.40336e-05
4.40361e-05
4.4074e-05
4.49053e-05
4.49011e-05
4.505e-05
0.00195523
0.00182798
0.000289074
0.000288612
0.000385581
0.000319268
0.000940571
0.000848063
0.000910386
0.000837894
0.000761476
0.000689326
0.000465902
0.000433132
0.000383669
0.000164261
0.000134141
6.60627e-05
5.15047e-05
1.56716e-05
1.19215e-05
1.46931e-05
1.0564e-05
5.23351e-06
5.65371e-06
9.08149e-06
1.12915e-05
1.03809e-05
1.26442e-05
2.28073e-05
2.40258e-05
4.90135e-05
5.09061e-05
8.89433e-05
8.8746e-05
8.16641e-05
8.06518e-05
8.38931e-05
8.42229e-05
7.93371e-05
6.50638e-05
6.39112e-05
0.000113793
0.000101757
5.84889e-05
4.65176e-05
2.77433e-06
0.000827678
0.000662046
0.000464538
0.000360595
0.000283548
0.000218997
0.000326625
0.000250707
0.000222478
0.000166554
0.000146118
0.000113297
8.20332e-05
4.85028e-05
3.41126e-05
5.27943e-05
1.56952e-05
9.05305e-06
2.87986e-05
1.86982e-05
8.94516e-06
5.36965e-06
1.69691e-05
1.02313e-05
5.77213e-06
3.51863e-06
3.36799e-06
2.97751e-06
1.00006e-05
1.12837e-05
3.68177e-06
3.21471e-06
3.26913e-06
1.19705e-05
0.00187225
0.00154387
0.000877888
0.000672761
0.000561325
0.000409399
0.00031685
0.000465341
0.000346276
0.000288743
0.00029398
0.000212692
0.000179146
0.000124869
0.000107784
1.33777e-05
7.67355e-06
4.39213e-06
4.74057e-06
5.3765e-06
8.10109e-06
4.44868e-05
2.85585e-05
2.69604e-05
4.2928e-06
5.48463e-06
5.20664e-06
1.66686e-05
2.1357e-05
1.7533e-05
1.40011e-05
1.6774e-05
3.68077e-06
4.73042e-06
3.07078e-05
1.96281e-05
5.39033e-06
3.83574e-06
4.11923e-06
1.48886e-05
1.8652e-05
1.42521e-05
3.37969e-05
2.22204e-05
6.65005e-06
9.05603e-06
5.84673e-06
4.02553e-06
4.25663e-06
3.83096e-06
4.5792e-06
6.98924e-06
4.3617e-06
4.24999e-06
3.92076e-06
0.000170465
0.000485189
0.000352808
0.000281908
1.10262e-05
0.000133524
0.000972423
0.000695238
0.000538186
0.000344757
0.00023569
0.000194832
0.000133926
7.5164e-05
5.46551e-05
7.35008e-05
4.70063e-05
3.86077e-05
4.17466e-05
2.83846e-05
1.0815e-05
8.22411e-06
7.04036e-06
5.69661e-06
6.13711e-06
7.40264e-06
6.00331e-06
6.62684e-06
1.19358e-05
8.44467e-06
9.80585e-06
8.53163e-06
6.76185e-06
7.92469e-06
7.79923e-06
6.96398e-06
8.03425e-06
7.0213e-06
7.89451e-06
8.36183e-06
9.67526e-06
1.43426e-05
1.01786e-05
1.36405e-05
1.9054e-05
1.58083e-05
0.000751177
0.000575139
0.000388357
0.00138491
0.00123419
0.00062981
0.000783114
0.000358081
0.000335948
0.000212882
8.07788e-05
7.75724e-05
7.95138e-05
0.000127617
9.70209e-05
0.00169759
0.00168429
0.00130364
0.00225727
0.00223899
0.00514345
0.00641138
0.00632194
0.00705469
0.00831379
0.00804714
0.00711089
0.00817114
0.00776292
0.00862644
0.00907754
0.00867391
0.00796341
0.00734521
0.00729851
0.0064643
0.00388473
0.00367743
0.00456512
0.00306432
0.00304109
0.00190105
0.00225379
0.00154364
0.00162675
0.00110419
0.000811919
0.000530753
0.000705304
0.000506949
0.000253896
0.000252253
0.000183194
0.000327974
0.000187376
8.37739e-05
0.000113102
9.01386e-05
0.000124127
0.000154086
0.000147808
0.000273695
0.000189254
0.000403833
0.00150281
0.00147845
0.00141064
0.00139032
0.00126782
0.00117343
0.00118174
0.00117918
0.00110074
0.00112288
0.0011327
0.00107094
0.00111072
0.0010976
0.00104722
0.00107317
0.000977342
0.00116517
0.00119438
0.00114577
0.00111272
0.00119003
0.00125162
0.0013084
0.00136466
0.00128099
0.00153437
0.00149719
0.00156479
0.00151358
0.00148232
0.00161679
0.00178742
0.00175127
0.00186898
0.00167731
0.00165077
0.0017159
0.00159271
0.00166883
0.00187599
0.00199825
0.00211025
0.00203665
0.00200855
0.00208065
0.00215019
0.00216275
0.00225086
0.00224956
0.00233652
0.00231796
0.00225433
0.0022545
0.0021246
0.00211355
0.00213561
0.0021166
0.00209481
0.00202524
0.00202784
0.00204104
0.00202105
0.00203431
0.00198206
0.0020054
0.00212779
0.00209463
0.00212214
0.00201573
0.00205555
0.00212821
0.0021476
0.00202266
0.0020544
0.00215869
0.00220878
0.00225641
0.00212347
0.00221251
0.00226277
0.00220699
0.00227409
0.00210935
0.00219554
0.00127828
0.00125237
0.00075837
0.000264592
0.000262977
0.000245967
0.000535267
0.000293712
0.000228233
0.000808091
0.000758786
0.00106819
0.000417304
0.000949033
0.00149336
0.00181868
0.00158194
0.00153067
0.00241589
0.00247926
0.00224181
0.00289998
0.00399256
0.00406358
0.00270288
0.00233698
0.0035131
0.00296041
0.00416708
0.00441954
0.00284898
0.00282731
0.00329602
0.00283418
0.00340718
0.00257409
0.00238312
0.00248097
0.00217288
0.00164777
0.00142798
0.00112283
0.00145092
0.0012103
0.00137574
0.00126266
0.00124596
0.000939028
0.00295902
0.00245098
0.000799099
0.000713453
0.00141066
0.00123315
0.00248766
0.00270772
0.00348311
0.00541696
0.00527358
0.00550163
0.00243587
0.00226438
0.00210351
0.000159975
0.0201723
0.017178
0.00454973
0.0042286
0.000954184
0.000245421
0.000184802
0.000172604
0.000360526
9.78909e-05
5.82549e-05
0.000141071
0.000241119
0.000250441
1.20128e-05
1.7469e-05
0.000276833
0.000207082
0.000183248
0.000149005
0.000109082
0.00027907
0.000222211
0.000262256
0.000210635
9.43198e-05
7.78934e-05
0.000124833
0.000120829
0.000111695
4.45613e-05
3.37991e-05
9.72673e-06
9.25718e-06
9.08475e-06
9.80448e-06
9.53987e-06
1.11152e-05
1.63824e-05
2.0438e-05
2.34967e-05
1.65579e-05
1.60066e-05
1.4308e-05
1.55675e-05
1.66423e-05
1.5428e-05
1.67193e-05
1.23157e-05
1.60609e-05
1.55396e-05
2.29577e-05
2.25889e-05
1.35796e-05
1.33236e-05
4.97351e-05
4.90533e-05
4.46888e-05
1.10118e-05
1.30491e-05
1.02587e-05
1.17089e-05
1.13025e-05
1.02627e-05
1.02563e-05
1.02851e-05
1.05305e-05
9.57161e-06
4.58028e-05
2.82364e-05
5.0805e-05
3.10835e-05
1.09744e-05
1.25586e-05
1.08801e-05
8.47469e-06
8.92706e-06
8.78906e-06
1.67089e-05
1.23938e-05
1.44413e-05
1.4627e-05
5.00503e-05
4.50259e-05
4.27147e-05
7.55484e-05
5.88838e-05
4.65285e-05
4.35386e-05
3.89793e-05
2.63878e-05
2.1747e-05
1.54174e-05
1.35424e-05
1.02905e-05
1.18089e-05
1.53063e-05
1.55699e-05
2.09631e-05
1.73171e-05
1.45461e-05
1.973e-05
1.05612e-05
1.10034e-05
2.10385e-05
5.27718e-05
7.80209e-05
5.37672e-05
5.30484e-05
6.21275e-05
2.45919e-05
3.05634e-05
4.22544e-05
5.02506e-05
4.36593e-05
3.26988e-05
3.84216e-05
3.51644e-05
3.75966e-05
2.86356e-05
3.49661e-05
3.313e-05
5.08958e-05
5.23647e-05
5.79146e-05
3.74146e-05
4.36069e-05
5.3156e-05
6.00468e-05
4.38155e-05
4.90924e-05
5.94839e-05
6.53297e-05
3.80743e-05
4.23494e-05
6.01513e-05
5.99389e-05
6.52514e-05
6.81313e-05
5.46471e-05
5.73764e-05
5.24707e-05
5.47155e-05
3.73378e-05
3.92878e-05
3.52714e-05
4.49722e-05
4.59935e-05
3.72037e-05
3.28372e-05
3.20849e-05
3.14655e-05
3.34518e-05
3.28946e-05
2.50424e-05
2.47175e-05
2.31403e-05
2.07516e-05
2.05856e-05
1.99328e-05
1.92591e-05
1.88817e-05
1.78214e-05
1.79276e-05
1.72515e-05
1.76035e-05
0.000153144
0.00836296
0.00737595
0.00662963
0.00563321
0.00446462
0.00578716
0.00316742
0.00373047
0.00306116
0.000149411
0.000184375
0.000305598
0.00047252
0.000381017
0.000298865
0.000368558
0.000320397
0.000372954
0.000371238
0.000373016
0.000321456
0.00028582
0.00032502
0.000276385
0.000231136
0.000200779
0.00014175
0.000113036
0.000118687
6.24445e-05
5.63937e-05
7.3979e-05
8.50164e-05
5.72809e-05
0.000197095
0.000202807
0.000575254
0.000612171
0.00039801
0.00059914
0.000639824
0.000751855
0.000570022
0.000697875
0.00102107
0.00208668
0.00190393
0.00360767
0.00395382
0.00345762
0.00377012
0.0041525
0.00371942
0.00331267
0.00272718
0.00265427
0.00204542
0.000930141
0.000853496
0.000714982
0.000600814
0.000136457
0.000146264
7.62191e-05
4.91314e-05
2.19487e-06
5.7774e-05
3.22651e-06
7.71646e-06
0.000117637
0.000138597
0.000118619
5.72192e-05
0.000236895
0.000165125
0.00014763
0.00023334
0.000296617
0.000293418
0.000408819
0.000508652
0.000660329
0.00078889
0.000824312
0.000579544
0.000728906
0.00103791
0.00106789
0.00117538
0.00130789
0.00213516
0.00239821
0.00135831
0.00122394
0.00151821
0.00180112
0.00208523
0.00234277
0.00224498
0.00249095
0.0022916
0.00244231
0.00231784
0.00258084
0.00289166
0.00349117
0.00303321
0.00377633
0.00364244
0.0033613
0.0036755
0.00370393
0.00377455
0.00479941
0.00492653
0.00542504
0.00425897
0.00534486
0.00522667
0.00533481
0.00564697
0.00514019
0.00571036
0.00498197
0.00613817
0.00627476
0.00801237
0.00545361
0.00666389
0.0068413
0.00662608
0.00748553
0.00922042
0.0114998
0.0110207
0.0110382
0.00899489
0.00907672
0.00725842
0.00613236
0.00775285
0.0125781
0.0131311
0.0110841
0.00591074
0.0104256
0.00676381
0.0131038
0.0129716
0.0059615
0.00144535
0.00145108
0.00144055
0.00135176
0.00134888
0.00141636
0.00138811
0.00138361
0.0014576
0.00184356
0.00134624
0.00167964
0.00166821
0.0018065
0.00175841
0.00125529
0.00156144
0.00128641
0.00157582
0.00126775
0.00126137
0.00128966
0.00127939
0.00135749
0.00167793
0.00122913
0.00144349
0.00143773
0.00122429
0.00142477
0.00127773
0.00127417
0.00133584
0.00144078
0.00129748
0.00130744
0.00135871
0.00134418
0.00138557
0.00136165
0.00137942
0.00160147
0.0015701
0.00132512
0.0013077
0.00132413
0.00133051
0.00130104
0.00130065
0.0012383
0.00123073
0.00122814
0.00122032
0.0012068
0.00123085
0.00117312
0.00115415
0.0011725
0.00122241
0.00124747
0.00118867
0.00104457
0.000208077
0.000164127
0.000459659
0.000313961
0.000658712
0.000652461
0.000421721
9.20976e-05
9.0302e-05
9.6102e-05
8.96967e-05
8.99025e-05
8.89433e-05
8.76918e-05
0.000187241
0.000280587
0.000538925
0.00052691
0.000612102
0.000761012
0.000684583
0.000759953
0.000834328
0.00158856
0.00195786
0.00183964
0.00176264
0.00199883
0.00236065
0.00224727
0.00233372
0.00333241
0.0033507
0.00236157
0.00233405
0.00265738
0.00246841
0.00254548
0.00225976
0.00259576
0.00224602
0.00212765
0.00236682
0.00396344
0.00398401
0.00291166
0.00340659
0.00329248
0.00303305
0.0029683
0.00272049
0.00252486
0.0027598
0.0026092
0.00447333
0.00395869
0.00345333
0.00125839
0.00114694
0.00107176
0.00167987
0.00150311
0.000971454
0.00112943
0.00102227
0.000999247
0.00113231
0.001021
0.00100067
0.0015893
0.00139544
0.00134199
0.00110391
0.00111706
0.00207897
0.00189108
0.00043533
0.00041803
0.000359689
0.000563417
0.000654023
0.000487596
0.000518423
0.000529095
0.00050518
0.000467046
0.00243024
0.00216205
0.00192809
0.00155647
0.00157894
0.0015103
0.00124968
0.00110035
0.00107149
0.00085364
0.000826053
0.00100228
0.000822732
0.000666095
0.000571202
0.00056937
0.000155222
0.00012767
0.000134565
0.000207994
0.000167559
0.000220229
6.35669e-05
4.8798e-05
5.30382e-05
3.19379e-05
3.76885e-05
5.42694e-05
4.24473e-05
5.10239e-05
5.69327e-05
3.33744e-05
3.2038e-05
4.58932e-05
6.12524e-05
0.000207159
0.000177896
0.00046264
0.000525274
0.000375215
0.000491097
0.000406452
5.99159e-05
5.91532e-05
6.07776e-05
6.1368e-05
6.12884e-05
6.13555e-05
6.24292e-05
5.98515e-05
6.14676e-05
4.4337e-05
4.42547e-05
3.90046e-05
3.93141e-05
3.87391e-05
5.91236e-05
5.87518e-05
6.52486e-06
1.65107e-06
2.08443e-05
2.867e-05
0.000875946
0.000766648
0.00123946
0.00113573
0.000905862
0.000839472
0.00139815
0.00125557
0.000360806
0.000314763
0.000209385
0.000180442
0.000173407
0.00015025
0.000143223
6.59159e-05
5.75161e-05
8.24943e-05
6.04816e-05
1.25474e-05
1.43966e-05
1.36954e-05
1.57553e-05
1.72809e-05
1.5682e-05
5.4607e-05
5.35089e-05
2.82783e-05
2.8394e-05
9.1987e-06
7.69403e-06
7.77383e-06
5.36882e-05
5.06245e-05
4.44028e-05
3.91589e-05
6.52873e-06
8.43255e-06
2.02962e-05
2.72323e-05
2.67976e-05
8.40892e-06
1.75399e-05
8.07972e-06
1.15709e-05
4.60699e-05
4.80318e-05
8.36387e-05
8.86646e-05
9.41394e-05
6.10537e-06
4.52794e-06
4.55911e-06
6.21124e-06
1.06889e-05
9.14347e-06
5.4053e-06
7.89476e-06
9.72636e-06
5.47421e-06
5.82059e-06
6.1204e-06
1.03656e-05
7.68354e-06
7.56478e-06
1.3325e-05
1.75826e-05
8.67477e-06
1.03715e-05
4.01428e-05
4.54023e-05
4.01891e-05
2.86746e-05
3.04198e-05
4.89399e-05
5.0353e-05
1.06494e-05
1.18489e-05
2.16809e-05
2.22278e-05
2.21986e-05
2.35326e-05
2.14742e-05
4.33025e-05
4.33793e-05
4.16641e-05
4.32511e-05
4.08404e-05
3.48217e-05
1.20426e-05
1.18036e-05
1.12614e-05
1.34008e-05
1.25144e-05
1.18545e-05
1.08504e-05
1.27108e-05
1.12659e-05
1.22945e-05
1.16166e-05
1.22643e-05
1.2287e-05
1.44326e-05
1.94142e-05
2.65069e-05
3.79501e-05
2.88467e-05
4.41803e-05
4.25282e-05
6.20172e-05
7.76135e-05
8.67456e-05
0.000120428
0.000118965
6.888e-05
0.000101584
0.000102939
0.000147369
0.000162251
0.000226318
0.000225102
0.000194887
0.000176273
0.000905914
6.04554e-05
0.00083843
0.000635123
0.000499716
0.000456687
0.000571544
0.000447153
0.00040342
0.000258909
0.00019249
0.000171149
0.000164054
0.000112904
0.000106614
8.78499e-05
5.6993e-05
5.46633e-05
4.93338e-05
3.04791e-05
1.51298e-05
9.41303e-06
1.53974e-05
8.5028e-06
9.59748e-06
6.50832e-06
6.16911e-06
1.03865e-05
7.17347e-06
7.30615e-06
6.96352e-06
8.35144e-06
7.67465e-06
7.36232e-06
1.63727e-05
2.21503e-05
3.0981e-05
2.45066e-05
9.60653e-06
1.36842e-05
1.22427e-05
1.84446e-05
2.61385e-05
1.96925e-05
2.17266e-05
2.5715e-05
3.29671e-05
3.54901e-05
1.6582e-05
2.28144e-05
1.97498e-05
1.3574e-05
1.34999e-05
1.13158e-05
0.0184711
0.0165144
0.0145561
0.0127885
0.0110681
0.00921579
0.00772296
0.00619373
0.00491073
0.00379428
0.00283339
0.00214441
0.00257771
0.00215977
0.00197422
0.00134892
0.00132435
0.000823139
0.000715841
0.000397833
0.000338958
0.000322287
0.000132293
0.000160974
3.70309e-05
4.48454e-05
9.68147e-05
0.000508508
0.00299825
0.00296506
0.00255255
0.00366832
0.00618033
0.00740579
0.00726718
0.00550291
0.00810378
0.00856998
0.00796545
0.00833925
0.00742145
0.00636851
0.00646576
0.0059522
0.00567625
0.0047784
0.00458182
0.00302475
0.0030849
0.00257231
0.00239873
0.00192521
0.00128034
0.0008837
0.000569745
0.00054424
0.000868704
0.000320792
0.000140433
0.000143578
0.000158277
0.000117379
0.00011657
0.000130608
0.00010983
0.000153073
0.000182665
0.000196491
0.000175609
0.000238262
0.000179347
0.000305711
0.000171908
0.000217764
0.000289243
0.000276632
0.00041983
0.00036305
0.000510523
0.00036078
0.00365411
0.00322667
0.0030441
0.00285176
0.00269824
0.00267249
0.00240705
0.0023305
0.00225439
0.00197577
0.00190427
0.00201677
0.00201652
0.00171652
0.00171307
0.00190058
0.00195725
0.00154737
0.00161393
0.00153324
0.00161117
0.00150467
0.00144281
0.00143255
0.00144919
0.00143382
0.00164534
0.00158981
0.00165584
0.00153341
0.00149162
0.00160234
0.00148289
0.00144912
0.00153114
0.00159797
0.00156376
0.00168825
0.00165671
0.00162447
0.00176439
0.00177399
0.00174225
0.00189922
0.00186772
0.00197004
0.00206277
0.00206021
0.00202719
0.00216142
0.00232019
0.00247888
0.0026629
0.00253218
0.00249009
0.00252255
0.00244963
0.00248117
0.00252275
0.0024746
0.0025361
0.00250219
0.00252953
0.00253875
0.00258923
0.00255623
0.00261046
0.00250622
0.00265178
0.00270294
0.00288707
0.00303486
0.00265286
0.00265863
0.00286983
0.00292734
0.00241138
0.00174329
0.000667366
0.00163435
0.00109674
0.000263183
0.000352499
0.000335106
0.000506985
0.00120333
0.0017964
0.00113202
0.00142841
0.00176543
0.00243122
0.00227835
0.00206665
0.00277977
0.00321497
0.00407467
0.00254087
0.00222912
0.0030677
0.00216449
0.0029052
0.00318785
0.00316502
0.00286856
0.00309956
0.00366647
0.00320533
0.00278695
0.00244707
0.00263168
0.00226249
0.00204529
0.00207191
0.00233921
0.0017013
0.0018844
0.0016451
0.00136664
0.00155091
0.00194173
0.00121456
0.00208508
0.00177666
0.00146933
0.00183292
0.0028121
0.00246911
0.00222993
0.00152568
0.00186801
0.00219103
0.00218431
0.00141304
0.0013259
0.00191421
0.00315444
0.00345629
0.00698456
0.00659395
0.00688653
0.00168054
0.00164755
0.00190612
0.00100958
0.00791051
0.0064002
0.00524306
0.00447766
0.00131343
0.000221252
0.00026986
0.000201828
0.000715017
0.000709997
0.000648189
0.000759902
0.000771541
0.000580831
0.000586928
0.000142702
4.85681e-05
3.08441e-05
0.000302105
0.000233902
0.000340144
0.000267454
0.000244153
0.000195422
0.00010164
7.78155e-05
6.56056e-05
4.59885e-05
1.92854e-05
4.20387e-05
5.28168e-05
6.63395e-05
5.95737e-05
0.000117217
0.000123158
1.80583e-05
2.02754e-05
5.33102e-05
6.26243e-05
2.05138e-05
2.45845e-05
2.32212e-05
3.62659e-05
4.38166e-05
4.2703e-05
0.000108028
0.000112748
0.000102933
0.000109167
5.83204e-05
6.59415e-05
0.000100872
0.000104519
6.25204e-05
5.14251e-05
3.68365e-05
3.83852e-05
4.52428e-05
2.89851e-05
5.09021e-05
3.70962e-05
6.59845e-05
4.76042e-05
4.23271e-05
3.20822e-05
2.75483e-05
1.5404e-05
1.48081e-05
1.49861e-05
1.49943e-05
1.46904e-05
1.31705e-05
1.3389e-05
1.43253e-05
1.41882e-05
1.46234e-05
1.82082e-05
1.76313e-05
1.6737e-05
1.21146e-05
1.33095e-05
1.39468e-05
1.52289e-05
2.53941e-05
2.01709e-05
4.55594e-05
8.0593e-05
8.53112e-05
6.86899e-05
7.77794e-05
0.000228875
0.000233761
0.000107952
0.000196786
0.000147448
0.000246519
0.000112168
0.000152081
0.000141468
0.000148976
0.000157402
0.000206977
0.000199494
0.000267031
0.000248759
0.000211482
0.00032951
0.000332149
0.000429822
0.000388752
0.00028231
0.000341758
0.000302359
0.000290629
0.000592286
0.000531922
0.000304662
0.000402332
0.000344721
0.00049782
0.000590804
0.000470141
0.000574051
0.000592153
0.000749839
0.000639852
0.000616977
0.000724461
0.00059924
0.000500812
0.00097343
0.000810185
0.000484332
0.000982751
0.000802077
0.000377305
0.000505743
0.000451377
0.0168567
0.0120751
0.0078021
0.00458481
0.00239828
0.0012398
0.000683219
0.000323133
0.000162637
8.64148e-05
3.83587e-05
3.24739e-05
3.34692e-05
5.25394e-05
4.04722e-05
3.31186e-05
3.38189e-05
3.36015e-05
3.46466e-05
3.47356e-05
3.30675e-05
3.79614e-05
3.64876e-05
4.1804e-05
3.88836e-05
3.81398e-05
9.13219e-05
8.33689e-05
9.95129e-05
6.8629e-05
5.58633e-05
5.1601e-05
4.0734e-05
4.10763e-05
3.93948e-05
3.74373e-05
3.83066e-05
3.76384e-05
4.34546e-05
4.15824e-05
4.21731e-05
4.18323e-05
4.28203e-05
4.06348e-05
4.13975e-05
4.08259e-05
0.00650171
0.00613554
0.00542371
0.00463228
0.00457097
0.00399475
0.00352826
0.00342606
0.00303739
0.00283252
0.00265369
0.00254859
0.00232854
0.00201989
0.00176282
0.00155758
0.00135382
0.00117641
0.00106644
0.000870672
0.000760362
0.00069381
0.000476491
0.000406848
0.000418854
0.000212551
0.000244221
0.000175607
0.000171226
0.000102062
0.000106299
0.000103507
0.000191724
0.000178619
0.000360816
0.000408441
0.00020538
0.000178103
0.000837635
0.000818178
0.000982455
0.00299887
0.00271148
0.00322393
0.00375113
0.00397565
0.00398157
0.00383536
0.00390373
0.00383565
0.00317507
0.00301577
0.00250947
0.00216425
0.00151967
0.00089113
0.000798398
0.000589888
0.00058655
0.000293202
0.000158325
0.000150093
0.000420105
0.000176545
1.59157e-06
2.17788e-05
3.20657e-06
7.74687e-05
0.000244185
0.000492783
0.00027799
0.000526206
0.000653959
0.000684346
0.000665556
0.000774218
0.000618908
0.000756837
0.000741285
0.000792605
0.000880161
0.00117664
0.000875651
0.00129273
0.00137585
0.00148662
0.00130001
0.00126193
0.00151462
0.00145465
0.00166807
0.00167083
0.00195938
0.00249238
0.0024694
0.00276276
0.00246554
0.00280916
0.00248526
0.00238239
0.00308712
0.00352929
0.00381832
0.00286557
0.00299865
0.00357313
0.00366877
0.00414468
0.00425584
0.00484954
0.00430846
0.00470756
0.00315184
0.00318626
0.00324776
0.00456843
0.00386601
0.00361119
0.00326841
0.00379013
0.00351133
0.00238725
0.00221627
0.00258315
0.00237642
0.00256854
0.00235392
0.0026743
0.00337442
0.00348033
0.00319276
0.00316626
0.00328186
0.00290671
0.00325381
0.00377454
0.00328639
0.00354187
0.00432926
0.00399594
0.00413821
0.00377117
0.00412622
0.00333271
0.00320709
0.00295259
0.00287931
0.00268702
0.00283711
0.00262258
0.00255957
0.00228914
0.00227484
0.00250003
0.00236875
0.00236178
0.00225236
0.00216074
0.00215245
0.00199596
0.00206058
0.00206246
0.00200061
0.00199073
0.00198947
0.00197016
0.00187407
0.00183253
0.00183164
0.00184056
0.00182294
0.00187858
0.00183371
0.00183077
0.0018853
0.00183829
0.00183124
0.00166375
0.0016612
0.00168732
0.00190092
0.00185051
0.00184068
0.00176924
0.00175307
0.00167105
0.00171044
0.00172763
0.00175224
0.00162217
0.0015969
0.00160018
0.00172621
0.00175277
0.0017591
0.00183553
0.00183198
0.00170194
0.00169921
0.00168994
0.00167362
0.00165743
0.00163924
0.000732043
0.000539341
0.000830923
0.000674458
0.000474645
0.000333473
0.000429077
0.000334078
0.000272129
0.000487626
0.000538859
0.000217453
0.000210987
0.000255092
0.000308949
0.000296944
0.000528227
0.000487773
0.000813216
0.00105461
0.00113277
0.000898068
0.00163239
0.00177212
0.00141679
0.00152779
0.00149204
0.00185855
0.00172313
0.00230671
0.00208949
0.00224047
0.00194661
0.00176693
0.00183041
0.00287536
0.00272008
0.00227445
0.00237944
0.00240339
0.00207498
0.00179755
0.00169332
0.00169259
0.00143584
0.00128125
0.00156644
0.00128664
0.000905329
0.000508751
0.00174948
0.000780658
0.000712722
0.000965772
0.000801784
0.000823966
0.000298465
0.000266759
0.000234644
0.000509814
0.000438766
0.000438727
0.000603684
0.00037378
0.000332399
0.00031909
0.000107862
0.000166498
0.000220357
0.000263689
0.000465141
0.000377874
0.000154312
0.000212694
5.38626e-05
6.01857e-05
7.32143e-05
7.20579e-05
0.000210842
0.00270948
0.00228623
0.000510153
0.000795396
0.00050631
0.000381788
0.0002141
8.64325e-05
7.61815e-05
8.2158e-05
0.000183329
0.000104386
9.07758e-05
0.000112527
6.96322e-05
6.76251e-05
6.80865e-05
7.50969e-05
7.87371e-05
0.000142058
0.000172956
6.37842e-05
0.00229966
0.0016876
3.84447e-05
3.84432e-05
3.84429e-05
3.8414e-05
3.84e-05
3.83996e-05
3.83982e-05
3.84099e-05
3.89688e-05
3.87235e-05
3.92457e-05
3.92188e-05
3.94043e-05
0.000218469
0.000238086
0.00121453
0.00116107
0.00103207
0.00016058
0.000135757
0.000402263
0.000297528
0.000262611
0.000100464
8.15848e-05
7.782e-05
7.77338e-05
1.23158e-05
1.12076e-05
8.89457e-05
9.34532e-05
8.64003e-05
6.43102e-05
6.97251e-05
5.74379e-05
5.91127e-05
6.31533e-05
5.30551e-05
9.66977e-05
0.000101925
0.000170823
0.000167902
0.000205057
0.000197107
0.000141006
0.000134272
0.000278328
0.000203266
0.00019222
0.000196153
0.000188335
0.000164679
0.000119196
0.00015826
0.000149924
0.000131683
0.000120062
0.000112936
0.000180807
0.00016823
0.000147341
8.07765e-05
0.000850601
0.000653957
0.000663154
0.000535493
0.000386516
0.000299608
0.000227322
0.00020447
0.000171972
0.000127993
0.000158527
0.000115081
0.000105793
9.24802e-05
6.6982e-05
5.5204e-05
4.01651e-05
4.71572e-05
3.1127e-05
2.71834e-05
3.546e-05
2.26488e-05
2.28621e-05
4.07175e-06
4.01797e-06
4.02576e-06
4.60381e-06
6.89809e-06
5.92891e-06
6.09464e-06
4.10512e-06
4.65889e-06
4.16759e-06
3.97789e-05
4.65581e-05
3.78775e-05
2.06581e-05
1.5144e-05
2.28521e-05
1.99253e-05
1.65385e-05
8.4591e-06
0.00207004
0.00136334
0.00106854
0.00081978
0.000685695
0.000438556
0.000327264
0.000132033
9.13522e-05
0.000104582
0.00018497
0.0001361
0.000250673
0.000181012
0.000149799
2.74931e-05
1.72535e-05
1.58605e-05
7.98426e-05
0.000108739
7.57577e-05
1.23402e-05
7.30572e-06
6.88172e-06
1.24835e-05
1.73175e-05
2.04509e-05
3.24055e-05
3.63374e-05
4.25705e-05
4.30865e-05
8.34881e-06
5.80944e-06
6.18705e-06
4.67745e-06
4.79443e-06
4.8292e-06
1.0545e-05
6.61482e-06
7.12446e-06
4.97129e-06
4.81557e-06
5.31305e-06
5.12519e-06
1.0924e-05
0.000124703
0.000104887
1.02945e-05
7.79005e-06
0.000407138
0.00030538
0.000692259
0.000775071
0.000634315
0.000458099
0.000289448
0.000197227
0.000156654
0.000170834
0.000117915
5.4711e-05
3.50089e-05
3.21259e-05
2.74416e-05
1.90712e-05
2.99303e-05
2.18511e-05
7.80584e-06
6.56717e-06
6.96991e-06
7.31631e-06
7.01235e-06
6.97554e-06
7.3048e-06
7.03273e-06
7.23655e-06
1.19975e-05
9.22357e-06
9.97659e-06
1.7667e-05
1.47569e-05
8.04354e-06
8.28346e-06
1.27103e-05
1.26627e-05
9.05207e-06
9.87555e-06
1.14316e-05
1.18172e-05
1.68117e-05
1.08254e-05
0.000255499
0.000220258
0.000384603
0.00135565
0.000887979
0.000741228
0.000642861
0.000322072
0.000205843
8.73798e-05
8.4064e-05
9.48903e-05
0.000115901
0.000121563
0.000129096
0.001263
0.00129986
0.0042463
0.00417395
0.00399886
0.00506565
0.00619055
0.0073251
0.00714548
0.00660529
0.00731563
0.00697485
0.00628433
0.00667981
0.00647913
0.0060186
0.00507762
0.00516615
0.0046095
0.0037392
0.00298476
0.00260467
0.00169404
0.00170371
0.00121305
0.00171753
0.00040257
0.000709385
0.000512422
0.000419321
0.000195364
0.000157932
0.000238641
8.48927e-05
0.000228316
7.70452e-05
5.01879e-05
5.57357e-05
6.27077e-05
3.05484e-05
6.20323e-05
8.8677e-05
4.54582e-05
9.10681e-05
0.000118274
0.000182827
0.000319781
0.00041821
0.000489447
0.000358281
0.000572487
0.00194985
0.00180271
0.00193189
0.00154656
0.00151336
0.00140544
0.00141101
0.00144316
0.00134321
0.00134897
0.0015
0.0014923
0.00126244
0.00129552
0.00124377
0.00118837
0.00123536
0.0011869
0.00130956
0.00135934
0.00132184
0.00141466
0.00120286
0.00117094
0.00126308
0.00139684
0.00153479
0.00142668
0.00149586
0.00159409
0.00156086
0.0018708
0.00200877
0.00180464
0.0017743
0.0019202
0.00189173
0.00195463
0.00189524
0.00195255
0.00209443
0.00206169
0.00216654
0.00217328
0.00224971
0.00214051
0.00211318
0.00215268
0.00226675
0.00247557
0.00242485
0.00241196
0.00224649
0.00223572
0.0022145
0.00236007
0.00232789
0.00225639
0.00222009
0.00219707
0.00205532
0.00207005
0.00204454
0.00216828
0.00210735
0.00212435
0.00205311
0.00202983
0.00206776
0.00209198
0.00206357
0.00211395
0.00206553
0.00211018
0.00219259
0.00224469
0.00213663
0.00218079
0.00224039
0.00236611
0.00226109
0.00236018
0.00229766
0.00146747
0.00172491
0.000891302
0.00131571
0.000754796
0.000354446
0.00029794
0.000556083
0.000232304
0.000723108
0.000491544
0.000659229
0.00149478
0.00138101
0.00178098
0.000981942
0.000903456
0.00143369
0.0027816
0.00249603
0.0030392
0.00206714
0.00360376
0.00337996
0.00292795
0.00346072
0.00288189
0.00348894
0.0027565
0.00220406
0.00213368
0.00188796
0.00205716
0.00223961
0.00168121
0.00168523
0.00112348
0.000862435
0.000762467
0.000996919
0.0011412
0.000954479
0.000737368
0.00061151
0.000726423
0.000696421
0.000759463
0.00169678
0.0013462
0.000546383
0.000581056
0.000629555
0.000628879
0.000543575
0.000666016
0.00145446
0.00124028
0.00128821
0.00148747
0.00139101
0.000999505
0.00101231
0.00151984
0.00136697
0.000883217
0.0038052
0.00346468
0.00423407
0.00768524
0.00852265
0.00271308
0.00270047
0.00368602
0.0034645
0.000690221
0.000172027
0.000187172
0.00838473
0.0183914
0.00215424
3.32355e-06
4.67939e-05
5.72365e-05
5.25117e-05
0.000539615
0.000250037
0.000420661
0.000404726
0.000211717
0.000231032
4.34535e-06
2.34072e-06
2.33887e-06
0.000294566
0.000216761
0.0002019
0.0010009
0.000828594
0.000743168
0.00106414
0.000929762
0.000853709
0.0010308
0.000903253
0.000845507
0.000604736
0.000511221
0.00037701
0.000329185
0.000229943
0.000211353
0.00014908
0.000136322
4.82881e-05
3.58446e-05
3.47466e-05
4.51418e-05
3.69006e-05
3.64426e-05
2.50755e-05
2.17629e-05
2.2884e-05
2.20937e-05
2.73749e-05
2.77894e-05
5.14524e-05
5.87497e-05
3.13871e-05
2.89116e-05
5.93721e-05
5.04285e-05
0.000114391
0.000110615
9.4124e-05
6.31478e-05
5.22732e-05
4.44507e-05
4.80427e-05
3.94028e-05
3.7242e-05
1.5442e-05
1.42124e-05
1.40543e-05
1.9405e-05
1.97122e-05
1.85651e-05
2.06405e-05
2.61931e-05
1.41904e-05
1.50091e-05
2.66232e-05
1.71226e-05
1.5462e-05
1.3237e-05
1.41409e-05
1.45546e-05
1.53647e-05
1.54286e-05
1.38084e-05
1.57001e-05
1.52743e-05
1.58423e-05
1.94712e-05
1.36334e-05
1.24228e-05
1.2017e-05
1.1916e-05
1.77153e-05
2.43969e-05
2.40184e-05
1.45363e-05
1.77631e-05
1.81716e-05
1.28168e-05
1.17028e-05
1.16952e-05
1.9628e-05
1.53787e-05
1.24722e-05
1.30622e-05
1.28603e-05
1.42288e-05
1.42279e-05
1.5372e-05
2.04908e-05
1.85118e-05
1.6058e-05
1.43772e-05
1.94748e-05
2.37509e-05
2.45179e-05
3.00088e-05
6.7866e-05
7.9238e-05
7.1917e-05
3.9712e-05
4.42388e-05
4.91642e-05
3.74887e-05
4.35292e-05
3.16942e-05
3.88295e-05
3.68196e-05
3.49914e-05
4.02411e-05
3.82325e-05
4.36145e-05
3.99994e-05
4.67074e-05
3.1731e-05
3.84949e-05
3.55933e-05
4.72919e-05
5.24212e-05
2.82948e-05
3.38869e-05
3.12026e-05
4.54072e-05
5.1558e-05
6.16868e-05
6.48334e-05
5.00339e-05
5.69382e-05
5.35608e-05
8.78565e-05
8.92078e-05
5.78981e-05
5.85766e-05
4.67409e-05
5.16479e-05
4.75585e-05
3.69549e-05
3.92682e-05
4.17716e-05
5.09886e-05
5.36524e-05
3.39477e-05
3.63104e-05
3.23531e-05
4.28104e-05
4.34698e-05
4.2932e-05
4.05832e-05
3.89991e-05
3.25443e-05
3.11981e-05
2.56969e-05
2.51715e-05
3.1503e-05
3.05877e-05
2.79544e-05
2.37747e-05
2.21081e-05
2.56779e-05
4.04625e-05
2.50382e-05
0.00908041
0.00777458
0.00729906
0.00587399
0.00551757
0.00622921
0.00507436
0.00424907
7.76468e-05
0.000189956
0.000173384
0.000307128
0.000251624
0.000220062
0.000337589
0.000292569
0.000292625
0.000363797
0.000291662
0.00030067
0.000231359
0.000244357
0.000199439
0.000227276
0.000170391
0.00016898
0.000106372
7.31709e-05
6.97346e-05
7.15053e-05
9.84842e-05
0.000104491
0.000265152
0.000200359
0.000289372
0.000471376
0.000599363
0.000655663
0.000816422
0.000449029
0.000585857
0.000632408
0.000612894
0.0004457
0.00224255
0.00287108
0.0026972
0.00365925
0.00399503
0.00368244
0.00300409
0.00285791
0.00312505
0.00260081
0.00247548
0.00196829
0.00168002
0.00192718
0.00159765
0.00075595
0.000795939
0.000578574
0.000335036
0.000199651
0.000261141
3.87663e-05
1.59178e-05
8.50717e-05
7.42291e-05
7.70389e-05
0.000108414
0.000228815
0.000250783
0.000375417
0.00018034
0.00057599
0.000539464
0.000416809
0.000540529
0.000328472
0.000751761
0.00106232
0.00119152
0.00126764
0.00100619
0.00136583
0.00153385
0.00137614
0.00165087
0.00134489
0.00161177
0.00199454
0.00224365
0.0020901
0.0023822
0.00204923
0.00192462
0.00241879
0.00307082
0.00289845
0.00313485
0.0032523
0.00344486
0.00258702
0.00288453
0.00340583
0.00368055
0.00362794
0.00451685
0.00407838
0.00459576
0.00405706
0.00428796
0.00499139
0.00496915
0.00566803
0.00610641
0.0049794
0.00571459
0.00595748
0.00695263
0.00562782
0.00749987
0.00644459
0.00783908
0.00767722
0.00613482
0.00603192
0.00697324
0.00609703
0.00651861
0.00582676
0.0094453
0.00796031
0.00776562
0.00708021
0.00592647
0.00602216
0.00886099
0.00714579
0.0073661
0.00517635
0.00833792
0.00877848
0.00720234
0.00688713
0.00762843
0.0063122
0.0047782
0.00938531
0.00753103
0.00805809
0.00664266
0.00206079
0.00199189
0.00170377
0.00228768
0.00631519
0.00167374
0.00184961
0.001827
0.0018434
0.00181716
0.00151547
0.00151583
0.0015684
0.00153233
0.00152298
0.00147528
0.0018827
0.0020645
0.0019806
0.00148725
0.00147802
0.00136187
0.00162398
0.00179274
0.00172639
0.00173163
0.00157222
0.00159681
0.00159076
0.00163095
0.00158153
0.00156645
0.00142878
0.00139886
0.00141502
0.00157657
0.00155724
0.00143655
0.00143611
0.00168576
0.00167632
0.00139201
0.00139946
0.00145334
0.00146627
0.00143653
0.00141806
0.00137441
0.00138333
0.00143214
0.00139598
0.00117316
0.00135866
0.00133054
0.00128415
0.000893323
0.000875666
0.000744716
0.00091315
0.00090569
0.000542316
0.000324006
0.000323143
0.000234785
0.000132261
9.8122e-05
0.00019806
0.00019638
0.000124634
9.69867e-05
9.57141e-05
9.53357e-05
0.000454271
0.000549651
0.000549654
0.000525686
0.000520159
0.000197391
0.000330318
0.0006313
0.000575888
0.00126366
0.00149088
0.00153427
0.00165741
0.00269786
0.00259534
0.00272812
0.00391589
0.00415558
0.00238596
0.0024353
0.0022694
0.00213005
0.0023814
0.00379466
0.00339832
0.00361099
0.00507312
0.005141
0.00514429
0.00474998
0.00465279
0.00443581
0.00386238
0.00369803
0.00438254
0.00418672
0.00317955
0.00280056
0.00229152
0.00205922
0.00201666
0.00277413
0.00125846
0.0029748
0.00293272
0.00280338
0.00255496
0.00190852
0.00201676
0.00158094
0.00148544
0.000743679
0.000688209
0.00275935
0.00242917
0.00219795
0.00251575
0.00247327
0.00206472
0.00183718
0.00170586
0.000815427
0.000729211
0.000686717
0.00101779
0.000955903
0.00095362
0.00077931
0.000819217
0.00064544
0.000551464
0.000504807
0.000290584
0.000233261
0.000455711
0.000375355
0.000405746
0.000133984
0.000109868
0.000166616
0.000141078
2.86582e-05
2.52804e-05
5.21226e-05
7.24435e-05
5.74349e-05
2.44115e-05
2.70645e-05
0.00012844
0.000117308
0.000186575
0.000254088
0.000180782
8.75487e-05
0.000139938
0.000103391
5.19803e-05
4.85411e-05
7.63203e-05
0.000129872
0.00190892
0.00197414
0.00222779
5.43185e-05
5.41639e-05
5.53946e-05
5.53998e-05
5.60276e-05
5.77761e-05
5.77828e-05
5.78718e-05
5.51005e-05
5.5634e-05
4.23461e-05
4.22992e-05
5.2492e-05
4.16041e-05
4.13224e-05
4.12505e-05
