0.0032604
0.00289218
0.00250352
0.00215162
0.0018131
0.00153262
0.00130158
0.00113949
0.00011791
0.00016787
0.000211025
0.000172621
0.000215664
0.000197797
0.000189278
0.000178734
0.000160375
0.000147608
0.000137988
0.000140237
0.000195355
0.000320237
0.00052004
0.000795196
0.00117524
0.00152005
0.00209701
0.00317235
0.00398795
0.00248197
0.00203435
0.000874202
0.00058012
0.000181975
8.22978e-05
4.65798e-05
2.18821e-05
6.66137e-05
5.2596e-05
0.000137972
0.000321731
0.000486314
0.000412759
0.000418677
0.000686126
0.00080775
0.00075789
0.000783289
0.000989334
0.00171633
0.00202764
0.0024741
0.00251818
0.00198699
0.00254052
0.00245493
0.0031051
0.00218317
0.00288817
0.00343474
0.00285204
0.0032492
0.00381811
0.00367374
0.00287687
0.00469829
0.00389909
0.00289918
0.00685416
0.00618458
0.00613208
0.00402859
0.00487634
0.00539014
0.00614443
0.00753519
0.00795398
0.0102893
0.0119988
0.00784962
0.00678494
0.0137629
0.0172014
0.00119222
0.00120452
0.00122659
0.00122294
0.00123438
0.0012683
0.00117935
0.00122587
0.00123374
0.00125978
0.00125912
0.00123876
0.00135503
0.00120991
0.00124348
0.00126423
0.00095624
0.0012804
0.000337138
0.000335839
0.000948073
0.000272688
0.000386174
0.000298463
0.000642144
0.000428073
0.000298808
0.00109998
0.000292705
0.00110603
0.00158888
0.00267951
0.00215241
0.00285611
0.00316944
0.00522419
0.00381969
0.004058
0.00799018
0.00402927
0.00608228
0.00432901
0.00618392
0.00649943
0.00495669
0.00662549
0.00592439
0.00623171
0.00575555
0.00654128
0.00603811
0.00473895
0.00537368
0.00508441
0.0048289
0.00476921
0.00611725
0.00472676
0.0041577
0.00385455
0.00283985
0.00132399
0.00122607
0.000166401
1.52182e-05
1.19103e-05
5.76705e-06
0.000333505
0.000743685
0.000504067
0.000972199
0.00135087
0.00117328
0.00331988
0.000688438
0.0015351
0.000185589
0.000814793
7.07058e-05
7.33316e-05
7.94145e-05
8.23812e-05
0.000141097
0.00024153
0.000734157
0.00216813
0.00383735
0.00409307
0.000816897
0.00478278
0.00901987
0.00643648
0.00300716
0.00279066
0.0060181
0.00651539
0.00651917
0.00515606
0.00351941
0.00264053
0.000703875
0.000421875
0.00097312
0.00239626
0.00659933
0.00970916
0.0135724
0.00876475
0.00810269
0.00710864
0.00104273
0.000820912
0.000543216
0.000367475
0.000260486
0.000294326
0.000396596
0.000499149
0.00016887
6.92156e-06
5.1926e-06
2.13192e-06
3.38093e-06
9.83133e-06
1.08473e-05
1.18946e-05
2.92569e-05
3.40598e-06
6.29148e-06
7.49223e-06
4.00958e-06
1.85382e-06
2.20531e-06
1.80396e-06
6.15288e-06
2.80867e-06
1.66665e-05
2.21295e-05
4.27231e-06
2.35583e-06
1.09887e-05
3.13596e-06
3.53352e-06
0.000172362
0.00027766
0.00361114
0.00242938
0.00165067
0.00122338
0.000811557
0.000535788
0.000316839
0.00021988
0.000122031
0.000107699
4.66035e-05
0.00188773
0.00191819
0.00190002
0.00173007
0.00152628
0.00154621
0.00134482
0.00121307
0.00103731
0.000780461
0.000551107
0.000280806
8.00773e-05
2.53333e-05
9.58559e-05
0.000485176
0.000750447
0.00094688
0.00270249
0.00541327
0.00736424
0.0073556
0.00755238
0.00620917
0.00506509
0.00376406
0.00229319
0.00182248
0.0014101
0.000449394
0.000444693
0.00035074
0.000161239
0.000162819
0.000123435
7.42801e-05
5.31241e-05
7.12802e-05
0.000111396
5.72693e-05
0.000106629
0.000120878
0.000204189
0.000446724
0.000409255
0.000473766
0.000692054
0.00109099
0.00128094
0.00154978
0.00234479
0.00227944
0.00301261
0.00313247
0.00560375
0.00561474
0.00649057
0.00615174
0.010736
0.00974686
0.0127858
0.0150705
0.00861259
0.00955146
0.0123664
0.0120238
0.0149834
0.0232326
0.0227814
0.0167591
0.0187734
0.015376
0.0146281
0.0126583
0.00140975
0.00141761
0.012468
0.00170439
0.00134962
0.00112216
0.00114661
0.00114921
0.00124381
0.00130919
0.00176847
0.00126547
0.00166986
0.00154134
0.000921095
9.23446e-05
4.45157e-05
0.000288385
4.63176e-05
0.000348732
0.000830919
0.00100676
0.000652185
0.00105409
0.00168754
0.00161269
0.00236236
0.0029262
0.00300415
0.00281292
0.00284623
0.00244362
0.00422849
0.00420612
0.00405487
0.00459495
0.00411906
0.00407408
0.00457755
0.00431253
0.00458159
0.00306027
0.0047528
0.0028586
0.00288981
0.0044436
0.00274527
0.00412797
0.00318909
0.00427415
0.00276827
0.00291255
0.00295798
0.00258057
0.000908011
0.00155258
0.00121327
0.000895026
0.000753609
0.000210214
2.27337e-05
6.09531e-07
4.94298e-06
8.07427e-06
8.36445e-05
7.62642e-05
4.05654e-05
0.000802373
1.75527e-05
0.000159476
0.000154552
0.0011191
6.25986e-05
6.38538e-05
6.57877e-05
6.57662e-05
6.61384e-05
6.88501e-05
3.64818e-05
4.22064e-05
9.77095e-05
0.000655877
0.00161853
0.000119259
0.00259382
0.000299365
0.000216175
0.000180517
0.0024625
0.00203752
0.00136545
0.000939556
0.000516077
0.00023017
0.000179573
4.3452e-05
4.9206e-05
1.74454e-05
2.64548e-06
8.84158e-06
2.74125e-05
2.00428e-06
2.46971e-06
5.66001e-06
3.74455e-06
5.84127e-06
3.3843e-05
8.59592e-06
2.10247e-05
4.64542e-06
9.35057e-06
3.67559e-05
4.64266e-05
1.66291e-05
4.49918e-05
0.000107545
7.04045e-05
0.00146318
0.000855579
0.00228127
0.00154078
0.00115872
0.000865929
0.000443022
0.000798644
0.0011636
0.00127565
0.000620713
0.000392147
0.000418624
0.000110708
0.000259369
0.000111597
3.52774e-05
5.1524e-05
3.16481e-05
9.21132e-06
3.04208e-06
3.64031e-06
3.41771e-06
8.94322e-06
5.73965e-06
4.76063e-06
3.73835e-06
5.36801e-06
9.1383e-06
5.6455e-06
8.15652e-06
7.26143e-06
4.35533e-06
0.00267184
0.0013105
0.000598258
0.000275109
0.000100505
4.43393e-05
3.69782e-05
6.14043e-06
0.00468944
0.00431836
0.00396244
0.00360349
0.00314138
0.00262949
0.00227373
0.00132976
0.00106346
0.000653152
0.00029518
7.78171e-05
4.04178e-05
0.000179161
0.000519239
0.000721832
0.00250292
0.00512565
0.00823242
0.00814617
0.00885587
0.00833789
0.00690487
0.00563043
0.00444854
0.00361188
0.00272515
0.00174638
0.0014302
0.00121358
0.000588307
0.000607198
0.00040209
0.000347313
0.000252495
0.000219538
0.000145753
0.000136016
0.000144036
0.000170286
0.000327431
0.000272846
0.000448918
0.000842136
0.0008374
0.00149879
0.00148197
0.00173453
0.00192167
0.00223623
0.00254724
0.0031552
0.00359405
0.00357638
0.00451379
0.00637846
0.00577182
0.00529037
0.00624059
0.00746444
0.0092861
0.0129984
0.0123095
0.00942662
0.00956552
0.00768072
0.00650017
0.00541753
0.00912313
0.00119149
0.00528883
0.00594126
0.00109054
0.00108242
0.00113145
0.00115807
0.00118348
0.00122003
0.00114533
0.00128299
0.00116505
0.00119389
0.00108952
0.00119038
0.00115663
0.00127677
0.00117714
0.0011566
0.00122191
0.00128097
0.00129232
0.00119129
0.00115861
0.000890618
0.0011654
0.000646509
0.000315911
0.000625573
0.00012792
0.000402006
0.000329036
0.000106442
0.00025739
0.00037767
0.00019184
0.000295858
0.000417052
0.000815863
0.00176942
0.000865813
0.000959834
0.0016128
0.00213217
0.00286538
0.00416864
0.00384003
0.00113547
0.00284822
0.00451132
0.00450411
0.00496268
0.00644222
0.00790341
0.00484169
0.00349599
0.00309277
0.00245213
0.00205599
0.00379914
0.0014387
0.00242726
0.00157127
0.00108948
0.00123557
0.00111144
0.00082615
0.00057317
0.000769795
0.000163718
0.000244358
0.000344605
0.000185019
0.000666513
0.000544242
9.47338e-05
7.72336e-05
0.00257921
3.20585e-05
3.20815e-05
3.20916e-05
3.21054e-05
3.21208e-05
3.21324e-05
3.21449e-05
0.000639263
4.5457e-06
0.000538247
0.00280947
0.00250291
0.00226961
0.0018779
0.00153437
0.00123072
0.000791645
0.000484404
0.000344987
0.00150149
0.00207214
0.00150576
0.00128603
0.000933924
0.000670293
0.000564817
0.000295506
0.000175787
0.000187056
7.67811e-05
3.6632e-05
2.46767e-05
7.0365e-06
4.2835e-06
1.30666e-05
1.10301e-05
1.22611e-05
0.0013282
0.00102427
0.000728035
0.000553664
0.00035885
0.000283213
0.000147428
9.37634e-05
5.10995e-05
3.15199e-05
1.02313e-05
0.00142925
0.000869413
0.000700325
0.000446181
0.000221393
8.21843e-05
4.96963e-05
4.78423e-05
6.11228e-05
1.06429e-05
3.10276e-05
1.03133e-05
1.37321e-05
4.32019e-05
1.03581e-05
4.64326e-06
1.49826e-05
1.29457e-05
0.00209254
0.00126098
0.00065133
0.00113239
0.000523445
0.000305516
0.000172283
0.000154587
6.95895e-05
0.00578881
0.0052092
0.00480297
0.00401386
0.00356565
0.00227545
0.0017031
0.00105077
0.000127174
0.000239298
0.00126428
0.00322923
0.00621266
0.00829057
0.00845107
0.00883073
0.00781306
0.00595314
0.00393204
0.00294882
0.00229245
0.00139395
0.00137001
0.00139476
0.000928814
0.000781374
0.000602687
0.000570606
0.00032649
0.000247553
0.000196933
0.000252822
0.000168492
0.000284875
0.000408762
0.000856444
0.00168761
0.00220405
0.00191225
0.00296397
0.00315322
0.00307084
0.0041745
0.00736311
0.0138482
0.00749382
0.00372435
0.00328206
0.00264354
0.00229487
0.00197409
0.00185992
0.00222923
0.00182968
0.00184318
0.00177134
0.00180165
0.00181142
0.00180822
0.0017421
0.00169813
0.00168546
0.00172895
0.00172954
0.00169465
0.00164703
0.0016329
0.00158467
0.00160231
0.00156712
0.00160592
0.00159241
0.00157439
0.00163332
0.00129809
0.000939147
0.00126205
0.000648297
0.000471465
0.000485072
0.000311316
0.000314797
0.000391637
0.00060114
0.00127513
0.000821801
0.00144532
0.0021034
0.00206411
0.00228647
0.00283501
0.00190174
0.0014138
0.00136182
0.000885555
0.00244432
0.00141201
0.00111861
6.19749e-05
0.000697834
0.000140747
0.000181635
0.00030755
0.000335907
7.49148e-05
0.000237761
8.36668e-05
0.00154298
9.37694e-05
0.000151978
8.81216e-05
0.000398216
0.00030921
0.000133774
9.57951e-05
0.000198613
0.000964433
0.000119896
0.0114133
0.0181167
0.00288326
0.0190849
2.62687e-05
2.63124e-05
2.63042e-05
2.62666e-05
2.60555e-05
2.60528e-05
0.000105067
0.000104859
0.00183294
0.00158678
0.00557162
0.00506603
0.00438563
0.00398302
0.00331518
0.00315778
0.00257964
0.00190775
0.00165611
0.000631261
0.000373041
0.000283082
0.000194284
8.53924e-05
4.73639e-05
7.99793e-06
7.50407e-06
7.11321e-06
7.17325e-06
3.11456e-05
7.0426e-05
3.13542e-05
3.45033e-05
7.45348e-05
6.27246e-05
0.000130253
4.88919e-05
5.07537e-05
7.65716e-06
7.57126e-06
0.000258176
0.000145126
0.000123878
6.85237e-05
1.14694e-05
5.25451e-06
7.02929e-06
7.26945e-06
1.54086e-05
8.41969e-06
1.75234e-05
1.39048e-05
0.00200034
0.00115222
0.000676142
0.000417818
0.000264555
0.00010102
5.25352e-05
3.86695e-05
1.42042e-05
1.65866e-05
1.7746e-05
6.96264e-06
7.42873e-06
7.1257e-06
7.45518e-06
9.5116e-06
1.0227e-05
1.51654e-05
1.28784e-05
9.49196e-06
1.00534e-05
2.64186e-05
2.4243e-05
8.68097e-06
0.00447849
0.00420612
0.00363268
0.00332342
0.00283222
0.00211199
0.00164222
0.00117259
0.000653548
0.000265494
0.000100494
0.000138155
0.000201528
0.000513941
0.00184798
0.00473192
0.00573553
0.0053638
0.00669926
0.0071116
0.00695098
0.00652168
0.00568832
0.00330429
0.00241124
0.00163274
0.00155776
0.000928078
0.000476326
0.000372188
0.000332452
0.000314624
0.000207456
0.000187856
0.00016215
0.000124083
0.000109473
7.51717e-05
6.11539e-05
0.000174353
0.00020334
0.000828552
0.000919884
0.00094955
0.0016059
0.00154602
0.00244215
0.00242421
0.00329135
0.00363006
0.00345499
0.00317729
0.00400871
0.00471518
0.00460528
0.00480287
0.00713447
0.00279102
0.00252162
0.00228007
0.00228865
0.00223084
0.00243154
0.0023293
0.00240471
0.00251828
0.0024995
0.0022126
0.00222892
0.00235853
0.00229488
0.0022596
0.00234903
0.00232693
0.00253201
0.00266453
0.00237634
0.00257478
0.00287216
0.00296536
0.0028369
0.002786
0.00272253
0.00262376
0.00254249
0.00274594
0.00258155
0.0013526
0.000581711
0.000390312
0.000118407
0.000107453
0.000108953
0.000125388
0.00015273
0.000521168
0.000499683
0.000613979
0.000934072
0.000752611
0.00147298
0.0014429
0.0030785
0.00281343
0.00407291
0.00401359
0.00404339
0.00716053
0.00529858
0.00564335
0.00420474
0.0069057
0.00522398
0.00484642
0.0063262
0.00653073
0.0063696
0.00647847
0.00598672
0.00623273
0.00446212
0.00613404
0.0045448
0.00434402
0.00334215
0.00397254
0.0038718
0.00277753
0.0025596
0.00907299
0.00141728
3.21256e-05
3.25719e-05
3.27779e-05
3.33113e-05
3.40394e-05
3.48382e-05
2.9533e-05
0.000308941
0.00188981
0.00025512
5.49955e-05
0.000165268
0.000136772
0.000112305
9.60736e-05
7.13246e-05
2.26163e-05
5.98392e-05
0.000170334
0.000109617
0.0161366
0.0131468
0.0106971
0.00830683
0.00610537
0.00454531
0.0030464
0.00204226
0.00137876
0.000879037
0.000455991
0.000424679
0.000168988
1.69305e-05
1.16869e-05
0.000222393
0.000181705
0.000147053
0.000223342
0.000162539
0.000127491
0.000204473
0.000262102
9.2754e-05
8.81281e-05
0.00011339
7.39822e-05
8.61083e-05
7.73002e-05
5.74797e-05
0.000139481
0.000108835
0.00011614
0.00269656
0.00232229
0.00156805
0.00146353
0.00121559
0.000998586
0.00092338
0.000713219
0.000592758
0.00055343
0.00045483
0.000435604
0.000342946
0.000352642
0.000313813
0.000363393
0.000280243
0.000285093
0.000269416
0.000209334
0.000194891
6.59128e-05
5.27605e-05
5.52559e-05
5.82656e-05
8.13388e-05
7.70671e-05
5.35687e-05
1.14014e-05
5.3022e-05
9.91258e-05
0.00017917
0.000225465
0.000207068
0.000161832
4.46849e-05
0.000134667
0.000364009
0.000942718
0.000999128
0.000845486
0.00223267
0.00435146
0.00403274
0.00396268
0.00325883
0.00248324
0.00121074
0.0013795
0.000973401
0.000626348
3.23813e-05
6.11672e-05
2.71713e-05
5.29158e-05
9.67139e-05
0.00010451
0.000195809
0.000216532
0.000434322
0.000486103
0.000571293
0.000722633
0.00123979
0.00149227
0.00168993
0.00209893
0.00207462
0.00417151
0.00451799
0.00581406
0.00656457
0.00696723
0.00758052
0.0074758
0.0104813
0.0109144
0.012276
0.0121105
0.01477
0.0169149
0.0123958
0.016219
0.0190551
0.0166184
0.0230263
0.0193338
0.0158745
0.0184502
0.00748042
0.00307806
0.00288341
0.0030034
0.00266201
0.00272759
0.00272174
0.00328723
0.00308563
0.00296065
0.00390334
0.00402041
0.00342956
0.00310327
0.00312833
0.00296113
0.00271771
0.00288523
0.00269954
0.00259004
0.00259259
0.00109964
0.000246804
0.000116854
9.81812e-05
3.69484e-05
6.60376e-05
0.000141853
0.000123894
5.78251e-05
5.91273e-05
0.000428238
0.000407809
0.000702634
0.00038793
0.00127381
0.00155321
0.000869068
0.00270086
0.00161589
0.00185918
0.00172231
0.00379278
0.0029585
0.0055032
0.00527016
0.00366374
0.00534232
0.00477429
0.00497866
0.00476895
0.00446106
0.00346485
0.00425384
0.00372647
0.00383081
0.00356622
0.00263525
0.00316741
0.00371218
0.00429855
0.00348738
0.00325922
0.00235208
0.00212441
0.00113488
0.00169599
0.000497728
0.000794358
0.000669938
2.30868e-05
0.000140493
0.000112077
0.000106622
6.50283e-05
0.000712271
0.0015349
5.67913e-05
5.91756e-05
6.08334e-05
6.42538e-05
6.68334e-05
6.92947e-05
3.83669e-05
3.85213e-05
0.00117093
7.86739e-05
0.00167045
0.00466776
0.00409973
0.00403941
0.00356781
0.00268349
0.0018976
0.00166667
0.000972024
0.00060331
0.00047372
0.000218719
0.000161763
7.02438e-05
8.30047e-05
5.73263e-05
6.02807e-06
4.13462e-06
5.22551e-06
5.55053e-06
1.57153e-05
1.88982e-05
2.18733e-05
8.44926e-05
1.13766e-05
1.73812e-05
8.73733e-06
1.93411e-05
2.10083e-05
7.6707e-05
4.77783e-05
5.61056e-05
0.00263911
0.00165502
0.0012353
0.000683492
0.00240323
0.00168079
0.000710685
0.000812772
0.000973297
0.000979967
0.00313891
0.00256546
0.00270789
0.00179704
0.000754258
0.000392034
0.00053447
0.000375437
9.4672e-05
0.000100381
1.14847e-05
4.42454e-06
0.000291102
0.000401828
0.000493429
0.000404408
0.000221513
0.000243784
0.000213216
0.000101748
0.000116373
0.000735162
0.0127934
0.00856022
0.00516441
0.00277228
0.00134382
0.0006967
0.000249751
0.000131379
6.03681e-05
0.00585783
0.00541104
0.0050782
0.00464277
0.00404848
0.00360113
0.00313334
0.00254532
0.00196115
0.00147942
0.000861245
0.000407447
0.000408461
0.000150059
6.74856e-05
0.000192496
0.000510145
0.00044506
0.00194253
0.00252079
0.00470658
0.00666486
0.00709196
0.00547103
0.00406109
0.00333018
0.00204632
0.00168822
0.00114018
0.000610031
0.000424656
0.000265534
0.000229902
0.000162642
0.000158216
0.000138518
0.00013014
0.000189292
0.000185347
0.0002203
0.000184561
0.000495671
0.000623333
0.000699846
0.00104894
0.0011049
0.00105908
0.00158746
0.00203607
0.00222122
0.00226231
0.00301532
0.00277331
0.00387823
0.00555776
0.00592738
0.0054571
0.00484407
0.00571932
0.00825558
0.00759833
0.00586526
0.0096336
0.0108169
0.00736605
0.00800789
0.00898438
0.00635223
0.00693107
0.00669954
0.00784622
0.00227745
0.00212171
0.00200876
0.00187792
0.00180315
0.00195286
0.00191763
0.00167841
0.00170291
0.00165472
0.00177407
0.00151544
0.00162257
0.00143675
0.00155584
0.00145222
0.00159764
0.00145175
0.00144952
0.00143811
0.00136978
0.0014688
0.00142794
0.00144766
0.00138441
0.00141078
0.00132891
0.00134129
0.00142987
0.00132173
0.00142215
0.000622683
0.000813543
0.000517336
0.000191907
0.000151786
0.000149715
0.000195068
0.000149635
0.000220425
0.00043944
0.00031721
0.000385999
0.000652755
0.000651766
0.000627084
0.0022147
0.00264863
0.00248296
0.00313745
0.00280824
0.00346319
0.00359454
0.00299071
0.00394527
0.00204251
0.00503173
0.00389866
0.00353569
0.00324585
0.00263013
0.00268306
0.00163748
0.00214827
0.00150293
0.00162772
0.000805089
0.000740162
0.000798552
0.00052219
0.000899694
0.000363959
0.000610929
9.93082e-05
0.00036834
0.000275186
0.0003346
0.00016659
0.000145175
0.00363847
0.000226528
0.000137367
3.16003e-05
3.17291e-05
3.17356e-05
3.16473e-05
3.16614e-05
3.16626e-05
4.44511e-05
0.00170971
0.000341324
0.000408424
0.00109364
0.00127558
0.00132082
0.00105873
0.000776592
0.000661938
0.000466106
0.000249759
0.000127248
3.69481e-05
2.25235e-05
6.29656e-06
4.35275e-05
0.000589107
0.000441351
7.38715e-05
0.000304413
0.000225628
0.00017163
6.80334e-05
1.24787e-05
1.08837e-05
4.49176e-06
3.88469e-06
2.05581e-05
2.09387e-05
2.7109e-05
8.49324e-05
2.71601e-05
3.40982e-05
9.12546e-05
5.74376e-05
6.73564e-05
0.00124018
0.000761122
0.000708907
0.000530671
0.000394523
0.000372406
0.000199814
0.00014357
0.000115705
5.43223e-05
0.00131115
0.000829977
0.000603162
0.000483247
0.000238417
0.000146954
0.000108713
5.6607e-05
1.66755e-05
1.0489e-05
9.45604e-06
5.63809e-06
5.46697e-06
5.5843e-06
6.33029e-06
5.04414e-06
6.42544e-06
9.34614e-06
4.57828e-06
9.65224e-06
3.50492e-05
5.32956e-06
6.29115e-06
5.06962e-06
1.39068e-05
0.00200577
0.00120054
0.000596107
0.000529581
0.000632298
0.000343697
0.000185694
0.000104736
6.46787e-05
5.56655e-05
0.00538213
0.0047627
0.00432121
0.00368435
0.00289511
0.00230227
0.0015943
0.00102725
0.000794702
0.000830155
0.000343453
7.74296e-05
0.00011538
0.000266054
0.000335337
0.00297771
0.00503409
0.00793584
0.00758392
0.00842785
0.00765407
0.00727829
0.00564795
0.00508874
0.00456884
0.00294745
0.00110246
0.00132629
0.00132062
0.00103817
0.00072658
0.000418054
0.000214006
0.000185547
0.000161057
0.000141968
0.000127756
0.000146556
0.00023065
0.000168556
0.000437348
0.000562045
0.000504971
0.000840416
0.00106796
0.00161726
0.00175772
0.00177542
0.00221674
0.00256409
0.00262212
0.00337373
0.00365552
0.0068942
0.00565399
0.00560516
0.00561584
0.00555686
0.00625633
0.00386529
0.00531294
0.00257001
0.00221752
0.00203758
0.00172625
0.00179061
0.00148857
0.00160658
0.00172979
0.00168035
0.00156913
0.00159605
0.00156322
0.00163889
0.00156412
0.00154778
0.00153746
0.00153067
0.00150539
0.00151118
0.00151104
0.00148192
0.00149235
0.00147834
0.00144881
0.00145609
0.00150012
0.00139374
0.00151682
0.00148453
0.00129143
0.000810723
0.000446737
0.000368948
0.000239093
0.000328739
0.00033067
0.000300672
0.000322111
0.00122648
0.000948668
0.00117513
0.00151236
0.00124007
0.00139648
0.00128915
0.00176384
0.00326578
0.00135527
0.00200163
0.000728738
0.00140584
0.00085944
0.000713507
0.0004878
6.94806e-05
0.000116291
0.000445718
9.94996e-05
0.000416737
0.000547301
0.000140665
0.000680614
0.000389752
0.000167012
0.000383552
0.000126284
8.69648e-05
0.000884884
0.000515182
0.000109707
0.000221187
0.00479892
0.0072125
0.0027885
0.00237336
0.00176509
0.00229731
0.00172094
3.03718e-05
3.03937e-05
3.03938e-05
3.0301e-05
3.00936e-05
3.00898e-05
3.00873e-05
8.59792e-05
0.000596414
0.00227664
0.00530833
0.00583195
0.00505129
0.00398757
0.00430627
0.00299636
0.00259344
0.0020315
0.00133962
0.000872405
0.000480355
0.000339033
0.000122858
0.000186702
0.000124512
1.08881e-05
7.14655e-06
1.7604e-05
5.21711e-05
4.68624e-05
3.58665e-05
9.94954e-05
8.85366e-05
2.93737e-05
4.04601e-05
1.99082e-05
2.38947e-05
3.42115e-05
2.24161e-05
4.01522e-05
4.15489e-05
4.08617e-05
5.33794e-05
2.20626e-05
6.73147e-05
1.25114e-05
0.000177003
0.000187177
0.000118538
0.000101176
4.38145e-05
1.18161e-05
7.27497e-06
6.03025e-06
6.37721e-06
6.91447e-06
7.04663e-06
5.33833e-06
4.78888e-06
0.00194249
0.00116372
0.000734658
0.000475076
0.000223362
0.000152161
7.53465e-05
3.31922e-05
5.38896e-05
2.62781e-05
4.07535e-05
2.10571e-05
6.17698e-06
5.65933e-06
5.93051e-06
8.27683e-06
7.71224e-06
6.35797e-06
7.91763e-06
6.64323e-06
8.03444e-06
6.48796e-06
6.59185e-06
7.12957e-06
8.10998e-06
0.00419483
0.00394536
0.0036657
0.00313782
0.0025704
0.0018434
0.00150111
0.000843392
0.000450729
0.000215317
7.09408e-05
0.00018675
0.000293808
0.000761707
0.00301486
0.00404778
0.00589328
0.00819563
0.00790837
0.00758175
0.0067297
0.00657457
0.00586495
0.00467189
0.00417464
0.00181831
0.00186878
0.00127906
0.000799816
0.00101308
0.000442341
0.000447626
0.000542307
0.000200386
0.000366984
0.000207099
0.000143804
7.66222e-05
7.34636e-05
6.55159e-05
5.49999e-05
5.20443e-05
0.000153429
0.000152674
0.000578311
0.000760849
0.00159683
0.00210679
0.00215768
0.00236715
0.00315008
0.00345734
0.00323739
0.00463087
0.00493216
0.00492962
0.00514955
0.00678531
0.00231537
0.00211275
0.00274987
0.00216209
0.00225902
0.00207771
0.00216015
0.00263589
0.00258796
0.00239197
0.00215995
0.00220228
0.00222777
0.00230372
0.00229224
0.00232185
0.00239454
0.002252
0.00241874
0.00234066
0.00248477
0.0022385
0.00237464
0.00232471
0.00209429
0.00229777
0.0021929
0.00229103
0.00232443
0.00112589
0.00224578
0.00102179
0.000365496
0.000140794
0.000189465
0.000142247
0.000214239
0.000337595
0.000405138
0.00114587
0.00118665
0.00175328
0.00108689
0.0015357
0.00311775
0.00320153
0.0035095
0.0037516
0.00532886
0.00458659
0.00466085
0.00476359
0.00603692
0.00579333
0.00375135
0.00539748
0.00460943
0.00326412
0.00426643
0.00357787
0.00195286
0.00388918
0.00247294
0.00224367
0.00246251
0.00234036
0.00166638
0.00214876
0.00272518
0.00250919
0.00333612
0.00269263
0.00766366
0.00408553
0.00439926
0.0037525
3.77061e-05
3.87503e-05
3.90959e-05
3.9339e-05
4.03566e-05
4.01362e-05
3.31007e-05
5.56284e-05
5.59677e-05
0.00120959
0.00156762
0.00106244
0.0126785
0.014694
0.0126968
0.0110748
0.00975865
0.0088004
0.0075692
0.00602975
0.00443033
0.00350499
0.00208372
0.00146893
0.000955222
0.000646616
0.000314708
0.000219835
0.000119515
6.65572e-05
4.28168e-05
3.12486e-05
8.45918e-05
4.18348e-05
4.92653e-05
7.29327e-05
6.04646e-05
5.46174e-05
9.55101e-05
2.37756e-05
2.35834e-05
3.85012e-05
3.96205e-05
3.59043e-05
4.24799e-05
3.60341e-05
7.80756e-05
8.23003e-05
4.80007e-05
9.97591e-05
0.000817855
0.00111161
0.000949848
0.000893247
0.000730667
0.000638414
0.000395409
0.000358388
0.000483772
0.000368455
0.000361127
0.000390079
0.000368409
0.00028582
0.000343383
0.000330609
0.000275746
0.000300368
0.000278762
0.000252374
0.000221859
0.000281595
0.000238764
0.000207171
0.000202801
0.000180096
0.000240374
0.000187753
0.000176032
0.000171489
0.000205757
0.0001771
0.000171984
0.000128489
9.94565e-05
0.000186096
0.000264058
0.000245791
0.000196145
0.000125347
6.60175e-05
5.15936e-05
5.94644e-05
0.000193337
0.00101708
0.000695142
0.00135256
0.00298618
0.00338333
0.00398129
0.00381328
0.00290953
0.00178966
0.00111709
0.000370773
0.000499224
0.000267511
0.000106596
7.41903e-05
1.45228e-05
1.32694e-05
2.77802e-05
8.09722e-05
8.37051e-05
0.000137959
0.000290235
0.000323513
0.000566263
0.000769926
0.00104862
0.00113509
0.00111092
0.00144526
0.00327158
0.00447361
0.0044513
0.00611977
0.00636149
0.00733648
0.00635176
0.00683542
0.00879706
0.0115493
0.00986444
0.0150787
0.015437
0.0118122
0.0148963
0.0157155
0.0176492
0.0159617
0.0230042
0.0241968
0.0125781
0.0120776
0.00454741
0.00427957
0.00535118
0.00525775
0.00446672
0.00359571
0.00330169
0.00355909
0.00300182
0.00285216
0.00288635
0.0026954
0.00232582
0.00249753
0.00235519
0.00252397
0.00237905
0.00232868
0.00229329
0.00219571
0.00194401
0.00200632
0.00116855
0.00190471
0.000747185
0.000553472
0.000214939
0.000204997
0.000199988
0.000398498
7.80543e-05
0.0006265
0.000120367
0.000673008
0.00102886
0.000543247
0.000551704
0.000845243
0.00150976
0.0021006
0.00233003
0.00224199
0.00208918
0.0028087
0.00279392
0.00416804
0.00356293
0.00471904
0.00353747
0.00324992
0.0035455
0.00353119
0.00566157
0.00313858
0.00606873
0.00593762
0.00338448
0.00347578
0.00323869
0.00275821
0.00249125
0.00191885
0.00205684
0.000606163
0.00274347
0.000469774
0.00174314
0.000607534
0.000640266
0.00175664
0.00186289
0.000297958
0.000334631
0.00169284
0.000158066
0.000285645
0.00210943
0.00097069
7.20866e-06
3.5144e-05
3.79285e-05
3.82491e-05
3.44116e-05
3.83925e-05
3.50168e-05
3.98403e-05
4.06883e-05
3.97668e-05
0.0012839
0.00129794
0.00234795
1.17579e-05
0.00420064
0.00349248
0.00301954
0.00272497
0.00264517
0.00251131
0.00202503
0.00184118
0.00125854
0.000917643
0.000552812
0.000460597
0.000203268
0.000112838
7.96968e-05
0.000122296
4.28258e-05
4.90051e-05
7.2744e-06
6.74568e-06
3.94771e-05
6.11678e-05
1.52542e-05
3.39362e-05
0.000139048
7.91529e-05
8.63627e-05
2.46075e-05
9.09514e-05
9.60957e-05
0.00018912
0.000183348
0.0012701
0.00144236
0.000843611
0.000461137
0.00137039
0.00122322
0.00050555
0.000340652
0.00019067
0.000364483
0.000159949
0.000106941
0.000142933
4.29492e-05
2.71259e-05
2.84876e-05
1.88843e-05
8.234e-06
1.23524e-05
6.77253e-06
8.58101e-06
1.53183e-05
1.19778e-05
4.24197e-05
2.43941e-05
0.00814376
0.00527106
0.000903149
0.00366149
0.00202747
0.00123399
0.000556652
0.000237791
7.68283e-05
3.68416e-05
4.16218e-05
1.33218e-05
9.79186e-06
1.59924e-05
8.75006e-06
0.00603849
0.00561174
0.00528531
0.00468602
0.00406082
0.00351626
0.00311245
0.00252947
0.00167674
0.00129407
0.000858441
0.000795029
0.000444854
0.000129566
8.17909e-05
0.000255626
0.000436517
0.000999365
0.00284255
0.00391169
0.0054754
0.00672764
0.00698714
0.00600443
0.00459337
0.00401537
0.00252251
0.00128574
0.00133039
0.000731538
0.00054765
0.000325755
0.000256818
0.000153796
0.000114415
0.000112859
0.000133998
0.000229132
0.000186196
0.000332705
0.000549695
0.000605115
0.00084888
0.00107308
0.00125907
0.00183635
0.00220906
0.00209111
0.00281125
0.0031696
0.00351963
0.0043001
0.00496524
0.00560415
0.00826124
0.00739727
0.00781138
0.00995884
0.00656635
0.00905654
0.00599728
0.0065444
0.00524355
0.00473429
0.00805069
0.00860338
0.00639202
0.00549183
0.0098796
0.00893176
0.00194028
0.0018426
0.00185053
0.00175451
0.00179494
0.00175056
0.00167954
0.00169207
0.00160145
0.00153972
0.00157704
0.00158974
0.00147924
0.00168348
0.00146318
0.00144993
0.00145946
0.00139454
0.00143646
0.00134764
0.00139694
0.00155487
0.00136826
0.00132461
0.00131857
0.001411
0.0013847
0.00143164
0.00128317
0.00134979
0.00117567
0.000536667
0.000385549
0.00058505
0.000376039
0.000461703
0.000222821
0.000171654
0.00055566
0.000337793
0.000539513
0.00154426
0.000457508
0.00134055
0.00188224
0.00199809
0.00151469
0.00166435
0.00165905
0.00259707
0.00312092
0.00164409
0.00403144
0.00328144
0.00418803
0.00392283
0.00338461
0.00338222
0.00276854
0.00208899
0.00220481
0.00371757
0.00259262
0.00181921
0.00143367
0.00125499
0.0011468
0.00238851
0.000842272
0.000702029
0.000719856
0.00035373
0.000325541
0.000304926
0.000301197
0.000568815
0.000341351
0.000233567
0.000285576
0.000188786
0.000183202
0.00418412
3.46403e-05
3.42762e-05
3.42721e-05
3.47168e-05
3.43521e-05
3.43441e-05
3.34279e-05
3.98528e-05
0.0014001
0.000255963
1.30697e-05
0.000861101
0.00140261
0.00147656
0.00128363
0.000839094
0.000694191
0.000427925
0.000230756
8.46586e-05
5.0738e-05
9.26152e-06
3.66905e-06
0.00104781
0.000609982
0.00036064
0.000332679
0.000236348
0.00017279
0.000125038
5.06982e-05
1.56016e-05
1.00964e-05
3.85318e-06
8.49052e-06
6.08912e-06
3.96768e-06
3.60377e-06
1.43575e-05
5.0238e-06
7.50713e-06
4.63323e-05
3.51533e-06
0.00147893
0.000922521
0.000656163
0.000617155
0.000450556
0.000326228
0.000123846
0.000144887
3.28777e-05
1.50291e-05
0.000107646
0.000134685
5.32121e-05
0.000112019
0.000108345
0.000264731
0.000119422
0.000171843
3.45532e-05
0.000157921
0.000129799
0.000193248
0.00018263
0.000140136
0.000193515
0.000128179
0.000160562
0.00015125
0.000137352
3.81611e-05
4.38961e-05
0.000102797
0.000139809
0.000129904
0.000137251
3.38652e-05
0.000146785
0.000140954
0.000139813
4.19507e-06
4.72425e-06
5.18768e-06
0.0127912
0.000814439
0.000874707
0.000928292
0.000854286
0.000661257
0.000537272
0.000479465
0.000383652
0.000127659
9.38396e-05
3.16487e-05
0.000112493
0.000376494
0.000825431
0.00083202
0.00256574
0.00502124
0.00551817
0.00790106
0.00771401
0.00723011
0.0061849
0.00456138
0.00303757
0.00188788
0.00171775
0.00145358
0.00138515
0.000698501
0.00062132
0.000349888
0.000278417
0.000203012
0.000145434
0.00012732
8.10424e-05
0.000163272
0.000119729
0.000178413
0.00024976
0.00043243
0.00061081
0.000786327
0.000935838
0.00134969
0.00149343
0.00211475
0.00256856
0.00305534
0.00394903
0.0039057
0.00441629
0.00455104
0.00616915
0.00635376
0.0089591
0.00768225
0.0253982
0.00453392
0.00395494
0.00469704
0.00800801
0.00514995
0.00486239
0.00282463
0.00262384
0.00231077
0.0021247
0.00185496
0.0018874
0.00188254
0.00171112
0.00156883
0.00151857
0.00162546
0.00154548
0.00148012
0.00143742
0.00134451
0.00146728
0.00158996
0.00134388
0.00131654
0.0013921
0.00137707
0.0013264
0.00120942
0.00135472
0.00135284
0.00131221
0.00088848
0.000690531
0.000206512
0.000322559
0.000182757
0.000531847
0.000204517
0.000156624
0.000635148
0.00110164
0.000650245
0.0021643
0.00184805
0.00140374
0.00304218
0.00229549
0.0022942
0.00117831
0.00106372
0.00206769
0.000896571
0.00069277
0.00056016
0.000492642
0.000383254
4.82753e-05
0.000951638
0.000165041
0.00011963
0.00116092
0.000110449
0.000566968
0.000303372
0.000184418
8.03807e-05
0.000766683
9.74199e-05
0.000341093
0.00362894
0.00512467
0.00333509
0.00337393
0.00198103
0.00173308
0.00196071
0.00115096
0.00338383
3.43354e-05
3.43603e-05
3.43743e-05
3.43619e-05
3.428e-05
3.41001e-05
3.40749e-05
0.000104408
0.00073621
0.00116412
0.0066756
0.00473542
0.00398203
0.00495705
0.00315482
0.00309392
0.00223948
0.00171955
0.00121384
0.000877997
0.000643878
0.000230605
8.13416e-05
7.46124e-05
5.69387e-05
1.53968e-05
5.11368e-06
1.1174e-05
7.97313e-05
7.43943e-05
3.27378e-05
8.04799e-06
6.16559e-05
3.99985e-05
5.26736e-05
5.05697e-05
9.01107e-05
0.000162999
3.933e-05
0.000150308
4.96333e-05
4.6927e-05
7.4896e-06
4.23269e-05
0.000219923
0.000159483
0.000137949
6.04306e-05
4.05825e-05
8.39896e-06
2.29785e-05
9.21297e-06
1.10303e-05
3.88246e-06
7.49181e-06
0.000823682
0.000488802
0.000314547
0.000231261
0.000103996
6.72856e-05
4.49979e-05
2.14989e-05
5.08756e-06
9.43396e-06
6.52258e-06
7.00637e-06
4.34396e-06
5.06085e-06
5.74319e-06
5.80091e-06
7.48126e-06
5.20302e-06
1.8794e-05
6.02729e-06
1.12387e-05
9.21912e-06
8.79378e-06
6.00921e-06
1.60761e-05
0.00278311
0.00270014
0.00264672
0.00235496
0.00188513
0.0016356
0.0010759
0.000675647
0.000447277
0.000125802
4.87305e-05
0.00012819
0.000432362
0.000422048
0.000829622
0.00292851
0.00577143
0.00886261
0.0096831
0.00797834
0.00634871
0.00663805
0.00397179
0.00286004
0.00195663
0.0015882
0.00115883
0.000753834
0.000637243
0.000582635
0.000486564
0.0005222
0.000503135
0.00022748
0.000190912
0.000166397
0.000127086
0.000112101
0.000131451
0.000126729
0.000468003
0.000468075
0.000635228
0.00120133
0.00166886
0.00197939
0.00222458
0.00218362
0.0034608
0.00383563
0.00550733
0.00573362
0.00724599
0.00660648
0.00806663
0.00294742
0.00791757
0.00284729
0.00247372
0.00252892
0.00240454
0.00240482
0.0023582
0.00210733
0.00220959
0.00245682
0.00220444
0.0024011
0.00247344
0.0022274
0.0021669
0.00199985
0.00216218
0.0018522
0.00206802
0.00205554
0.00212236
0.00204728
0.00199541
0.00203025
0.00189883
0.00198903
0.00204409
0.00189153
0.00203597
0.000935483
0.000536694
8.95974e-05
0.000150403
0.000119636
0.000278171
0.000438143
0.000142786
0.000148934
0.00143711
0.00089002
0.00180851
0.0011131
0.00213398
0.00369809
0.00251286
0.00737604
0.00436576
0.00530553
0.00515141
0.00359768
0.00577586
0.00574147
0.00440144
0.00596056
0.00592207
0.00344362
0.00689753
0.00481915
0.00504021
0.00502687
0.00340944
0.00462893
0.00273447
0.00193559
0.00177567
0.00162378
0.00105379
0.000948095
0.00272751
0.00161622
0.0017208
0.00102294
0.000995811
0.000626898
0.000241539
3.65848e-05
3.66562e-05
3.67863e-05
3.68526e-05
3.70507e-05
3.73625e-05
3.73234e-05
3.62039e-05
0.00056119
0.000863433
3.14821e-05
0.0170254
0.0131639
0.0115684
0.0102424
0.00940062
0.00903625
0.00830588
0.00764283
0.00647957
0.00525798
0.00389683
0.00291222
0.00182043
0.00126889
0.000653085
0.000376173
0.000187654
0.000117525
0.000119327
3.41207e-05
2.30102e-05
3.41666e-05
2.53637e-05
7.60112e-05
7.36932e-05
9.85374e-05
8.60733e-05
7.88343e-05
4.66124e-05
3.92731e-05
8.32114e-05
4.62719e-05
3.05698e-05
5.16243e-05
6.14808e-05
5.29379e-05
5.52188e-05
6.79045e-05
7.70846e-05
2.05582e-05
7.81666e-05
7.2313e-05
3.02552e-05
3.06185e-05
0.00101989
0.000933117
0.000803015
0.000833382
0.000819126
0.000732844
0.000757433
0.000659108
0.000644039
0.000595238
0.000518928
0.000497341
0.000441869
0.000433835
0.000339182
0.000354341
0.000423019
0.000352106
0.000308044
0.000292308
0.000271282
0.000222826
0.00025598
0.000251017
0.000182027
0.000166317
0.000153776
0.000173774
0.000271279
0.000130221
0.000123697
2.9584e-05
9.86522e-05
0.000307735
0.00064979
0.000895888
0.000745579
0.00251066
0.00261488
0.00526
0.00605341
0.00563288
0.00479152
0.00339782
0.00273051
0.00145751
0.00101991
0.0010432
0.000515427
0.000244839
8.33109e-05
6.21379e-05
0.000115765
6.42414e-06
2.91692e-05
8.66369e-05
5.21152e-05
0.000133818
0.000441296
0.000579561
0.000728004
0.00116059
0.00285071
0.00311812
0.00339524
0.00391941
0.00479419
0.0059499
0.00640824
0.00864029
0.00857171
0.0115286
0.0102637
0.0125091
0.011004
0.0148934
0.0200597
0.0149037
0.0139972
0.0147321
0.0129627
0.0109272
0.00168729
0.00175049
0.00179762
0.00194797
0.00177841
0.00195613
0.0018056
0.00185062
0.00197427
0.0019313
0.00203629
0.00225265
0.0020848
0.00212741
0.00215327
0.00222328
0.00222367
0.00218007
0.00263746
0.0022384
0.00258742
0.00235122
0.00234806
0.00234834
0.00199764
0.0020436
0.000407966
0.000972871
0.000953451
0.000354733
0.000338585
0.00062552
0.000468325
4.36541e-05
9.88722e-05
8.82204e-05
5.46864e-05
0.000898209
0.00120887
0.00040163
0.0010151
0.000834485
0.00134722
0.000731308
0.000937119
0.00378548
0.00299967
0.00304722
0.00438747
0.00710749
0.0040847
0.00510792
0.00476543
0.00320291
0.00461494
0.00360894
0.00391622
0.00384303
0.00349381
0.00337066
0.00241693
0.00163443
0.00135128
0.000966763
0.000443543
1.65286e-05
1.67417e-05
0.000559366
0.000792566
0.00229432
0.00415881
0.0080706
0.0103956
0.0142948
0.0112545
0.0091797
0.00858641
0.00774757
0.00932936
0.00848314
0.0091169
0.005377
0.00754258
0.00958148
0.00282983
0.00275722
0.0029909
0.00316759
0.00398476
0.000104225
0.000116747
0.000127038
0.000136621
0.000406939
0.00208848
0.00013133
0.00147893
0.00118808
0.00117802
0.000946145
0.000640199
0.000511939
0.000285298
7.39908e-05
2.72037e-05
1.80877e-05
5.53413e-06
1.06232e-05
8.95603e-06
8.29076e-06
1.45331e-05
3.98639e-05
5.20018e-05
7.11625e-05
0.000142271
0.000241353
8.72206e-05
0.00019267
0.000231611
0.000172975
0.000148843
0.000121104
0.00022281
0.000166849
0.000226118
0.000933922
0.000430917
0.000431019
0.000774115
0.000414621
0.000277805
0.000352364
0.000129143
0.000217188
0.000101301
3.71854e-05
2.47111e-05
8.86966e-06
8.49119e-06
3.51862e-06
2.83277e-05
1.11968e-05
2.36954e-06
3.52053e-06
3.89182e-06
6.95272e-06
9.43927e-06
4.17697e-05
4.28346e-06
7.95809e-06
8.84057e-06
1.52316e-06
2.084e-05
1.71098e-05
7.68262e-06
5.62721e-06
6.84327e-06
0.00605296
0.00402252
0.00252152
0.00116565
0.00047231
0.00022423
0.000101463
4.71919e-05
2.08455e-05
1.23283e-05
6.71887e-06
0.00402739
0.00390435
0.00355505
0.00315524
0.00275139
0.00235453
0.00198172
0.00147062
0.00107758
0.000337573
0.000139388
0.000113923
0.000143411
0.000515479
0.000707813
0.00269671
0.00597078
0.00849186
0.00958115
0.0122717
0.0129081
0.0118983
0.00922088
0.00820764
0.00861305
0.00547561
0.00436682
0.00392857
0.00213762
0.0020585
0.00173224
0.0015022
0.00135622
0.000930418
0.000991891
0.000710295
0.000550744
0.00054568
0.000385052
0.00030274
0.000195324
0.000287497
0.000254103
0.000235163
0.000353887
0.00169842
0.00173044
0.00249013
0.00315078
0.00411811
0.00507344
0.00515997
0.00250375
0.00248088
0.00251063
0.00353192
0.00430016
0.00573762
0.00675326
0.00825837
0.00520525
0.0039744
0.00131082
0.00122279
0.00131547
0.00128525
0.00131426
0.00133216
0.00118375
0.00132969
0.00116855
0.00128692
0.00123624
0.00115693
0.00120998
0.0012172
0.00122105
0.00118336
0.00119432
0.00120542
0.00124744
0.00110426
0.00123456
0.00115449
0.00130138
0.00112908
0.00112977
0.00113315
0.00112304
0.000607391
0.00092767
0.00015143
0.000676051
8.11131e-05
8.69055e-05
0.000208567
0.000660456
0.000527544
0.00280439
0.00308115
0.00283941
0.00439703
0.00356841
0.00482471
0.00512996
0.0080243
0.00726242
0.00447114
0.00656437
0.00586406
0.00433619
0.00634041
0.0052344
0.00233284
0.00176977
0.00319595
0.00241072
0.00173751
0.00167837
0.000976385
0.00102449
0.000441083
0.000710441
0.0007688
0.000620403
0.000221918
0.000306773
0.000493662
0.000190326
0.000305978
0.000369561
0.000351342
0.000647815
0.00109474
4.09745e-05
4.13439e-05
4.10186e-05
4.14392e-05
4.13343e-05
4.10101e-05
3.99047e-05
0.000445992
0.000618769
0.000445149
0.00267725
0.00259805
0.00241621
0.00217007
0.00159446
0.00123014
0.000718445
0.000526864
0.00223871
0.00178352
0.00102958
0.000802736
0.000735158
0.000462712
0.000450352
0.000324846
0.000193113
8.1661e-05
0.00010601
5.84441e-05
1.83758e-05
3.7552e-06
3.26248e-06
5.27526e-06
2.80087e-06
0.00126844
0.000739752
0.000569569
0.000460276
0.000402142
1.48938e-05
3.96484e-06
5.46893e-06
3.18752e-06
7.29797e-06
1.00983e-05
2.71978e-05
1.77166e-05
5.27687e-05
6.90953e-05
0.000139472
0.000132845
7.30971e-05
0.000133292
0.000140312
0.000169795
0.000141594
0.000168854
4.77768e-05
7.8922e-05
0.000158571
0.000165921
0.00015802
5.32415e-05
9.38453e-05
0.000197928
2.28509e-05
1.85064e-05
0.000359492
0.000451594
0.000591012
0.000489933
0.000487751
0.000438065
0.000327332
0.000213249
0.000122568
4.0369e-05
4.44546e-05
0.000166897
0.00070988
0.000700041
0.00314644
0.00654883
0.00860453
0.00894723
0.00848949
0.00690944
0.00729573
0.00539865
0.00467671
0.00244238
0.00297883
0.00180091
0.00105233
0.000654354
0.000624979
0.000551375
0.000456907
0.000343949
0.000275652
0.000258398
0.000252944
0.000149498
0.000370003
0.000465322
0.000856751
0.00105683
0.0016568
0.00204375
0.00244593
0.00262494
0.00308049
0.00355577
0.00426311
0.00527927
0.00653844
0.00760028
0.00858021
0.0378511
0.00855307
0.00480905
0.00353168
0.00299875
0.00249542
0.00225777
0.00204502
0.00184328
0.00177786
0.00160418
0.00151432
0.00143925
0.00135035
0.00136095
0.00130688
0.00133718
0.00137612
0.0012824
0.00146586
0.00125904
0.00127055
0.00131801
0.00132013
0.00120687
0.00123103
0.00126822
0.00124643
0.00105022
0.00111019
0.000857646
0.000359665
0.000222394
0.000211357
0.000249459
0.000408895
0.000469832
0.000354058
0.00213202
0.00341766
0.00297517
0.0028594
0.00200286
0.00172823
0.00423348
0.00131615
0.00184246
0.00167602
0.00124314
0.00128771
0.00111299
0.000197477
0.00075017
0.000135592
0.000205782
0.000909701
8.30644e-05
0.000729052
0.000379405
0.000172164
0.000209253
0.000644408
0.000100063
0.000368891
0.000121564
0.000878877
0.000452248
0.00111991
0.000105651
0.00812993
0.0053124
0.00352681
0.00949027
0.00474999
0.003853
0.0048833
3.61249e-05
3.61834e-05
3.61797e-05
3.61771e-05
3.61589e-05
3.58706e-05
0.000307215
0.00315579
0.0104297
0.0078765
0.00557147
0.00489473
0.00463244
0.00352785
0.00301021
0.00200474
0.00149173
0.00101228
0.000604941
0.00028016
0.000116271
0.000169504
0.00011852
9.8056e-05
3.9633e-06
9.57836e-06
1.05267e-05
1.42678e-05
2.20701e-05
1.70403e-05
4.68587e-06
1.34179e-05
7.65427e-06
2.19165e-05
4.27588e-05
3.72644e-05
1.43425e-05
8.76215e-06
4.84547e-05
0.000317952
0.000219816
8.5981e-05
5.18895e-05
2.13082e-05
5.21942e-06
1.32939e-05
3.61804e-06
1.25152e-05
0.000937995
0.000540185
0.000387698
0.000178317
0.000115084
7.69682e-05
2.15907e-05
2.48549e-05
1.33766e-05
6.49023e-06
4.60329e-06
6.84148e-06
5.68218e-06
6.34306e-06
8.13492e-06
1.02049e-05
6.0068e-06
5.85086e-06
7.89141e-06
1.11182e-05
2.10671e-05
2.06928e-05
0.00295522
0.002916
0.00276645
0.00244299
0.00220121
0.00182088
0.00134607
0.000965124
0.00066566
0.000329562
8.11021e-05
5.34296e-05
6.50495e-05
0.000253562
0.000309252
0.00142452
0.00386547
0.00897361
0.0087649
0.00716045
0.00559203
0.00407709
0.00316035
0.00309619
0.00203657
0.00151835
0.00128696
0.00102095
0.000775325
0.000590983
0.000561462
0.000399952
0.000568156
0.000351935
0.000246929
0.000209775
0.000170761
0.000125984
0.000111293
0.00011549
6.76735e-05
0.000136118
0.000105815
0.00047952
0.00117055
0.00177663
0.0017954
0.0019884
0.00278688
0.00304958
0.0038408
0.0050106
0.0048838
0.0051581
0.00575837
0.00656036
0.00790107
0.00782304
0.00571419
0.00327774
0.00308483
0.00279147
0.00306221
0.00260473
0.00270919
0.00263053
0.00288272
0.00221434
0.00249538
0.00233146
0.00238078
0.00227391
0.00221828
0.00205196
0.00216101
0.00216909
0.00209089
0.00199797
0.00215466
0.00208372
0.00201753
0.00200069
0.00217016
0.00215798
0.00200731
0.00184146
0.00198521
0.00184594
0.00179643
0.00186588
0.000875064
0.000764126
0.000110991
0.000365289
0.000425162
0.000151454
0.000130047
0.000244652
0.000138219
0.00110203
0.000404303
0.000845262
0.00236384
0.00263736
0.00338848
0.00309192
0.00437361
0.0052084
0.00492434
0.00472344
0.00444998
0.0049273
0.00685029
0.00561274
0.00624048
0.00684918
0.00570922
0.00481404
0.00464747
0.00744179
0.00553339
0.00401049
0.00285734
0.00414919
0.00339583
0.00318363
0.00331509
0.00532154
0.00113738
0.00206485
0.000943619
2.02644e-05
3.53648e-05
3.54751e-05
3.56978e-05
3.54632e-05
3.5637e-05
3.5916e-05
0.000998428
0.00199472
5.71053e-06
0.00898461
0.00932979
0.00830283
0.00724719
0.00710703
0.00635074
0.00629466
0.00541742
0.00457383
0.00341364
0.00255948
0.00149271
0.000979399
0.00040822
0.000319547
0.000130712
8.22318e-05
3.1511e-05
2.85392e-05
5.31474e-06
6.04308e-06
7.1013e-06
8.43063e-06
5.92536e-05
4.55189e-05
5.25696e-05
0.000141037
0.000111363
7.052e-05
9.30692e-05
0.000275389
0.000220627
0.000224359
0.000190012
0.000202927
0.000174251
0.000141024
0.000145147
0.000127437
0.00011196
7.47725e-05
6.82126e-05
6.66576e-05
7.92238e-05
3.00397e-05
0.000143456
0.000144535
0.000116474
9.42742e-05
6.89626e-05
2.37818e-05
4.6295e-05
0.000126745
0.000114304
0.000115541
0.000127733
0.000504914
0.000334818
0.000251038
0.000197177
0.000124701
9.77126e-05
5.4071e-05
0.000508942
0.000430758
0.000291155
0.000210451
0.000141351
7.70085e-05
5.37855e-05
3.87799e-05
2.74663e-05
0.00185896
0.00185161
0.00181982
0.00157658
0.00114588
0.000748809
0.000422045
0.000378113
6.16136e-05
0.000188298
0.000472975
0.000586801
0.000629124
0.00263377
0.00474889
0.00672372
0.00631283
0.00555169
0.00387718
0.00329558
0.00203508
0.00129376
0.00144004
0.000605121
0.000507761
0.000461717
0.000427473
0.000456939
0.000319732
0.000171853
0.000125878
8.85934e-05
6.45227e-05
5.40672e-05
3.00837e-05
3.28454e-05
0.000194643
0.000208308
0.000279873
0.000372933
0.000653168
0.00180644
0.00437023
0.00302502
0.00347555
0.00345779
0.00632522
0.006055
0.00664277
0.0104333
0.0120945
0.0124615
0.0103726
0.00939603
0.0134679
0.0156093
0.0242791
0.0163916
0.00185147
0.00196604
0.00196766
0.0020028
0.00206779
0.00206998
0.00204631
0.00228028
0.002112
0.00225631
0.00233839
0.00213098
0.00213917
0.0021477
0.00206371
0.00219523
0.00229186
0.00223403
0.00174507
0.000735777
0.00131777
0.000154981
0.000328827
8.59385e-05
8.57733e-05
9.89689e-05
0.000137051
0.00034903
0.000273074
0.000296879
0.00222995
0.00167794
0.00203654
0.00125092
0.00274063
0.00253903
0.00282791
0.00276502
0.00606461
0.00296429
0.00742943
0.00400396
0.00469338
0.00461743
0.00614339
0.00518968
0.00541146
0.00462403
0.00438069
0.00448857
0.00343725
0.00385637
0.00398918
0.00311758
0.00281433
0.00431929
0.00253914
0.00231864
0.00362535
0.00191681
0.00169979
0.00199935
0.00105839
0.000548738
0.000590048
0.000376749
0.000417804
0.00011594
3.33126e-05
2.29481e-06
1.31128e-06
0.000164397
0.000371531
0.000569668
0.00175541
0.00412791
7.75254e-05
8.08604e-05
8.61941e-05
9.1556e-05
9.87236e-05
0.000107736
0.00011803
0.00012548
0.00169003
0.0028224
6.00701e-06
0.000167032
0.00223948
0.00192024
0.0019828
0.00162327
0.0014341
0.00124138
0.000555134
0.000230134
0.000104012
3.05524e-05
2.13843e-05
6.96692e-06
6.47435e-06
5.62505e-06
1.0257e-05
3.61861e-05
4.89778e-05
7.10064e-05
7.1786e-05
6.9647e-05
0.000100777
0.000135839
0.0002039
9.36192e-05
0.000160665
0.000124584
9.15127e-05
4.12669e-05
3.02959e-05
0.00011387
0.0013117
0.00138243
0.00100876
0.000486381
0.00131945
0.000947822
0.000531811
0.000415985
0.000213272
7.27014e-05
5.27573e-05
2.55409e-05
5.89877e-06
5.1811e-06
4.27967e-06
8.36851e-06
1.32947e-05
7.70103e-06
5.59586e-06
1.68946e-05
6.38144e-06
1.61174e-05
1.16223e-05
1.59881e-05
2.40959e-05
1.15768e-05
5.30167e-06
9.39063e-06
1.86724e-05
5.67832e-06
0.00799525
0.00460631
0.00267873
0.00178484
0.00080281
0.000388814
0.000160396
7.12386e-05
4.65664e-05
2.64848e-05
1.99078e-05
7.93315e-06
0.00509449
0.00470161
0.00436012
0.00397062
0.00343584
0.00306673
0.00254147
0.00193717
0.0011641
0.000779617
0.000298732
0.000183208
0.000261502
0.00046567
0.00197171
0.00400328
0.00620826
0.00662442
0.00675492
0.00536631
0.00474616
0.00252718
0.00180152
0.000923078
0.000704144
0.000530523
0.000359686
0.000280284
0.000120526
0.000129641
7.59208e-05
0.00010589
0.00010107
9.5745e-05
0.000122783
0.000371529
0.00021378
0.000609361
0.00067296
0.00124063
0.0010036
0.00108522
0.00152485
0.00154154
0.00238615
0.00273043
0.00225591
0.00171378
0.00191662
0.00149296
0.0023453
0.00197494
0.0015163
0.00154768
0.00125861
0.00122913
0.00155405
0.00109376
0.00139291
0.00146576
0.00105273
0.000973383
0.00102135
0.000793464
0.000975903
0.000654174
0.000787121
0.000938899
0.00111102
0.000703887
0.000807422
0.000767232
0.000609832
0.000705196
0.00091733
0.000554095
0.000650053
0.000624373
0.000679427
0.000407989
0.000482899
0.000633766
0.000628211
0.000347015
0.000525523
0.000709331
0.000640412
0.000380141
0.000355744
0.000486843
0.000280119
0.000351859
0.000393238
0.00026917
0.000264223
0.000185362
0.000475871
0.000364482
0.00025254
0.000320827
0.000203547
0.000230506
0.000286225
0.000202122
0.00039322
0.000174121
0.000273503
0.000272523
0.000401056
0.000287668
0.000299573
0.000267465
0.0002322
0.000137339
0.000206885
0.000191801
0.000172988
0.000158677
0.00015231
0.00013877
0.000138115
0.000125488
0.000118466
0.000110195
0.000100335
8.80171e-05
0.000260738
0.000160636
0.000142942
0.000193451
0.000170756
0.000165043
0.000143906
0.000128515
0.000117348
0.000103386
9.40464e-05
9.19255e-05
8.51182e-05
8.2712e-05
7.06428e-05
6.57872e-05
6.47906e-05
7.1782e-05
6.09206e-05
5.87024e-05
6.16703e-05
6.10161e-05
5.93908e-05
0.000410968
0.000390187
0.000372831
0.00034578
0.000332066
0.000318465
0.000313681
0.000294368
0.000276968
0.000254872
0.000244856
0.000236112
0.000221928
0.00021524
0.000212584
0.000211945
0.000201712
0.000187871
0.000193165
0.000192715
0.000216949
0.000210578
0.000302107
0.000327675
0.000334897
0.000369439
0.000429991
0.00048432
0.000523931
0.000607418
0.000885674
0.00126392
0.00148139
0.00173584
0.00213711
0.00238907
0.00280112
0.0041537
0.00490286
0.004337
0.00467124
0.00320426
0.00121587
0.000716879
0.00120089
0.000717836
0.00032223
0.00152536
0.00225255
0.00156514
0.000784885
0.0014854
0.00160561
0.000409916
0.000272574
0.000618681
0.00119612
0.000684711
0.000704128
0.000469378
0.00137467
0.00162434
0.00119588
0.000583139
0.00129373
0.00112768
0.000935883
0.000855083
0.0023954
0.00180062
0.00197118
0.00150289
0.00300735
0.00247963
0.00260266
0.00158823
0.00329589
0.00409288
0.00322931
0.00343337
0.00285946
0.00564822
0.00449406
0.00785224
0.00607159
0.00607712
0.00675891
0.00522612
0.00313307
0.000777517
0.000767113
0.000817881
0.00403099
0.000769137
0.000762857
0.000748196
0.000744792
0.00073706
0.000712023
0.000726199
0.000716335
0.000740292
0.000736876
0.000728616
0.0007338
0.000730505
0.000718069
0.00069022
0.000704895
0.000702482
0.000696231
0.000692319
0.00068537
0.000680952
0.000674137
0.00067135
0.000671459
0.000667575
0.000665619
0.000664155
0.000661996
0.000666632
0.000664068
0.00066494
0.000661692
0.000660627
0.000656985
0.000660173
0.000663679
0.000660572
0.000662324
0.00067435
0.000670341
0.000670809
0.000657165
0.000650879
0.000647958
0.000650344
0.000651651
0.000651462
0.000658981
0.000673826
0.000337149
0.000299189
0.000203347
0.000644864
0.000641604
0.000645199
0.000648906
0.000650737
0.00026217
0.000647584
0.000643817
0.000650081
0.000640849
0.0006187
0.000647956
0.000659996
0.000437245
0.000587119
0.000583367
0.000415094
0.000432356
0.000305393
0.000110037
0.000109576
0.000123592
0.000109599
0.000109071
0.000151901
0.00015033
0.000221002
0.000171178
0.000169442
0.000281014
0.000566499
0.000711374
0.000964905
0.0017966
0.00176332
0.00212022
0.00167832
0.00184961
0.00166735
0.0016342
0.00237507
0.00322668
0.0031477
0.00316579
0.00273223
0.00266367
0.00275428
0.00534018
0.00582753
0.00277244
0.0029155
0.00608916
0.00583885
0.00617658
0.00588573
0.00586329
0.00486479
0.0048283
0.00633936
0.0059266
0.00605468
0.00499574
0.00462213
0.00505289
0.00325127
0.00410178
0.00528817
0.00531246
0.00471713
0.0044545
0.00287441
0.00271603
0.0031691
0.00295665
0.00255705
0.00232525
0.00222115
0.00198258
0.0015113
0.00154547
0.00180349
0.00141981
0.00122532
0.00125031
0.000234426
0.000256723
0.000408691
0.000399532
0.000233256
0.000109848
0.000119711
0.000128587
0.000108078
9.85532e-05
0.000172507
0.00012721
0.000104692
0.000133504
0.000111392
0.000231451
0.000250208
0.000168461
0.000134335
0.000617665
0.000484114
0.000119459
0.000548156
0.000246549
0.000165491
0.000114317
0.000133892
0.000113137
0.000139185
0.000506425
0.000281159
0.000234924
0.000311567
0.000131239
0.00234594
4.39447e-05
4.39424e-05
4.3928e-05
4.3933e-05
4.39255e-05
4.39294e-05
4.39593e-05
4.39382e-05
4.42431e-05
4.41969e-05
4.53148e-05
7.76233e-05
7.80577e-05
7.82182e-05
0.000360371
0.000125099
0.000133972
0.000144645
0.000123533
0.000687124
0.000592488
0.000745028
0.000657256
0.000729656
0.000646367
0.000453999
0.00038998
0.000175128
0.000141077
0.000131332
4.24554e-05
3.1463e-05
2.80565e-06
4.76387e-06
4.43931e-05
5.03482e-05
4.53462e-05
6.70754e-05
6.89633e-05
6.3798e-05
2.67964e-05
9.65069e-05
9.95767e-05
0.000152271
0.000153056
0.000189981
0.000189406
0.000121571
0.000118402
8.49203e-05
6.06861e-05
6.1451e-05
5.54981e-05
3.52104e-05
3.46202e-05
4.30889e-05
4.18474e-05
3.71558e-05
6.59307e-05
6.78236e-05
6.47695e-05
5.72561e-05
9.80685e-05
7.43622e-05
6.66611e-05
3.82616e-05
2.60494e-05
2.7621e-05
1.90369e-05
2.6944e-06
2.49873e-06
4.95688e-06
4.17255e-06
1.66226e-05
9.5348e-06
2.33566e-06
1.80047e-06
1.43691e-05
1.67013e-05
3.69281e-05
3.38452e-05
9.84948e-06
1.10694e-05
1.0898e-05
6.15909e-06
5.5737e-06
1.18748e-05
1.27314e-05
1.40649e-05
1.3999e-05
1.29502e-05
1.74938e-06
4.25414e-06
4.70399e-05
4.72566e-05
2.42431e-05
3.84251e-05
9.46974e-05
0.000117317
0.000137058
0.000177252
0.000145918
0.000181242
0.000245421
0.00034323
0.000202693
0.000197499
0.000252286
0.000242277
0.000282785
0.000251372
0.000313936
0.000514837
0.00044524
0.000247906
0.000499951
0.000314367
0.000595993
0.00031804
0.000602929
0.00050783
0.000420674
0.000746326
0.000631088
0.000449683
0.000508121
0.000430859
0.000555386
0.0006124
0.0140014
0.00986559
0.0062466
0.00352348
0.00188876
0.00100906
0.0004662
0.000225973
8.52987e-05
4.10661e-05
2.2954e-05
8.71192e-06
6.34061e-06
3.66582e-06
2.71044e-06
2.63551e-06
2.76471e-06
2.53912e-06
2.61291e-06
3.22828e-06
2.7595e-06
3.13697e-06
3.596e-06
3.05014e-06
5.51455e-06
7.52487e-05
5.68151e-05
2.13199e-05
1.49962e-05
1.15473e-05
8.40157e-06
3.99423e-06
4.56383e-06
6.24457e-06
0.00399324
0.0037363
0.00350319
0.00327387
0.0025807
0.00232475
0.00204682
0.00189798
0.00177529
0.00169452
0.00150252
0.00136575
0.00114778
0.00107532
0.000865935
0.00068548
0.000588334
0.000562999
0.00038874
0.000340494
0.00016053
0.000167177
5.76603e-05
4.50161e-05
1.42431e-05
1.89443e-05
1.35623e-05
6.82143e-05
7.57687e-05
0.00025172
0.000276815
0.000305142
0.000697009
0.000725317
0.00050134
0.000702783
0.000656669
0.000860098
0.000861354
0.000711529
0.00256826
0.00232772
0.00483284
0.0049864
0.00793377
0.00789382
0.00728067
0.0087526
0.00865122
0.00974777
0.0107251
0.00982562
0.0108759
0.0103205
0.00984875
0.00937263
0.00857973
0.00862289
0.00726391
0.00674534
0.0060538
0.00304566
0.00321006
0.002576
0.00340305
0.0028041
0.00214292
0.00241878
0.0018017
0.00130292
0.00143639
0.000998547
0.000900262
0.000948057
0.000714781
0.000864688
0.000851626
0.00044413
0.000426494
0.000278972
0.000491347
0.000370878
0.000254978
0.000221435
0.000182066
0.000225254
0.000250439
7.97536e-05
7.74904e-05
8.86188e-05
8.84664e-05
6.78177e-05
8.43131e-05
8.71784e-05
7.27689e-05
0.000243163
0.000159697
0.00024497
0.000224233
0.000264917
0.000268442
0.000349749
0.000655526
0.000836791
0.000675146
0.000663706
0.00064597
0.00085708
0.00124616
0.00131985
0.00120232
0.00134082
0.0015298
0.00137139
0.00152165
0.00177698
0.0020366
0.00190588
0.00194166
0.00169509
0.00176276
0.00213531
0.00260027
0.00186903
0.00135181
0.00108475
0.00231161
0.00136797
0.0018526
0.00148929
0.00180664
0.00183433
0.00149789
0.00318611
0.00243763
0.00372511
0.00290254
0.00292073
0.00154892
0.00387224
0.00295046
0.00430981
0.00352039
0.0022404
0.0010919
0.00271628
0.00116494
0.00115282
0.00126361
0.00122105
0.00123619
0.00107663
0.00109269
0.00129341
0.00127939
0.00124265
0.00121682
0.00122556
0.00121978
0.00135878
0.00133695
0.00126042
0.00125921
0.00123216
0.00121981
0.00120668
0.00120651
0.00126635
0.00123137
0.00115336
0.00118612
0.00109235
0.00108663
0.00118397
0.00118554
0.00120082
0.00117301
0.00121882
0.00115482
0.00113007
0.00114507
0.00111924
0.00111991
0.00114647
0.00115738
0.00113263
0.001145
0.00122513
0.00124645
0.0011323
0.00110935
0.00112811
0.00109823
0.00107754
0.00107772
0.00121858
0.00120312
0.00102356
0.00100771
0.00101533
0.00111523
0.00109351
0.00109489
0.00104348
0.00104619
0.00104497
0.00102775
0.000910378
0.00019183
0.000124106
0.000287496
0.000284365
0.000237695
0.000143425
0.000142739
9.2588e-05
9.08923e-05
0.000498226
0.00067327
0.00081012
0.000197486
0.000194101
0.000224584
0.00088354
0.000860139
0.00103055
0.00114524
0.00157356
0.000387758
0.000379111
0.000492886
0.00118814
0.00115189
0.00137931
0.000731992
0.000711375
0.00105776
0.00302014
0.00316836
0.00266939
0.00255392
0.00339198
0.0031104
0.00305197
0.00307699
0.00268611
0.00459355
0.00483271
0.00479979
0.00443242
0.00428001
0.0037188
0.00339739
0.00238888
0.00410859
0.00364923
0.00324709
0.00209932
0.00233153
0.00207054
0.0019117
0.00181051
0.00265829
0.0022895
0.00219023
0.00131108
0.00114253
0.000863571
0.000973347
0.000782222
0.000697691
0.000770223
0.000903577
0.001345
0.0012083
0.000524112
0.000544202
0.00016758
0.000171753
0.00017449
0.000315079
0.000323746
0.000639608
0.000659421
0.000377271
0.000354785
0.000400457
0.00292363
0.00176034
0.000969175
0.000579263
0.000319826
0.000200186
0.000154075
0.000125996
8.77977e-05
9.18611e-05
8.52663e-05
8.5296e-05
0.000185856
0.000224756
0.000184346
0.000110884
8.978e-05
8.82945e-05
9.44369e-05
8.04636e-05
0.000155966
0.000157428
0.000160158
0.000575
0.000690417
0.00010074
8.59843e-05
8.38266e-05
0.000176838
0.00273527
0.00213586
4.35251e-05
4.35462e-05
4.35602e-05
4.35539e-05
4.35533e-05
4.3558e-05
4.34601e-05
4.34798e-05
4.35029e-05
4.35421e-05
4.60023e-05
4.60876e-05
4.65088e-05
0.00176033
0.00164281
0.000464574
0.000457259
0.000310596
0.000252387
0.000909791
0.000817197
0.000904669
0.000830218
0.000746904
0.00067331
0.0004304
0.000400746
0.000353127
0.000132036
0.000105583
4.45915e-05
3.35327e-05
7.58064e-06
6.2288e-06
7.85846e-06
6.26554e-06
7.74898e-06
9.24934e-06
1.70939e-05
2.01653e-05
1.82357e-05
2.11156e-05
3.55557e-05
3.61166e-05
6.86109e-05
6.95297e-05
0.000114895
0.000112558
0.000104016
0.000100961
0.000104842
0.000103089
9.56801e-05
7.89341e-05
7.58475e-05
0.000132377
0.000116571
6.7637e-05
5.71384e-05
2.31177e-06
0.000960709
0.000766055
0.000539143
0.000416192
0.000327966
0.000251215
0.000374015
0.00028485
0.000252917
0.000187352
0.000164403
0.00012957
9.24185e-05
5.44858e-05
3.73512e-05
5.87212e-05
1.63472e-05
8.73267e-06
2.99999e-05
1.85641e-05
8.50558e-06
4.69146e-06
1.69456e-05
9.49657e-06
4.99018e-06
3.0118e-06
2.94186e-06
2.87346e-06
1.23163e-05
1.40191e-05
3.17002e-06
3.05993e-06
2.97197e-06
1.45338e-05
0.00246967
0.00204861
0.00116795
0.000897866
0.000750467
0.000546017
0.000421751
0.000614465
0.000457546
0.000381736
0.000400716
0.000290173
0.000243769
0.000169749
0.000145735
1.77436e-05
8.71042e-06
4.32292e-06
4.71914e-06
5.54992e-06
9.15598e-06
5.79657e-05
3.6572e-05
3.41406e-05
4.26642e-06
6.36308e-06
5.8485e-06
2.07402e-05
2.70939e-05
2.20604e-05
1.71811e-05
2.10573e-05
3.38615e-06
4.79007e-06
3.9263e-05
2.4274e-05
5.58649e-06
3.53465e-06
3.84728e-06
1.83675e-05
2.34675e-05
1.77456e-05
4.52375e-05
2.75176e-05
7.87649e-06
1.13474e-05
6.23641e-06
3.78625e-06
4.04964e-06
3.53396e-06
4.59733e-06
7.73287e-06
4.20919e-06
4.06532e-06
3.64841e-06
0.000229913
0.000660564
0.000481541
0.000385012
1.40984e-05
0.000171388
0.0013129
0.000944851
0.000733471
0.000477373
0.000327051
0.000267588
0.000183222
0.000104831
7.4712e-05
9.66951e-05
6.09076e-05
4.94602e-05
5.24693e-05
3.45152e-05
1.25499e-05
8.76054e-06
7.26813e-06
5.386e-06
5.89023e-06
7.35091e-06
5.60686e-06
6.2639e-06
1.22112e-05
8.04566e-06
9.53972e-06
7.94883e-06
6.64973e-06
8.36783e-06
8.18743e-06
6.88125e-06
8.56792e-06
6.82508e-06
7.2366e-06
7.5809e-06
8.91072e-06
1.37965e-05
9.28972e-06
1.35194e-05
1.95562e-05
1.61192e-05
0.00102077
0.000782919
0.000536537
0.00170038
0.00151858
0.000768469
0.000959573
0.000441361
0.000413542
0.00026761
0.000108132
0.000101128
0.00010611
0.000154298
8.9398e-05
0.00143766
0.00141806
0.00108517
0.00192878
0.00190301
0.00446109
0.00557292
0.0054704
0.00612765
0.00721634
0.00693233
0.00609645
0.00700408
0.00659767
0.00738693
0.00776875
0.00738926
0.00673654
0.00622963
0.00616069
0.00542203
0.00336575
0.00314298
0.00394443
0.00270589
0.00262165
0.00182554
0.00207402
0.0014546
0.00144669
0.00106796
0.000833762
0.000551426
0.000664135
0.000490458
0.000303246
0.000277698
0.000186391
0.000257386
0.00014993
8.16293e-05
0.000128359
6.08138e-05
0.000139782
0.000185265
0.000186468
0.000307715
0.000200368
0.000403998
0.00150245
0.00147143
0.00140545
0.00137063
0.00125774
0.00116253
0.00116358
0.00115745
0.00107701
0.00109215
0.00109585
0.00103233
0.00106501
0.00105033
0.00099795
0.00101898
0.000929287
0.00109658
0.00111878
0.00107207
0.00103847
0.00110898
0.00116466
0.00121596
0.00126566
0.00118574
0.00142077
0.00138372
0.00144768
0.00140027
0.00136871
0.00149611
0.00165846
0.00162272
0.00173536
0.00155245
0.00152608
0.00158856
0.00147235
0.00154379
0.00174219
0.00185812
0.00196466
0.00189582
0.00186847
0.00193854
0.00200572
0.00201836
0.00210374
0.00210407
0.00219202
0.00217517
0.00211312
0.00211435
0.0019874
0.00197753
0.00200134
0.00198297
0.00196233
0.00189463
0.00189797
0.00191238
0.00189355
0.00190823
0.00185727
0.00188059
0.00200182
0.00197056
0.00199969
0.00189654
0.00193692
0.00201022
0.00203051
0.00190841
0.00193974
0.00204414
0.0020938
0.00214238
0.00201218
0.00210091
0.00215456
0.00209992
0.00216921
0.00200849
0.00209357
0.00119705
0.00117091
0.000691853
0.000226167
0.000224899
0.000223551
0.000477704
0.000252119
0.00020192
0.000830354
0.000785725
0.00111239
0.000428912
0.000995916
0.00156605
0.00191649
0.00168255
0.00164134
0.00257611
0.00266136
0.00243268
0.0031362
0.00429681
0.00440868
0.00299435
0.00262752
0.00390241
0.00334258
0.00464319
0.00495023
0.00328839
0.00327836
0.00378416
0.00329353
0.00390633
0.00300593
0.00277448
0.00287056
0.00251725
0.00193696
0.00167535
0.00133382
0.00166942
0.00140431
0.00156341
0.00143836
0.00140499
0.00107523
0.00318288
0.00266077
0.000914104
0.000820467
0.00154906
0.00136343
0.00266057
0.00288334
0.00368725
0.00566108
0.00554298
0.00578
0.00271988
0.00251569
0.00233362
0.000120989
0.019523
0.0167238
0.00444446
0.00413545
0.000774066
0.000115743
7.94773e-05
7.69613e-05
0.000239631
0.00022755
0.000152426
0.000274781
0.000409392
0.000416685
4.90881e-05
5.8631e-05
0.000214968
0.000153916
0.00013643
0.000108954
7.54004e-05
0.000240926
0.000187319
0.000231222
0.000181964
7.21774e-05
5.86664e-05
0.000104221
0.000102572
9.54046e-05
3.32491e-05
2.45727e-05
9.44177e-06
1.12391e-05
1.11382e-05
1.35707e-05
1.24304e-05
1.61626e-05
2.47899e-05
1.64349e-05
1.93077e-05
1.38822e-05
1.3635e-05
1.26218e-05
1.35689e-05
1.45452e-05
1.37923e-05
1.48864e-05
1.47848e-05
2.04344e-05
1.94942e-05
2.94475e-05
2.87811e-05
1.62684e-05
1.57748e-05
6.161e-05
6.06513e-05
5.50845e-05
1.22782e-05
1.51745e-05
1.0943e-05
1.3109e-05
1.24907e-05
1.0864e-05
1.01346e-05
1.02572e-05
1.12557e-05
9.77433e-06
5.4047e-05
3.26967e-05
5.97068e-05
3.58666e-05
1.1796e-05
1.37696e-05
1.17172e-05
8.5908e-06
8.88793e-06
8.74683e-06
1.80712e-05
1.29818e-05
1.54748e-05
1.5663e-05
5.72765e-05
5.10981e-05
4.81689e-05
8.86028e-05
6.79242e-05
5.30296e-05
4.9476e-05
4.49332e-05
2.93873e-05
2.38138e-05
1.61169e-05
1.38666e-05
1.01998e-05
1.24186e-05
1.68187e-05
1.717e-05
2.38954e-05
1.94308e-05
1.599e-05
2.25026e-05
1.04879e-05
1.12812e-05
2.38452e-05
6.17966e-05
9.22346e-05
6.36355e-05
6.28006e-05
7.36987e-05
2.87946e-05
3.6103e-05
4.99889e-05
5.95158e-05
5.1591e-05
3.84479e-05
4.52611e-05
4.12651e-05
4.41285e-05
3.33684e-05
4.08394e-05
3.85827e-05
5.93679e-05
6.09585e-05
6.72046e-05
4.32844e-05
5.02982e-05
6.13639e-05
6.89984e-05
5.01221e-05
5.58543e-05
6.78314e-05
7.40143e-05
4.27575e-05
4.71945e-05
6.74277e-05
6.66085e-05
7.26069e-05
7.51724e-05
6.01095e-05
6.24548e-05
5.71753e-05
5.8943e-05
4.04328e-05
4.20303e-05
3.77952e-05
4.83472e-05
4.87995e-05
3.94959e-05
3.44217e-05
3.37567e-05
3.26828e-05
3.47556e-05
3.37369e-05
2.61188e-05
2.56151e-05
2.42139e-05
2.21153e-05
2.19709e-05
2.14408e-05
2.08823e-05
2.05694e-05
1.97019e-05
2.06789e-05
1.9531e-05
1.99346e-05
0.000158375
0.010187
0.00915585
0.00836663
0.00723568
0.00582793
0.00759034
0.00431253
0.00509975
0.00425228
0.000171102
0.00021439
0.000369819
0.000577169
0.000466835
0.000367352
0.000451731
0.000393085
0.000451437
0.000448616
0.000441616
0.000381227
0.000330745
0.00037279
0.000306113
0.000256786
0.000222377
0.000150916
0.000121378
0.000128652
6.91707e-05
6.47143e-05
9.84219e-05
0.000112533
7.32997e-05
0.000258943
0.000264236
0.000716052
0.000760553
0.000506025
0.000752364
0.000803903
0.000939228
0.000722108
0.000559514
0.000774947
0.00155333
0.00140996
0.00264972
0.00286428
0.00253532
0.0027095
0.00299547
0.00261713
0.00232979
0.0018682
0.00183276
0.00131819
0.00057707
0.000505483
0.000449096
0.0003566
7.3264e-05
7.85711e-05
3.41523e-05
1.58565e-05
7.66052e-07
2.00003e-05
9.67512e-07
1.56869e-05
0.000103649
0.000128938
0.000156705
7.16097e-05
0.000230143
0.000190313
0.000202321
0.000290111
0.000372272
0.000407018
0.000549702
0.000588808
0.000736644
0.000831991
0.000959043
0.000775075
0.000969975
0.00116475
0.00133713
0.00125191
0.00147281
0.00232219
0.0026712
0.00154973
0.00152211
0.00181976
0.00212713
0.00239509
0.00262071
0.00239035
0.00262406
0.00246998
0.00261316
0.00236372
0.00261104
0.00328066
0.00371132
0.00336773
0.00391904
0.00405206
0.00360603
0.00390615
0.00422602
0.00411756
0.00541217
0.00534167
0.00601171
0.00462365
0.00603762
0.00578763
0.00605645
0.00635356
0.00556943
0.00650345
0.00557101
0.00703331
0.00689878
0.00910539
0.00607266
0.00767221
0.00782551
0.00747949
0.00850468
0.0103858
0.0128736
0.0123291
0.0123165
0.0100933
0.0101439
0.00813126
0.00684554
0.00860906
0.0137522
0.0142957
0.0121182
0.00658213
0.0113915
0.00748695
0.0141126
0.0139493
0.00657028
0.00129864
0.00130604
0.00129576
0.00121016
0.00120734
0.00127405
0.00124682
0.00124417
0.00131458
0.00178653
0.00121058
0.00162792
0.00161688
0.00175882
0.00170629
0.00112401
0.00150401
0.00115519
0.00151949
0.00113811
0.00113174
0.0011612
0.00115108
0.00122742
0.00162778
0.00110523
0.00138537
0.00138001
0.00110321
0.00136615
0.00115719
0.00115334
0.00124254
0.00138264
0.00121866
0.00122735
0.00129746
0.00127527
0.00132259
0.00129983
0.00131585
0.0015444
0.00151058
0.00125771
0.00124228
0.00126008
0.00126813
0.00123581
0.00123625
0.00116683
0.00116397
0.00116202
0.00115074
0.00113899
0.00116456
0.00110051
0.00107964
0.00109924
0.00115153
0.00117544
0.00111931
0.000981978
0.000165966
0.000125209
0.000405666
0.000266399
0.000597678
0.000592635
0.000369204
6.72568e-05
6.53895e-05
7.37941e-05
6.1872e-05
6.25486e-05
6.54652e-05
6.46477e-05
0.00018103
0.00028157
0.000554886
0.00054603
0.000636986
0.000799997
0.000720472
0.000805314
0.000888339
0.00167743
0.0020627
0.00195148
0.00187451
0.00212593
0.00251543
0.00240154
0.00249941
0.0035565
0.00358528
0.00256965
0.00254698
0.00290849
0.00271177
0.00280377
0.00250947
0.00288233
0.00253076
0.00241765
0.00268433
0.0044043
0.00445541
0.00332256
0.00387874
0.00377564
0.00351654
0.00346052
0.00320772
0.00300282
0.00327389
0.00312172
0.00518055
0.00464491
0.00410206
0.00164156
0.00150876
0.00141333
0.00210146
0.00189816
0.00127958
0.00145308
0.00132383
0.00128668
0.00142842
0.00129585
0.0012618
0.00190984
0.00168997
0.00161957
0.00134665
0.00135497
0.00239695
0.00218988
0.000571125
0.000544991
0.000469333
0.00069392
0.000789897
0.000597217
0.000627658
0.000641238
0.000610283
0.000562426
0.00256144
0.00227438
0.00203487
0.00163798
0.00164721
0.00156524
0.00127921
0.00111605
0.00108943
0.000867101
0.000828166
0.00100841
0.000816896
0.000657896
0.00055418
0.000555112
0.000146722
0.000116173
0.000123701
0.000192846
0.000149646
0.000200461
5.62508e-05
4.28299e-05
4.65022e-05
3.31373e-05
3.5189e-05
4.51276e-05
3.71164e-05
7.5965e-05
8.75512e-05
3.48602e-05
4.12582e-05
3.86553e-05
4.58531e-05
0.000282211
0.000253794
0.000584113
0.000665578
0.000495357
0.000636697
0.000533189
7.95081e-05
7.7999e-05
8.13629e-05
8.24833e-05
8.23203e-05
8.23583e-05
8.47281e-05
7.91438e-05
8.24981e-05
4.68891e-05
4.6806e-05
4.40894e-05
4.3454e-05
4.33929e-05
5.93949e-05
5.85236e-05
9.7811e-07
4.71656e-06
9.68484e-05
0.000107313
0.000754942
0.000656367
0.00115481
0.00105546
0.000843886
0.000781892
0.00132413
0.0011833
0.000295637
0.000257007
0.000159386
0.000137252
0.000132873
0.000115543
0.000110759
4.40849e-05
3.96593e-05
5.20695e-05
3.68855e-05
2.27704e-05
2.52626e-05
2.32797e-05
2.55855e-05
2.67689e-05
2.35904e-05
7.61051e-05
7.2142e-05
4.65403e-05
4.46924e-05
7.62297e-06
9.39569e-06
9.07272e-06
6.62967e-05
6.06713e-05
5.19118e-05
4.45721e-05
1.28797e-05
1.65436e-05
1.0562e-05
1.5608e-05
1.58386e-05
5.06471e-06
9.84913e-06
1.31818e-05
1.84576e-05
6.31353e-05
6.38173e-05
0.000105623
0.000109116
0.000112992
4.33655e-06
5.54521e-06
5.24765e-06
1.03949e-05
1.70311e-05
1.44124e-05
7.81512e-06
1.1538e-05
7.37723e-06
5.79751e-06
5.178e-06
7.13005e-06
9.02845e-06
7.0952e-06
7.02963e-06
1.61943e-05
2.07218e-05
9.53369e-06
1.12449e-05
4.50358e-05
4.97641e-05
4.4075e-05
3.11675e-05
3.21368e-05
5.20006e-05
5.22082e-05
1.07933e-05
1.17436e-05
2.1979e-05
2.18624e-05
2.19099e-05
2.25711e-05
2.06661e-05
4.38181e-05
4.26991e-05
3.97349e-05
4.13372e-05
3.77951e-05
3.22368e-05
1.14763e-05
1.134e-05
1.10617e-05
1.24998e-05
1.19331e-05
1.16128e-05
1.33691e-05
1.69968e-05
1.30055e-05
1.65143e-05
1.32834e-05
1.6334e-05
1.63102e-05
2.05569e-05
2.89695e-05
3.82791e-05
5.44387e-05
4.24063e-05
6.37766e-05
6.14962e-05
8.75427e-05
0.000105554
0.000117708
0.000159889
0.000157665
9.73695e-05
0.000138836
0.000140491
0.000194971
0.000211795
0.00028778
0.000285922
0.000249972
0.000231162
0.000917814
8.62665e-05
0.000847169
0.000635785
0.000494615
0.000453082
0.000579812
0.000448502
0.000405021
0.000253089
0.000184495
0.000163999
0.000158529
0.000105814
0.000100451
8.19139e-05
5.08314e-05
4.91396e-05
4.45455e-05
2.59765e-05
1.18088e-05
7.14908e-06
1.23645e-05
6.69848e-06
7.60133e-06
5.56542e-06
6.36629e-06
8.50732e-06
6.48486e-06
6.52521e-06
6.57509e-06
9.39793e-06
8.14931e-06
6.94635e-06
1.98973e-05
2.6929e-05
3.74547e-05
2.94312e-05
1.02902e-05
1.55775e-05
1.36362e-05
2.1491e-05
3.05545e-05
2.26991e-05
2.51338e-05
2.96375e-05
3.79879e-05
4.05614e-05
1.83131e-05
2.54357e-05
2.17988e-05
1.44597e-05
1.42589e-05
1.19048e-05
0.0213112
0.0194355
0.0175879
0.0159009
0.0142387
0.0123018
0.0107258
0.00895473
0.00743011
0.00597152
0.0046983
0.00365791
0.00263692
0.00219819
0.00201473
0.00133706
0.00132303
0.000792945
0.000690777
0.000374341
0.000321463
0.000306902
0.00015391
0.000165537
6.31094e-05
7.67396e-05
0.000142572
0.000393073
0.00259335
0.00255283
0.00219226
0.00317168
0.00540044
0.00648121
0.00633281
0.00476233
0.00703396
0.00742205
0.00687433
0.00725137
0.00651718
0.00565666
0.00559702
0.0052191
0.00492421
0.004241
0.00398648
0.00286705
0.00289091
0.00243692
0.00233516
0.00187392
0.00138006
0.00100375
0.00071967
0.000699553
0.000936211
0.000409071
0.00027343
0.000254553
0.000262208
0.000180701
0.00017876
0.000174977
0.000143677
0.000179546
0.000195937
0.000205739
0.000189639
0.000231913
0.000187155
0.000293385
0.000181474
0.000222644
0.000287298
0.000305694
0.000414297
0.000377506
0.000515862
0.000392541
0.0042124
0.00371654
0.00349681
0.00325398
0.00305469
0.00298724
0.00268082
0.00258059
0.00247
0.00217521
0.00207473
0.00218178
0.00215281
0.00182832
0.00180232
0.00197921
0.00201399
0.00159101
0.00164162
0.00154679
0.00161392
0.00150017
0.00142725
0.00141071
0.00142098
0.00139534
0.00159584
0.00153202
0.00159147
0.00146824
0.00142009
0.00152362
0.00140468
0.00136596
0.00144252
0.00150597
0.00146755
0.00158569
0.00155353
0.00151785
0.0016514
0.00165861
0.00162439
0.00177493
0.00174451
0.00184006
0.00192665
0.00192371
0.00188954
0.00201914
0.00217181
0.00232436
0.00250591
0.00237694
0.00233462
0.00237016
0.00229886
0.0023312
0.00237573
0.00232723
0.00239168
0.00236271
0.00239017
0.0024007
0.0024511
0.00242055
0.00247444
0.00237628
0.00251984
0.00257055
0.00275811
0.00290499
0.00253013
0.00253565
0.00274995
0.00280702
0.00230397
0.00164613
0.000597577
0.00154009
0.00101361
0.000239575
0.000298846
0.000326343
0.000512451
0.00124588
0.00187217
0.00119218
0.00151272
0.00187057
0.0025797
0.00242822
0.00222597
0.00298296
0.00346067
0.0043907
0.00279535
0.00248564
0.00338653
0.00243813
0.0032465
0.00355821
0.00355794
0.00325236
0.00351597
0.00412121
0.00364272
0.00318878
0.00282434
0.00302108
0.00261335
0.00237206
0.00236994
0.00264908
0.00195697
0.00214662
0.00187947
0.00157578
0.00175648
0.00214557
0.00137659
0.00227962
0.00195739
0.00162503
0.00199641
0.0030189
0.00266539
0.00240843
0.00166897
0.00202621
0.00235296
0.00234765
0.00153608
0.00144571
0.00205064
0.00332075
0.00363354
0.0072296
0.00683752
0.00712836
0.00180454
0.00177082
0.00203341
0.00110095
0.00761249
0.00616729
0.0051066
0.00437514
0.00116227
0.000433048
0.000163616
0.000114906
0.00104136
0.00102674
0.00094078
0.00105468
0.00106462
0.000838868
0.000839935
0.000259011
1.99856e-05
1.23573e-05
0.000242232
0.000182069
0.000289044
0.000222083
0.000203108
0.000159351
7.4838e-05
5.59797e-05
4.70207e-05
3.2645e-05
3.12271e-05
6.87864e-05
8.27084e-05
9.9603e-05
8.90957e-05
0.000162672
0.000167914
2.15876e-05
2.61724e-05
7.41916e-05
8.4956e-05
2.53397e-05
3.15866e-05
2.90839e-05
4.74762e-05
5.64335e-05
5.46588e-05
0.000134606
0.000138581
0.000126788
0.000132561
7.21254e-05
8.01139e-05
0.000120858
0.000123697
7.49981e-05
6.20536e-05
4.45323e-05
4.60277e-05
5.37103e-05
3.46833e-05
6.02779e-05
4.441e-05
7.76203e-05
5.68406e-05
5.04502e-05
3.80811e-05
3.26289e-05
1.7715e-05
1.48131e-05
1.50741e-05
1.47284e-05
1.45165e-05
1.36632e-05
1.38045e-05
1.39861e-05
1.39024e-05
1.43185e-05
1.77372e-05
1.72356e-05
1.64135e-05
1.22058e-05
1.30281e-05
1.36469e-05
1.48734e-05
2.52562e-05
1.9905e-05
4.70835e-05
8.51202e-05
9.0555e-05
7.30942e-05
8.3478e-05
0.000252066
0.000258333
0.000117873
0.000220005
0.000163121
0.000278487
0.00012486
0.000171701
0.000159601
0.000168899
0.000179195
0.000238418
0.000230425
0.000311945
0.000290289
0.000247939
0.000392168
0.000394622
0.000515257
0.00046574
0.000341376
0.000415775
0.00036764
0.000352385
0.000729425
0.000654472
0.000372357
0.000495649
0.000424873
0.000611818
0.000729185
0.000589339
0.000722687
0.000739466
0.000942351
0.000804868
0.000774253
0.000913482
0.000764045
0.000641287
0.00125348
0.0010447
0.000625012
0.0012738
0.00104147
0.00049351
0.000661399
0.000582727
0.0207434
0.0156774
0.0108982
0.00696908
0.00392707
0.00212471
0.00117185
0.00055799
0.000273243
0.000134594
5.15758e-05
3.70747e-05
3.69268e-05
6.0128e-05
4.33406e-05
3.37815e-05
3.4618e-05
3.44309e-05
3.58472e-05
3.61313e-05
3.41191e-05
3.92685e-05
3.73866e-05
4.32653e-05
3.98001e-05
3.89842e-05
0.000111388
9.93882e-05
0.000120886
8.0061e-05
6.28633e-05
5.73845e-05
4.30025e-05
4.34095e-05
4.11442e-05
3.85233e-05
3.96931e-05
3.83557e-05
4.40682e-05
4.21617e-05
4.27656e-05
4.25733e-05
4.34331e-05
4.15222e-05
4.25531e-05
4.15551e-05
0.00836429
0.00787354
0.00699291
0.00601863
0.00587619
0.00516045
0.00457291
0.00438494
0.00389951
0.00363442
0.00335305
0.0032138
0.00289229
0.0025164
0.00215769
0.00190889
0.00162465
0.00141827
0.0012894
0.00102641
0.000900323
0.0008239
0.000545823
0.000468823
0.000485031
0.000239062
0.00027573
0.000199596
0.000194536
0.00012603
0.000133352
0.000127079
0.000246227
0.000230587
0.000454637
0.000510772
0.000194952
0.000190995
0.000623533
0.000604374
0.000717193
0.0022849
0.00209455
0.00245554
0.00282598
0.00296218
0.00300068
0.00282059
0.00288497
0.0028306
0.0022773
0.002189
0.00182823
0.00155684
0.0010591
0.000625585
0.000563436
0.000405668
0.000357151
0.00017996
8.61303e-05
0.000104598
0.000274835
9.94593e-05
3.61484e-06
2.37347e-05
5.12237e-07
6.89979e-05
0.000218109
0.000390862
0.000247386
0.000420676
0.000548451
0.000588828
0.000574046
0.000668796
0.000538823
0.000727037
0.000773994
0.000741373
0.000759618
0.00101916
0.000857979
0.00115368
0.00122769
0.00140755
0.00117607
0.00127771
0.00144325
0.0014336
0.00163047
0.00171571
0.00206019
0.00247813
0.00261347
0.0028915
0.00256929
0.00312513
0.00270913
0.00273494
0.00343086
0.00389908
0.004016
0.00328631
0.00326547
0.00397481
0.00389366
0.00464942
0.0044601
0.00541457
0.00458715
0.00525156
0.00350703
0.0037549
0.00380333
0.00489549
0.00424459
0.00382713
0.00370929
0.00417546
0.00373631
0.00283872
0.0025412
0.00305414
0.00271327
0.00302937
0.00267832
0.00299424
0.00386102
0.0038267
0.00374426
0.00358165
0.00383028
0.00330811
0.0036507
0.00440433
0.00377649
0.00402539
0.00500008
0.00452003
0.0039456
0.00362404
0.00477921
0.00320211
0.00309574
0.00285342
0.00279014
0.00260183
0.00274547
0.00253399
0.00247305
0.00221185
0.00219059
0.00240342
0.00226954
0.00226096
0.00215381
0.00205836
0.00204812
0.00189458
0.00195198
0.00195456
0.00188933
0.00188082
0.00188168
0.00186063
0.00176268
0.0017183
0.00171883
0.00172979
0.00171079
0.0017709
0.0017236
0.00172216
0.00178059
0.00173133
0.00172573
0.00155138
0.00154843
0.0015753
0.00179623
0.00174448
0.0017365
0.00166468
0.00164754
0.00156562
0.00160549
0.0016252
0.00164963
0.00151749
0.00149113
0.00149584
0.00162473
0.00165099
0.00165977
0.00173685
0.00173283
0.00160299
0.00159985
0.00159291
0.00157584
0.0015616
0.00154267
0.000659644
0.000473243
0.000755004
0.0006028
0.000411696
0.000277982
0.000368393
0.000278675
0.000221559
0.00048922
0.000548213
0.000203297
0.000198364
0.000249449
0.000311188
0.000301291
0.000552571
0.000511267
0.000861733
0.00111953
0.00120988
0.000966183
0.00174804
0.00190668
0.00153964
0.00166777
0.00163911
0.00203793
0.00190798
0.0025361
0.00231642
0.00249386
0.00218997
0.00201162
0.00208822
0.00322224
0.00308002
0.0026167
0.00274801
0.00277877
0.00243684
0.00213721
0.00203054
0.00202985
0.00174986
0.00157273
0.00188647
0.00157595
0.00113765
0.000680049
0.00205376
0.000981837
0.000899887
0.00117151
0.000985461
0.000999106
0.00040002
0.000358587
0.000313554
0.000613133
0.000533388
0.000526665
0.000701712
0.000451077
0.000397995
0.000382619
0.000141057
0.000207704
0.000263098
0.000311159
0.000519093
0.0004287
0.000181218
0.000245628
6.5904e-05
7.41231e-05
8.83437e-05
8.13287e-05
0.000235871
0.00331917
0.0028146
0.000539162
0.00105636
0.000686416
0.000517982
0.000293406
0.000115148
9.3858e-05
8.46872e-05
0.000213423
0.000122107
9.34092e-05
0.000116432
7.71863e-05
7.5377e-05
7.61614e-05
8.42652e-05
8.90627e-05
0.00016336
0.000197827
7.76362e-05
0.0024537
0.00183646
3.7927e-05
3.79338e-05
3.79629e-05
3.78712e-05
3.783e-05
3.78278e-05
3.78341e-05
3.78438e-05
3.95337e-05
3.88864e-05
4.03633e-05
4.02187e-05
4.07228e-05
0.000344609
0.0003681
0.00171693
0.00163402
0.00146175
9.14077e-05
7.52933e-05
0.000332956
0.000230019
0.000200645
5.68567e-05
4.46726e-05
4.33859e-05
4.51521e-05
1.27184e-05
1.47707e-05
0.000160779
0.00016327
0.000150195
0.000115927
0.000120741
0.000100645
0.000100516
0.000103721
8.7965e-05
0.000145399
0.00014936
0.000234368
0.000227186
0.000270999
0.000257768
0.000188079
0.000177081
0.000346788
0.000255271
0.000238862
0.000242457
0.000229945
0.000201829
0.000148172
0.000190421
0.000177992
0.000156865
0.000143739
0.000133735
0.000209155
0.000191939
0.00016865
9.45576e-05
0.000962068
0.00074215
0.000750927
0.000603768
0.000434326
0.000334073
0.000251138
0.000226109
0.000190092
0.000139572
0.000172214
0.000122967
0.000113197
9.91606e-05
7.03197e-05
5.86361e-05
4.15466e-05
4.83333e-05
3.0683e-05
2.67248e-05
3.64685e-05
2.22579e-05
2.26293e-05
3.54819e-06
4.18953e-06
4.17817e-06
5.0214e-06
8.14868e-06
6.83161e-06
5.43519e-06
3.6506e-06
4.04828e-06
4.10761e-06
4.85181e-05
5.69595e-05
4.63997e-05
2.55182e-05
1.84582e-05
2.75693e-05
2.39268e-05
1.97804e-05
1.00502e-05
0.00267182
0.0017803
0.00140107
0.00107936
0.000904716
0.000579542
0.000433212
0.000181148
0.00012535
0.000139651
0.000235959
0.000172668
0.000328867
0.000237248
0.000196306
3.36329e-05
2.03377e-05
1.85137e-05
0.00010608
0.000139356
9.62722e-05
1.54842e-05
8.38694e-06
7.73944e-06
1.4893e-05
2.2784e-05
2.70938e-05
4.18846e-05
4.71586e-05
5.79867e-05
5.8798e-05
9.62402e-06
6.01848e-06
6.39594e-06
4.34754e-06
4.47939e-06
4.53545e-06
1.18355e-05
6.71345e-06
7.28098e-06
4.59842e-06
4.42735e-06
5.18222e-06
4.9134e-06
1.15182e-05
0.000161355
0.000135425
1.06943e-05
7.52435e-06
0.000543768
0.000407732
0.000921818
0.0010382
0.000855965
0.000621102
0.000400126
0.000273223
0.000216026
0.000228101
0.00015646
7.54095e-05
4.74732e-05
4.25747e-05
3.56141e-05
2.36452e-05
3.58249e-05
2.50484e-05
8.25973e-06
6.31002e-06
6.80795e-06
7.12725e-06
6.6183e-06
6.63977e-06
6.84471e-06
6.69539e-06
6.93372e-06
1.14373e-05
8.46373e-06
9.24059e-06
1.79055e-05
1.4339e-05
7.6236e-06
7.86427e-06
1.19834e-05
1.17232e-05
8.86011e-06
9.058e-06
1.03773e-05
1.082e-05
1.60002e-05
9.98631e-06
0.000339014
0.000289386
0.000512011
0.00165325
0.00106395
0.000886027
0.000773403
0.00038655
0.000252604
0.000113431
0.000109484
0.000121855
0.000145045
9.37655e-05
0.000103292
0.00102959
0.0010638
0.00364588
0.00355476
0.00341452
0.00430432
0.00529198
0.00626202
0.00607388
0.00557683
0.0060994
0.00575312
0.00512916
0.00551769
0.00532112
0.00490872
0.00416918
0.00420457
0.00372557
0.00313417
0.00249355
0.00214648
0.00146639
0.00146395
0.00104792
0.00144761
0.000436021
0.000643863
0.000474013
0.00038518
0.000199021
0.000188983
0.000238015
0.000102694
0.000172728
6.37483e-05
5.81336e-05
7.65591e-05
8.20393e-05
4.28271e-05
9.27379e-05
0.000110937
6.95812e-05
0.000126215
0.000179077
0.000224414
0.000363796
0.000430148
0.000535672
0.000448497
0.000635084
0.00191919
0.00178336
0.00188724
0.00153215
0.00149061
0.00139002
0.00138432
0.00141128
0.00131075
0.00131203
0.00144903
0.00143253
0.0012174
0.0012426
0.00119181
0.00113403
0.0011752
0.00112445
0.00123717
0.00128017
0.00124339
0.0013294
0.00112831
0.00109431
0.00117973
0.00130367
0.00143117
0.0013264
0.00138949
0.00148307
0.00144949
0.0017475
0.00187763
0.0016809
0.00165169
0.0017917
0.00176204
0.00182264
0.00176517
0.0018205
0.00195657
0.00192421
0.00202587
0.00203355
0.00210758
0.00200198
0.00197509
0.00201399
0.00212415
0.00233314
0.00228535
0.00227552
0.00211238
0.00210213
0.00208124
0.00222769
0.00219641
0.00212943
0.00209349
0.00207253
0.00193
0.00194588
0.00192082
0.00204646
0.00198694
0.00200551
0.00193505
0.00191199
0.00195154
0.00197695
0.00195021
0.00200234
0.0019548
0.00200105
0.00208398
0.0021361
0.00202997
0.00207599
0.00213608
0.00226358
0.00216037
0.00226007
0.00219865
0.00138537
0.00163967
0.000823169
0.00123699
0.000689929
0.000308103
0.000278769
0.00055558
0.000205492
0.000738249
0.000498601
0.000680714
0.00155366
0.00144551
0.00186642
0.00104416
0.000969932
0.00153093
0.0029415
0.00266656
0.00324628
0.00224378
0.00387424
0.00366083
0.00321562
0.00380481
0.00322066
0.00388064
0.00311613
0.00253885
0.00246299
0.00219427
0.00237887
0.00257785
0.00196829
0.00196803
0.0013444
0.00104977
0.000923979
0.00116342
0.00131399
0.00110129
0.000863594
0.000716609
0.000838045
0.000796752
0.000862809
0.00184181
0.00148138
0.000628408
0.000657347
0.000709764
0.000702784
0.000613318
0.000737769
0.00155627
0.00134089
0.0013867
0.00158791
0.0014942
0.00108482
0.00110077
0.00162555
0.00147104
0.000963936
0.00396026
0.0036237
0.00440542
0.00790445
0.00878059
0.00295972
0.00293282
0.00393644
0.00369619
0.000793944
0.000213601
0.000229191
0.00803966
0.0179008
0.00193115
5.61172e-05
0.000173759
0.000186061
0.000168882
0.00079396
0.000161534
0.000298733
0.000286693
0.000376177
0.000399176
1.0725e-05
2.09052e-05
1.77001e-05
0.000210655
0.000147119
0.00013948
0.000941662
0.000771107
0.000691663
0.00103929
0.000903986
0.000830924
0.00102859
0.000897091
0.000841203
0.000589881
0.000494456
0.000357536
0.000310438
0.000210352
0.000193855
0.000132555
0.00012141
3.84083e-05
2.84332e-05
2.80043e-05
3.73965e-05
3.06622e-05
3.06771e-05
2.17944e-05
2.01837e-05
2.07732e-05
2.76537e-05
3.53926e-05
3.56338e-05
6.66783e-05
7.57048e-05
3.98342e-05
3.61764e-05
7.49802e-05
6.32935e-05
0.000140293
0.000135435
0.000115258
7.7501e-05
6.38632e-05
5.40855e-05
5.83176e-05
4.74749e-05
4.4646e-05
1.67313e-05
1.47673e-05
1.43376e-05
2.196e-05
2.22958e-05
2.07786e-05
1.98442e-05
2.58045e-05
1.43644e-05
1.45855e-05
3.01879e-05
1.84872e-05
1.6417e-05
1.32321e-05
1.38479e-05
1.4276e-05
1.51681e-05
1.52453e-05
1.41249e-05
1.55369e-05
1.50878e-05
1.56928e-05
1.98798e-05
1.3837e-05
1.24031e-05
1.19175e-05
1.17279e-05
1.86733e-05
2.60355e-05
2.54863e-05
1.50642e-05
1.90505e-05
1.94631e-05
1.29286e-05
1.15093e-05
1.14994e-05
2.00829e-05
1.51981e-05
1.22729e-05
1.30595e-05
1.27926e-05
1.39647e-05
1.42372e-05
1.58253e-05
2.19828e-05
1.96561e-05
1.58899e-05
1.41344e-05
2.0923e-05
2.61536e-05
2.71456e-05
3.38007e-05
7.79777e-05
9.13677e-05
8.28179e-05
4.5031e-05
5.04423e-05
5.63252e-05
4.26152e-05
4.97675e-05
3.58136e-05
4.42168e-05
4.18077e-05
3.96178e-05
4.57444e-05
4.33503e-05
4.95611e-05
4.532e-05
5.30055e-05
3.55502e-05
4.33021e-05
3.99031e-05
5.33916e-05
5.90911e-05
3.12218e-05
3.75305e-05
3.4423e-05
5.0774e-05
5.74864e-05
6.89338e-05
7.21199e-05
5.54899e-05
6.28384e-05
5.91018e-05
9.72863e-05
9.81342e-05
6.34109e-05
6.36606e-05
5.07048e-05
5.55731e-05
5.11945e-05
3.97673e-05
4.19023e-05
4.41107e-05
5.3902e-05
5.61617e-05
3.55547e-05
3.76431e-05
3.36578e-05
4.45394e-05
4.47915e-05
4.37176e-05
4.15241e-05
3.94864e-05
3.34201e-05
3.18891e-05
2.70016e-05
2.68517e-05
3.21039e-05
3.13586e-05
2.91074e-05
2.57825e-05
2.42717e-05
2.73589e-05
3.8297e-05
2.67555e-05
0.0108323
0.00939497
0.0089429
0.00730202
0.00694424
0.0079318
0.00659009
0.00563583
7.9746e-05
0.00021457
0.000195548
0.000356043
0.000291734
0.000254971
0.000392301
0.000340145
0.000339848
0.000418027
0.000335876
0.000338662
0.000261782
0.000267704
0.000218723
0.000247836
0.000179592
0.00017846
0.00010937
7.97979e-05
7.85289e-05
7.85504e-05
0.000131653
0.000139511
0.0003488
0.000266957
0.000378474
0.000604978
0.000760974
0.000828642
0.00103418
0.000580207
0.000764793
0.00049235
0.000477183
0.00038702
0.00161713
0.00208541
0.00192345
0.00264255
0.00288356
0.00261219
0.00205353
0.00191135
0.00214272
0.00173188
0.00162712
0.00125641
0.00108227
0.00124119
0.000994957
0.000439105
0.000463793
0.000314669
0.000180535
9.30028e-05
0.000117528
1.13048e-05
2.34233e-06
7.66069e-05
8.04825e-05
9.03922e-05
0.000144189
0.000228921
0.000270381
0.000356853
0.000227412
0.000618383
0.000547846
0.00047122
0.000591102
0.000402261
0.000825408
0.00104134
0.00113292
0.00131015
0.00121064
0.00146208
0.00165362
0.00160681
0.00187777
0.00147202
0.00179688
0.00210615
0.00257402
0.00229475
0.00285018
0.00227731
0.00229064
0.00278625
0.00339131
0.00307021
0.00329467
0.00368197
0.00370963
0.00299274
0.00313323
0.00392379
0.00403256
0.00401203
0.00518921
0.00455311
0.00505902
0.00467602
0.00473338
0.00559022
0.00537047
0.00653584
0.0069637
0.00555568
0.00653049
0.00654163
0.00780855
0.00625125
0.00857633
0.0071041
0.00892326
0.00872358
0.0069609
0.00667721
0.00786316
0.00679032
0.00735248
0.00648632
0.0104298
0.00873083
0.00851073
0.00795256
0.00662992
0.0067072
0.00988893
0.00800468
0.00820749
0.00573524
0.00923646
0.00963456
0.00790223
0.00755773
0.00842403
0.00697888
0.00523906
0.0102264
0.00824419
0.00874533
0.00720067
0.00192984
0.00186256
0.00152837
0.00221124
0.00681828
0.00150369
0.0016742
0.0016542
0.00167479
0.00165109
0.00136598
0.00136613
0.00141875
0.00138462
0.00137793
0.00133443
0.00183187
0.00202087
0.00193207
0.00134993
0.00134084
0.00123451
0.00156598
0.00174342
0.00167222
0.00167894
0.00149455
0.00153869
0.00153345
0.00156828
0.00151557
0.00150134
0.00136318
0.00132986
0.00134467
0.0015135
0.00149153
0.00136581
0.00137204
0.00162728
0.00161545
0.00132604
0.00133175
0.00138326
0.00140198
0.00136628
0.00134564
0.00130265
0.00131702
0.00136853
0.00132975
0.00111061
0.00128572
0.00125552
0.00121108
0.000830926
0.000811391
0.000683477
0.000846994
0.000842983
0.000487673
0.000273668
0.000274349
0.000189809
9.35337e-05
6.47244e-05
0.000153585
0.000151595
8.70526e-05
6.5142e-05
6.93978e-05
6.99298e-05
0.000462969
0.000561737
0.000568542
0.000542062
0.000537975
0.000196293
0.000342203
0.000659267
0.000605419
0.00133365
0.00157768
0.00162584
0.00175647
0.00283894
0.00274716
0.00289383
0.00414429
0.00441511
0.00258588
0.00263992
0.00248523
0.00234346
0.00261808
0.00411799
0.00373881
0.00398765
0.00555925
0.00566866
0.00571214
0.00532912
0.00525359
0.00505435
0.00445994
0.00430663
0.0050761
0.00489032
0.00379732
0.0033903
0.00282617
0.00256753
0.00251678
0.00336505
0.00164941
0.00357925
0.00353343
0.00338529
0.00310434
0.00237057
0.00248125
0.00197826
0.0018583
0.000995695
0.000919682
0.00322505
0.0028531
0.00258794
0.00281244
0.00274677
0.00230558
0.0020463
0.0019028
0.000936006
0.000829433
0.000780967
0.00112803
0.00104736
0.00102985
0.000843445
0.000870879
0.000676153
0.000568286
0.000521564
0.000302827
0.000236806
0.000456597
0.000367255
0.000398843
0.000129718
0.00010188
0.000151377
0.000123202
2.83283e-05
2.81969e-05
7.18681e-05
0.000101276
8.1185e-05
3.07205e-05
3.86229e-05
0.000171664
0.000165071
0.0002508
0.000337704
0.000247879
0.000132014
0.000202722
0.000154057
7.95031e-05
7.7301e-05
0.000116914
0.000190379
0.00214283
0.00223601
0.0025304
8.15828e-05
8.11565e-05
8.47674e-05
8.47333e-05
8.6608e-05
9.18033e-05
9.17635e-05
9.2083e-05
8.64307e-05
8.73806e-05
4.8659e-05
4.86668e-05
7.8336e-05
4.67277e-05
4.68805e-05
4.66845e-05
