0.00326089
0.00289359
0.00250343
0.0021537
0.00181936
0.00154012
0.00131052
0.00114532
7.70926e-05
0.000114198
0.000139818
0.000120868
0.000147221
0.000141161
0.000142251
0.000138542
0.000130736
0.000127329
0.000123436
0.000128662
0.000180657
0.000290124
0.000463531
0.000700153
0.00102941
0.00133189
0.00183063
0.002773
0.00349488
0.00206298
0.00164093
0.000611623
0.000385658
0.000101138
8.59468e-05
6.64357e-05
2.01991e-05
1.98393e-05
9.79435e-06
5.09322e-05
0.000196907
0.0003179
0.000280551
0.000265424
0.000488786
0.000596737
0.000550175
0.000571164
0.000751408
0.00140679
0.00170913
0.00210836
0.00215058
0.00168351
0.00220615
0.00214051
0.00275569
0.00192806
0.00258251
0.00311019
0.0025956
0.00295239
0.00349107
0.00342001
0.00271855
0.00434693
0.00364292
0.0027637
0.0064963
0.0058893
0.00587496
0.0040164
0.00471115
0.00528615
0.00606795
0.00738988
0.00778742
0.00999601
0.0116547
0.0077734
0.00678494
0.0134767
0.0171163
0.00135432
0.00137598
0.00140267
0.00139597
0.0014094
0.00145452
0.00133134
0.00139251
0.00140067
0.00143177
0.00142858
0.00140058
0.00154011
0.00136058
0.00140055
0.00142355
0.00109871
0.00143879
0.000411391
0.000408875
0.0010789
0.000331683
0.000332647
0.000260039
0.000549974
0.000362913
0.000255647
0.000953874
0.000246802
0.000953569
0.00138848
0.00238813
0.00188714
0.00252655
0.00280277
0.00469464
0.0033604
0.00355886
0.00717291
0.00346884
0.00532079
0.00368415
0.00533967
0.00558244
0.00414893
0.00561623
0.00494646
0.00518558
0.00473312
0.00540841
0.00493458
0.00378698
0.00433909
0.0041208
0.00394332
0.00393897
0.00517888
0.00394107
0.00344982
0.00324591
0.0024067
0.00111595
0.00109448
0.000137883
1.0719e-05
9.7616e-06
4.51694e-06
0.000317923
0.000699881
0.000469832
0.000912235
0.00126085
0.00109222
0.00314442
0.000630662
0.00143869
0.000192595
0.000788626
6.08961e-05
6.2343e-05
6.5793e-05
6.74349e-05
9.9063e-05
0.000252883
0.000800924
0.00233976
0.00410763
0.00411001
0.000927059
0.00515872
0.00992887
0.00725008
0.00332616
0.00302633
0.00664391
0.00717467
0.00722916
0.00580342
0.00405178
0.00309636
0.000876322
0.000417736
0.000777038
0.00202941
0.00600474
0.00898296
0.0129131
0.00814028
0.00751502
0.00663349
0.00104282
0.000821589
0.000557173
0.0003857
0.000278258
0.00029834
0.000383268
0.00047048
0.000172085
1.50331e-06
1.12925e-06
6.02265e-06
9.6581e-07
1.56503e-05
1.63212e-05
1.70631e-05
3.51903e-05
6.08032e-06
9.58772e-06
1.07868e-05
6.32698e-06
2.90017e-06
3.46038e-06
2.25957e-06
3.60187e-06
2.01796e-06
1.10863e-05
1.53387e-05
2.85317e-06
2.16747e-06
7.50979e-06
2.47308e-06
4.55076e-06
0.000147147
0.000237424
0.00297091
0.0019927
0.00135523
0.00101053
0.000674051
0.000448235
0.000268255
0.000188306
0.000106126
9.46082e-05
4.25623e-05
0.00149714
0.00153496
0.00153534
0.00140258
0.00123863
0.00127159
0.00111929
0.00101477
0.00088388
0.000680848
0.000492096
0.00026168
7.92417e-05
2.25197e-05
7.49586e-05
0.000410071
0.000647874
0.000952527
0.00291791
0.00593809
0.00813826
0.00816113
0.00840161
0.0068688
0.00556304
0.00404748
0.0023198
0.00180673
0.00136635
0.000326414
0.000346261
0.00025517
8.52004e-05
9.88015e-05
8.34354e-05
5.98539e-05
4.56238e-05
8.25378e-05
0.000131014
6.48223e-05
0.000114642
0.000116139
0.000179594
0.00040448
0.00029434
0.000417618
0.000576518
0.000978847
0.00116058
0.0013628
0.00209152
0.00202882
0.00272323
0.00287516
0.0051681
0.00521002
0.00602535
0.00579247
0.0101424
0.00927219
0.0122117
0.0144077
0.0083899
0.0094317
0.0118492
0.0115726
0.014407
0.0224828
0.02207
0.0162213
0.0182688
0.0149184
0.0141793
0.0123076
0.0015532
0.00155994
0.0122115
0.00182972
0.00148654
0.00126998
0.00129882
0.00130039
0.0014068
0.00146301
0.00188012
0.00139879
0.00177679
0.00164309
0.00101099
0.000127615
6.4473e-05
0.000346688
6.34282e-05
0.000311599
0.000752842
0.000913243
0.00057742
0.000938903
0.0015192
0.00144177
0.00213697
0.00265723
0.00271787
0.00252687
0.00254589
0.00216091
0.003815
0.00377203
0.00361143
0.00409744
0.00364659
0.00358249
0.00401748
0.0037532
0.00398011
0.00257798
0.00410184
0.00237059
0.0023879
0.00378326
0.00223723
0.00346763
0.00262903
0.00375736
0.00243509
0.00259165
0.00264354
0.00230145
0.000772105
0.0013789
0.00107018
0.00078333
0.000664363
0.000174518
1.44683e-05
1.62071e-06
3.00951e-06
6.24612e-06
9.07165e-05
8.27899e-05
4.80372e-05
0.000826832
1.31827e-05
0.000141595
0.000141125
0.00106436
5.6162e-05
5.68767e-05
5.78867e-05
5.80052e-05
5.81829e-05
5.68517e-05
4.05002e-05
4.35105e-05
0.000108738
0.000521599
0.00134746
0.000147564
0.00236593
0.000322499
0.000238394
0.000201361
0.00224899
0.00186108
0.00124946
0.000861402
0.000480032
0.000218773
0.000172051
4.56566e-05
5.0637e-05
1.97426e-05
1.9193e-06
5.60094e-06
1.95409e-05
2.44216e-06
2.04189e-06
3.667e-06
2.74937e-06
4.1276e-06
2.51481e-05
6.13752e-06
1.52629e-05
3.45978e-06
6.53317e-06
2.82191e-05
3.60747e-05
1.29297e-05
3.57771e-05
8.71432e-05
5.62591e-05
0.0011908
0.000692724
0.00184236
0.00124251
0.000941946
0.000706994
0.000359722
0.00064819
0.000948245
0.00104353
0.000522317
0.000332118
0.000346288
9.66886e-05
0.000219143
9.48697e-05
3.05303e-05
4.55153e-05
2.86684e-05
9.08304e-06
3.12819e-06
3.78278e-06
3.56482e-06
8.52462e-06
5.73035e-06
4.77197e-06
3.59907e-06
4.70968e-06
7.7283e-06
5.11328e-06
7.12213e-06
6.37109e-06
4.13528e-06
0.00215361
0.00104671
0.000481195
0.000225189
8.36119e-05
3.8299e-05
3.31828e-05
6.06788e-06
0.00375664
0.00347625
0.0032129
0.00294459
0.00258602
0.00218945
0.00191947
0.001151
0.000924267
0.000576942
0.000267593
7.20567e-05
3.35758e-05
0.000150671
0.000454497
0.000754456
0.00270605
0.00557286
0.00898018
0.00893782
0.00974472
0.00918135
0.007477
0.0060556
0.004668
0.00373332
0.00272482
0.00166636
0.00136794
0.00117707
0.000470356
0.000508152
0.000341533
0.000304609
0.000237718
0.000209114
0.000155612
0.000142716
0.000143395
0.000160387
0.000322718
0.000239907
0.000423978
0.000764922
0.000783564
0.00140472
0.0013843
0.001643
0.00180468
0.00207258
0.00236849
0.00295655
0.00338932
0.00334885
0.00422205
0.00605227
0.0055465
0.00496456
0.005898
0.00706245
0.00873017
0.0123746
0.0117444
0.0089405
0.00908376
0.00729182
0.0061914
0.00516899
0.0087064
0.00130711
0.00509998
0.00571115
0.00119872
0.00118856
0.00124043
0.00126743
0.00129267
0.00133105
0.00124881
0.00139491
0.00126702
0.00129676
0.00118453
0.00129045
0.00125283
0.00138013
0.00127287
0.00125001
0.00131792
0.0013786
0.00139048
0.00128161
0.00124635
0.000970841
0.00125211
0.000715804
0.00036864
0.000693373
0.000142246
0.00045997
0.000318992
0.000131704
0.000250865
0.000358565
0.000188166
0.000279227
0.000388014
0.000756499
0.00165641
0.000790802
0.000873656
0.001484
0.00196513
0.00264818
0.00386525
0.00352234
0.000971207
0.00254672
0.00407595
0.00403004
0.0044066
0.00572343
0.0069875
0.00409856
0.00285942
0.00249355
0.00193403
0.00160185
0.00315839
0.0010878
0.00197985
0.00124339
0.000846101
0.000993628
0.000901416
0.000659928
0.000449934
0.000636907
0.000120113
0.00019033
0.000281449
0.000147562
0.000581429
0.000470606
7.88346e-05
6.78326e-05
0.00242253
3.76191e-05
3.76287e-05
3.76304e-05
3.76318e-05
3.76369e-05
3.76314e-05
3.76347e-05
0.000716561
7.18345e-08
0.000526339
0.00262298
0.0023412
0.00212239
0.00176104
0.00144632
0.00116564
0.000760394
0.00047567
0.000343061
0.00135606
0.00184557
0.00133898
0.00114911
0.00083651
0.000603216
0.000510835
0.000271112
0.000163124
0.000174507
7.40882e-05
3.68428e-05
2.56316e-05
8.18252e-06
4.97828e-06
9.4062e-06
8.00678e-06
9.18219e-06
0.00108432
0.000846946
0.000599859
0.000460533
0.000298031
0.000238302
0.000124207
7.93878e-05
4.34562e-05
2.73512e-05
9.17075e-06
0.00116702
0.000716811
0.000578607
0.000369875
0.000185034
7.03331e-05
4.32785e-05
4.17309e-05
5.38753e-05
1.02124e-05
2.79866e-05
1.00367e-05
1.10401e-05
3.50817e-05
8.41249e-06
4.59069e-06
1.22602e-05
1.05217e-05
0.00169556
0.00102306
0.000529891
0.000929319
0.000427833
0.000253578
0.000145249
0.000133776
6.16635e-05
0.00470878
0.00426147
0.00396531
0.00333923
0.00300238
0.00195741
0.00147849
0.00092774
0.000103717
0.000201919
0.00143062
0.00359536
0.00687753
0.00926466
0.00942122
0.00987057
0.00867971
0.00656733
0.00417899
0.00310404
0.00234419
0.0013648
0.00140451
0.00146126
0.000965728
0.00084913
0.000648452
0.00067512
0.000365956
0.000264835
0.000203604
0.000251812
0.000171178
0.000229142
0.000340545
0.000726177
0.00159197
0.002065
0.0017358
0.00281928
0.00290022
0.00277592
0.00385754
0.00674724
0.0129428
0.00700046
0.00360005
0.0031604
0.00259513
0.00227253
0.00197249
0.00187369
0.00225805
0.00186877
0.00189268
0.00182931
0.00185964
0.00186572
0.001863
0.00179375
0.00176264
0.0017512
0.0017907
0.0017881
0.00175472
0.00170968
0.00169658
0.00165186
0.00166812
0.00163455
0.00167268
0.00165943
0.00164146
0.00169968
0.00136122
0.000997969
0.00132584
0.000702753
0.000521013
0.000534794
0.000350725
0.000340068
0.000405615
0.000596765
0.00123567
0.000785206
0.00136998
0.0019794
0.0019119
0.00208979
0.00256716
0.00165338
0.00118704
0.00113626
0.000706394
0.00212041
0.00117292
0.00090125
4.697e-05
0.000586583
0.000111263
0.000166029
0.000250309
0.000306583
6.6505e-05
0.000201188
7.58011e-05
0.0014246
9.25461e-05
0.000139963
7.66472e-05
0.000348921
0.000269519
0.000122045
8.87349e-05
0.000185575
0.000876545
0.000112014
0.010213
0.0164649
0.00232904
0.0175115
3.13742e-05
3.13964e-05
3.13898e-05
3.13681e-05
3.12622e-05
3.12599e-05
0.000123225
0.000123021
0.00201205
0.00158823
0.00522542
0.00477236
0.00412867
0.00373734
0.00310827
0.00295052
0.00241328
0.00179271
0.00154884
0.0006113
0.000369101
0.000277864
0.000193529
9.15363e-05
5.32593e-05
9.77602e-06
8.51626e-06
7.0224e-06
5.93434e-06
2.21019e-05
5.38175e-05
2.35887e-05
2.61195e-05
5.84401e-05
4.93436e-05
0.000106342
3.89096e-05
4.06094e-05
6.87415e-06
6.86792e-06
0.000209611
0.000117864
0.000103235
5.71147e-05
9.88759e-06
4.98728e-06
6.54234e-06
6.7606e-06
1.35733e-05
8.27547e-06
1.6396e-05
1.1573e-05
0.00162442
0.00092951
0.00054571
0.000338358
0.000217922
8.39807e-05
4.39742e-05
3.36811e-05
1.31228e-05
1.52194e-05
1.62815e-05
6.49015e-06
7.16551e-06
6.7292e-06
7.02814e-06
8.48706e-06
9.06436e-06
1.2979e-05
1.12409e-05
8.55623e-06
9.01269e-06
2.17903e-05
2.02828e-05
8.19569e-06
0.00366814
0.00347347
0.00302096
0.00279395
0.00241041
0.00180901
0.00143236
0.0010343
0.000583858
0.00023767
8.53492e-05
0.000111292
0.000166057
0.000606292
0.00211037
0.00532329
0.00644996
0.00608071
0.00758066
0.00810928
0.00796564
0.00749315
0.00646217
0.00366761
0.0026074
0.00166156
0.00165172
0.000910231
0.000411839
0.00029735
0.00029007
0.000298357
0.000193656
0.000191233
0.000150166
0.000128232
0.000116127
9.77883e-05
7.90395e-05
0.000141401
0.000165295
0.000747673
0.000810753
0.000897726
0.00151221
0.00141198
0.0022636
0.00225633
0.00312961
0.003313
0.00319957
0.00302975
0.0038097
0.00447993
0.004268
0.00443084
0.00664381
0.00286094
0.00262676
0.00239792
0.00240642
0.00234483
0.00255266
0.00244429
0.0025215
0.00263918
0.00261737
0.00231749
0.00233382
0.00246955
0.00240032
0.00236151
0.00245398
0.00243148
0.00264147
0.00277605
0.00247508
0.00265869
0.00293389
0.00302613
0.0028876
0.00283736
0.00277412
0.00273
0.00264368
0.00279672
0.00263156
0.0013954
0.000617633
0.000423183
0.000131239
0.000124016
0.000125572
0.000135529
0.00015884
0.000504673
0.000481207
0.000589203
0.000894449
0.000715991
0.00140352
0.00136816
0.00294289
0.00267217
0.00387288
0.00379618
0.00380081
0.00677073
0.00494853
0.00524492
0.00385217
0.00638699
0.0047623
0.00438665
0.00574483
0.00593572
0.00577901
0.00587416
0.00540916
0.00564058
0.00398669
0.00557432
0.00409503
0.00391967
0.00299598
0.00360884
0.00353128
0.00251641
0.00232743
0.00860175
0.0012749
3.50148e-05
3.5292e-05
3.54201e-05
3.57591e-05
3.62181e-05
3.67263e-05
3.33697e-05
0.000355704
0.00152102
0.000151223
8.64961e-05
0.000206524
0.000172592
0.00014307
0.000122535
9.2963e-05
1.77344e-05
3.38331e-05
0.000113863
6.81345e-05
0.0144097
0.0115219
0.00924945
0.0070642
0.00510942
0.00376483
0.0024966
0.00166971
0.00112783
0.00071827
0.000370627
0.000352841
0.000139712
1.52676e-05
1.04082e-05
0.000176527
0.000141984
0.000115584
0.000180982
0.00013128
0.000102961
0.000168571
0.000218846
7.53994e-05
7.1835e-05
9.34083e-05
6.07249e-05
7.09422e-05
6.36549e-05
4.73035e-05
0.000116953
9.04683e-05
9.73451e-05
0.00230116
0.00195488
0.00130186
0.00121926
0.00101133
0.000830279
0.000769473
0.000594545
0.00049404
0.000462159
0.000380438
0.000365594
0.00028706
0.000296327
0.000263826
0.000307234
0.000235982
0.000241119
0.000228391
0.000177334
0.000165861
5.58984e-05
4.46488e-05
4.67822e-05
4.91457e-05
6.90189e-05
6.5494e-05
4.56728e-05
1.04907e-05
4.53763e-05
8.52989e-05
0.000157854
0.000204331
0.000193269
0.000152692
3.81439e-05
0.000100422
0.000286265
0.000783538
0.000827324
0.000913358
0.00264845
0.00520194
0.00486354
0.00488009
0.00405296
0.00306976
0.00152312
0.00175154
0.00122186
0.000814244
2.46884e-05
7.53527e-05
3.05573e-05
6.50814e-05
0.00012275
0.000118889
0.000236606
0.000247811
0.000475441
0.000495358
0.000524414
0.00062805
0.00107682
0.00128973
0.0013539
0.00168093
0.00174666
0.00366976
0.00410374
0.00523966
0.006037
0.00634266
0.00691577
0.00689431
0.00956037
0.00995512
0.0112401
0.0112082
0.0135679
0.015647
0.0115221
0.0150239
0.0178138
0.0155718
0.0216197
0.0181532
0.0149658
0.0173951
0.00718054
0.00321904
0.00301468
0.00313654
0.00277466
0.00283546
0.00282088
0.00335173
0.00314744
0.00300046
0.00389372
0.00400825
0.00342097
0.00309913
0.00312778
0.00296921
0.00272919
0.00289995
0.00272102
0.00260788
0.00262137
0.00113485
0.000259219
0.000131279
0.000109097
5.03404e-05
7.74352e-05
0.00015552
0.000138829
7.15656e-05
7.3133e-05
0.000435528
0.000411479
0.00069382
0.000378942
0.00123384
0.00150134
0.00080881
0.00255508
0.00150471
0.00172621
0.00158849
0.00355028
0.00274374
0.0051527
0.00490918
0.00341178
0.00497617
0.0043628
0.00458963
0.00431428
0.00400761
0.00310386
0.00378969
0.00329111
0.00341781
0.0031645
0.0022731
0.00277115
0.003278
0.00398707
0.00324182
0.00302953
0.00219343
0.00198384
0.00105226
0.00160755
0.000458871
0.00075491
0.000643975
2.11367e-05
0.000137706
0.000114782
0.000112737
7.31691e-05
0.000659864
0.00144217
5.03642e-05
5.21496e-05
5.33271e-05
5.53163e-05
5.68252e-05
5.49394e-05
3.94741e-05
3.95496e-05
0.000954681
4.8429e-05
0.00148286
0.00424875
0.00372249
0.00365685
0.00321884
0.00242391
0.00170255
0.00150039
0.000872293
0.000544673
0.00042959
0.000201391
0.00015204
6.78148e-05
7.83697e-05
5.52731e-05
6.89447e-06
4.15722e-06
4.52982e-06
4.82309e-06
1.20476e-05
1.43339e-05
1.67713e-05
6.77294e-05
8.83077e-06
1.35382e-05
7.22939e-06
1.50825e-05
1.64862e-05
6.1857e-05
3.89695e-05
4.51326e-05
0.00218152
0.00135872
0.00101489
0.000560697
0.0019734
0.00137351
0.00068439
0.0007762
0.000804115
0.000812529
0.00263642
0.00223193
0.00228859
0.00147167
0.000598038
0.000306962
0.000426773
0.000298303
7.18415e-05
7.83321e-05
8.79136e-06
4.4241e-06
0.000247275
0.000336741
0.0004117
0.00034207
0.000185692
0.000207389
0.000183187
8.74209e-05
9.98246e-05
0.00060935
0.0108379
0.00693172
0.00400233
0.00207622
0.000991344
0.00052226
0.000184911
0.000101478
4.81211e-05
0.00477269
0.00442529
0.00417968
0.00384818
0.00335163
0.0030011
0.00264257
0.00216056
0.00169224
0.00129547
0.000763531
0.000370031
0.000368338
0.000137194
5.67215e-05
0.000160479
0.00044095
0.000487289
0.00217715
0.00282855
0.00531216
0.00748728
0.00800068
0.00619392
0.0045198
0.00370282
0.00220688
0.00182876
0.0011517
0.000582118
0.000352273
0.000201061
0.000174485
0.000131265
0.000131363
0.000125459
0.000128247
0.000199956
0.000189979
0.000231558
0.00017459
0.000462071
0.000540458
0.000686121
0.000993208
0.00102943
0.000978143
0.00147402
0.00187303
0.00204338
0.00209394
0.00276022
0.00252271
0.00354154
0.00517918
0.00556275
0.00521143
0.00450934
0.00537937
0.0078892
0.00707048
0.00532911
0.00888142
0.0100354
0.00680637
0.00743485
0.00842911
0.00595801
0.00652194
0.00637754
0.00741527
0.00239517
0.00222641
0.00210468
0.00196712
0.00188661
0.00203802
0.00199981
0.00175589
0.00177966
0.00173031
0.0018509
0.00158868
0.0016961
0.00150968
0.00162761
0.00152434
0.00166996
0.00152388
0.00152162
0.00151023
0.00144188
0.00154118
0.00149956
0.00151999
0.00145648
0.0014829
0.00140039
0.0014127
0.00150157
0.00139246
0.00149331
0.00067804
0.000874311
0.000570032
0.00022751
0.000178299
0.000175433
0.000230554
0.000171991
0.000228707
0.000429232
0.000312222
0.000373577
0.00062073
0.000614851
0.000586925
0.00210116
0.002505
0.00232845
0.00293776
0.0026016
0.00320414
0.00330072
0.00270139
0.0035715
0.00177206
0.00453159
0.00343289
0.00306741
0.00277951
0.0022067
0.00225049
0.00131485
0.00177851
0.00121152
0.00133432
0.000619977
0.000576408
0.00063906
0.000406155
0.000750744
0.000282188
0.000508503
6.89747e-05
0.000302737
0.000224984
0.000278255
0.000131661
0.000114905
0.0034326
0.00025324
0.000150955
3.69741e-05
3.71275e-05
3.71286e-05
3.69887e-05
3.6991e-05
3.69822e-05
5.21132e-05
0.00190265
0.00025845
0.000409095
0.0010446
0.00120839
0.0012421
0.00100431
0.000746743
0.000639716
0.000457661
0.000254908
0.00013595
4.50199e-05
2.91089e-05
4.39138e-06
2.85469e-05
0.000505665
0.000380931
7.16234e-05
0.00026356
0.00019681
0.000151558
6.09258e-05
1.16632e-05
1.04983e-05
4.61508e-06
3.46549e-06
1.6537e-05
1.66253e-05
2.15374e-05
7.04083e-05
2.16172e-05
2.72579e-05
7.61267e-05
4.72371e-05
5.63709e-05
0.000994356
0.000604487
0.000574312
0.000432084
0.000323836
0.000311293
0.000166708
0.000121047
9.87616e-05
4.66824e-05
0.00106837
0.000673949
0.000487012
0.000395959
0.000193607
0.000120852
9.07923e-05
4.89107e-05
1.53201e-05
9.98632e-06
9.054e-06
5.56827e-06
4.89858e-06
5.31134e-06
5.98161e-06
4.88779e-06
5.76315e-06
8.12222e-06
4.35469e-06
7.71764e-06
2.82585e-05
4.88591e-06
5.60274e-06
4.94669e-06
1.14044e-05
0.00161564
0.000958772
0.000479955
0.00042491
0.000515009
0.000282699
0.00015524
8.92871e-05
5.60443e-05
4.9309e-05
0.00434981
0.0038747
0.00354762
0.0030487
0.00241313
0.00194384
0.00135662
0.00087678
0.000677788
0.000710326
0.000292796
6.29587e-05
9.76845e-05
0.000237253
0.000387677
0.00331493
0.00560201
0.00883995
0.00849287
0.00945176
0.00862689
0.00820356
0.00632304
0.00579613
0.00508253
0.00319948
0.00105805
0.0013499
0.00139125
0.00109335
0.000759679
0.000460556
0.000200618
0.000180192
0.000160335
0.000145888
0.000128396
0.000138245
0.000201839
0.000122364
0.00034223
0.000460222
0.000395143
0.0006902
0.000893956
0.00139618
0.00159764
0.00155829
0.00202971
0.00235973
0.00238466
0.00306428
0.00334234
0.00644654
0.00517261
0.00511621
0.00514048
0.00506457
0.00586217
0.00366038
0.00487091
0.00248569
0.00216747
0.00201443
0.00172932
0.00181469
0.00152192
0.00165387
0.00178601
0.00174261
0.00163924
0.00166398
0.00163333
0.00170699
0.0016339
0.00161815
0.00160722
0.00160015
0.00157619
0.00158057
0.00158051
0.00155173
0.00156283
0.00154814
0.00151875
0.00152531
0.00156863
0.00146307
0.00158708
0.00155305
0.00135641
0.000867864
0.000494339
0.000413165
0.000264951
0.000341115
0.000338391
0.000305986
0.000321669
0.00117692
0.000898575
0.00110377
0.00141519
0.00113776
0.00127012
0.0011533
0.00158385
0.00296847
0.0011476
0.00173227
0.000606707
0.00117693
0.000692217
0.000584809
0.000395314
4.94858e-05
0.000105127
0.000371016
8.58038e-05
0.000389701
0.000470852
0.000133554
0.000611555
0.000352419
0.000158732
0.000328484
0.000114848
8.22726e-05
0.000826642
0.000464226
0.000102582
0.000184794
0.00419282
0.00631537
0.00227897
0.00193482
0.00141783
0.00191296
0.00141035
3.57882e-05
3.57951e-05
3.57935e-05
3.57393e-05
3.56349e-05
3.56304e-05
3.56264e-05
0.000100741
0.000667005
0.00209873
0.00490002
0.00540378
0.00466157
0.00368088
0.00393892
0.00275008
0.00237259
0.00185169
0.00122225
0.000800121
0.000444292
0.000316604
0.000119894
0.000173808
0.000117724
1.25702e-05
5.71738e-06
1.29402e-05
4.03766e-05
3.64196e-05
2.88381e-05
8.16427e-05
7.19918e-05
2.35006e-05
3.26058e-05
1.58907e-05
1.91372e-05
2.72647e-05
1.77402e-05
3.27237e-05
3.37856e-05
3.32235e-05
4.32838e-05
1.76382e-05
5.52279e-05
1.07437e-05
0.000137105
0.000149063
9.53449e-05
8.2862e-05
3.61419e-05
9.8686e-06
6.3973e-06
5.49727e-06
5.8805e-06
6.23962e-06
6.25715e-06
4.90841e-06
4.58973e-06
0.00153994
0.000920642
0.00058511
0.000383075
0.000179489
0.000124792
6.28779e-05
2.81216e-05
4.73991e-05
2.26107e-05
3.49118e-05
1.86957e-05
5.77841e-06
5.3804e-06
5.65445e-06
7.87644e-06
6.86158e-06
5.76964e-06
6.92655e-06
6.02306e-06
7.89338e-06
6.21458e-06
6.16805e-06
6.5456e-06
7.23338e-06
0.00335686
0.00317163
0.00299898
0.00259219
0.00214316
0.00154337
0.0012735
0.000722127
0.000385566
0.000181838
5.60614e-05
0.000163294
0.000261426
0.000874537
0.00336023
0.00451183
0.00657017
0.00917697
0.00890556
0.00855523
0.00754873
0.00737946
0.0066349
0.00525785
0.00464642
0.00184941
0.00194283
0.00129124
0.00074629
0.00103276
0.000403966
0.000434878
0.00061681
0.000186978
0.00044768
0.000240397
0.000163304
7.61046e-05
7.22456e-05
6.56571e-05
5.43629e-05
3.89101e-05
9.99062e-05
8.4202e-05
0.000455413
0.000617084
0.00137235
0.0018028
0.00192892
0.00214302
0.00284315
0.00314519
0.00291392
0.00427144
0.00450343
0.00445948
0.00468648
0.00621939
0.00239233
0.00218827
0.00285148
0.002237
0.00233964
0.00215234
0.00224191
0.00273601
0.00268484
0.00248348
0.00224623
0.0022905
0.00231353
0.0023907
0.00237628
0.00240711
0.00247817
0.00233558
0.00250349
0.0024241
0.0025742
0.00232042
0.00246251
0.00241047
0.00217407
0.00238056
0.00227213
0.00237538
0.00240785
0.00119189
0.00232616
0.00108233
0.000406297
0.000155826
0.000220358
0.00015587
0.000216381
0.000327329
0.000388554
0.00109061
0.00112348
0.00166029
0.00101494
0.00143533
0.00294111
0.0030047
0.00328163
0.0034956
0.00497442
0.00423978
0.00428786
0.00434513
0.00552812
0.00526011
0.00330967
0.00483448
0.00407965
0.00283444
0.00374788
0.00311232
0.0016366
0.00341255
0.00211763
0.0019148
0.00212951
0.00203025
0.00141916
0.00187797
0.00239997
0.00221196
0.00300963
0.00245789
0.00726213
0.00383664
0.004161
0.00355835
4.1399e-05
4.21701e-05
4.24149e-05
4.25925e-05
4.33554e-05
4.32278e-05
3.78976e-05
6.44501e-05
6.4711e-05
0.00137018
0.00122859
0.000799006
0.0113232
0.013381
0.0114869
0.00995365
0.00872144
0.00777525
0.00655371
0.00511945
0.00368955
0.0029118
0.00168375
0.00118898
0.000770287
0.000523481
0.000251292
0.000177169
9.78712e-05
5.53899e-05
3.63699e-05
2.72532e-05
7.07671e-05
3.47583e-05
4.12715e-05
6.10444e-05
5.07585e-05
4.60043e-05
8.10456e-05
2.03895e-05
2.02003e-05
3.23979e-05
3.33381e-05
3.04504e-05
3.57793e-05
3.03431e-05
6.58453e-05
6.94335e-05
4.0408e-05
8.43246e-05
0.000654926
0.000902323
0.000770877
0.000727272
0.000593897
0.000519016
0.000316446
0.000287275
0.00039529
0.000298911
0.000293832
0.000320097
0.000302876
0.000234247
0.000283653
0.000273506
0.000228329
0.000249761
0.000231928
0.000209755
0.00018343
0.000235487
0.000197095
0.000170604
0.000167301
0.000148397
0.000200047
0.000155252
0.000145929
0.000142495
0.000172008
0.000147883
0.000143948
0.000107611
8.29321e-05
0.000157801
0.000228773
0.000217728
0.000178786
0.000119118
6.44288e-05
4.8802e-05
4.76785e-05
0.000155061
0.000873263
0.000627493
0.00155203
0.00355048
0.00401539
0.00477584
0.00462115
0.00352529
0.00219326
0.00131994
0.000430601
0.000628083
0.000328672
0.000121757
8.58036e-05
1.98508e-05
1.48639e-05
2.83319e-05
8.16193e-05
7.16269e-05
8.55308e-05
0.000222601
0.000222197
0.000388694
0.000532531
0.000794104
0.000938078
0.000973379
0.00118042
0.00292762
0.00398485
0.00408067
0.00559948
0.00574077
0.006785
0.00595815
0.00623557
0.00816802
0.0107129
0.00912618
0.0140271
0.0144368
0.0111779
0.0139286
0.014768
0.0167022
0.0150279
0.0217897
0.0230283
0.0120105
0.0115121
0.00445474
0.00420495
0.00508062
0.0050256
0.00430383
0.00352228
0.00324637
0.00347693
0.00297855
0.00283814
0.00288452
0.0026992
0.00233887
0.002517
0.00237808
0.00254786
0.0024082
0.00239467
0.00232695
0.00224207
0.00201447
0.00207991
0.00123181
0.00197861
0.000802985
0.000605019
0.000253192
0.000243595
0.00023859
0.000446677
9.93103e-05
0.000683821
0.000129716
0.000636875
0.000972585
0.000509898
0.000522028
0.000828169
0.00146514
0.00202253
0.00223414
0.00213092
0.00197153
0.00265306
0.0026015
0.00389287
0.00328584
0.00441497
0.0032494
0.00293547
0.00324366
0.00317225
0.00515247
0.0028083
0.00549104
0.00534123
0.00298458
0.00305799
0.00279956
0.0023733
0.00212763
0.00161529
0.0017246
0.000470717
0.00236472
0.000355512
0.00146769
0.000461291
0.000512129
0.00150349
0.00160642
0.000211304
0.000246068
0.00147796
0.000106119
0.000215334
0.00188397
0.000839543
1.69575e-05
3.93512e-05
4.08484e-05
4.10181e-05
3.89539e-05
4.10954e-05
3.9265e-05
4.18535e-05
4.23103e-05
4.44234e-05
0.00140663
0.00141759
0.00205823
6.36797e-06
0.00367229
0.0030961
0.00268197
0.00241668
0.00232797
0.00219361
0.00175537
0.00158832
0.00107029
0.000782411
0.000463187
0.000392292
0.000170532
9.424e-05
6.73287e-05
0.000103366
3.75674e-05
4.16312e-05
6.92149e-06
6.42096e-06
3.35878e-05
5.20604e-05
1.32384e-05
2.97177e-05
0.000117775
6.67866e-05
7.32868e-05
2.09029e-05
7.85301e-05
8.25388e-05
0.00015876
0.000155183
0.000989307
0.00113316
0.000658911
0.000359933
0.00107655
0.000977329
0.000398021
0.000269501
0.000151206
0.000301489
0.000133051
9.00261e-05
0.000118936
3.7493e-05
2.43369e-05
2.44754e-05
1.66985e-05
7.06591e-06
1.03059e-05
6.67349e-06
8.13382e-06
1.32303e-05
1.02338e-05
3.41192e-05
1.95018e-05
0.00659909
0.0041211
0.000743326
0.00282702
0.00153978
0.000932515
0.000424459
0.000184491
6.01252e-05
3.02322e-05
3.60372e-05
1.23134e-05
9.27638e-06
1.50867e-05
8.4559e-06
0.00479764
0.00449064
0.00424808
0.00378089
0.00329762
0.00288351
0.00254087
0.00208072
0.00138552
0.00107877
0.000718411
0.000665807
0.000373323
0.000104517
6.88763e-05
0.000230999
0.000397444
0.00113636
0.00318406
0.00435349
0.00612322
0.00751791
0.00782257
0.00670375
0.00508784
0.00446664
0.00265042
0.00123303
0.001324
0.000648834
0.000477622
0.000257333
0.000199894
0.000130103
0.000103248
0.000107821
0.000128987
0.000216725
0.000163172
0.00031331
0.000550948
0.000573645
0.000811587
0.00097679
0.00109041
0.00159499
0.0019893
0.00189206
0.00255439
0.00297894
0.00339128
0.00402307
0.00472088
0.00523115
0.00785537
0.00692399
0.00725568
0.00923465
0.00600239
0.00837953
0.00549632
0.00607614
0.00494044
0.00442857
0.00749587
0.00807557
0.00601885
0.00520437
0.00939556
0.00850167
0.00201036
0.00191129
0.00191679
0.00181986
0.00185998
0.0018151
0.00174311
0.00175607
0.0016643
0.00160261
0.00163863
0.00165212
0.00154112
0.00174547
0.0015256
0.00151265
0.00152233
0.00145879
0.00149983
0.00141136
0.001461
0.00161943
0.00143126
0.00138752
0.00138205
0.00147514
0.00144919
0.00149619
0.00134611
0.0014124
0.00123562
0.000584732
0.000428917
0.000635065
0.000419347
0.000508325
0.000257509
0.00020012
0.000548454
0.000337267
0.000524975
0.00148837
0.000438308
0.0012807
0.00179432
0.00189257
0.00141827
0.00155233
0.00153692
0.00242075
0.00290257
0.00148279
0.0037247
0.0029825
0.00380726
0.00352545
0.00298858
0.00295988
0.00237713
0.00174687
0.00184749
0.00322205
0.00218006
0.00148961
0.00115598
0.00101011
0.000926347
0.00206519
0.000673816
0.000561475
0.000588311
0.000275979
0.000256222
0.000242979
0.000245446
0.000489857
0.00028525
0.000191271
0.000240611
0.000156663
0.000153153
0.00396882
4.04894e-05
4.00482e-05
4.00352e-05
4.05597e-05
4.01164e-05
4.0091e-05
3.89341e-05
4.66235e-05
0.00156896
0.000163304
3.08578e-05
0.000879297
0.00138052
0.00143856
0.00125557
0.000841038
0.000701192
0.000447504
0.000254512
0.000104208
6.70344e-05
1.69106e-05
5.97918e-06
0.000936335
0.000549203
0.000326951
0.000303684
0.000218067
0.00016145
0.000117446
4.98186e-05
1.67719e-05
1.13411e-05
4.51408e-06
6.10825e-06
7.13524e-06
3.29444e-06
3.80761e-06
1.61029e-05
5.85768e-06
5.5193e-06
3.62572e-05
3.31179e-06
0.00120995
0.000747349
0.000532738
0.000506875
0.000372482
0.000271368
0.000101567
0.000121819
2.53495e-05
1.12387e-05
8.19843e-05
0.000105177
4.2721e-05
8.7342e-05
8.41993e-05
0.000216731
9.46057e-05
0.000139194
2.81548e-05
0.000128035
0.000103493
0.000157354
0.000148602
0.000112183
0.000158012
0.000103107
0.000129669
0.000122071
0.000110759
3.17613e-05
3.60173e-05
8.21393e-05
0.000114309
0.000105153
0.000111317
2.79047e-05
0.000121033
0.000115081
0.000114266
4.07551e-06
4.75834e-06
4.77588e-06
0.0107125
0.000696302
0.000751615
0.000804983
0.000749418
0.000589715
0.000486802
0.000432749
0.000348496
0.000121673
8.96783e-05
2.68039e-05
9.15553e-05
0.000323757
0.00072902
0.000890802
0.00282948
0.00557753
0.0061478
0.00882281
0.0086666
0.00804949
0.00682313
0.00496015
0.00312353
0.00186058
0.0016976
0.00145499
0.00141903
0.000682712
0.000632863
0.000294287
0.000261063
0.000198786
0.000140207
0.000130607
8.84852e-05
0.000150974
9.92426e-05
0.000152547
0.000191036
0.000328942
0.000535208
0.000640687
0.000818739
0.00123623
0.0013737
0.00197371
0.00241991
0.00286395
0.00369642
0.00372157
0.00409161
0.00418776
0.00564966
0.00579387
0.00814075
0.00693678
0.0207735
0.00419378
0.00370174
0.0043843
0.00727658
0.00478666
0.00448303
0.00271314
0.00256174
0.00228062
0.0021112
0.00186371
0.00190196
0.00189784
0.00173856
0.00160674
0.00156284
0.00166612
0.00159031
0.00153595
0.0014964
0.00140828
0.00152489
0.00164578
0.00140852
0.00138264
0.0014552
0.00144272
0.00139347
0.00127903
0.00142309
0.00142296
0.0013814
0.000952621
0.000751314
0.000237039
0.000371266
0.000216382
0.000536049
0.000223083
0.000181012
0.000628329
0.00105593
0.000612871
0.00206348
0.00173685
0.00128569
0.00281904
0.00206335
0.0020308
0.000968207
0.000862444
0.001782
0.000734428
0.000528497
0.000456979
0.000401039
0.000296986
4.1575e-05
0.000830182
0.000135919
0.000105336
0.00103391
0.000105735
0.000504032
0.000263637
0.000176608
7.16086e-05
0.000688815
8.92238e-05
0.000293125
0.00314501
0.00440187
0.00277296
0.00281827
0.00158924
0.00138818
0.00160623
0.000904549
0.00294078
3.96748e-05
3.96819e-05
3.96866e-05
3.96757e-05
3.96283e-05
3.95466e-05
3.95136e-05
0.000119963
0.000807695
0.00107591
0.00595337
0.00421712
0.00362064
0.00450767
0.00288437
0.00280921
0.00202804
0.00155506
0.00109653
0.000786422
0.000579447
0.000214438
7.89638e-05
7.19979e-05
5.35009e-05
1.66304e-05
4.70456e-06
8.46186e-06
6.46646e-05
6.16141e-05
2.6176e-05
6.95584e-06
5.10116e-05
3.21465e-05
4.23395e-05
4.07282e-05
7.38341e-05
0.000137209
3.21218e-05
0.000127137
4.07033e-05
3.84396e-05
6.64388e-06
3.65169e-05
0.000172561
0.000127921
0.000111998
4.88392e-05
3.40066e-05
7.11883e-06
1.9723e-05
8.50336e-06
9.77201e-06
3.6672e-06
6.63568e-06
0.000656957
0.00038885
0.000252596
0.000188607
8.50311e-05
5.58593e-05
3.83465e-05
1.88889e-05
4.75067e-06
8.7186e-06
6.27546e-06
5.9601e-06
4.32814e-06
4.55011e-06
5.05337e-06
5.10806e-06
6.36622e-06
4.7587e-06
1.55438e-05
5.3173e-06
9.30246e-06
7.82278e-06
7.48058e-06
5.43917e-06
1.30713e-05
0.00223302
0.00218142
0.00215886
0.00195405
0.00157433
0.00138561
0.000917971
0.000580625
0.000389877
0.000107928
4.01638e-05
0.00011295
0.000393
0.000383243
0.000919835
0.00320852
0.0063115
0.00971532
0.0106135
0.00866611
0.00675204
0.00719908
0.00405393
0.00280117
0.00180339
0.00143352
0.000976107
0.000557923
0.000451358
0.000440931
0.000366024
0.000459928
0.000465587
0.000203399
0.000173784
0.000155755
0.000127155
0.000116396
0.000128846
0.000116083
0.000392524
0.00035257
0.000542834
0.00110786
0.00153796
0.00174883
0.00198295
0.00195079
0.00312708
0.00344549
0.00500596
0.00518255
0.00663992
0.00604875
0.00739662
0.00297645
0.00738603
0.00288947
0.00250983
0.00257332
0.00245106
0.00246256
0.00241275
0.00216479
0.00226258
0.00250864
0.00225767
0.00245718
0.00253059
0.00228464
0.00222251
0.00205702
0.0022212
0.00191029
0.00213261
0.0021202
0.00218517
0.0021097
0.00205869
0.00209589
0.0019632
0.00205587
0.00211256
0.00195457
0.00209727
0.000983655
0.000578591
0.000105198
0.000178383
0.000129155
0.000273307
0.000422415
0.000145338
0.00014986
0.00137194
0.000841869
0.00172079
0.00104506
0.00201711
0.00351025
0.0023515
0.00702071
0.0040819
0.00496029
0.00478118
0.00328742
0.00531626
0.00524791
0.00396316
0.00540221
0.00532622
0.00300124
0.00619372
0.00424
0.00443053
0.00442201
0.00293773
0.0040649
0.00233179
0.00162742
0.00149688
0.00136719
0.00086598
0.000781403
0.00242879
0.00140671
0.00151156
0.000874938
0.000856565
0.000526266
0.000187753
4.16733e-05
4.17185e-05
4.17981e-05
4.18387e-05
4.19927e-05
4.22153e-05
4.21901e-05
4.06841e-05
0.000634439
0.000655523
5.73324e-05
0.0155638
0.0118364
0.0103979
0.00916079
0.0084634
0.0081102
0.00737744
0.00668481
0.00552571
0.00442327
0.00319603
0.00236415
0.00144426
0.00100274
0.000502268
0.000289367
0.000141903
8.94462e-05
9.40701e-05
2.62806e-05
1.86256e-05
2.9772e-05
2.21137e-05
6.48214e-05
6.26584e-05
8.46093e-05
7.39134e-05
6.75877e-05
3.981e-05
3.34256e-05
7.09863e-05
3.95423e-05
2.59612e-05
4.37524e-05
5.21488e-05
4.4974e-05
4.69475e-05
5.78271e-05
6.50251e-05
1.72822e-05
6.56737e-05
6.09858e-05
2.516e-05
2.53868e-05
0.000822591
0.000752875
0.000647356
0.000676231
0.000667461
0.000597349
0.00062022
0.000539161
0.000528841
0.000489853
0.000426628
0.00040981
0.000363916
0.000358593
0.000278583
0.000292836
0.000352685
0.000292799
0.000255974
0.0002433
0.00022604
0.000185115
0.000214404
0.000210914
0.000152017
0.000139075
0.000128995
0.000148191
0.000239353
0.000117975
0.000116352
2.56325e-05
7.69666e-05
0.000254678
0.000555714
0.000778845
0.000666866
0.00281516
0.00295377
0.00600101
0.00695359
0.00649648
0.0055247
0.00387504
0.00305857
0.00154824
0.0010246
0.0011218
0.000493502
0.000203495
6.34302e-05
5.96408e-05
0.000149559
2.42863e-05
5.61394e-06
5.52007e-05
2.60945e-05
8.45258e-05
0.000358746
0.000426108
0.000616279
0.000922696
0.00256821
0.0028164
0.00309887
0.00357387
0.0043869
0.00540928
0.0058189
0.00794797
0.00789057
0.0107556
0.00966469
0.0117005
0.0102519
0.0139373
0.0189143
0.0140215
0.0131834
0.0140155
0.0122747
0.0104327
0.00181743
0.00188419
0.00193323
0.00209307
0.00190828
0.00209703
0.00193292
0.00197894
0.00210884
0.00206101
0.0021704
0.00239694
0.00221584
0.00225697
0.00228084
0.00235284
0.00234694
0.00229739
0.00277695
0.00235246
0.00271448
0.00246154
0.0024537
0.00245638
0.00209583
0.00214557
0.000459722
0.000954266
0.00097335
0.000379168
0.000353171
0.000656573
0.000509174
4.87309e-05
9.27882e-05
8.40767e-05
5.59974e-05
0.000852638
0.00112221
0.000377389
0.000964725
0.000781999
0.00126456
0.000670803
0.000861022
0.00359265
0.00282648
0.00287429
0.00416844
0.00680631
0.00387416
0.00486584
0.00453465
0.00302278
0.0043992
0.00343832
0.00374398
0.00368041
0.0033555
0.0032675
0.00238403
0.00163928
0.00136784
0.000998294
0.000481209
3.01351e-05
7.01701e-06
0.000453399
0.00066439
0.0020581
0.00384418
0.00766139
0.0100318
0.0138968
0.0109701
0.00900216
0.00843952
0.0076177
0.00911215
0.0082803
0.00891081
0.00527311
0.00739376
0.0093937
0.00310902
0.00303052
0.00328052
0.00347021
0.00435181
7.54523e-05
8.12543e-05
8.5914e-05
9.02592e-05
0.000392236
0.00185039
0.00011772
0.0012084
0.000981561
0.000970086
0.000777617
0.000517936
0.000404087
0.000220865
5.18429e-05
1.74573e-05
1.17199e-05
3.37313e-06
1.25461e-05
1.03077e-05
1.0087e-05
1.44198e-05
3.82735e-05
4.83803e-05
6.46483e-05
0.000125926
0.000212491
7.83868e-05
0.000167429
0.000198729
0.000149539
0.000129465
0.000105239
0.000194776
0.000142992
0.00019253
0.000696124
0.000313849
0.00031904
0.00058173
0.000301541
0.000202082
0.000267752
9.69392e-05
0.000167813
7.84555e-05
2.97851e-05
2.01983e-05
7.26175e-06
7.16373e-06
3.08077e-06
2.22824e-05
9.20029e-06
2.15052e-06
3.07988e-06
3.12366e-06
5.39576e-06
7.45323e-06
3.44838e-05
3.87439e-06
6.5423e-06
6.67341e-06
1.44052e-06
1.73297e-05
1.3998e-05
5.99744e-06
4.55212e-06
5.43039e-06
0.00476835
0.00307391
0.00191545
0.000875741
0.000352969
0.000172143
7.9693e-05
3.83498e-05
1.74676e-05
1.08712e-05
6.21848e-06
0.00311787
0.00304862
0.00278441
0.00247887
0.00217118
0.00186801
0.00158784
0.00118148
0.000870135
0.000269817
0.000107832
0.000113474
0.000141606
0.00049592
0.000738189
0.0028538
0.0063239
0.0090249
0.0101854
0.0130895
0.0137361
0.0125392
0.00944566
0.00832185
0.00894789
0.00532227
0.0041329
0.00371237
0.00179983
0.00174969
0.00151161
0.00130665
0.00118221
0.000809552
0.000898219
0.000582534
0.000492738
0.000502215
0.000360941
0.000300666
0.00021343
0.000285359
0.000224101
0.00022601
0.000310856
0.0015476
0.00163809
0.002262
0.00284905
0.00374632
0.00461704
0.00470075
0.00226307
0.00223403
0.00232166
0.0032359
0.00396933
0.00533897
0.00635029
0.00778145
0.00491326
0.00377211
0.00137823
0.00128802
0.00138095
0.00135011
0.00137806
0.00139623
0.00124485
0.0013925
0.00122918
0.00134955
0.00129731
0.00121689
0.00127123
0.00127912
0.00128236
0.00124487
0.00125513
0.00126632
0.00130793
0.00116292
0.00129459
0.00121249
0.00136168
0.00118657
0.0011872
0.00119071
0.00117952
0.000653855
0.000981327
0.000181691
0.000725528
0.000101191
0.000102262
0.000209374
0.000637671
0.000506749
0.00270405
0.00296074
0.00270463
0.00419377
0.00336698
0.00454925
0.00480366
0.00753059
0.00672369
0.00401934
0.00593268
0.00520748
0.00374089
0.00553992
0.00447405
0.00185378
0.00137574
0.00265743
0.00196793
0.0013906
0.00136149
0.000762794
0.000822421
0.000331897
0.000578721
0.000640478
0.000516537
0.000173909
0.000251035
0.00042032
0.000153916
0.000257406
0.000318301
0.000303974
0.000575879
0.00100176
4.68516e-05
4.72756e-05
4.68887e-05
4.73792e-05
4.72414e-05
4.68527e-05
4.54851e-05
0.00050293
0.000661542
0.000485581
0.00257835
0.00249428
0.0023029
0.00207744
0.00155296
0.00121081
0.000728939
0.000544667
0.00205366
0.0016442
0.00095926
0.000752303
0.000691841
0.000441224
0.000429011
0.000313692
0.000190761
8.50964e-05
0.000107921
6.19463e-05
2.1943e-05
5.22659e-06
4.39224e-06
3.38727e-06
3.30922e-06
0.00105124
0.000613775
0.000475542
0.0003872
0.000342904
1.56878e-05
4.69633e-06
6.2505e-06
3.22376e-06
5.37003e-06
7.39913e-06
2.0932e-05
1.29426e-05
4.08804e-05
5.45222e-05
0.000111535
0.000106149
5.637e-05
0.00010697
0.000112763
0.00013768
0.000114286
0.000137219
3.93819e-05
6.52974e-05
0.000127601
0.000133891
0.000127617
4.27497e-05
7.57084e-05
0.000160809
1.83752e-05
1.44735e-05
0.000293711
0.0003727
0.000496703
0.00041399
0.000415793
0.000379278
0.0002879
0.000193739
0.000114949
3.91527e-05
3.52386e-05
0.000139752
0.000633942
0.000703089
0.00342994
0.00721183
0.00948107
0.00991022
0.00938605
0.00749166
0.00806871
0.00576748
0.00497476
0.00233062
0.00307743
0.00173295
0.000898659
0.000473807
0.000479119
0.000412713
0.00036793
0.000290098
0.000244226
0.000234762
0.00024474
0.000151606
0.000331487
0.000403384
0.000848014
0.000978166
0.00156801
0.00185068
0.00214603
0.00236694
0.00281103
0.00327201
0.00399665
0.0048208
0.00587575
0.00680797
0.00775937
0.0316582
0.00766468
0.00445004
0.00332704
0.00287455
0.00242829
0.00221872
0.00202923
0.00184542
0.00178957
0.00163032
0.00155015
0.00148253
0.00140108
0.00141443
0.00136418
0.00139407
0.00143315
0.0013437
0.00152411
0.00132202
0.00133503
0.00138043
0.00138267
0.00127272
0.0012986
0.00133328
0.00131178
0.00111312
0.00117398
0.000917813
0.000408682
0.000246648
0.000234312
0.000262136
0.00040522
0.000457186
0.000342607
0.00203083
0.00324009
0.00277222
0.00262333
0.00178435
0.00150541
0.00379982
0.00106757
0.00153293
0.00137489
0.00100766
0.00107497
0.000895761
0.000146715
0.000626973
0.000101887
0.00018079
0.000792826
7.59906e-05
0.000650778
0.000327023
0.000149363
0.000195903
0.000577995
9.17563e-05
0.000334576
0.000114157
0.000787483
0.000439387
0.00103973
0.00010008
0.00725338
0.00459182
0.00296929
0.00851929
0.00411844
0.00332946
0.00428677
4.11076e-05
4.11374e-05
4.11318e-05
4.11266e-05
4.11115e-05
4.09741e-05
0.000342102
0.00299438
0.0095694
0.00730618
0.00519358
0.00454649
0.00428263
0.00325328
0.00275684
0.00184065
0.00137114
0.000935032
0.000563426
0.000265606
0.000113516
0.000163171
0.000116008
9.28511e-05
3.95089e-06
6.86304e-06
7.65661e-06
1.0504e-05
1.67408e-05
1.2769e-05
5.02602e-06
1.0277e-05
6.07096e-06
1.74916e-05
3.42643e-05
2.9819e-05
1.13098e-05
7.6518e-06
4.11608e-05
0.000261726
0.000182285
7.03804e-05
4.29298e-05
1.78353e-05
4.67403e-06
1.18591e-05
3.52231e-06
1.12033e-05
0.000771195
0.000446571
0.000322673
0.000147747
9.64896e-05
6.59757e-05
1.91028e-05
2.23725e-05
1.25215e-05
6.39653e-06
4.49787e-06
6.76298e-06
5.26885e-06
5.72273e-06
7.07374e-06
8.73387e-06
5.57421e-06
5.51521e-06
7.03941e-06
9.44958e-06
1.75671e-05
1.72772e-05
0.00242101
0.00240749
0.00230131
0.00204951
0.00186537
0.00155943
0.00116359
0.00084589
0.000596099
0.000298111
7.24961e-05
4.37066e-05
5.31424e-05
0.000229761
0.000325195
0.00157786
0.00424673
0.00990097
0.00969896
0.00783594
0.0060262
0.00427695
0.00320117
0.00319934
0.0019921
0.00144531
0.00120451
0.000930559
0.000682076
0.000498961
0.000518746
0.000338529
0.000561404
0.000321204
0.000196041
0.000177526
0.00015526
0.000127122
0.000115908
0.000109396
6.39669e-05
9.90369e-05
5.35012e-05
0.000382872
0.00107174
0.00159332
0.0015918
0.0017502
0.00245353
0.00270403
0.00343995
0.00462008
0.00447098
0.00468177
0.00526902
0.00599397
0.00723574
0.0071924
0.00532792
0.00335617
0.00315748
0.00285796
0.00312686
0.00266771
0.00277953
0.00269689
0.00295091
0.00227532
0.00255185
0.00239032
0.00243963
0.00233234
0.0022749
0.0021106
0.00222069
0.00223267
0.0021533
0.00205962
0.00221814
0.00214598
0.00207838
0.00206493
0.00223715
0.00222362
0.00207177
0.00190473
0.00204922
0.00190892
0.00185952
0.00193149
0.000926114
0.000815873
0.000134606
0.000405754
0.000468263
0.00017985
0.000155424
0.000244027
0.000146952
0.00106177
0.000388716
0.000806383
0.00226781
0.00252253
0.00323729
0.00293377
0.00415952
0.00493707
0.0046393
0.00441932
0.00413367
0.00455804
0.00636692
0.0051571
0.00571557
0.00625319
0.00515086
0.00428661
0.00411234
0.00669901
0.00489862
0.00348344
0.00242826
0.0036186
0.00293026
0.00274336
0.00287409
0.00474919
0.000911968
0.00176178
0.000759326
4.14277e-05
3.93972e-05
3.9463e-05
3.9593e-05
3.94496e-05
3.95522e-05
3.97235e-05
0.00111824
0.00164367
1.26623e-05
0.0082062
0.00839216
0.00740483
0.00652807
0.00640552
0.00568542
0.0055456
0.00471732
0.00390722
0.00283387
0.00210385
0.00119201
0.00077577
0.000310911
0.000248926
9.90448e-05
6.30061e-05
2.399e-05
2.28346e-05
5.23029e-06
5.64669e-06
7.04088e-06
8.18087e-06
5.33538e-05
4.08475e-05
4.45535e-05
0.000117486
9.29239e-05
5.83867e-05
7.79741e-05
0.000223385
0.000177799
0.000182976
0.000155357
0.000167789
0.000144057
0.000116445
0.000120712
0.000105495
9.26397e-05
6.13552e-05
5.57654e-05
5.47876e-05
6.54228e-05
2.42282e-05
0.000120562
0.000121491
9.71369e-05
7.81215e-05
5.68389e-05
1.90109e-05
3.75177e-05
0.000105299
9.42199e-05
9.50328e-05
0.000106382
0.000407588
0.00026956
0.000203717
0.000161988
0.000102526
8.15461e-05
4.49254e-05
0.000412895
0.000356613
0.000241222
0.000176071
0.000119353
6.56028e-05
4.65876e-05
3.42935e-05
2.48794e-05
0.0015007
0.00150935
0.00150201
0.00131366
0.000984077
0.000653014
0.000374806
0.000334836
5.1312e-05
0.000160511
0.000415557
0.000516944
0.000702521
0.00295866
0.00534477
0.00759383
0.00715286
0.00627922
0.00435616
0.00365543
0.00214531
0.00131541
0.00156015
0.000548397
0.000482734
0.000448506
0.000462965
0.000507554
0.00035276
0.000192546
0.000172067
0.000138521
8.34563e-05
5.0987e-05
3.25683e-05
2.03532e-05
0.00015198
0.000113829
0.000186731
0.000236277
0.000511245
0.00150632
0.00409541
0.00266343
0.00306865
0.00313364
0.00579116
0.00563121
0.00616347
0.00973707
0.0113191
0.0117555
0.00984723
0.00892881
0.012768
0.0148803
0.02334
0.0156801
0.0020194
0.00214689
0.00214781
0.00218315
0.0022527
0.00225175
0.00222305
0.00247605
0.00228793
0.00244234
0.0025271
0.00229834
0.00230424
0.00231002
0.0022171
0.00235577
0.0024569
0.00239157
0.0018854
0.000830555
0.00143657
0.00019425
0.000283387
0.000101967
9.99327e-05
9.69846e-05
0.000123031
0.000302328
0.000235488
0.000256123
0.00205707
0.00153098
0.00186729
0.0011252
0.0025307
0.00233539
0.00260633
0.00254252
0.00568843
0.0027214
0.00697983
0.00369406
0.00434457
0.0042675
0.00571772
0.00479894
0.00500588
0.00425503
0.00402768
0.00412482
0.00313008
0.00353638
0.00366895
0.00284661
0.00256834
0.00400704
0.00232886
0.00213236
0.00338694
0.00177266
0.00157794
0.00187819
0.000984504
0.000508467
0.000554729
0.000358388
0.000406479
0.000114567
3.47306e-05
3.05459e-06
4.16511e-07
0.000141845
0.000327291
0.000509307
0.00162197
0.00388773
6.09264e-05
6.25481e-05
6.49464e-05
6.74498e-05
7.07611e-05
7.49301e-05
7.95852e-05
8.29379e-05
0.0017192
0.00243187
6.91059e-06
0.000187116
0.0020492
0.00176226
0.00180941
0.00147808
0.00130568
0.0011285
0.000508418
0.000215558
9.84347e-05
3.12592e-05
2.21073e-05
7.53927e-06
7.15743e-06
5.13867e-06
8.20337e-06
2.82927e-05
3.85235e-05
5.70544e-05
5.77162e-05
5.76475e-05
8.1672e-05
0.000114682
0.000170682
7.65476e-05
0.000133468
0.000103112
7.6163e-05
3.27243e-05
2.47912e-05
9.32263e-05
0.00105737
0.00112079
0.000817643
0.000395189
0.00106487
0.000765546
0.000432617
0.000338953
0.000171985
5.80102e-05
4.29814e-05
2.12883e-05
5.45184e-06
4.77228e-06
4.21277e-06
7.95854e-06
1.23179e-05
7.48008e-06
5.22103e-06
1.53911e-05
6.2116e-06
1.51071e-05
1.12639e-05
1.33249e-05
1.94447e-05
9.95037e-06
5.17585e-06
8.14291e-06
1.59309e-05
5.59448e-06
0.00655191
0.00365073
0.00208109
0.00138056
0.000618459
0.000303484
0.000127861
5.83554e-05
3.98128e-05
2.36465e-05
1.84298e-05
7.76946e-06
0.00409263
0.00378886
0.00353113
0.00323256
0.00281085
0.00253298
0.00211812
0.00162397
0.000997705
0.000666436
0.000258651
0.000157063
0.000233973
0.000420445
0.0022012
0.00445832
0.00689775
0.00738946
0.00753402
0.00595375
0.00522345
0.00264959
0.00183091
0.000855663
0.000626777
0.000455955
0.000306178
0.00024484
9.18233e-05
0.000115867
6.79724e-05
0.000104911
0.00010392
9.65597e-05
0.000124024
0.000370829
0.000198594
0.000594836
0.000592003
0.00113372
0.000850156
0.000980515
0.00129799
0.00135246
0.00210791
0.00239119
0.00205801
0.00155962
0.00176537
0.00138184
0.00221925
0.00181737
0.00135011
0.00142333
0.0011424
0.00110986
0.0014727
0.00100139
0.00125408
0.00134169
0.000981628
0.000873206
0.000916776
0.000724868
0.000894223
0.00058333
0.000698138
0.000857219
0.00100963
0.000618375
0.00074541
0.000694611
0.000544598
0.000651663
0.000863377
0.000507347
0.000602777
0.000567544
0.000613376
0.00037219
0.000436024
0.000593258
0.000575468
0.000316909
0.000485055
0.000652607
0.000600909
0.00037592
0.000337685
0.000458598
0.000268031
0.00032386
0.000377612
0.000250635
0.000234626
0.000173599
0.000445565
0.000344362
0.000242668
0.000285551
0.000191981
0.000222948
0.000271625
0.000188739
0.000373143
0.000166662
0.000261527
0.000257466
0.00039703
0.000266488
0.000273069
0.000255975
0.000229659
0.000136503
0.000214632
0.000199195
0.000180546
0.000166121
0.000158979
0.000145557
0.000144315
0.00013202
0.000124898
0.000116504
0.00010694
9.48636e-05
0.000242245
0.000156839
0.000140889
0.000182244
0.000162412
0.000158012
0.000139182
0.000125395
0.000116629
0.000103644
9.54473e-05
9.42382e-05
8.82676e-05
8.62416e-05
7.372e-05
6.94233e-05
6.86432e-05
7.59907e-05
6.51719e-05
6.32788e-05
6.66103e-05
6.63778e-05
6.49111e-05
0.000324419
0.000310224
0.000297968
0.000284779
0.000274934
0.000265837
0.000256424
0.000244274
0.000232272
0.000220436
0.000218179
0.000212503
0.000200086
0.000196332
0.000198213
0.000200317
0.000191774
0.000178813
0.000187227
0.000187697
0.000213301
0.000206584
0.000295569
0.000319116
0.000326875
0.000358749
0.000412352
0.000461894
0.000500478
0.000577249
0.000837534
0.00118751
0.00138761
0.00162202
0.00199526
0.00223627
0.00262016
0.00389489
0.00460334
0.00407127
0.0043725
0.00294911
0.00105295
0.000593303
0.00104589
0.000604001
0.000249422
0.00135746
0.00205741
0.00140854
0.000683391
0.00133708
0.00145611
0.00035147
0.000240292
0.000541643
0.00108036
0.000608437
0.000636271
0.000429036
0.00127405
0.00151067
0.00111452
0.000571945
0.0012516
0.00111902
0.000906254
0.000852898
0.00231745
0.00175811
0.00191154
0.00151043
0.00290894
0.0024083
0.00253643
0.00159469
0.00320793
0.00401756
0.00319111
0.0033656
0.00282489
0.00552568
0.00440616
0.00772879
0.00598519
0.00599394
0.00661446
0.00511618
0.00309999
0.000851444
0.000840952
0.000889778
0.00399741
0.000839986
0.000833501
0.000819047
0.000815163
0.000807503
0.00078561
0.000796398
0.000787025
0.000808472
0.000804532
0.000796321
0.000800591
0.000796773
0.000784728
0.000760678
0.000771926
0.000769063
0.000762971
0.000758973
0.00075237
0.000748069
0.000742733
0.00074099
0.000738683
0.000736908
0.000734473
0.000733306
0.000730444
0.000738192
0.000735032
0.00073632
0.000732145
0.000730984
0.000726332
0.00073067
0.000734901
0.000731162
0.000733171
0.000747414
0.000742652
0.000742898
0.00072649
0.00071893
0.000715478
0.000718219
0.000719708
0.000719522
0.000728066
0.000745153
0.000391975
0.000350513
0.000244667
0.000711133
0.000707363
0.00071161
0.00071588
0.000717993
0.000307808
0.000713952
0.000709358
0.00071656
0.000708704
0.000685068
0.000713091
0.000726954
0.00049271
0.000649811
0.000645573
0.000468026
0.000485865
0.000350512
0.000120807
0.000120038
0.000127303
0.000117946
0.000117114
0.000147895
0.000145937
0.000205973
0.000162364
0.000160155
0.000257792
0.000519981
0.000653705
0.000890414
0.00168048
0.00164345
0.00198063
0.00155336
0.00171135
0.00153461
0.0014983
0.00219802
0.003005
0.00291865
0.00292637
0.00250329
0.00242902
0.00250634
0.0049492
0.00538829
0.00248218
0.0026049
0.00557498
0.00530673
0.00559201
0.00528453
0.00522792
0.00426903
0.00420709
0.00556337
0.00514111
0.00521537
0.0042171
0.00385208
0.00420845
0.00258716
0.00332036
0.00435217
0.00434776
0.00380134
0.00355571
0.00218189
0.00205518
0.00245342
0.00228031
0.00195126
0.00176889
0.00169834
0.00151251
0.00112947
0.00117764
0.00142085
0.00110396
0.000951478
0.000989933
0.000156901
0.000179748
0.000318157
0.000316407
0.000187028
9.53631e-05
0.000102893
0.000111396
0.000105445
9.17465e-05
0.000165997
0.0001211
9.81932e-05
0.000123608
0.000103781
0.000218688
0.000227823
0.000153555
0.00012263
0.000549402
0.000428423
0.000108284
0.000480638
0.000222573
0.000149479
0.000103921
0.000118328
0.000103639
0.000125646
0.000457665
0.000251012
0.00025007
0.000319893
0.000121514
0.00219687
4.99697e-05
4.99619e-05
4.99496e-05
4.99449e-05
4.99353e-05
4.99306e-05
4.99378e-05
4.99218e-05
5.00641e-05
5.00356e-05
5.06165e-05
8.84012e-05
8.82357e-05
8.84164e-05
0.000476296
5.67385e-05
6.51681e-05
7.50446e-05
6.32263e-05
0.000730463
0.000634244
0.000771352
0.000683854
0.000746282
0.000664227
0.00048096
0.00041631
0.000203824
0.000167059
0.000155312
6.0048e-05
4.63509e-05
2.84915e-06
2.2256e-06
2.49863e-05
2.99735e-05
2.70516e-05
4.40166e-05
4.63441e-05
4.3087e-05
1.59719e-05
7.0972e-05
7.44986e-05
0.000118961
0.000120886
0.000153149
0.000154084
9.66851e-05
9.5021e-05
6.75518e-05
4.78691e-05
4.92203e-05
4.44251e-05
2.74284e-05
2.74029e-05
3.44149e-05
3.37169e-05
2.98934e-05
5.49553e-05
5.64035e-05
5.41491e-05
4.77992e-05
8.38494e-05
6.23918e-05
5.58939e-05
3.18135e-05
2.1075e-05
2.25247e-05
1.51837e-05
2.07843e-06
1.95752e-06
3.69627e-06
3.13964e-06
1.35561e-05
7.49561e-06
2.68822e-06
1.49964e-06
1.46874e-05
1.68797e-05
3.59645e-05
3.29574e-05
1.01074e-05
1.12356e-05
1.10179e-05
6.38444e-06
5.76169e-06
1.16897e-05
1.24557e-05
1.36184e-05
1.35035e-05
1.2491e-05
1.81989e-06
4.18759e-06
4.32789e-05
4.33604e-05
2.22165e-05
3.46709e-05
8.45708e-05
0.000104212
0.000121477
0.000155927
0.000127489
0.000157507
0.000214081
0.0002967
0.000176845
0.000169346
0.000215476
0.000207398
0.0002413
0.000213326
0.00026546
0.000431765
0.00037379
0.000207588
0.000415242
0.000264468
0.000496844
0.000264441
0.00049764
0.000419806
0.000352244
0.000619059
0.000524523
0.000376457
0.000423728
0.000356818
0.00045839
0.000505631
0.011815
0.00792894
0.00476828
0.00258746
0.00135934
0.000727205
0.000335272
0.000164105
6.14634e-05
3.06039e-05
1.78524e-05
7.12314e-06
5.32663e-06
3.35294e-06
2.60584e-06
2.58266e-06
2.71008e-06
2.49461e-06
2.55064e-06
3.1868e-06
2.74358e-06
2.98487e-06
3.35524e-06
2.9243e-06
5.06804e-06
6.04481e-05
4.59697e-05
1.74141e-05
1.24414e-05
9.81635e-06
7.23701e-06
3.68095e-06
4.1447e-06
5.67263e-06
0.00320579
0.00301108
0.00283532
0.00266191
0.00208097
0.00187761
0.00165271
0.00153736
0.00144942
0.00139629
0.00125149
0.00113757
0.000955511
0.000896001
0.000730082
0.000587946
0.000503116
0.000481129
0.000337895
0.000293729
0.00014189
0.000148641
5.31796e-05
4.07949e-05
1.19065e-05
1.58889e-05
1.22589e-05
5.80701e-05
6.53559e-05
0.000222877
0.000246034
0.00027109
0.000631589
0.000657609
0.000450171
0.000680572
0.000618446
0.000864183
0.000866376
0.000706626
0.00270748
0.00246076
0.00514424
0.00529934
0.00845167
0.00843917
0.00777466
0.00935965
0.00927872
0.0104786
0.0115591
0.0106117
0.0117288
0.0110989
0.0106375
0.0101468
0.009236
0.00930288
0.00775112
0.00715884
0.00636477
0.00292193
0.0031359
0.00247144
0.0033989
0.00277232
0.00201741
0.00236017
0.0017154
0.00115201
0.00135691
0.000858945
0.000791064
0.000859969
0.000656626
0.00080039
0.000793587
0.000384693
0.000404402
0.000241882
0.000485755
0.00035136
0.000232196
0.000223074
0.000212892
0.000243126
0.000294893
9.28596e-05
9.50631e-05
9.1374e-05
9.06967e-05
7.45878e-05
8.68792e-05
9.01663e-05
7.33436e-05
0.000250963
0.000141318
0.000222272
0.000217393
0.000252772
0.000231968
0.000281938
0.000598962
0.00082131
0.000611162
0.000605857
0.000625513
0.000841447
0.00115906
0.0012858
0.00108009
0.00127459
0.00140248
0.00130014
0.00145413
0.00159173
0.00189349
0.00183094
0.00178492
0.0016001
0.00167156
0.0019738
0.00235395
0.00174074
0.00123217
0.000918515
0.00200954
0.00118808
0.00167094
0.00136938
0.00168695
0.00163258
0.00135065
0.00288866
0.00220937
0.00342403
0.00266529
0.00269068
0.00144147
0.00360333
0.00275105
0.00404261
0.00331709
0.00214845
0.0011762
0.0026318
0.00125738
0.00124438
0.00136221
0.00131629
0.00133115
0.0011582
0.00117608
0.00138835
0.00137306
0.00133375
0.00130649
0.00131406
0.00130773
0.00145003
0.00142665
0.0013462
0.00134462
0.00131454
0.00130165
0.00128763
0.00128735
0.00134711
0.00131081
0.00123025
0.00126387
0.00116675
0.00116106
0.0012594
0.00126106
0.0012753
0.00124676
0.00129258
0.00122657
0.00120144
0.00121582
0.00118836
0.00118924
0.00121658
0.00122727
0.00120213
0.00121383
0.00129457
0.00131659
0.0011984
0.00117529
0.00119355
0.00116193
0.00114123
0.00114068
0.00128302
0.00126735
0.0010845
0.00106883
0.00107596
0.00117595
0.00115424
0.00115487
0.0011022
0.00110537
0.00110343
0.00108637
0.000966189
0.000225637
0.000152682
0.000326186
0.000323108
0.000274037
0.000173498
0.000172736
0.000115897
0.000113637
0.000484877
0.000650436
0.000779197
0.000195191
0.000191006
0.00021844
0.00084396
0.000818109
0.000979834
0.0010877
0.00149601
0.000360163
0.000350434
0.000456125
0.00111664
0.0010776
0.00129246
0.000672395
0.000650262
0.000976314
0.00285466
0.00298559
0.00249756
0.00237615
0.00316836
0.00288504
0.00282106
0.00283116
0.00244948
0.0042439
0.00444649
0.00439046
0.00401806
0.00385403
0.00330948
0.00299349
0.00205303
0.00363226
0.00318897
0.00280571
0.0017546
0.00196465
0.00172697
0.00158609
0.00149847
0.00226957
0.00193428
0.00184957
0.00106462
0.000921815
0.000684147
0.000789434
0.000626642
0.000557887
0.000630015
0.00075772
0.001168
0.0010457
0.000429956
0.000451927
0.000127578
0.000132952
0.000138116
0.000268345
0.000277472
0.000575623
0.000593766
0.00033594
0.000314785
0.000359564
0.00268636
0.00158974
0.000855936
0.000504864
0.000272415
0.00017055
0.000131935
0.000108519
7.98262e-05
8.23192e-05
7.78564e-05
7.81659e-05
0.000180814
0.00021578
0.000176223
0.000103791
8.2146e-05
8.09078e-05
8.63135e-05
7.34656e-05
0.000142742
0.000142959
0.000145941
0.000543903
0.000649584
9.72924e-05
8.07653e-05
7.65942e-05
0.000159132
0.0026101
0.00201284
4.8842e-05
4.88522e-05
4.88546e-05
4.88467e-05
4.88541e-05
4.88375e-05
4.87787e-05
4.8785e-05
4.87934e-05
4.88326e-05
5.03103e-05
5.03358e-05
5.05948e-05
0.00195211
0.00182564
0.000327923
0.00032639
0.000356367
0.000293522
0.000918244
0.00082693
0.000895281
0.000823106
0.000746096
0.000674401
0.00044879
0.000417368
0.00036906
0.000152068
0.000123399
5.82489e-05
4.48915e-05
1.23159e-05
9.32406e-06
1.17955e-05
8.46424e-06
5.1208e-06
5.88066e-06
1.05115e-05
1.29733e-05
1.18279e-05
1.42654e-05
2.54832e-05
2.65315e-05
5.32317e-05
5.48511e-05
9.42998e-05
9.35096e-05
8.6226e-05
8.4645e-05
8.80835e-05
8.77714e-05
8.22198e-05
6.75666e-05
6.58103e-05
0.00011661
0.000103629
5.9686e-05
4.86562e-05
2.27834e-06
0.000862455
0.00068993
0.000485797
0.000376911
0.00029724
0.000229246
0.00034061
0.000261092
0.000231983
0.000173295
0.000152209
0.000119172
8.59989e-05
5.1121e-05
3.56988e-05
5.51834e-05
1.62321e-05
9.10345e-06
2.93427e-05
1.87316e-05
8.85404e-06
5.09273e-06
1.6954e-05
9.9183e-06
5.39365e-06
3.14213e-06
3.00939e-06
2.6953e-06
1.01739e-05
1.15908e-05
3.30381e-06
2.91254e-06
2.93135e-06
1.22663e-05
0.00205426
0.00170122
0.000971071
0.000746853
0.000624855
0.000456498
0.000353872
0.000516826
0.000385779
0.0003224
0.000332886
0.000241777
0.000203791
0.000142577
0.000122934
1.56882e-05
8.39202e-06
4.38947e-06
4.7621e-06
4.84383e-06
7.69333e-06
4.95861e-05
3.17008e-05
2.97614e-05
3.92793e-06
5.30374e-06
4.98588e-06
1.71656e-05
2.23642e-05
1.83025e-05
1.44524e-05
1.75867e-05
3.32485e-06
4.44365e-06
3.32126e-05
2.09256e-05
5.2509e-06
3.49516e-06
3.79172e-06
1.55337e-05
1.97245e-05
1.4992e-05
3.70266e-05
2.35072e-05
6.76568e-06
9.51437e-06
5.70124e-06
3.69077e-06
3.92799e-06
3.47573e-06
4.31956e-06
6.94945e-06
4.05229e-06
3.93161e-06
3.57681e-06
0.000188419
0.000539581
0.000393894
0.000315672
1.13279e-05
0.000145894
0.00108227
0.000778494
0.000605275
0.000392235
0.000269557
0.00022234
0.000153228
8.73784e-05
6.31504e-05
8.29666e-05
5.29414e-05
4.32818e-05
4.62515e-05
3.10548e-05
1.15957e-05
8.39835e-06
7.01255e-06
5.31518e-06
5.80629e-06
7.17341e-06
5.55121e-06
6.20674e-06
1.17524e-05
7.99021e-06
9.38542e-06
7.96688e-06
6.28395e-06
7.59566e-06
7.47038e-06
6.50555e-06
7.76451e-06
6.52487e-06
7.22611e-06
7.62265e-06
8.91645e-06
1.35611e-05
9.35247e-06
1.30587e-05
1.85975e-05
1.53658e-05
0.00083703
0.000643574
0.000439194
0.00148541
0.0013255
0.000675221
0.000840663
0.000385842
0.000361644
0.000231176
8.87052e-05
8.28329e-05
8.71149e-05
0.000131712
8.93923e-05
0.00161604
0.00160028
0.00123481
0.00215408
0.00213298
0.00492175
0.00613482
0.00604044
0.00674626
0.00794165
0.00766765
0.00676927
0.00777058
0.00736148
0.00819577
0.00861418
0.0082183
0.00753203
0.00693397
0.00688476
0.00608413
0.00368205
0.00347225
0.00432701
0.00292219
0.00287997
0.00186226
0.00217808
0.00150394
0.00155624
0.00108618
0.00081603
0.000537279
0.000689248
0.000501143
0.000273407
0.000263706
0.000187852
0.000304438
0.000176809
8.76441e-05
0.000127398
8.22172e-05
0.000138629
0.000173323
0.000168788
0.000295473
0.00020329
0.000416505
0.00146843
0.00144315
0.00137878
0.00135419
0.00123884
0.00114662
0.00115267
0.00114951
0.00107204
0.00109171
0.00109957
0.0010383
0.00107531
0.00106214
0.00101175
0.00103585
0.000943533
0.00112202
0.00114852
0.00110118
0.00106826
0.00114266
0.0012018
0.00125635
0.00130995
0.00122814
0.00147369
0.00143672
0.0015029
0.00145341
0.00142212
0.00155372
0.00172107
0.00168512
0.0018009
0.00161278
0.00158633
0.00165046
0.00153018
0.00160443
0.0018082
0.00192802
0.00203794
0.00196626
0.00193845
0.00200987
0.00207859
0.00209125
0.00217849
0.00217814
0.00226664
0.0022489
0.0021856
0.00218647
0.00205667
0.00204624
0.00206956
0.00205086
0.00202956
0.00196012
0.00196335
0.00197748
0.00195798
0.00197223
0.00192014
0.00194398
0.00206726
0.00203483
0.00206349
0.00195771
0.00199834
0.00207212
0.00209227
0.00196764
0.0019997
0.00210515
0.00215571
0.00220437
0.00207164
0.00216153
0.00221387
0.00215828
0.0022271
0.00206278
0.00214946
0.00124241
0.00121622
0.00072919
0.00024785
0.000246402
0.000235795
0.000510164
0.000275679
0.000216619
0.000814642
0.00076724
0.00108242
0.00042034
0.000964311
0.00151653
0.00184996
0.00161458
0.00156685
0.00246642
0.00253662
0.00230244
0.0029725
0.00408132
0.0041638
0.0027887
0.00242319
0.003624
0.00307019
0.00429528
0.00456022
0.00296861
0.00294894
0.00342161
0.00295297
0.00353022
0.00268305
0.0024784
0.00257496
0.00225497
0.00171901
0.00148791
0.00117584
0.00150268
0.00125812
0.00141943
0.00130493
0.0012827
0.000972605
0.00300255
0.00249646
0.000828183
0.000741523
0.00144306
0.0012653
0.00252431
0.00274428
0.00352573
0.00546221
0.00533267
0.00556483
0.00253306
0.00234757
0.00217971
0.000140645
0.0195603
0.0167142
0.0043835
0.00407956
0.000871617
0.000192385
0.000141203
0.000133162
0.000313009
0.000130446
8.13718e-05
0.000174651
0.000283385
0.000292748
2.06386e-05
2.76188e-05
0.00024936
0.000183882
0.000162927
0.000131827
9.47017e-05
0.000260497
0.000205686
0.000246606
0.000196638
8.46134e-05
6.9461e-05
0.000115104
0.00011213
0.000103886
3.94563e-05
2.94895e-05
8.65406e-06
8.90194e-06
8.80726e-06
1.00789e-05
9.57551e-06
1.18512e-05
1.81478e-05
1.80091e-05
2.09842e-05
1.46415e-05
1.42225e-05
1.27921e-05
1.39564e-05
1.49859e-05
1.39057e-05
1.513e-05
1.23201e-05
1.66565e-05
1.60205e-05
2.41842e-05
2.37517e-05
1.3717e-05
1.33936e-05
5.23445e-05
5.16522e-05
4.70052e-05
1.07795e-05
1.30971e-05
9.8344e-06
1.15233e-05
1.1054e-05
9.81828e-06
9.52696e-06
9.58587e-06
1.01419e-05
9.01092e-06
4.74161e-05
2.88588e-05
5.261e-05
3.18074e-05
1.06903e-05
1.23944e-05
1.0614e-05
7.96299e-06
8.33462e-06
8.20079e-06
1.64726e-05
1.19692e-05
1.4149e-05
1.43316e-05
5.12743e-05
4.59377e-05
4.34507e-05
7.85688e-05
6.07314e-05
4.76836e-05
4.45578e-05
4.01752e-05
2.66721e-05
2.17574e-05
1.49894e-05
1.29873e-05
9.60206e-06
1.13166e-05
1.50683e-05
1.53714e-05
2.11611e-05
1.73021e-05
1.43453e-05
1.99415e-05
9.84349e-06
1.04145e-05
2.12421e-05
5.4679e-05
8.14806e-05
5.61503e-05
5.54455e-05
6.5109e-05
2.54406e-05
3.18623e-05
4.42082e-05
5.26987e-05
4.57161e-05
3.40958e-05
4.01803e-05
3.66776e-05
3.9272e-05
2.97338e-05
3.64454e-05
3.44657e-05
5.31205e-05
5.46562e-05
6.04327e-05
3.89129e-05
4.53658e-05
5.5332e-05
6.24437e-05
4.54519e-05
5.08581e-05
6.16761e-05
6.76e-05
3.91829e-05
4.3485e-05
6.19634e-05
6.15464e-05
6.70228e-05
6.97585e-05
5.58586e-05
5.84095e-05
5.3408e-05
5.54375e-05
3.78028e-05
3.9583e-05
3.5503e-05
4.5418e-05
4.61924e-05
3.7289e-05
3.2655e-05
3.19338e-05
3.1104e-05
3.30986e-05
3.23225e-05
2.45931e-05
2.41452e-05
2.26298e-05
2.03512e-05
2.01528e-05
1.9538e-05
1.89147e-05
1.85678e-05
1.75479e-05
1.77369e-05
1.69368e-05
1.72843e-05
0.0001513
0.00892199
0.00793197
0.00718198
0.00615077
0.00491091
0.0063883
0.00355458
0.00419901
0.00347423
0.00015073
0.000188201
0.000320226
0.000500117
0.000404079
0.000317556
0.000392553
0.000341609
0.000396705
0.000394561
0.000394154
0.000340106
0.000299971
0.000339644
0.000285039
0.000238781
0.000207183
0.000143724
0.000114845
0.000121114
6.30109e-05
5.73329e-05
7.85142e-05
9.01462e-05
5.98527e-05
0.000211195
0.000216364
0.000608787
0.0006472
0.000423744
0.00063519
0.00067812
0.000796534
0.000603821
0.000643307
0.000932632
0.00190206
0.00173256
0.00326918
0.00356228
0.0031322
0.00338813
0.00373056
0.00330076
0.00293224
0.00239183
0.00233257
0.00176073
0.000782923
0.000708829
0.000602208
0.000497002
0.000106379
0.000114337
5.55364e-05
3.23002e-05
4.24422e-07
3.90051e-05
1.52794e-06
1.22441e-05
0.000119038
0.000142132
0.000137263
6.66462e-05
0.00024339
0.000180938
0.000172004
0.000260348
0.000330579
0.000338482
0.000464152
0.000547188
0.000699479
0.000818644
0.000883757
0.000653907
0.000818784
0.00109701
0.00117076
0.00121968
0.00138163
0.00222234
0.00251466
0.00144126
0.00133775
0.00163625
0.00192925
0.00221104
0.00246089
0.00232062
0.00256442
0.00237862
0.00252811
0.00236216
0.00262173
0.00304968
0.00360034
0.00317597
0.00386244
0.00381324
0.00347873
0.00379059
0.00391001
0.00392651
0.00504093
0.00510886
0.00566362
0.00442203
0.00561478
0.00545687
0.00561313
0.00592333
0.0053302
0.00601173
0.00521939
0.00647006
0.00653166
0.00841008
0.00570335
0.00702587
0.00719811
0.00694793
0.00785372
0.00963453
0.0119638
0.0114643
0.0114708
0.00937778
0.0094522
0.00757904
0.0064067
0.00807073
0.0129739
0.0135252
0.0114476
0.00616529
0.0107548
0.00703074
0.013435
0.0132949
0.00619603
0.0013745
0.00138114
0.00137105
0.00128417
0.00128154
0.00134869
0.00132117
0.00131764
0.0013903
0.00180978
0.00128255
0.00164837
0.00163749
0.00177802
0.00172856
0.00119447
0.00152961
0.00122591
0.00154507
0.0012082
0.00120195
0.00123089
0.0012208
0.0012985
0.00165174
0.00117265
0.00141355
0.00140813
0.00116933
0.00139518
0.00122341
0.00121984
0.00129298
0.00141227
0.00126039
0.00127006
0.00132903
0.00131163
0.00135571
0.00133225
0.00134961
0.00157587
0.00154349
0.00129392
0.00127729
0.00129449
0.00130169
0.00127105
0.0012711
0.00120569
0.00120001
0.00119777
0.00118866
0.00117584
0.00120075
0.00114025
0.0011205
0.00113957
0.00119086
0.00121574
0.00115818
0.00101702
0.000190234
0.00014766
0.000436495
0.00029367
0.000632265
0.000626491
0.000399138
8.1566e-05
7.9746e-05
8.66168e-05
7.79509e-05
7.83561e-05
7.90078e-05
7.79384e-05
0.000184258
0.000280358
0.000544268
0.000533521
0.000620801
0.000775102
0.000697442
0.000776431
0.000854055
0.00162027
0.00199456
0.00187919
0.00180191
0.00204299
0.00241433
0.00230029
0.00239024
0.00340775
0.00342861
0.00243232
0.00240572
0.00274229
0.00254945
0.00263077
0.00234183
0.0026895
0.0023406
0.00222418
0.00247133
0.00410364
0.00413368
0.00304256
0.00355582
0.00344429
0.00318531
0.00312178
0.00287272
0.00267296
0.00291748
0.00276634
0.0046821
0.00416189
0.00364386
0.00137415
0.00125652
0.00117428
0.0018038
0.00161974
0.00106244
0.00122424
0.00111114
0.001083
0.00121752
0.00110078
0.00107551
0.00167831
0.00147818
0.00141879
0.00117146
0.00118373
0.00216315
0.00197145
0.000475053
0.000455686
0.000391969
0.00060112
0.000693425
0.000519218
0.000550325
0.000564652
0.00053887
0.000497202
0.00248103
0.00220554
0.00196849
0.0015883
0.00160489
0.00153067
0.00126126
0.00110667
0.00107778
0.000858569
0.000826302
0.00100226
0.000818736
0.000661598
0.000563456
0.000562271
0.000152042
0.000123158
0.000130185
0.000201547
0.000159949
0.000211534
6.01365e-05
4.56565e-05
4.97024e-05
3.14345e-05
3.56096e-05
4.94896e-05
3.89164e-05
5.87686e-05
6.67484e-05
3.24406e-05
3.39106e-05
4.08359e-05
5.24534e-05
0.00023359
0.000205213
0.000505765
0.000576113
0.000419543
0.000545614
0.00045383
7.35797e-05
7.24622e-05
7.48923e-05
7.57366e-05
7.56165e-05
7.56781e-05
7.73365e-05
7.33866e-05
7.58069e-05
5.00015e-05
4.99114e-05
4.48521e-05
4.50094e-05
4.43963e-05
6.4917e-05
6.43075e-05
4.34929e-06
7.15006e-07
3.71919e-05
4.63744e-05
0.000823687
0.000719303
0.00119464
0.0010935
0.000870835
0.000806689
0.00135832
0.0012177
0.000333941
0.000290925
0.000189573
0.000163242
0.000157206
0.000136266
0.000130089
5.71581e-05
5.01915e-05
7.09213e-05
5.13075e-05
1.40698e-05
1.61678e-05
1.51662e-05
1.73373e-05
1.87902e-05
1.68143e-05
5.87354e-05
5.68166e-05
3.2223e-05
3.18223e-05
7.54157e-06
7.11547e-06
7.12509e-06
5.53767e-05
5.15701e-05
4.47079e-05
3.89265e-05
7.42909e-06
9.92253e-06
1.62675e-05
2.26366e-05
2.24624e-05
6.59054e-06
1.44037e-05
8.89619e-06
1.29214e-05
4.99763e-05
5.15718e-05
8.84459e-05
9.29523e-05
9.78498e-05
4.97775e-06
4.29324e-06
4.24543e-06
6.93476e-06
1.20337e-05
1.02105e-05
5.68252e-06
8.54339e-06
8.45782e-06
5.14366e-06
5.1776e-06
6.01975e-06
9.38541e-06
7.00945e-06
6.91391e-06
1.37274e-05
1.8015e-05
8.51103e-06
1.01871e-05
4.07468e-05
4.57413e-05
4.04905e-05
2.87459e-05
3.0193e-05
4.88022e-05
4.97638e-05
1.02287e-05
1.13046e-05
2.11321e-05
2.1411e-05
2.14132e-05
2.2449e-05
2.04905e-05
4.23745e-05
4.19866e-05
3.98054e-05
4.13615e-05
3.85231e-05
3.28243e-05
1.12243e-05
1.09628e-05
1.05312e-05
1.23765e-05
1.15582e-05
1.10444e-05
1.10077e-05
1.34152e-05
1.10562e-05
1.29297e-05
1.13445e-05
1.2828e-05
1.28462e-05
1.57384e-05
2.18872e-05
2.96421e-05
4.26255e-05
3.26406e-05
4.99857e-05
4.8137e-05
6.98158e-05
8.58939e-05
9.60943e-05
0.000132525
0.000130754
7.78704e-05
0.000113526
0.000114999
0.000162764
0.000177993
0.000245841
0.000244273
0.00021215
0.000194547
0.000895986
6.82554e-05
0.000828434
0.000626254
0.000491043
0.000449484
0.000566888
0.000441916
0.000399125
0.000254066
0.000187662
0.000166956
0.000160644
0.000109403
0.000103524
8.50165e-05
5.42755e-05
5.21907e-05
4.72288e-05
2.85284e-05
1.36537e-05
8.23844e-06
1.39592e-05
7.45152e-06
8.48168e-06
5.75986e-06
5.74834e-06
9.24679e-06
6.43802e-06
6.54314e-06
6.33823e-06
8.18407e-06
7.32899e-06
6.71693e-06
1.69734e-05
2.31456e-05
3.24966e-05
2.55856e-05
9.34405e-06
1.38416e-05
1.22325e-05
1.89597e-05
2.7084e-05
2.02197e-05
2.23691e-05
2.6533e-05
3.41142e-05
3.66798e-05
1.67394e-05
2.32739e-05
2.00194e-05
1.34306e-05
1.33068e-05
1.10591e-05
0.0193889
0.0174801
0.0155778
0.0138524
0.0121629
0.0102872
0.00876853
0.00715481
0.00578591
0.00454844
0.00347697
0.00266593
0.00258338
0.00216254
0.00197966
0.00134029
0.00131979
0.000810358
0.000705839
0.000388675
0.000332248
0.000316232
0.000136711
0.000160613
4.29323e-05
5.21374e-05
0.000107537
0.00047409
0.00287403
0.00283801
0.00244262
0.00351319
0.0059273
0.00709977
0.00695705
0.00526319
0.00774016
0.00817082
0.00759116
0.00794496
0.00708465
0.00609776
0.00614832
0.00567953
0.00540059
0.00457579
0.0043628
0.00295775
0.00300604
0.00251634
0.0023682
0.00190179
0.00131165
0.000924465
0.000622593
0.00059904
0.000892155
0.000355344
0.000190257
0.000187035
0.000199517
0.000146613
0.0001455
0.000154178
0.000130587
0.000171398
0.000197034
0.000209594
0.000190534
0.000247103
0.000193119
0.000314602
0.000186381
0.000231507
0.000301544
0.000298469
0.000432152
0.000381337
0.000527124
0.000384368
0.00380315
0.00336069
0.00317013
0.00296402
0.00279745
0.00275861
0.00248182
0.00239868
0.00231149
0.00202968
0.00194847
0.00205949
0.00204914
0.00174144
0.00172983
0.00191342
0.00196208
0.00154821
0.00160872
0.00152291
0.00159677
0.0014878
0.00142185
0.00140931
0.00142359
0.00140428
0.0016115
0.00155277
0.00161634
0.00149368
0.00144942
0.00155739
0.00143821
0.00140251
0.00148245
0.00154805
0.00151217
0.00163429
0.00160255
0.00156893
0.00170651
0.00171521
0.00168246
0.00183714
0.0018061
0.00190588
0.00199632
0.00199366
0.0019601
0.00209282
0.00224954
0.0024062
0.0025906
0.0024596
0.00241726
0.0024516
0.00237889
0.00241135
0.00245482
0.00240632
0.00246988
0.00243798
0.00246586
0.00247595
0.0025271
0.00249507
0.00254987
0.00244747
0.00259374
0.00264539
0.00283289
0.0029819
0.00259954
0.00260547
0.00282014
0.00287819
0.00236773
0.00170389
0.000639531
0.00159547
0.00106265
0.000252076
0.00033064
0.00032955
0.000505975
0.00121318
0.00181595
0.00114848
0.0014524
0.00179489
0.00247285
0.00231977
0.00211213
0.00283558
0.00328198
0.00415944
0.00261125
0.00230161
0.00315356
0.00223943
0.00299638
0.00328347
0.00326705
0.00296771
0.00320624
0.00377625
0.00331302
0.00288492
0.0025407
0.00272761
0.00234929
0.00212728
0.00214151
0.00241105
0.00176323
0.00194804
0.0017027
0.0014202
0.00160112
0.00198594
0.001254
0.00212666
0.00181827
0.00150557
0.00186871
0.00285659
0.00251446
0.00227131
0.00156082
0.00190689
0.00222897
0.0022241
0.00144371
0.00135693
0.00194725
0.00319065
0.00349613
0.00703219
0.00664539
0.0069374
0.0017142
0.00168183
0.00194062
0.00103584
0.00773733
0.00625557
0.00501419
0.00429048
0.00122735
0.000283886
0.000220684
0.000161401
0.000805261
0.000798074
0.000729996
0.000835377
0.000847127
0.000654426
0.000659488
0.000179331
3.33588e-05
2.01986e-05
0.000268492
0.000205301
0.000309517
0.000240938
0.000220133
0.000174583
8.69421e-05
6.56451e-05
5.51012e-05
3.80298e-05
2.2009e-05
5.00616e-05
6.19633e-05
7.66608e-05
6.86818e-05
0.000131309
0.000137084
1.79357e-05
2.11269e-05
5.96555e-05
6.94665e-05
2.10201e-05
2.59681e-05
2.41666e-05
3.92514e-05
4.73001e-05
4.59528e-05
0.000115759
0.000120236
0.000109835
0.000115892
6.22249e-05
6.993e-05
0.000106494
0.000109846
6.59507e-05
5.42769e-05
3.87236e-05
4.02408e-05
4.73471e-05
3.01696e-05
5.32544e-05
3.88185e-05
6.89371e-05
4.99014e-05
4.42871e-05
3.33804e-05
2.85456e-05
1.54317e-05
1.37313e-05
1.39341e-05
1.38183e-05
1.35703e-05
1.24246e-05
1.2596e-05
1.31965e-05
1.30889e-05
1.35006e-05
1.68884e-05
1.63629e-05
1.55322e-05
1.12811e-05
1.23069e-05
1.29161e-05
1.41531e-05
2.42166e-05
1.9056e-05
4.46878e-05
7.99297e-05
8.48773e-05
6.85838e-05
7.80479e-05
0.000232628
0.000238091
0.000109373
0.000201899
0.000150454
0.000254284
0.000114987
0.00015703
0.000146039
0.000154189
0.00016326
0.000215891
0.000208434
0.000280447
0.000261219
0.000222769
0.000349293
0.000351864
0.000457092
0.000413574
0.000302201
0.000366705
0.000324598
0.00031168
0.000638249
0.00057345
0.000328365
0.000434772
0.000372989
0.000537009
0.000638343
0.000512579
0.000626724
0.000644132
0.000817548
0.000698843
0.000673489
0.000792251
0.000659856
0.000553445
0.00107478
0.000896645
0.000538356
0.00108992
0.000892026
0.0004238
0.000566522
0.000502951
0.0182063
0.0133966
0.00897314
0.00550232
0.00299561
0.00159279
0.000883176
0.000422289
0.000210419
0.000107206
4.31226e-05
3.30049e-05
3.34112e-05
5.40478e-05
3.99231e-05
3.14543e-05
3.21776e-05
3.2053e-05
3.32028e-05
3.3418e-05
3.16795e-05
3.64413e-05
3.48627e-05
4.02513e-05
3.71841e-05
3.64119e-05
9.58528e-05
8.70077e-05
0.000105333
7.12336e-05
5.69183e-05
5.21954e-05
3.98346e-05
4.01662e-05
3.82317e-05
3.59703e-05
3.69529e-05
3.59005e-05
4.13519e-05
3.95806e-05
4.01561e-05
3.99022e-05
4.07901e-05
3.8843e-05
3.97084e-05
3.89505e-05
0.00711767
0.00671624
0.00595229
0.00510342
0.0050183
0.00439786
0.0038924
0.00376256
0.00334223
0.00311662
0.00290402
0.00278632
0.00253202
0.00220116
0.0019091
0.00168892
0.0014564
0.00126909
0.00115229
0.000931896
0.000815948
0.000745624
0.000505135
0.000432642
0.000446012
0.000222949
0.00025683
0.000184404
0.00017959
0.000106883
0.000111332
0.000108259
0.000201349
0.000188002
0.000379354
0.000428388
0.00019462
0.000174042
0.000768715
0.000748797
0.000895482
0.00276583
0.00251327
0.00297204
0.0034414
0.00362995
0.00365037
0.00348411
0.00355061
0.00348136
0.00285633
0.00271722
0.00225909
0.0019404
0.00134805
0.000789367
0.000707993
0.000518444
0.000498788
0.00024839
0.000128953
0.00013109
0.00036362
0.000145415
2.83071e-06
2.37394e-05
1.49177e-06
7.68585e-05
0.000239151
0.000462958
0.000271908
0.000495655
0.000624619
0.00065891
0.000641591
0.000746276
0.000599002
0.000754859
0.000759628
0.000784065
0.000848581
0.00113425
0.00087928
0.00125775
0.00133843
0.00147332
0.00127098
0.00127944
0.00150481
0.00146152
0.00167068
0.00170063
0.00200856
0.00250688
0.00253518
0.0028253
0.00251937
0.00293096
0.00257773
0.00251358
0.00321987
0.00367255
0.00391009
0.00302141
0.00310933
0.00372808
0.00377038
0.00433426
0.00435448
0.00506175
0.00443193
0.00491396
0.00329391
0.00339033
0.00344874
0.0047102
0.00402038
0.00371461
0.00343821
0.00394702
0.00361799
0.00255362
0.00234538
0.00275643
0.00251021
0.00273866
0.00248391
0.00280535
0.00355803
0.00362462
0.00339213
0.00332839
0.00348073
0.00306279
0.00341118
0.00399727
0.0034691
0.00372472
0.00456514
0.00419257
0.00398174
0.0036465
0.00436381
0.00322784
0.00311662
0.00287351
0.00280851
0.00262207
0.00277219
0.00256191
0.00250187
0.0022371
0.00222153
0.002443
0.00231184
0.00230514
0.00219735
0.00210486
0.00209635
0.00194143
0.00200365
0.0020063
0.0019434
0.00193444
0.0019344
0.00191472
0.00181785
0.00177533
0.00177527
0.00178532
0.00176736
0.00182532
0.00177955
0.00177745
0.0018341
0.0017862
0.00177994
0.0016089
0.00160639
0.00163318
0.00185127
0.00180025
0.00179133
0.00171949
0.00170303
0.00162068
0.00166072
0.00167923
0.00170414
0.00157247
0.00154674
0.00155077
0.00167905
0.00170587
0.00171341
0.00179087
0.00178729
0.0016565
0.00165375
0.0016455
0.00162891
0.00161353
0.00159504
0.000700265
0.000510465
0.000797334
0.00064287
0.000447046
0.000309267
0.000402473
0.000309879
0.000250093
0.000487149
0.000541421
0.000210884
0.000205057
0.000251962
0.000308937
0.000297791
0.000536695
0.000495893
0.00083057
0.00107771
0.00116025
0.000922292
0.00167299
0.00181918
0.00145973
0.00157656
0.00154309
0.00192005
0.00178655
0.00238364
0.00216501
0.00232422
0.00202648
0.00184726
0.00191394
0.00298414
0.00283272
0.00238141
0.00249374
0.00251688
0.00218457
0.00189938
0.0017942
0.00179182
0.00152852
0.00136619
0.00165776
0.00136964
0.000971366
0.000558402
0.00183136
0.000837457
0.000765877
0.00102216
0.000852853
0.00087147
0.000327207
0.000293113
0.000257048
0.000536977
0.000464407
0.000461992
0.000628561
0.000394799
0.000349584
0.000336208
0.000117138
0.000178172
0.000231818
0.000276729
0.000477422
0.000390553
0.00016088
0.000220995
5.70441e-05
6.40534e-05
7.73667e-05
7.58314e-05
0.000217283
0.00296527
0.00249487
0.000520342
0.000897215
0.00057392
0.000431168
0.000241587
9.53883e-05
8.12824e-05
8.18051e-05
0.000192079
0.000109236
9.07202e-05
0.000112921
7.15395e-05
6.9541e-05
7.02724e-05
7.77182e-05
8.17836e-05
0.000149166
0.000181035
6.80785e-05
0.00233957
0.00172849
4.24708e-05
4.24711e-05
4.248e-05
4.2427e-05
4.2402e-05
4.23999e-05
4.24001e-05
4.24105e-05
4.34127e-05
4.30017e-05
4.39106e-05
4.38392e-05
4.41559e-05
0.000236037
0.000256194
0.00134859
0.00128787
0.00114829
0.000129644
0.000108566
0.000366878
0.000265222
0.000233026
8.06261e-05
6.45704e-05
6.19127e-05
6.26044e-05
9.89644e-06
1.00601e-05
0.000109537
0.000113569
0.000104812
7.91668e-05
8.44907e-05
6.99344e-05
7.11296e-05
7.49627e-05
6.32025e-05
0.000110836
0.000115674
0.000188794
0.000184628
0.00022337
0.000213909
0.000154373
0.000146384
0.000296252
0.00021725
0.000204634
0.000208406
0.000199143
0.000174483
0.000127134
0.000166453
0.000156831
0.000137997
0.000126124
0.000118106
0.000187064
0.000173059
0.000151837
8.41504e-05
0.00087065
0.000671065
0.000680685
0.000549373
0.000396606
0.00030691
0.000232355
0.000209294
0.000176237
0.000130681
0.000161387
0.000116584
0.000107301
9.39729e-05
6.76045e-05
5.60788e-05
4.04294e-05
4.71658e-05
3.0698e-05
2.67826e-05
3.55219e-05
2.22981e-05
2.25515e-05
3.65044e-06
3.72893e-06
3.73589e-06
4.36316e-06
6.84279e-06
5.81108e-06
5.62786e-06
3.67376e-06
4.17029e-06
3.82831e-06
4.15178e-05
4.88011e-05
3.97319e-05
2.16809e-05
1.57655e-05
2.38019e-05
2.07134e-05
1.71551e-05
8.68257e-06
0.00224532
0.00148835
0.00117075
0.000901649
0.000756318
0.000485566
0.000363554
0.000150218
0.000104327
0.000117764
0.000203002
0.000149426
0.000278047
0.00020131
0.000166904
3.03108e-05
1.87681e-05
1.71358e-05
8.96758e-05
0.000119825
8.34344e-05
1.37282e-05
7.75025e-06
7.195e-06
1.34415e-05
1.81145e-05
2.16268e-05
3.42823e-05
3.86947e-05
4.65502e-05
4.72737e-05
8.55231e-06
5.6282e-06
5.99765e-06
4.27114e-06
4.394e-06
4.39663e-06
1.06748e-05
6.35568e-06
6.87686e-06
4.53496e-06
4.3661e-06
4.91869e-06
4.71235e-06
1.07345e-05
0.00013548
0.000114051
1.01245e-05
7.3786e-06
0.000449499
0.000337973
0.000765473
0.000860912
0.000708819
0.000514725
0.000329567
0.000225724
0.000179389
0.000192612
0.000133093
6.33995e-05
4.0409e-05
3.66196e-05
3.09395e-05
2.10419e-05
3.23165e-05
2.31222e-05
7.81108e-06
6.14728e-06
6.61254e-06
6.94019e-06
6.4982e-06
6.39408e-06
6.74032e-06
6.45574e-06
6.66359e-06
1.13213e-05
8.47925e-06
9.23049e-06
1.71803e-05
1.40578e-05
7.39681e-06
7.62418e-06
1.1882e-05
1.17353e-05
8.42959e-06
9.0233e-06
1.04423e-05
1.08457e-05
1.58072e-05
9.93558e-06
0.000281266
0.000242106
0.000426026
0.00144829
0.000942457
0.000786099
0.000684016
0.000342148
0.000220582
9.41882e-05
9.03688e-05
0.000102229
0.000121422
0.000109637
0.000117099
0.00118913
0.00122554
0.00405336
0.003974
0.00381125
0.00481614
0.00589251
0.00696612
0.0067828
0.00625834
0.00689172
0.00653843
0.00587656
0.00625788
0.00606726
0.00562308
0.00474035
0.00481549
0.00428655
0.00350749
0.00279595
0.00243007
0.00160286
0.00160884
0.0011474
0.00161333
0.000412564
0.000682467
0.000496783
0.000406164
0.00019821
0.000170905
0.000239367
9.49593e-05
0.000209205
7.50465e-05
5.74175e-05
6.90185e-05
7.60439e-05
3.83287e-05
7.77773e-05
0.000103539
5.84083e-05
0.00010909
0.000143399
0.000204663
0.000344119
0.000433775
0.00051605
0.00039604
0.000604622
0.00189044
0.00175348
0.00187264
0.00150832
0.00147391
0.00137208
0.00137428
0.00140518
0.00130732
0.00131218
0.00145715
0.00144698
0.00122561
0.00125584
0.00120538
0.00114983
0.00119453
0.00114575
0.00126404
0.00131116
0.00127437
0.00136434
0.00115785
0.00112533
0.00121454
0.00134405
0.0014776
0.00137115
0.00143782
0.00153416
0.0015009
0.001806
0.0019409
0.00173977
0.00170997
0.00185358
0.00182463
0.00188669
0.0018281
0.0018847
0.00202438
0.00199178
0.00209551
0.00210271
0.00217831
0.00207046
0.00204331
0.00208268
0.00219535
0.00240626
0.00235666
0.00234523
0.00217951
0.00216913
0.0021481
0.00229558
0.00226378
0.00219381
0.00215759
0.00213547
0.00199209
0.00200776
0.00198238
0.00210838
0.00204773
0.00206577
0.00199441
0.00197121
0.0020104
0.00203555
0.0020078
0.00205955
0.0020113
0.0020572
0.00214071
0.00219345
0.00208555
0.00213105
0.00219156
0.00231926
0.00221435
0.00231473
0.00225235
0.00143046
0.00168583
0.000860833
0.00127979
0.000725744
0.000334032
0.000289075
0.00055431
0.000220445
0.000727253
0.000492921
0.00066592
0.00151369
0.00140204
0.00180825
0.00100247
0.000925683
0.0014653
0.00283043
0.00254875
0.003101
0.00212065
0.00368137
0.00345917
0.00301008
0.00355651
0.00297733
0.00359417
0.00285297
0.00229506
0.00222092
0.00196764
0.00213911
0.00232417
0.00175359
0.00175602
0.00117977
0.000911284
0.000803722
0.00103653
0.00118187
0.000988602
0.000768156
0.000636815
0.000753318
0.000719831
0.000783863
0.00172484
0.00137578
0.000566615
0.000598859
0.000648894
0.000646011
0.000560802
0.000682639
0.00147391
0.00126224
0.00130898
0.0015071
0.00141338
0.00101908
0.00103352
0.00154337
0.00139178
0.000903467
0.00383207
0.00349659
0.00426666
0.00771888
0.00857018
0.00279639
0.00277831
0.00376472
0.00353738
0.000726896
0.000186529
0.000202041
0.00801133
0.017845
0.00203774
1.09266e-05
7.81845e-05
8.99286e-05
8.21067e-05
0.000593968
0.000236202
0.000400164
0.000384937
0.000250507
0.000271178
2.16863e-06
4.71948e-06
4.07063e-06
0.000255748
0.000184997
0.000173463
0.000957815
0.000790021
0.000709055
0.00103376
0.000901965
0.000828889
0.00101002
0.000883568
0.000827855
0.000588599
0.000496052
0.000363528
0.000316724
0.000218823
0.000201356
0.000140372
0.000128375
4.33398e-05
3.17716e-05
3.09333e-05
4.08789e-05
3.31929e-05
3.29126e-05
2.2574e-05
1.97933e-05
2.07654e-05
2.24399e-05
2.84547e-05
2.88523e-05
5.45229e-05
6.23864e-05
3.27489e-05
2.9958e-05
6.27432e-05
5.30804e-05
0.000120304
0.000116388
9.90529e-05
6.63733e-05
5.47725e-05
4.64536e-05
5.02585e-05
4.10142e-05
3.86829e-05
1.50033e-05
1.35137e-05
1.32485e-05
1.94176e-05
1.97407e-05
1.84837e-05
1.91324e-05
2.47148e-05
1.33461e-05
1.3899e-05
2.68807e-05
1.67483e-05
1.49709e-05
1.23796e-05
1.31411e-05
1.35457e-05
1.43709e-05
1.4438e-05
1.30871e-05
1.47041e-05
1.42812e-05
1.48449e-05
1.86216e-05
1.28863e-05
1.16268e-05
1.12015e-05
1.10672e-05
1.7207e-05
2.39562e-05
2.35141e-05
1.39536e-05
1.74249e-05
1.78223e-05
1.20988e-05
1.08586e-05
1.08513e-05
1.87978e-05
1.43846e-05
1.15915e-05
1.22323e-05
1.20101e-05
1.32192e-05
1.33317e-05
1.46771e-05
2.00906e-05
1.80309e-05
1.50213e-05
1.33583e-05
1.9087e-05
2.36661e-05
2.45174e-05
3.0385e-05
6.99428e-05
8.19474e-05
7.43378e-05
4.0585e-05
4.54074e-05
5.06618e-05
3.84094e-05
4.48172e-05
3.23436e-05
3.98895e-05
3.77558e-05
3.58168e-05
4.13557e-05
3.9226e-05
4.48796e-05
4.10652e-05
4.80867e-05
3.23337e-05
3.94216e-05
3.6353e-05
4.8587e-05
5.38947e-05
2.85822e-05
3.44154e-05
3.15772e-05
4.64536e-05
5.27658e-05
6.3245e-05
6.63973e-05
5.11017e-05
5.81097e-05
5.46298e-05
8.98647e-05
9.10559e-05
5.89346e-05
5.94548e-05
4.73197e-05
5.21593e-05
4.79917e-05
3.71569e-05
3.93714e-05
4.17239e-05
5.10583e-05
5.35219e-05
3.36274e-05
3.58385e-05
3.18745e-05
4.2424e-05
4.28916e-05
4.21111e-05
3.9839e-05
3.80414e-05
3.17819e-05
3.03027e-05
2.49672e-05
2.44708e-05
3.04705e-05
2.96214e-05
2.71305e-05
2.3222e-05
2.16477e-05
2.49914e-05
3.79017e-05
2.44981e-05
0.00960181
0.0082667
0.00781018
0.00632541
0.00597726
0.00678987
0.0055817
0.00472111
7.44677e-05
0.000192777
0.00017595
0.000317751
0.000260436
0.00022779
0.000351573
0.000304881
0.000304764
0.000378455
0.000303852
0.000311232
0.000240001
0.000250555
0.000204603
0.000232557
0.000171966
0.000170625
0.000105566
7.27329e-05
6.99121e-05
7.13253e-05
0.00010498
0.00011142
0.000284601
0.000215557
0.000310132
0.000504186
0.000639577
0.000698194
0.000870024
0.000477703
0.000628279
0.000579367
0.000560484
0.000417039
0.0020258
0.00259744
0.00242582
0.00329697
0.00359303
0.00329317
0.00265745
0.00250516
0.00276008
0.00226912
0.00215444
0.00169183
0.00144321
0.00166155
0.00136204
0.000624351
0.000659018
0.000467781
0.000267239
0.000151112
0.000197446
2.40244e-05
5.83704e-06
8.62886e-05
8.011e-05
8.52264e-05
0.0001242
0.000235763
0.000264486
0.000378063
0.000201392
0.000601069
0.000553101
0.000444055
0.000568024
0.000360516
0.000788768
0.00107075
0.00118817
0.00129906
0.00108676
0.00141572
0.00159266
0.00146864
0.00174462
0.00140512
0.00169248
0.00205453
0.00237443
0.00218097
0.00255547
0.00214757
0.00206405
0.00256292
0.00320533
0.00298511
0.00321931
0.00342254
0.00356545
0.00274558
0.00299714
0.00360447
0.00383105
0.00378834
0.00476959
0.00426998
0.00478753
0.00429149
0.00447288
0.00522726
0.00514537
0.00598544
0.00642447
0.00520963
0.00601811
0.006197
0.0072768
0.00587717
0.0078842
0.00671034
0.00822673
0.0080534
0.00644286
0.00629081
0.00730329
0.00636905
0.00682927
0.00608681
0.00981508
0.00826541
0.00806226
0.00739948
0.00619566
0.00628687
0.00921651
0.00745411
0.00767162
0.00539966
0.00865622
0.00909399
0.00747239
0.00714658
0.00791085
0.00656025
0.00496873
0.00967824
0.0077903
0.0083197
0.00686736
0.00199069
0.00192353
0.00161936
0.00224053
0.006532
0.00159283
0.00176673
0.00174568
0.00176425
0.00173949
0.00144496
0.00144552
0.00149835
0.00146335
0.00145533
0.00140956
0.00185287
0.00203859
0.00195299
0.00142398
0.001415
0.00130286
0.00159279
0.00176592
0.00169773
0.00170388
0.00153442
0.00156689
0.00156138
0.00159997
0.00154926
0.00153466
0.00139629
0.0013651
0.00138101
0.00154646
0.00152619
0.00140305
0.00140535
0.00165892
0.00164868
0.00136076
0.00136773
0.00142117
0.0014366
0.00140448
0.00138519
0.00134166
0.00135291
0.00140368
0.00136638
0.00114532
0.00132596
0.00129695
0.00125154
0.000865709
0.000847259
0.000717747
0.000883807
0.000877723
0.000518325
0.000302241
0.000301996
0.000215409
0.000115756
8.39345e-05
0.000179011
0.000177211
0.000108652
8.34907e-05
8.457e-05
8.45789e-05
0.000457193
0.00055373
0.000556499
0.000531439
0.000526439
0.000196463
0.00033446
0.000641323
0.000586599
0.00128927
0.00152257
0.00156742
0.00169285
0.00274666
0.00264814
0.00278522
0.00399311
0.00424301
0.00245523
0.00250496
0.00234379
0.00220298
0.00246135
0.00390019
0.00351212
0.00373641
0.00523065
0.00531135
0.00532724
0.00493683
0.00484458
0.00463303
0.00405261
0.00389142
0.0045989
0.00440545
0.00337098
0.00298366
0.00245721
0.00221673
0.00216985
0.00295118
0.00137847
0.0031532
0.00310938
0.00297301
0.00271536
0.00204395
0.00215225
0.00169714
0.00159481
0.000818772
0.000757642
0.00290237
0.00255967
0.00231657
0.00261874
0.00256704
0.00214738
0.00190877
0.0017724
0.000858732
0.000765274
0.000720209
0.00105462
0.000985986
0.000977816
0.000799747
0.000834493
0.000653933
0.00055515
0.000508497
0.000293871
0.000233494
0.000453077
0.000369675
0.000400102
0.000131362
0.000105803
0.000159127
0.000132515
2.76155e-05
2.53012e-05
5.83556e-05
8.19293e-05
6.5148e-05
2.57192e-05
3.02607e-05
0.000143156
0.000133975
0.000209251
0.00028414
0.000204853
0.000103342
0.000162869
0.000121728
6.13949e-05
5.84671e-05
9.0982e-05
0.000152582
0.00198726
0.00206513
0.00233554
6.9608e-05
6.93441e-05
7.14986e-05
7.1493e-05
7.26003e-05
7.56761e-05
7.56704e-05
7.58414e-05
7.16723e-05
7.2438e-05
4.91614e-05
4.91214e-05
6.69871e-05
4.79178e-05
4.76998e-05
4.75765e-05
