0.0061905
0.0055946
0.00478695
0.00412659
0.0034922
0.00292193
0.00248439
0.00213349
5.00791e-05
0.000113089
0.000188641
0.000128347
0.000207751
0.000179955
0.000164893
0.000147908
0.000109432
6.76573e-05
3.43353e-05
1.17637e-05
5.38327e-06
6.08497e-05
0.00016146
0.00033094
0.000505476
0.000530705
0.000869323
0.00114023
0.00124845
0.00107813
0.000908621
0.00056515
0.000500567
0.000203104
0.00014484
8.2351e-05
2.78834e-05
3.96785e-05
1.44898e-05
9.88305e-06
1.36075e-06
1.8438e-10
6.04458e-06
5.19456e-07
1.36302e-08
2.92941e-07
4.5943e-07
1.86495e-06
1.81564e-06
2.73842e-08
3.33552e-06
3.22959e-07
2.83162e-06
1.07887e-06
3.42127e-06
8.57354e-06
9.49047e-06
4.08999e-05
3.0281e-05
3.91056e-05
8.81807e-05
5.22614e-05
4.02292e-05
0.000156395
0.000270882
3.65232e-05
0.000160175
0.000332482
0.000138101
0.000246711
0.000345521
0.000837474
0.000517928
0.000763788
0.000947474
0.000887227
0.000880395
0.00060309
0.00048143
0.00125065
0.00143503
0.000586187
0.000506107
0.000765452
0.000715649
0.000656887
0.000653311
0.000623432
0.0005647
0.000712659
0.000609385
0.000588601
0.000545795
0.000539221
0.000557232
0.000435258
0.000580667
0.000528481
0.000498517
0.00043274
0.000470389
0.000387893
0.000390881
0.000461585
0.00039057
0.000294947
0.000298533
0.000257942
0.000266742
0.000272461
0.000211311
0.00025494
0.000197137
0.000169751
0.000131498
0.000132426
0.000107843
9.16086e-05
5.82595e-05
6.15121e-05
5.00313e-05
2.00477e-05
3.14876e-05
1.50331e-05
1.60577e-05
6.22768e-06
2.7347e-06
2.58041e-06
5.91762e-08
5.25216e-09
8.12238e-07
1.42837e-06
3.74759e-06
5.83244e-06
4.40062e-06
7.78069e-06
4.73441e-06
2.77923e-06
2.22725e-06
5.20506e-06
4.14676e-06
4.29347e-06
4.20836e-06
3.20061e-06
1.7631e-06
6.03837e-06
2.97208e-06
3.66148e-06
6.94819e-06
8.24764e-06
4.29602e-06
5.4073e-06
7.02677e-06
5.73209e-06
9.74952e-06
1.00362e-05
3.07618e-06
1.3741e-05
6.03079e-06
1.59652e-07
1.18997e-05
0.000135665
0.000139558
0.000148721
0.000153125
0.000238768
1.02207e-05
0.000253199
0.00124863
0.0025256
0.00014683
0.00162311
2.10498e-05
0.000294434
0.000300618
8.20413e-05
6.62129e-05
0.000207062
0.000174853
7.65545e-05
1.37776e-06
3.91916e-05
0.000107438
0.00041485
0.000796444
0.00100701
0.0015432
0.00202456
0.00242231
0.00247273
0.00219128
0.00209793
0.00181809
0.00221819
0.00174677
0.00118009
0.000814539
0.000586625
0.000632903
0.000812943
0.000994608
0.000360594
2.59903e-06
1.40518e-06
8.93677e-06
6.15837e-07
2.72865e-05
2.845e-05
2.97267e-05
6.53889e-05
8.147e-06
1.45949e-05
1.66976e-05
8.07976e-06
1.82805e-06
2.48938e-06
4.45831e-07
4.88728e-06
4.95109e-07
2.16158e-05
3.08784e-05
2.59197e-06
3.83672e-08
1.31296e-05
6.10693e-07
3.35476e-06
0.000303582
0.000491664
0.00630399
0.00423828
0.00288518
0.00214821
0.00143082
0.000948642
0.000563844
0.000392339
0.000217422
0.000191532
8.10605e-05
0.00321279
0.00328583
0.00327619
0.00299003
0.0026399
0.00269715
0.00236156
0.00213646
0.00184505
0.00140343
0.000999051
0.000510032
0.000126592
1.29166e-06
8.97496e-05
0.000701729
0.00131166
0.00102585
0.000778588
0.00060209
0.000457977
0.000445606
0.000345363
0.000236029
0.000189685
0.000127296
5.82389e-05
4.03109e-05
2.38613e-05
3.6605e-06
3.92612e-06
1.0314e-05
9.12519e-05
5.93244e-05
6.06863e-05
5.54204e-05
6.91209e-05
0.000144623
0.000174676
0.000111589
0.00012798
9.93409e-05
9.07765e-05
0.000132596
2.0475e-05
0.000116056
7.78472e-05
0.000160802
0.000184913
0.000132355
0.000152934
0.000147315
0.000185184
0.000254272
0.000236901
0.000293001
0.000265534
0.000447205
0.000371816
0.000571523
0.000589964
0.000496588
0.00117647
0.00137179
0.000760914
0.000806843
0.000544764
0.000193844
0.000178449
0.000377688
0.000303457
0.000394147
0.000390711
0.0004921
0.00024488
0.000238269
0.000541579
0.000142873
0.000229904
0.00034574
0.00032693
0.000321808
0.000261556
0.000226734
0.000117277
0.000166524
0.000129466
0.000153084
0.000147844
0.00011157
0.000106803
0.000138431
0.000112474
8.48744e-05
6.95527e-05
6.18038e-05
6.94064e-05
6.68232e-05
5.86436e-05
5.7168e-05
4.36574e-05
3.42179e-05
2.98447e-05
2.71663e-05
2.40257e-05
2.32105e-05
1.12779e-05
1.00486e-05
8.9967e-06
4.19768e-06
3.21555e-07
9.68966e-09
1.27542e-06
6.8936e-08
7.12436e-08
1.62446e-06
1.50475e-06
4.10811e-07
7.64311e-06
4.08866e-06
1.15676e-05
1.99344e-05
6.02088e-06
4.2872e-08
1.05234e-06
4.11266e-07
1.15128e-07
9.61865e-08
2.16228e-06
2.3558e-07
3.29887e-07
4.44469e-07
2.14836e-07
1.03772e-06
2.44871e-06
2.04502e-06
1.29654e-06
2.11109e-07
2.42333e-06
2.4174e-06
3.11688e-06
1.42702e-05
1.63375e-06
4.17698e-07
7.71149e-08
1.48424e-06
0.000122644
0.000124536
0.000127312
0.000127477
0.000127985
0.000127543
8.19247e-05
9.02301e-05
0.000217636
0.00108994
0.00281392
0.000276616
0.00489143
0.000621493
0.000442827
0.000369545
0.00458405
0.00380302
0.002571
0.00177802
0.000989354
0.000450111
0.000352361
9.01023e-05
0.000100065
3.61602e-05
4.0881e-07
8.38821e-06
3.83774e-05
8.13649e-07
2.13503e-07
3.54757e-06
1.80629e-06
4.86936e-06
5.06487e-05
9.24692e-06
2.92549e-05
2.93614e-06
9.67291e-06
5.70545e-05
7.39651e-05
2.38382e-05
7.30111e-05
0.000182723
0.000117187
0.00254357
0.00148342
0.00395878
0.00267492
0.00202305
0.0015171
0.000774817
0.00139675
0.00204047
0.00224372
0.00110969
0.000703435
0.000742082
0.000200022
0.000462753
0.000198064
6.04339e-05
9.00692e-05
5.37058e-05
1.22054e-05
1.02949e-07
1.25147e-06
6.0768e-07
1.06282e-05
4.67175e-06
2.80829e-06
5.35566e-07
2.78166e-06
9.76693e-06
3.9737e-06
8.45306e-06
6.69385e-06
1.41012e-06
0.00461734
0.0022579
0.0010361
0.000479335
0.00017313
7.36527e-05
6.01972e-05
3.97668e-06
0.00810561
0.00749071
0.00690707
0.00631314
0.00552969
0.00466111
0.00406372
0.00240838
0.00192835
0.00118813
0.000528342
0.000103432
1.59099e-07
0.000186846
0.000682757
0.000634976
0.000448609
0.000375244
0.000267304
0.000271187
0.000208497
0.000147949
6.67071e-05
4.08759e-05
1.61707e-05
5.4156e-06
1.55111e-09
1.54032e-05
2.85195e-05
3.8147e-05
0.000181308
0.000152123
0.000219593
0.000222971
0.000229035
0.000246744
0.000217087
0.000259802
0.000271249
0.000263682
0.000411485
0.000267074
0.000402246
0.000407891
0.000477498
0.000573359
0.000563864
0.000656653
0.000639609
0.000590845
0.000625255
0.000707155
0.000787074
0.000721399
0.000703807
0.000914768
0.00116598
0.000743298
0.000843104
0.000795967
0.00022001
8.72362e-05
0.000147792
0.000466149
0.000435996
0.000680858
0.000908414
0.0010203
0.000589165
0.000481056
0.00112562
0.000977327
0.000517333
0.000520868
0.000454211
0.000422199
0.000395045
0.000362165
0.000416428
0.000314222
0.000388181
0.00036097
0.000447536
0.000353908
0.000374278
0.000293043
0.000348749
0.000358862
0.000311198
0.000275873
0.00025542
0.000316826
0.000333707
0.000285098
0.000320678
0.000297518
0.000277454
0.00031222
0.000231959
0.000298228
0.000203492
0.000240754
0.000199145
0.00018112
0.000191446
0.00017449
0.00015787
0.000131715
9.56128e-05
0.000104774
9.3008e-05
6.89449e-05
5.18159e-05
3.39461e-05
1.7195e-05
1.02262e-05
1.79374e-05
5.78528e-06
4.97838e-07
2.93039e-07
2.93254e-06
1.23852e-05
2.72507e-05
3.25577e-05
4.05147e-05
5.12946e-05
6.06021e-05
6.95886e-05
8.95786e-05
8.73542e-05
0.000106971
0.000112483
0.000118364
0.000127241
0.000134542
0.000134882
0.000135572
0.000145456
0.000135888
0.000138467
0.000141597
0.000140959
0.000148565
0.000150531
0.000145628
0.000139939
0.0001761
7.45767e-05
7.4606e-05
7.46153e-05
7.46269e-05
7.46446e-05
7.4645e-05
7.46581e-05
0.00140415
6.65759e-07
0.00106084
0.00530569
0.00468932
0.00426323
0.00354582
0.00290271
0.00233876
0.00152179
0.000943635
0.000677063
0.0027922
0.00381944
0.00277686
0.00237596
0.00172896
0.00124444
0.00105006
0.000553545
0.000330452
0.000350975
0.000144468
6.7854e-05
4.43642e-05
9.05785e-06
2.69225e-06
1.42783e-05
1.10682e-05
1.37555e-05
0.00232431
0.00180501
0.00128109
0.00097863
0.000633164
0.000501918
0.000259596
0.000163733
8.71484e-05
5.2072e-05
1.34705e-05
0.00250108
0.00152946
0.00123382
0.000786848
0.00039014
0.000143117
8.46089e-05
8.08479e-05
0.000104724
1.29149e-05
4.95789e-05
1.1649e-05
1.5624e-05
6.77467e-05
9.68653e-06
1.34807e-07
1.81699e-05
1.41107e-05
0.00363095
0.00219084
0.00113244
0.00198442
0.000914875
0.000535605
0.000300762
0.000270312
0.000117021
0.0101186
0.0091419
0.00847896
0.00712097
0.00637278
0.00411633
0.00309335
0.00191607
2.25049e-05
0.000190017
8.34667e-05
7.82268e-05
4.88264e-05
3.79313e-05
3.48735e-05
1.65226e-05
4.07202e-06
1.31631e-08
1.15779e-05
2.94053e-05
5.27909e-05
0.000126988
0.000113806
9.85946e-05
0.000155055
0.000154358
0.00019098
0.000139428
0.000242116
0.000315256
0.00039021
0.000515812
0.00034807
0.00032505
0.000396424
0.000472944
0.000904596
0.000949264
0.000760753
0.00116023
0.000915123
0.000774444
0.000986571
0.000677189
0.000109148
0.000245319
6.54931e-06
2.06109e-06
7.67155e-05
0.000156977
0.000223828
0.000322925
0.000550794
0.000616384
0.000759639
0.000834006
0.00078402
0.000761091
0.00074899
0.000805254
0.000832158
0.000830309
0.000766043
0.000752611
0.000774671
0.00081492
0.000816172
0.000865783
0.000822917
0.000856714
0.000784818
0.000786519
0.00079484
0.000709898
0.000719467
0.000722127
0.000790178
0.000740417
0.000711862
0.000711466
0.000647875
0.000564984
0.000496875
0.000418068
0.000311745
0.000274209
0.000195678
0.000126247
7.87328e-05
3.99247e-05
1.15314e-05
1.55777e-06
3.68238e-07
6.3404e-06
1.30257e-05
3.04618e-05
5.12482e-05
5.55044e-05
8.98192e-05
7.60016e-05
9.42862e-05
0.000122347
9.52123e-05
0.000130441
0.000134801
0.000118153
0.000149059
0.00013895
0.00015161
0.000162664
0.000145119
0.000139952
0.000147424
0.000183212
0.000181299
0.000173789
0.000147534
0.000181796
7.81384e-05
0.000127629
9.19191e-05
0.000167604
6.17251e-05
6.17874e-05
6.17721e-05
6.17144e-05
6.1415e-05
6.14095e-05
0.000240042
0.000239619
0.00393625
0.00315137
0.0105953
0.00961117
0.00800309
0.00720769
0.00579398
0.00569981
0.00472747
0.00355639
0.00309206
0.00121224
0.00072226
0.00054533
0.000373274
0.000163223
8.65651e-05
4.33823e-06
2.07069e-06
1.23338e-07
2.14877e-06
3.74046e-05
0.000107438
4.07471e-05
4.61466e-05
0.00011708
9.71654e-05
0.000219803
7.44003e-05
7.8052e-05
2.07874e-06
2.78602e-06
0.000434133
0.000239401
0.00020463
0.000108265
9.94379e-06
5.30292e-08
2.34242e-06
3.71147e-06
1.87679e-05
3.58168e-06
1.93034e-05
1.28532e-05
0.00346394
0.00198707
0.00116416
0.000717972
0.000454347
0.00016771
8.22867e-05
5.78098e-05
1.40164e-05
1.78432e-05
1.94762e-05
7.42797e-07
8.48017e-07
1.24912e-07
1.62365e-07
4.11893e-06
5.31328e-06
1.42148e-05
1.02648e-05
3.19274e-06
4.12319e-06
3.30243e-05
2.96666e-05
3.9905e-07
0.00787088
0.00743182
0.00644757
0.00593798
0.00509731
0.00381284
0.00299195
0.00214175
0.00118082
0.00043049
7.10796e-05
3.01458e-05
0.000248146
0.000139283
0.000126545
7.58413e-05
6.1578e-05
8.70752e-05
5.81278e-05
5.29308e-05
4.20663e-05
3.52797e-05
1.17978e-05
1.0334e-07
1.96855e-06
1.22931e-05
1.15139e-05
3.98114e-05
0.000106625
0.000145261
0.000144206
0.000129189
0.000177916
0.000155619
0.000217699
0.000190075
0.000185928
0.000127588
0.000121017
0.00021223
0.00022397
0.000436598
0.000409799
0.0005543
0.000665845
0.000567195
0.000713938
0.000742978
0.000973367
0.000725368
0.000829009
0.00102842
0.00111109
0.00119594
0.000952834
0.000924385
0.00109159
3.62e-05
0.00018257
0.000329691
0.000413614
0.000469302
0.000621022
0.000657505
0.000654203
0.000587384
0.000583713
0.0007246
0.000700024
0.000614272
0.00063529
0.000642344
0.000584269
0.000583344
0.000487707
0.000434624
0.000527704
0.000446585
0.000359099
0.00033044
0.000351454
0.000355072
0.000362254
0.000375703
0.000382273
0.000333577
0.000348625
0.00031596
0.000285326
0.000278602
0.000225037
0.000234898
0.000238169
0.000225518
0.000212707
0.000171861
0.000167555
0.000152696
0.000130926
0.000130514
0.000102556
9.4873e-05
5.87453e-05
5.25408e-05
3.31031e-05
2.53735e-05
1.93767e-05
4.28043e-06
3.73072e-06
1.07313e-06
8.98635e-07
9.01369e-07
1.18092e-06
2.79547e-06
1.91296e-06
1.69982e-06
3.01847e-06
5.93694e-06
8.17186e-06
1.2835e-05
1.12961e-05
1.98768e-05
1.79954e-05
2.13502e-05
2.03536e-05
2.67936e-05
3.05277e-05
2.79656e-05
2.97998e-05
6.85487e-05
3.07829e-05
7.11011e-05
7.18126e-05
7.21409e-05
7.30016e-05
7.4171e-05
7.546e-05
6.69142e-05
0.000693259
0.00324152
0.000353555
0.000107096
0.000307869
0.000244761
0.000190707
0.000152752
0.000103336
8.21904e-07
5.59973e-05
0.000243722
0.000143347
0.0295996
0.0239212
0.0193062
0.014867
0.010842
0.00802961
0.00535631
0.00358565
0.00241916
0.00153916
0.000792824
0.000740639
0.000286587
1.52143e-05
3.93635e-06
0.000362489
0.000289055
0.000231475
0.000372684
0.000265841
0.000204488
0.000346197
0.000453679
0.00014523
0.000137307
0.000184549
0.000112831
0.000135289
0.000119124
8.25381e-05
0.000235177
0.000177976
0.000192996
0.00485855
0.00414972
0.00277679
0.00259784
0.00215546
0.00176934
0.0016382
0.0012646
0.00104977
0.000980869
0.000805764
0.000773207
0.000605525
0.000624527
0.000554724
0.000646224
0.000494063
0.000504395
0.000476768
0.000367854
0.00034337
0.000107711
8.26327e-05
8.68757e-05
9.07218e-05
0.000133774
0.000125666
8.30838e-05
3.83205e-06
8.17704e-05
0.00016448
0.000314421
0.000405331
0.000374239
0.000286664
1.52135e-06
8.09763e-05
0.000376073
0.00110663
0.00146703
0.00104122
0.000671062
0.000388277
0.000406712
0.000275788
0.000182493
0.000110104
5.27737e-05
7.31895e-05
4.40961e-05
3.10827e-05
1.48833e-05
1.70539e-06
5.42329e-05
8.73672e-05
0.000147745
0.00010489
0.000216847
0.000185383
0.000275108
0.000214613
0.000147781
0.000125514
0.000153614
0.00015873
7.07765e-05
5.88572e-05
0.000128701
0.000231324
0.000381877
0.000363577
0.000529548
0.000464204
0.000497356
0.000618153
0.000490243
0.000483784
0.000509644
0.000726326
0.000462787
0.000527097
0.000834308
0.000556293
0.000717435
0.000848516
0.000416993
0.00055745
0.000766004
0.000543989
1.14132e-05
0.000170317
0.000190573
0.000170275
0.000214106
0.000198949
0.000195242
0.000126654
0.000141891
0.000152099
7.58681e-05
6.67235e-05
9.80214e-05
0.000120766
0.000114543
0.000126035
0.000148856
0.000126022
0.00014239
0.00015241
0.000147551
0.000133462
8.21877e-05
7.8866e-05
7.01036e-05
6.65768e-05
6.8086e-05
7.86449e-05
8.11075e-05
5.93517e-05
5.42093e-05
4.07519e-05
3.9077e-05
3.31367e-05
3.98884e-05
2.50166e-05
1.82512e-05
3.45569e-05
1.72578e-05
2.1102e-05
1.81109e-05
1.66562e-05
6.50828e-06
5.67163e-06
6.65646e-07
2.7456e-08
2.05463e-06
5.99004e-06
1.87659e-06
1.55056e-05
7.00098e-06
8.77579e-06
2.56208e-05
1.50423e-05
1.71759e-05
4.56283e-05
5.17559e-05
2.45278e-05
4.19234e-05
2.92112e-05
1.11862e-05
1.01924e-05
1.15017e-05
9.55234e-06
1.02621e-05
6.78989e-06
1.13662e-05
5.11768e-06
8.35214e-06
8.80526e-06
2.69553e-06
5.19072e-06
5.97389e-06
7.05249e-06
7.77856e-06
1.07638e-07
4.28377e-07
0.000110099
0.000114337
0.000117183
0.000122389
0.000126327
0.000124862
8.16928e-05
8.19072e-05
0.00201271
0.000109201
0.00310197
0.00862418
0.00756171
0.00740269
0.00653379
0.00491929
0.00350003
0.00306946
0.00179797
0.0011201
0.000879942
0.000408352
0.000302134
0.000129842
0.000152286
0.000103493
3.45963e-06
1.72549e-07
1.04893e-06
9.13642e-07
1.72308e-05
2.1933e-05
2.72625e-05
0.000137334
8.45095e-06
1.96721e-05
5.31395e-06
2.26067e-05
2.56246e-05
0.000124397
7.49653e-05
8.82417e-05
0.0046363
0.00289595
0.00216171
0.00119274
0.0042185
0.00294445
0.0013401
0.00153486
0.00171601
0.00173162
0.00558641
0.00466619
0.00484003
0.00314716
0.00129084
0.000662283
0.000917789
0.000641116
0.000150937
0.000164221
1.02484e-05
3.81991e-09
0.000508672
0.000702144
0.000863261
0.000710269
0.00038433
0.000426034
0.000372669
0.000173453
0.000199264
0.00128803
0.0228488
0.0149129
0.00878402
0.00463181
0.00222768
0.0011601
0.000407147
0.000211184
9.02923e-05
0.0102661
0.00951064
0.00896456
0.00823443
0.00717754
0.00641216
0.00562085
0.00458438
0.00356574
0.00271015
0.00157783
0.000730997
0.000730643
0.000219825
8.36245e-06
0.000116623
0.000527606
0.000427227
0.000275188
0.000271593
0.000231937
0.00015031
0.000123468
5.78813e-05
2.32871e-05
1.54211e-05
4.85298e-07
5.72423e-09
6.80645e-06
3.59031e-05
6.79145e-05
0.000126867
0.000144789
0.000214101
0.000177008
0.000253888
0.000267775
0.000342226
0.000304014
0.000356436
0.00024821
0.000344562
0.000284283
0.000476814
0.00049193
0.000469867
0.000448604
0.0005315
0.000545737
0.000565661
0.000602551
0.000592038
0.000556349
0.000599861
0.000816366
0.000926114
0.00115295
0.000840092
0.00100102
0.00138144
0.000845433
0.00048566
0.000266299
0.000182208
0.000583256
0.000608303
0.000826294
0.000974751
0.00102253
0.00132046
0.00109478
0.000273368
0.000308953
0.000338267
0.000380006
0.000405824
0.00033985
0.000346218
0.000445655
0.000425285
0.000443799
0.000377981
0.000518473
0.000439749
0.000566369
0.000465773
0.000533893
0.000425747
0.000516215
0.000509475
0.000510226
0.000563387
0.00047073
0.000493816
0.000470636
0.000513144
0.000483149
0.000548492
0.000527295
0.000447066
0.000529115
0.000438658
0.000391537
0.000422236
0.000405741
0.000359966
0.00033599
0.000330846
0.00035358
0.000322034
0.000289111
0.000251355
0.00025058
0.000232483
0.000202543
0.000190184
0.000179819
0.000114339
8.83705e-05
7.38852e-05
5.10646e-05
4.03351e-05
2.38083e-05
1.37068e-05
9.14621e-06
2.14376e-06
2.25017e-06
9.37475e-07
3.28528e-06
7.69675e-06
1.38733e-05
1.98475e-05
2.96388e-05
3.28598e-05
4.452e-05
5.04934e-05
6.01467e-05
6.0686e-05
6.58411e-05
7.22891e-05
7.39485e-05
8.39131e-05
8.22213e-05
9.07691e-05
7.93997e-05
8.92516e-05
9.25025e-05
9.25009e-05
8.95964e-05
8.88118e-05
0.000134588
8.81873e-05
8.39127e-05
7.32177e-05
7.35135e-05
7.35192e-05
7.32706e-05
7.32836e-05
7.32721e-05
0.000102595
0.00371389
0.000561346
0.000804164
0.00208088
0.00238686
0.00240492
0.00194517
0.00145323
0.00123718
0.000880963
0.000480049
0.000248054
7.21107e-05
4.17303e-05
1.01601e-06
5.94904e-05
0.00105698
0.000793191
0.000135514
0.000545993
0.00040473
0.000308041
0.000119779
1.80673e-05
1.49809e-05
2.73849e-06
4.18108e-07
2.956e-05
2.98685e-05
4.05835e-05
0.000144661
4.09739e-05
5.3241e-05
0.000157088
9.61075e-05
0.000115231
0.00213835
0.00130551
0.00122954
0.000922437
0.000687779
0.000654604
0.000348671
0.000250049
0.000201222
9.14734e-05
0.00228888
0.00144651
0.00104852
0.000845558
0.000413588
0.000254337
0.000187627
9.56971e-05
2.36784e-05
1.20464e-05
9.86302e-06
2.56247e-06
2.16095e-06
2.52401e-06
3.7211e-06
1.2501e-06
4.10246e-06
9.33832e-06
4.30657e-08
7.36115e-06
5.32575e-05
1.27177e-06
2.88015e-06
8.09334e-08
1.5725e-05
0.00346477
0.00206542
0.00102741
0.000912459
0.00109962
0.000597464
0.000320869
0.000177633
0.000105751
8.8969e-05
0.00938816
0.00834508
0.00761539
0.00652561
0.00515076
0.00412639
0.00286627
0.0018406
0.00141535
0.00148449
0.000581636
8.16999e-07
3.37309e-05
0.000375993
0.000273097
0.000160716
0.000144944
9.10744e-05
0.000101681
6.81656e-05
5.16458e-05
4.43347e-05
1.55172e-05
2.34452e-05
7.4029e-06
4.45129e-07
6.64072e-05
3.93122e-05
3.23748e-05
4.73243e-05
7.5859e-05
0.000108459
0.000268635
0.000266689
0.000273201
0.00025573
0.00026388
0.000277518
0.000306939
0.000178819
0.000256201
0.00030653
0.000250271
0.000303143
0.000329704
0.000393315
0.000584575
0.000448969
0.000646753
0.000696472
0.000630707
0.000620484
0.000674011
0.000919648
0.000587924
0.000532197
0.00055955
0.000452504
0.000116507
2.1951e-05
0.000512504
5.66394e-06
4.93538e-05
0.000136057
0.000204105
0.000379743
0.000380383
0.000563587
0.000696337
0.000727772
0.000846529
0.000793016
0.000820624
0.000713124
0.000786753
0.000793072
0.000792332
0.00078642
0.000806674
0.000783164
0.000767861
0.000795031
0.000763233
0.000768997
0.000799312
0.000772399
0.000698861
0.000849795
0.000654092
0.000679247
0.000619694
0.00060833
0.000574356
0.000561794
0.000483828
0.000424791
0.000390125
0.000364566
0.000332115
0.000234772
0.000202308
0.00015668
0.000109753
8.43115e-05
5.64563e-05
3.68408e-05
1.60353e-05
1.26801e-06
2.96283e-08
3.73379e-06
2.21609e-05
2.01121e-05
3.06421e-05
4.81384e-05
5.98692e-05
6.77176e-05
9.5999e-05
7.10778e-05
0.000101235
0.000118058
0.000107765
0.000136608
0.000118617
0.000142953
0.000157351
0.000123277
0.000153403
0.000145076
0.000153303
0.000165249
0.000190253
0.000153778
9.86327e-05
9.46292e-05
8.31464e-05
8.92084e-05
9.12398e-05
9.92302e-05
9.783e-05
7.06667e-05
7.06921e-05
7.06895e-05
7.05473e-05
7.0254e-05
7.02447e-05
7.0237e-05
0.000196803
0.00130538
0.00431551
0.0100066
0.0107861
0.00931717
0.00718038
0.00741754
0.00538711
0.00471188
0.00373988
0.00248395
0.00162418
0.000899506
0.000634766
0.000231256
0.000344714
0.000227711
1.23691e-05
1.67603e-06
1.83725e-05
7.84664e-05
7.00874e-05
5.34609e-05
0.000166866
0.000147139
4.26603e-05
6.25823e-05
2.59369e-05
3.3111e-05
5.1049e-05
2.99078e-05
6.28011e-05
6.52115e-05
6.40381e-05
8.60928e-05
2.97193e-05
0.000111806
1.45301e-05
0.000289071
0.000310845
0.000194614
0.000166162
6.71277e-05
1.22565e-05
4.66713e-06
2.54077e-06
3.93744e-06
4.63498e-06
4.50455e-06
1.01073e-06
2.15635e-10
0.0033273
0.00199221
0.00126198
0.000819776
0.000381821
0.000259974
0.000125499
5.08483e-05
8.78851e-05
3.78988e-05
6.31321e-05
2.81958e-05
1.91928e-06
7.71656e-07
1.02759e-06
4.73106e-06
4.35702e-06
1.16003e-06
3.83782e-06
1.15479e-06
2.85741e-06
2.06754e-08
2.49772e-07
8.1246e-07
2.04591e-06
0.00727416
0.00686254
0.00644803
0.00555277
0.00457359
0.0032854
0.00269301
0.00150785
0.000782468
0.000333696
2.44423e-05
0.000115388
0.000325273
0.000181935
0.000137347
0.000138333
0.000114221
7.28831e-05
7.5381e-05
6.03665e-05
3.42763e-05
3.61972e-05
4.34599e-05
2.53071e-05
1.68827e-05
1.80348e-06
6.9816e-07
8.11889e-06
2.98417e-05
1.31376e-05
6.60798e-05
5.55317e-05
2.29491e-05
0.0001089
2.57165e-05
5.78237e-05
7.72035e-05
0.000151944
0.000151531
0.000135586
0.000113851
8.04533e-05
9.37487e-05
5.55253e-05
0.000156198
0.00017629
0.000246648
0.000211609
0.000357853
0.000411772
0.000403272
0.000450053
0.000389833
0.000554346
0.000453447
0.000349658
0.000392396
0.000360036
1.4618e-05
3.60097e-05
0.000205615
0.000137606
0.000230323
0.000246511
0.000357726
0.000520986
0.000527531
0.000598156
0.000715126
0.000673675
0.000646327
0.000593641
0.000588022
0.00056209
0.000520219
0.000572128
0.000490068
0.000510654
0.000446608
0.000533476
0.000466793
0.000476367
0.000571716
0.000468864
0.000503023
0.00045302
0.000432292
0.000361546
0.000442933
0.000390771
0.000337736
0.000272775
0.000312148
0.00027749
0.000253699
0.000232833
0.000218088
0.000167661
0.000154254
0.000125572
0.000132539
0.000110387
7.15211e-05
5.82832e-05
4.4122e-05
3.15421e-05
1.51133e-05
1.0273e-05
4.39364e-06
1.80063e-06
2.40662e-07
2.19453e-06
1.24751e-06
8.88622e-06
1.29334e-05
1.65347e-05
2.46501e-05
3.01301e-05
2.98646e-05
4.31691e-05
4.38782e-05
4.60053e-05
5.50254e-05
6.17033e-05
5.94885e-05
7.11449e-05
5.67877e-05
6.06208e-05
5.11547e-05
3.81741e-05
6.95246e-05
5.63042e-05
6.32595e-05
6.3964e-05
8.37452e-05
8.55763e-05
8.61689e-05
8.65923e-05
8.83906e-05
8.8047e-05
7.55394e-05
0.000127071
0.000127677
0.00266237
0.00265121
0.0017488
0.0234387
0.0255079
0.0216273
0.018327
0.0165569
0.0154463
0.0134731
0.0106943
0.0078066
0.00614236
0.00362074
0.00254622
0.00164732
0.00110915
0.000528771
0.000363639
0.000188487
9.55846e-05
5.36983e-05
3.59291e-05
0.000130343
5.24491e-05
6.74437e-05
0.0001112
8.9288e-05
7.92753e-05
0.000155987
2.22253e-05
2.14625e-05
4.94959e-05
5.16536e-05
4.53266e-05
5.72886e-05
4.48591e-05
0.000123964
0.00013213
6.83855e-05
0.000164918
0.00141037
0.00193916
0.00165675
0.00156169
0.0012752
0.00111364
0.000677874
0.000613744
0.000844523
0.000637187
0.000625592
0.000680958
0.000643413
0.000495314
0.000600999
0.000578874
0.000481287
0.000526928
0.000488443
0.000440732
0.000384169
0.000495218
0.000413406
0.000355913
0.000348369
0.00030707
0.000417926
0.000320907
0.000300435
0.000292589
0.0003555
0.000302951
0.000293889
0.000216104
0.000161219
0.000319442
0.000466087
0.000435023
0.000343625
0.000205921
7.78309e-05
3.99682e-05
4.70251e-06
0.000158767
0.00122602
0.00127979
0.000852012
0.000598151
0.000532059
0.000402815
0.000275133
0.000161797
0.000106391
5.02284e-05
1.04162e-05
2.90209e-05
9.9324e-06
3.50858e-07
1.19804e-08
1.67488e-06
2.5497e-05
2.60892e-05
4.20395e-05
2.72151e-05
6.63622e-06
2.28742e-05
7.90898e-06
1.79061e-06
1.26055e-09
6.04644e-06
4.19961e-05
8.54695e-05
3.11787e-05
0.000150939
0.000138794
0.000258937
0.000271406
0.000190838
0.000370157
0.000491073
0.000280216
0.000445956
0.000412192
0.000408993
0.000357985
0.000476089
0.000840501
0.000481621
0.000595424
0.000785737
0.000626297
0.000346917
0.00034896
0.00102668
0.00100401
8.20311e-05
9.12949e-05
4.81032e-05
4.69382e-05
7.14679e-05
0.000116772
0.00013697
0.000111952
0.000157069
0.000170142
0.000160368
0.000180642
0.000238858
0.000200919
0.000221424
0.000187125
0.000206463
0.000207461
0.000212661
0.000226283
0.00028076
0.000258184
0.000213317
0.000277169
0.000218273
0.000215886
0.000193588
0.000199356
0.000203116
0.000224092
0.00018209
0.000249041
0.000170306
0.000137358
0.0001188
0.000130353
0.000116171
7.5261e-05
5.87675e-05
4.76415e-05
3.87938e-05
3.56748e-05
3.22227e-05
2.15238e-05
2.29804e-05
1.3162e-05
1.43284e-05
2.04885e-06
3.29712e-06
6.07817e-06
6.14142e-08
1.4042e-06
5.79482e-08
1.60601e-06
2.26331e-06
4.21773e-06
1.13193e-05
1.5639e-05
5.42459e-06
1.61888e-05
1.84508e-05
2.3012e-05
9.56266e-06
3.39898e-05
1.32706e-05
3.53885e-05
1.13915e-05
7.0373e-06
3.84954e-05
1.46991e-05
1.68163e-05
7.04903e-06
7.29306e-06
1.63183e-05
2.88832e-05
6.68238e-06
4.12905e-05
1.49174e-05
3.08046e-06
7.90861e-05
8.31751e-05
8.36417e-05
7.80054e-05
8.38527e-05
7.88728e-05
8.59447e-05
8.71889e-05
8.92784e-05
0.00276988
0.0027944
0.00425722
9.08615e-06
0.00760707
0.00615733
0.00509951
0.00452571
0.00458632
0.00440991
0.00358819
0.00325736
0.00223046
0.00162362
0.000971651
0.00081004
0.000351232
0.000190374
0.000131626
0.000206595
6.56979e-05
7.62278e-05
2.53754e-06
1.23365e-06
5.97235e-05
9.92404e-05
1.6472e-05
5.21447e-05
0.000239636
0.000132104
0.000146057
3.4299e-05
0.000156952
0.000166016
0.00032984
0.000321739
0.00215307
0.00245999
0.00143263
0.000780184
0.00234323
0.00210998
0.000863144
0.0005812
0.000322839
0.000633868
0.000274192
0.000181008
0.000243391
6.7659e-05
3.92237e-05
4.11799e-05
2.41228e-05
3.58901e-06
1.12958e-05
1.77924e-06
5.13112e-06
1.80411e-05
1.12582e-05
6.39074e-05
3.16832e-05
0.0141762
0.00899748
0.00157671
0.00620092
0.00340543
0.00207027
0.000935437
0.000397369
0.000121351
5.2596e-05
6.06439e-05
1.03294e-05
3.71982e-06
1.33537e-05
3.28859e-07
0.0104399
0.00975052
0.00920914
0.00818694
0.00712453
0.00620646
0.00547977
0.00447362
0.00296984
0.00229921
0.00151797
0.00140454
0.000765751
0.000154735
1.16265e-06
0.000201468
0.000585107
0.000318552
0.000264732
0.000209431
0.00019137
0.000145752
8.57082e-05
5.91951e-05
3.25615e-05
2.94911e-05
2.25587e-06
6.60824e-06
4.09823e-06
2.96872e-05
4.71317e-05
9.49371e-05
0.000117468
0.000147728
0.000206214
0.000228174
0.000223422
0.000261804
0.000202424
0.000294582
0.000439622
0.000376921
0.00044679
0.000387387
0.000294871
0.00029622
0.000423033
0.000442877
0.000480581
0.000700688
0.000927824
0.000753994
0.000965116
0.000790248
0.00114872
0.000862201
0.000697951
0.000435557
0.000401004
0.000343104
0.000457573
0.000667515
0.000990985
0.00088522
0.000507829
0.000704817
0.000955588
0.00112257
0.000925021
0.000988231
0.000349901
0.00038055
0.000370907
0.000405529
0.00038042
0.00039312
0.000420674
0.000406966
0.000449065
0.000480459
0.000449064
0.000433774
0.000499382
0.000372514
0.000494227
0.000496106
0.000480717
0.000524551
0.000482094
0.000551528
0.000497345
0.000386289
0.000505549
0.000538263
0.000535175
0.000448365
0.000460378
0.00042037
0.000536238
0.000431967
0.000440606
0.000403408
0.000392615
0.00042367
0.000405699
0.000422437
0.000383845
0.000363842
0.000272347
0.000279616
0.000248055
0.000183241
0.000215842
0.000158209
0.00012613
0.000106894
0.000100155
8.29057e-05
7.00143e-05
4.5314e-05
2.89605e-05
3.11038e-05
1.01282e-05
6.1335e-06
8.68611e-07
5.87047e-08
1.07195e-06
4.34157e-06
8.62595e-06
1.1879e-05
1.87514e-05
3.54226e-05
4.10228e-05
4.82321e-05
5.43842e-05
6.15233e-05
6.8361e-05
8.8913e-05
8.69851e-05
9.12061e-05
9.78484e-05
9.91412e-05
9.92157e-05
0.000100477
0.000104565
0.000111137
0.000110371
0.000109105
0.00011261
0.000112753
0.000113168
0.000157819
8.00825e-05
7.92357e-05
7.92153e-05
8.023e-05
7.938e-05
7.93411e-05
7.71525e-05
9.19779e-05
0.00305515
0.000379429
4.49259e-05
0.00171687
0.00271688
0.00281003
0.00244437
0.00163665
0.00135729
0.00085179
0.000471594
0.000182197
0.000110853
1.94273e-05
2.30882e-06
0.00192893
0.00112791
0.000669149
0.000618455
0.000440728
0.000322964
0.000233086
9.40972e-05
2.69033e-05
1.57093e-05
2.37688e-06
8.11934e-06
6.61704e-06
5.35333e-07
3.62438e-07
2.17322e-05
2.48318e-06
4.95271e-06
7.30979e-05
5.87587e-08
0.00258239
0.00160227
0.00114058
0.0010792
0.00078934
0.000571819
0.000212538
0.000251888
4.75756e-05
1.65489e-05
0.000172371
0.00022198
8.52081e-05
0.000183663
0.000177131
0.000459248
0.000199375
0.000294542
5.41343e-05
0.00027069
0.000218953
0.000333919
0.000315333
0.000238017
0.000335517
0.000218131
0.000275523
0.000259145
0.000234676
6.22839e-05
7.16774e-05
0.000172776
0.000241255
0.000222126
0.000235338
5.38509e-05
0.000255054
0.000242956
0.000241107
1.27899e-07
4.32983e-07
1.89564e-06
0.0226702
0.00146672
0.00158065
0.00168718
0.00156269
0.00121855
0.000996237
0.000885792
0.00070787
0.000221273
0.000152666
1.7006e-06
9.44325e-05
0.000479685
0.00115878
0.000710407
0.000500303
0.000396017
0.000370239
0.000226734
0.000186657
8.67289e-05
5.39552e-05
2.21771e-05
6.87899e-07
7.16299e-06
9.05847e-06
1.36202e-05
1.13865e-05
5.96411e-05
5.53129e-05
0.000171218
0.000145649
0.000156754
0.000220285
0.000182288
0.000165434
0.000249502
0.000167745
0.000214404
0.000175765
0.000174644
0.000324218
0.000233854
0.00035087
0.000494639
0.000527887
0.000655157
0.000761978
0.000790903
0.000861966
0.00103455
0.000827889
0.000777677
0.000730038
0.00066397
0.000391876
0.000335531
0.00086801
0.000573422
0.000755799
0.00069632
0.000107871
1.02053e-05
1.06041e-07
4.34982e-05
0.00016749
0.000248922
0.000286647
0.000365455
0.000344988
0.000340353
0.000403476
0.000473513
0.000497773
0.000423258
0.000462494
0.00049586
0.000520088
0.000599779
0.000480837
0.000397789
0.000568685
0.000588597
0.000505651
0.000509024
0.000547857
0.000698332
0.000502924
0.000495542
0.000525536
0.000518027
0.000519717
0.000404004
0.000456612
0.000405808
0.000310977
0.000320363
0.000299473
0.000226217
0.000180397
0.000167031
9.17509e-05
6.13094e-05
4.3992e-05
1.38202e-05
4.24355e-06
1.86507e-10
1.75373e-07
2.53395e-06
1.62681e-05
3.70502e-05
2.80009e-05
5.93833e-05
6.81873e-05
6.38679e-05
8.62422e-05
7.47984e-05
9.83366e-05
0.000116724
0.000106606
0.000135631
0.000122117
0.000135153
0.000147512
0.000143605
0.000127664
0.000155774
0.000130817
8.3621e-05
6.72918e-05
7.13558e-05
8.24176e-05
8.35735e-05
8.78373e-05
9.45149e-05
9.23665e-05
0.000115943
7.88862e-05
7.8914e-05
7.89303e-05
7.8906e-05
7.87806e-05
7.85368e-05
7.84745e-05
0.000235869
0.00159135
0.00222732
0.0123515
0.00876753
0.00744671
0.0091067
0.00573051
0.00559051
0.00412268
0.0031713
0.00224573
0.00162354
0.00119141
0.000432497
0.000152504
0.000137681
0.000102143
2.30397e-05
7.68433e-08
9.25112e-06
0.000130038
0.000123366
4.87643e-05
7.1091e-06
0.000101976
6.23047e-05
8.45998e-05
8.12378e-05
0.00015241
0.00028624
6.30494e-05
0.000265043
8.20085e-05
7.71941e-05
7.51416e-06
7.20829e-05
0.000366338
0.000267002
0.000231682
9.75821e-05
6.42909e-05
8.43842e-06
3.3813e-05
1.15625e-05
1.43885e-05
7.38221e-07
7.58119e-06
0.0014118
0.00083587
0.000539275
0.000398312
0.000176214
0.000112542
7.37807e-05
3.20731e-05
2.7962e-06
1.03209e-05
4.93884e-06
5.09874e-06
1.17482e-07
1.15418e-06
2.38982e-06
2.31389e-06
5.21701e-06
1.3347e-06
2.57408e-05
2.01859e-06
1.15389e-05
8.12242e-06
7.17911e-06
2.2668e-06
1.96254e-05
0.00483031
0.00470814
0.00464323
0.00417511
0.00335479
0.00293451
0.00193409
0.00121148
0.000798543
0.000186396
6.05846e-07
9.98575e-05
0.000538769
0.00060597
0.000379195
0.000256676
0.000195936
0.000124914
8.64834e-05
4.33075e-05
1.9287e-05
3.8461e-05
2.42082e-06
3.32904e-07
9.4011e-06
1.97846e-05
4.3495e-05
0.000100066
0.000133614
0.000147636
0.000184026
0.000121728
0.000108438
0.000219562
0.000333808
0.000286026
0.000249621
0.000210936
0.000263222
0.000222418
0.000286328
0.000181127
0.000319175
0.000527293
0.000582678
0.000442994
0.000483008
0.000494333
0.000561377
0.000506232
0.000553205
0.000447553
0.000545979
0.000557801
0.000414632
6.88414e-05
0.000867066
0.000171495
0.000159255
0.000258462
0.000306235
0.000343634
0.000349674
0.000424432
0.000380718
0.000304213
0.000366773
0.000304223
0.000280803
0.000336836
0.000348529
0.000399413
0.000336161
0.000447551
0.000352168
0.000349617
0.000322438
0.00033949
0.000350257
0.000331848
0.000372109
0.00033287
0.00030928
0.000355073
0.000301399
0.000262791
0.000250344
0.00018832
0.000216364
0.000181898
0.000160493
0.000144756
0.000166052
0.000162876
0.000101317
0.000106397
7.71199e-05
8.30857e-05
5.8666e-05
3.57209e-05
3.8654e-05
7.68698e-06
1.09632e-05
3.7309e-06
1.339e-06
8.58564e-07
3.89736e-07
2.23834e-06
3.86929e-06
1.20608e-05
1.74247e-05
1.57995e-05
3.38234e-05
3.622e-05
4.22117e-05
5.51952e-05
5.8064e-05
6.82433e-05
6.54642e-05
7.37652e-05
7.81386e-05
7.61737e-05
7.63518e-05
7.77748e-05
9.32101e-05
9.22719e-05
9.47919e-05
8.95794e-05
8.8154e-05
8.46948e-05
7.52161e-05
8.31667e-05
8.32817e-05
8.34881e-05
8.35932e-05
8.39484e-05
8.44839e-05
8.44193e-05
8.16243e-05
0.0012395
0.00142365
8.5401e-05
0.0305732
0.0198434
0.0172531
0.0141679
0.0147556
0.0156095
0.0146256
0.0136142
0.0115717
0.00932024
0.00684862
0.00508786
0.00315029
0.00218841
0.00111122
0.000635332
0.000309339
0.000189299
0.000193583
4.5817e-05
2.66124e-05
4.70833e-05
3.12311e-05
0.000123155
0.000119463
0.00016665
0.000144742
0.000131969
7.29109e-05
5.93258e-05
0.000140491
7.32032e-05
4.37166e-05
8.26755e-05
0.000101025
8.5699e-05
9.01362e-05
0.000113764
0.000129715
2.53415e-05
0.000131305
0.000121258
4.32408e-05
4.36485e-05
0.00177434
0.00162435
0.00139714
0.00145668
0.00143598
0.00128498
0.00133237
0.00115844
0.00113476
0.0010501
0.000914426
0.000877491
0.000778792
0.00076631
0.000595182
0.000624566
0.000750917
0.00062294
0.000543798
0.000516067
0.000478586
0.000390602
0.00045233
0.000444199
0.000317989
0.00028963
0.000266176
0.000303906
0.000491034
0.000226462
0.000217216
9.19335e-07
7.57435e-05
0.0003719
0.000866879
0.00149724
0.00137137
0.000738524
0.000740573
0.000457752
0.00025493
0.00024816
0.000175145
9.51726e-05
6.21546e-05
1.40555e-05
2.92714e-06
7.66104e-06
1.22715e-06
1.97499e-05
6.53521e-05
4.29096e-05
6.47131e-06
7.69777e-06
5.30444e-06
3.75267e-05
2.21285e-05
3.24597e-05
8.71457e-05
3.65298e-05
0.000116724
5.36373e-05
0.00025979
0.00027819
0.000332668
0.000343998
0.000380477
0.000333096
0.00031487
0.000406856
0.000419176
0.000584245
0.000807739
0.00062858
0.000575926
0.000486392
0.000368365
0.000627586
0.000703588
0.000752352
0.000789161
0.000997229
0.000503242
0.000462531
0.000435
0.000366049
0.000437185
0.000357896
0.000418503
0.000395169
0.000343963
0.000351916
0.000313752
0.000256948
0.000294507
0.000284268
0.00027628
0.000253441
0.000258876
0.00026797
0.000176243
0.000247597
0.000182474
0.000223759
0.000224503
0.000211706
0.00017243
0.000173313
0.000117932
9.68036e-05
0.000130083
0.00011515
0.000105004
0.000132088
0.000133259
9.05013e-05
7.97969e-05
7.95927e-05
8.35647e-05
4.69255e-05
3.61669e-05
5.53071e-05
4.01737e-05
4.29084e-05
3.29343e-05
3.97125e-05
3.23241e-05
8.90486e-06
9.55137e-06
9.0097e-06
4.01333e-06
2.16322e-07
2.5182e-06
5.98322e-07
4.10533e-07
1.55231e-06
2.75458e-08
1.71352e-07
6.04572e-09
1.32504e-07
2.72236e-07
8.97598e-07
1.25882e-06
1.45954e-06
1.94067e-06
2.65335e-06
3.03715e-06
1.1824e-05
1.36361e-05
1.241e-05
1.48887e-05
1.47757e-05
2.22571e-05
2.77274e-05
4.13528e-05
2.74826e-05
3.25871e-06
8.88022e-06
2.58117e-05
3.04017e-05
1.7322e-05
1.8113e-05
4.60271e-05
3.26387e-05
7.59864e-05
0.00013999
0.00178247
0.00172519
0.00190454
0.00204119
0.00268657
0.000177663
0.000194308
0.000207803
0.000220375
0.000820671
0.00380007
0.000237268
0.00256738
0.00205587
0.00203105
0.00162625
0.0010972
0.000868767
0.000477199
0.000114221
3.7133e-05
2.30565e-05
3.67824e-06
1.86093e-05
1.46592e-05
1.4249e-05
2.3864e-05
7.25704e-05
9.42407e-05
0.000128782
0.000257531
0.000438378
0.000158715
0.000347319
0.000415231
0.000311242
0.000268765
0.00021833
0.000405045
0.000299498
0.000405048
0.00154062
0.000700779
0.000708463
0.00128744
0.000677391
0.000454179
0.000591077
0.000214586
0.000367727
0.000171069
6.27069e-05
4.13332e-05
1.33809e-05
1.28478e-05
4.00478e-06
4.6445e-05
1.73356e-05
1.93305e-06
3.93046e-06
3.96483e-06
9.01062e-06
1.34814e-05
7.11043e-05
5.58269e-06
1.15308e-05
1.21367e-05
2.20547e-07
3.46462e-05
2.77385e-05
1.06048e-05
7.3264e-06
9.3031e-06
0.010374
0.00678377
0.00424948
0.00196033
0.000796158
0.000384319
0.000175487
8.17918e-05
3.50539e-05
1.97963e-05
9.41447e-06
0.00683621
0.00666465
0.00608277
0.00541129
0.0047332
0.00406488
0.00344208
0.00255887
0.00188006
0.000578675
0.000224484
0.000167267
0.000216659
0.00085647
0.000794504
0.000583272
0.000470965
0.000418199
0.000371658
0.000277756
0.000183961
0.000114578
4.33341e-05
2.99666e-05
5.06916e-05
1.10425e-06
2.13281e-06
6.47641e-06
0.000105482
0.000109061
0.000154166
0.000188242
0.000207829
0.000317277
0.000252355
0.000506535
0.00043809
0.000383411
0.000508598
0.000461201
0.000344263
0.000550286
0.000360601
0.000429403
0.00040927
0.000695211
0.000932311
0.000676941
0.000576743
0.000529406
0.000310239
0.00024653
0.000572337
0.000516265
0.000798118
0.000578245
0.000587274
0.000522732
0.000706184
0.000409722
0.000940325
0.00114279
0.000260334
0.000299766
0.000250863
0.000260092
0.000244013
0.00023306
0.000299915
0.000227256
0.000299881
0.000237134
0.000255951
0.000293697
0.000260887
0.00025347
0.000248183
0.000262562
0.000253644
0.000244788
0.00022337
0.000291889
0.000222334
0.000255945
0.000191635
0.000261918
0.00025796
0.000219271
0.000254679
0.000217758
0.000246308
0.000198373
0.000246886
0.000186414
0.000178651
0.000155507
0.000122357
0.000118883
6.45646e-05
4.8491e-05
4.0996e-05
2.14527e-05
1.69258e-05
6.56476e-06
2.00403e-06
7.56477e-07
4.12017e-06
5.15098e-06
1.70624e-05
2.70524e-05
3.33255e-05
5.60003e-05
7.06793e-05
7.15881e-05
7.95277e-05
0.000101311
0.000111882
0.000119106
0.000130134
0.000132263
0.000139011
0.000138341
0.000147589
0.000153249
0.000157541
0.000153679
0.000156253
0.000159115
0.000153564
0.000156067
0.000160415
0.000162613
0.000166134
0.000180534
9.34126e-05
9.42403e-05
9.34924e-05
9.44449e-05
9.41865e-05
9.34372e-05
9.08319e-05
0.00098494
0.00129065
0.00094167
0.00517796
0.00499006
0.00452011
0.00410532
0.00308871
0.00240284
0.00143368
0.00106223
0.00421496
0.00336768
0.00196146
0.00153504
0.00140707
0.000893671
0.000867504
0.000629892
0.00037886
0.000164086
0.000209467
0.000116482
3.64132e-05
4.4015e-06
2.50215e-06
2.37146e-06
8.86359e-07
0.00224622
0.00131191
0.00101368
0.000822206
0.000722674
2.53403e-05
2.58902e-06
5.82135e-06
1.04965e-07
5.68534e-06
1.02294e-05
3.99833e-05
2.25393e-05
8.35974e-05
0.000112955
0.000236115
0.000224816
0.000118263
0.000226616
0.000239253
0.000292487
0.000242578
0.000291651
8.00321e-05
0.000135743
0.000272136
0.000285581
0.000271992
8.80643e-05
0.000159549
0.000343163
3.46442e-05
2.58167e-05
0.000628416
0.000795397
0.00105369
0.000875133
0.000875791
0.000792624
0.00059451
0.000388373
0.000217661
5.14769e-05
2.1118e-05
0.000200583
0.0012501
0.000988852
0.000589825
0.000412596
0.000286215
0.000187546
0.00013203
4.99099e-05
0.00010298
2.48065e-05
1.6344e-05
5.9247e-06
7.6608e-08
1.87568e-05
8.86176e-05
0.000270816
0.000233167
0.000305741
0.000281883
0.000328775
0.000378597
0.00041298
0.000497601
0.000309957
0.000394366
0.000384011
0.000773039
0.000637197
0.000841997
0.000700955
0.000567275
0.000723878
0.000830046
0.000931209
0.00117245
0.000926918
0.000648244
0.000439708
0.00050397
0.000527244
0.000138331
1.82893e-05
4.37728e-06
8.06568e-05
0.000175644
0.000220548
0.000261922
0.000314758
0.000330889
0.000399159
0.00044124
0.000483391
0.000549847
0.000528631
0.00057364
0.000532192
0.000488329
0.000569858
0.000409639
0.0005769
0.000552499
0.000496711
0.000486843
0.000603767
0.000559768
0.000511008
0.000525431
0.000480587
0.000516818
0.000524083
0.000484076
0.0004036
0.000377149
0.000348869
0.000299771
0.0002638
0.000248274
0.00014777
8.7422e-05
5.69028e-05
3.13083e-05
1.72336e-05
7.21299e-06
1.72278e-08
6.48449e-07
5.89982e-06
1.50001e-05
3.61232e-05
6.42237e-05
6.18904e-05
9.78871e-05
9.12999e-05
0.000102663
0.000126794
0.000112059
0.000151032
0.000134979
0.000145689
0.000160026
0.000176891
0.000147929
0.000187158
0.000172462
0.000188327
0.000162997
0.000187033
0.000171314
0.000187272
0.000100564
9.96512e-05
0.00010449
0.000150622
0.000151152
0.00016246
0.000167052
8.21325e-05
8.22155e-05
8.22047e-05
8.21954e-05
8.21611e-05
8.17618e-05
0.000673914
0.00608272
0.0196381
0.0148631
0.0103817
0.00910244
0.00851125
0.00658522
0.0056286
0.00376454
0.00280571
0.00191131
0.00114958
0.000538613
0.000226112
0.000324536
0.000226195
0.000183611
1.19495e-07
7.64464e-06
9.33359e-06
1.56048e-05
2.93052e-05
2.05053e-05
1.14459e-06
1.46374e-05
4.50845e-06
3.0457e-05
6.69665e-05
5.73999e-05
1.66015e-05
8.93767e-06
8.10744e-05
0.000548671
0.000378573
0.000143011
8.39272e-05
3.05843e-05
2.8433e-06
1.66963e-05
2.65902e-08
1.67765e-05
0.0016379
0.000943843
0.000678162
0.000307888
0.000197125
0.00013023
3.12898e-05
3.6936e-05
1.60373e-05
3.34054e-06
3.06939e-08
3.56733e-06
1.7994e-06
2.25899e-06
5.23644e-06
9.00321e-06
9.41215e-07
5.90211e-07
4.68842e-06
9.81592e-06
2.80644e-05
2.73869e-05
0.00519717
0.00515489
0.00491463
0.00436356
0.00395595
0.00329272
0.00244532
0.00176282
0.00122343
0.000589897
9.09327e-05
1.07699e-07
5.20689e-06
0.000465989
0.00040803
0.000277702
0.000199302
9.70939e-05
0.000102001
3.05579e-05
1.42631e-05
2.803e-06
1.41718e-08
1.65408e-07
5.29192e-06
1.72421e-05
2.5726e-05
4.20104e-05
6.79038e-05
0.000100598
9.00298e-05
0.000144197
7.04874e-05
0.000129591
0.000317496
0.000305526
0.000262516
0.000216764
0.000203805
0.000219479
0.000132119
0.000147505
6.47052e-05
0.000233851
0.0005002
0.00049553
0.000459871
0.0004385
0.000428755
0.000460243
0.000504306
0.000765959
0.000693392
0.000584725
0.000661756
0.000582967
0.000484705
0.000557889
0.000937807
0.000122635
0.000176955
0.000205876
0.000240328
0.000320265
0.000289324
0.000299445
0.000244533
0.000397947
0.000310792
0.000346066
0.000325521
0.000348255
0.000358235
0.000408075
0.000361837
0.000351554
0.00037043
0.000397363
0.000336176
0.000352141
0.000368314
0.000366878
0.000306524
0.000304044
0.000344045
0.000401172
0.000339192
0.000385157
0.000399756
0.000363544
0.000297959
0.000307826
0.000234073
0.0002811
0.000294209
0.0002595
0.00025778
0.000207533
0.000223027
0.000147099
0.000173431
0.000144258
9.69073e-05
8.22577e-05
6.28456e-05
5.74444e-05
3.63475e-05
2.45385e-05
1.85637e-05
1.39865e-05
1.02662e-05
6.14661e-06
4.44937e-07
6.37734e-08
4.7903e-07
2.90099e-06
5.0593e-06
5.93996e-06
7.93173e-06
1.96869e-05
2.18284e-05
2.2661e-05
2.08685e-05
3.20806e-05
3.45323e-05
3.69589e-05
4.13023e-05
5.82121e-05
3.61973e-05
4.67552e-05
3.91802e-05
5.35117e-05
7.9275e-05
7.94463e-05
7.97893e-05
7.94185e-05
7.96875e-05
8.01285e-05
0.00218511
0.00347854
7.82933e-06
0.0158415
0.0129982
0.00923908
0.0100721
0.0119534
0.0106756
0.0112324
0.00962801
0.00814191
0.00604571
0.00450754
0.00260141
0.00169914
0.000694859
0.000545788
0.000215867
0.000132311
4.42761e-05
3.91501e-05
1.19012e-08
6.0496e-07
3.24353e-06
5.8168e-06
0.000100917
7.57801e-05
8.52111e-05
0.000242452
0.000190385
0.000116786
0.000158826
0.000475772
0.000378415
0.000388449
0.000328719
0.000354535
0.000303684
0.000244371
0.000253136
0.000220762
0.000193063
0.000125501
0.000113333
0.000111016
0.000134001
4.37096e-05
0.000251769
0.000253905
0.000202277
0.000161618
0.000115638
3.21714e-05
7.33201e-05
0.000219793
0.000196414
0.000198319
0.00022211
0.000859579
0.000566315
0.000423984
0.00033278
0.000206976
0.000160922
8.46718e-05
0.000874606
0.00074529
0.000500688
0.000360191
0.000238972
0.000125501
8.45024e-05
5.78083e-05
3.75098e-05
0.00323457
0.00324323
0.00321307
0.00279937
0.00206732
0.00135389
0.000753183
0.000669331
2.0378e-06
0.000134886
0.000510615
0.000715075
0.00046469
0.000329875
0.000258997
0.000156197
0.000171348
7.50213e-05
3.53701e-05
2.22922e-05
1.99959e-06
9.94316e-07
1.52806e-07
2.25763e-05
2.70237e-05
2.78492e-05
1.96496e-05
1.36781e-05
2.39737e-05
4.26024e-05
2.67595e-05
2.11659e-05
5.17227e-05
0.00010547
6.53775e-05
4.11385e-05
0.000113619
2.05669e-05
5.36812e-05
1.89954e-05
9.40659e-05
9.64724e-05
0.000549892
0.000199434
0.000184915
0.000329397
0.000325509
0.000518581
0.000482911
0.000420241
0.000347768
0.000583485
0.000864358
0.000917612
0.000674221
0.000744233
0.000318764
0.000612762
0.000564489
0.000491332
0.000483176
0.000458929
0.000424219
0.000416642
0.000419676
0.00033402
0.000381667
0.000330023
0.000302372
0.000356985
0.000348724
0.000340315
0.000362811
0.000315862
0.000285449
0.000295435
0.000276556
0.000238689
0.000277912
0.000200803
0.000141359
0.000183541
0.000184409
0.000172986
0.000164625
0.000142126
0.000146767
0.00014281
7.99509e-05
8.59827e-05
7.56107e-05
8.84112e-05
5.91846e-05
5.78899e-05
5.06516e-05
4.72492e-05
2.00862e-05
3.64182e-05
9.72381e-06
2.00338e-05
1.37068e-05
1.14517e-05
4.80399e-06
4.96743e-06
2.91136e-06
2.99003e-06
2.2683e-06
1.07838e-06
1.70037e-06
5.00744e-07
6.58281e-08
1.98612e-07
1.04485e-07
9.93984e-07
6.05512e-08
1.76419e-07
2.81896e-06
7.5318e-07
1.03356e-06
2.69887e-06
1.08159e-06
4.45954e-07
1.01419e-06
9.74902e-07
2.06358e-06
9.51117e-07
7.62334e-07
8.34071e-07
1.02763e-06
3.0545e-07
2.71047e-07
1.12511e-07
4.68352e-07
5.62954e-06
0.000138964
0.000143531
0.000150516
0.000157682
0.000167199
0.000179168
0.000192658
0.000202391
0.00348091
0.00507797
6.22211e-07
0.0003019
0.00373153
0.00296277
0.00315103
0.00288028
0.00253734
0.00221576
0.00102055
0.000425586
0.000190469
5.18689e-05
3.36151e-05
5.15775e-06
2.92028e-06
5.47887e-07
7.31938e-06
5.14287e-05
7.37038e-05
0.000113582
0.000115251
0.000114558
0.000167189
0.000235473
0.000355742
0.000156842
0.000278065
0.000213738
0.000155941
6.3005e-05
4.55914e-05
0.000193593
0.0022671
0.00239902
0.0017494
0.000840788
0.00228976
0.00164501
0.000923579
0.000721771
0.000365294
0.000119462
8.52207e-05
3.76261e-05
3.12484e-06
2.01562e-06
6.27049e-08
6.98046e-06
1.55609e-05
5.41571e-06
1.6734e-06
2.14656e-05
2.87852e-06
1.97171e-05
1.14606e-05
1.90434e-05
3.24557e-05
1.15242e-05
1.55498e-07
7.01481e-06
2.47581e-05
2.83149e-08
0.0140172
0.00792618
0.00456278
0.00303734
0.00136229
0.000659931
0.000268123
0.000113165
6.96105e-05
3.34846e-05
2.09741e-05
1.81241e-07
0.00886653
0.00820297
0.00763355
0.00697634
0.00605693
0.00543841
0.0045318
0.00346541
0.00210261
0.00139586
0.000505478
0.000278192
0.000216362
0.000470132
0.000348528
0.000287361
0.000199837
0.000174984
0.000127813
7.64746e-05
5.92136e-05
1.1798e-05
2.73846e-06
3.46441e-06
9.56743e-06
1.91859e-05
3.63491e-05
4.50172e-05
0.000114475
7.62787e-05
0.000123637
0.000216191
0.000201441
0.000175653
0.000193524
0.000293954
0.00019559
0.000343305
0.000231145
0.000335751
0.000194473
0.000306422
0.000187266
0.000259408
0.000265894
0.000208218
0.000397843
0.000376902
0.000432372
0.000428074
0.000591758
0.000450548
0.000325297
0.000433301
0.000380912
0.000367193
0.000552683
0.000404829
0.000370932
0.000430967
0.000460373
0.000355202
0.000358454
0.000387449
0.000412405
0.00032842
0.00032259
0.000400212
0.000396411
0.000299686
0.000418855
0.000368438
0.000328032
0.000410212
0.000488332
0.000373628
0.000414417
0.000367144
0.000355237
0.000342431
0.000335664
0.000432617
0.000381298
0.000329125
0.000382417
0.000397023
0.00043954
0.000483261
0.000396314
0.000420471
0.000376181
0.000342251
0.00043102
0.000329747
0.000264534
0.000282706
0.000395468
0.000383979
0.000361474
0.000272063
0.00030114
0.000352979
0.000355195
0.000285925
0.000391308
0.000288729
0.000356853
0.000336267
0.000484279
0.000311541
0.000288164
0.000352255
0.000385102
0.000271214
0.000291156
0.000263184
0.000229469
0.000202479
0.000190035
0.000163978
0.000146917
0.000125196
0.000111489
0.000100323
8.31745e-05
6.79177e-05
0.000337641
0.000172408
0.00014333
0.000222686
0.000183659
0.000158301
0.000130846
0.000110001
8.21943e-05
6.91511e-05
5.49155e-05
4.41402e-05
3.4316e-05
2.90239e-05
2.75192e-05
2.04661e-05
1.7221e-05
1.58135e-05
1.12713e-05
7.76013e-06
6.20467e-06
3.48008e-06
1.91692e-06
0.00063245
0.000597315
0.000568413
0.000513206
0.000489353
0.000464271
0.000466683
0.000429177
0.000395966
0.000342108
0.000305122
0.000283022
0.000257985
0.000237094
0.000209024
0.000190031
0.000163655
0.00013926
0.000105909
8.83572e-05
8.23932e-05
3.68237e-05
1.64541e-05
8.48171e-06
1.24181e-05
5.58743e-06
4.51104e-07
3.98419e-06
1.67446e-06
6.47226e-06
1.15459e-05
3.18431e-05
5.24878e-05
7.99883e-05
0.000104087
7.64252e-05
0.000106299
0.000138822
0.000179544
0.000150444
5.75224e-05
2.07284e-05
2.03371e-05
1.15291e-06
6.36741e-07
1.60371e-05
1.60998e-05
3.00092e-06
1.62425e-06
2.56631e-05
6.46083e-05
2.33104e-05
3.47666e-05
0.000116862
0.000191939
9.80385e-05
6.94132e-05
0.000118958
0.000178009
0.000249571
0.000181664
0.000153585
0.000241467
0.000532045
0.0005403
0.000734872
0.000530153
0.000718937
0.000553868
0.00067866
0.000600036
0.000982885
0.000533503
0.000635378
0.00069938
0.00104611
0.000673354
0.000892986
0.00105621
0.000880179
0.00105627
0.000678151
0.000789695
0.000474162
0.000598683
0.000581485
0.000501399
0.000606191
0.000882757
0.000978618
0.000936998
0.00115369
0.000742987
0.00100216
0.00098309
0.000924345
0.000916068
0.000886394
0.000721766
0.000845825
0.00079435
0.000935032
0.000926717
0.000896284
0.000927991
0.000920124
0.000869379
0.000683049
0.000817469
0.000813011
0.000785596
0.000771494
0.000732404
0.000708671
0.000642702
0.000598546
0.000660309
0.000583632
0.000585292
0.000565917
0.000573196
0.000492901
0.000496323
0.000477557
0.00048499
0.000478705
0.000489385
0.000458372
0.000433794
0.00043773
0.000422831
0.000379844
0.000384398
0.000377573
0.000411633
0.000427325
0.000430863
0.000413566
0.000401841
0.000395576
0.000368517
0.000331209
0.000233772
0.000233088
0.000224461
0.00038371
0.000387333
0.000370627
0.000355577
0.000346188
0.000242186
0.000345355
0.000349403
0.000330682
0.000285402
0.000287828
0.000322703
0.000296979
0.000281353
0.00029442
0.000297705
0.000284748
0.000286669
0.000275733
0.000228588
0.000227402
0.00021686
0.000219204
0.000217989
0.00020297
0.000201039
0.000187251
0.000189343
0.000187507
0.00017152
0.000148716
0.000138305
0.00012484
9.79824e-05
9.32686e-05
8.08146e-05
8.28706e-05
7.52844e-05
7.22185e-05
6.85534e-05
5.32878e-05
3.91833e-05
3.53933e-05
3.04274e-05
3.01466e-05
2.72906e-05
2.28442e-05
8.43603e-06
4.84457e-06
1.04011e-05
7.93476e-06
7.01716e-07
1.83334e-07
8.60599e-08
6.56223e-07
1.71845e-06
2.16824e-06
3.63081e-06
9.70659e-06
1.23611e-05
1.75962e-05
1.86184e-05
2.16218e-05
2.88765e-05
2.78378e-05
3.70292e-05
4.73942e-05
5.47122e-05
5.95434e-05
6.76368e-05
6.87555e-05
7.31773e-05
8.29216e-05
8.97944e-05
9.33069e-05
0.000100146
0.000104856
0.000108308
0.000113352
0.000117849
0.000127426
0.000127443
0.000129173
0.000136154
0.000139956
0.00013977
0.000159795
0.000160154
0.000172676
0.000181428
0.000179729
0.000181445
0.000188831
0.000187429
0.000197175
0.000193929
0.000195174
0.000204577
0.000201869
0.000193988
0.000204942
0.000201186
0.000200758
0.000218579
0.000213741
0.000201626
0.000218697
0.000196344
0.000192555
0.000193418
0.000210715
0.000208058
0.000204558
0.000206865
0.000201861
0.000229713
0.000233054
0.000244954
0.000224964
9.98992e-05
9.98861e-05
9.98584e-05
9.98544e-05
9.98352e-05
9.98307e-05
9.98608e-05
9.98232e-05
0.000100236
0.000100163
0.000101772
0.000175254
0.00017542
0.000175773
0.000892908
0.000151787
0.000169432
0.000190123
0.000161033
0.00140548
0.00121598
0.00149002
0.00131657
0.00144131
0.0012782
0.000917496
0.000789982
0.000373417
0.000302454
0.000280596
9.96206e-05
7.42712e-05
1.32144e-07
7.19638e-07
5.83299e-05
6.90076e-05
6.19407e-05
9.90597e-05
0.000103469
9.58293e-05
3.48224e-05
0.000154688
0.000161456
0.000255707
0.00025885
0.000326286
0.000327202
0.000206228
0.00020191
0.000143085
0.000100637
0.000102867
9.25758e-05
5.64055e-05
5.58702e-05
7.11632e-05
6.93802e-05
6.11881e-05
0.000113864
0.000117269
0.000112236
9.884e-05
0.000173964
0.000130031
0.000116326
6.51863e-05
4.28999e-05
4.59313e-05
3.04777e-05
1.48331e-06
1.20608e-06
5.60357e-06
4.2788e-06
2.67081e-05
1.39849e-05
2.11847e-06
4.80617e-07
2.526e-05
2.96803e-05
6.82123e-05
6.22484e-05
1.6587e-05
1.88935e-05
1.84829e-05
9.61593e-06
8.58593e-06
2.05673e-05
2.2103e-05
2.45704e-05
2.43881e-05
2.23638e-05
1.33709e-06
6.11672e-06
8.54193e-05
8.57067e-05
4.29964e-05
6.89001e-05
0.000171909
0.000212931
0.000248839
0.000321262
0.000263278
0.000326632
0.000443817
0.000618616
0.000366362
0.000353856
0.000451608
0.000434208
0.000506288
0.000448683
0.000559723
0.000914803
0.000791705
0.000439894
0.00088432
0.000559749
0.00105683
0.000563128
0.00106391
0.000897189
0.000748436
0.0013214
0.00111901
0.000800614
0.000902891
0.000762979
0.00098181
0.001083
0.0250801
0.0171779
0.0105621
0.00583512
0.00310021
0.00166194
0.000768828
0.000374264
0.00013913
6.59976e-05
3.56109e-05
1.10061e-05
6.841e-06
2.17897e-06
4.9349e-07
2.78266e-07
4.39334e-07
1.00047e-08
7.95099e-08
1.01162e-06
1.03645e-07
9.76798e-07
1.81351e-06
8.47111e-07
5.70532e-06
0.000126551
9.52249e-05
3.30226e-05
2.19937e-05
1.61249e-05
1.03917e-05
2.33006e-06
3.35719e-06
6.8414e-06
0.00693254
0.00650486
0.00611637
0.00573412
0.00450032
0.00405923
0.00357468
0.00332178
0.00312231
0.00299681
0.00267446
0.00243138
0.00204305
0.00191524
0.00155261
0.00124044
0.00106235
0.00101616
0.000706424
0.000615358
0.000288423
0.000302085
9.66306e-05
7.07988e-05
1.44357e-06
7.27837e-06
5.99703e-06
8.58235e-05
9.73626e-05
0.000395727
0.000435261
0.000483876
0.00115271
0.00118896
0.000803019
0.00109673
0.00118097
0.00100365
0.00102496
0.000900592
0.000612573
0.000718995
0.000563282
0.000509167
0.000384001
0.000415261
0.000419843
0.000359147
0.000375878
0.000328531
0.000266762
0.000305164
0.000202866
0.000149876
0.000174399
0.000181468
0.000122164
0.000140957
7.93096e-05
6.63111e-05
4.86028e-05
4.74819e-07
9.06559e-08
2.34714e-06
3.22204e-06
9.92622e-08
3.99404e-06
1.36316e-07
7.28441e-06
2.95519e-05
1.54422e-05
4.98573e-05
5.45594e-05
4.16605e-05
6.0327e-05
3.97909e-05
3.6693e-05
0.000106564
7.98567e-05
0.000148274
5.34828e-05
8.146e-05
0.000122558
9.53135e-05
5.994e-05
6.67992e-05
3.55917e-05
0.000100816
8.37601e-05
0.000184977
0.000178612
0.000128043
0.000175559
0.000183635
0.000146063
0.000316471
0.000167337
0.000208782
0.0002507
0.000255075
0.000181143
0.000135967
0.000287536
0.000459657
0.000281079
0.000294809
0.000396351
0.000482933
0.000407099
0.000574536
0.000314913
0.000504232
0.000397504
0.000510933
0.00056911
0.000318298
0.000498487
0.000667115
0.000449129
0.000570268
0.000607038
0.000496115
0.000347888
0.00053496
0.000415472
0.000159585
4.64568e-05
0.000190397
0.000323597
0.000436958
0.000530422
0.000226135
0.000327393
0.00015813
0.000248543
0.000217848
0.000296668
0.000318771
0.000485653
0.000323476
0.000434981
0.000386889
0.000528881
0.00076317
4.34681e-05
0.000942675
0.000104685
0.000128689
0.000199005
0.000213876
0.000246657
0.000183579
0.00022106
0.000325571
0.00032884
0.000346501
0.000358516
0.000347973
0.00034675
0.00026855
0.000274262
0.00030852
0.000304754
0.00031618
0.000318923
0.000322419
0.000317929
0.000281195
0.000295338
0.000339002
0.00031297
0.000376403
0.000375925
0.000302172
0.000296995
0.00028472
0.000296331
0.000267845
0.000299219
0.000310462
0.000297111
0.000309618
0.000304875
0.000284482
0.000274578
0.000284802
0.000274124
0.000231561
0.000219414
0.000270397
0.00027984
0.000265605
0.000279521
0.000288509
0.00028478
0.00021103
0.000214262
0.000310213
0.000318212
0.000308338
0.000242961
0.000251028
0.000247155
0.000273841
0.000268455
0.000265903
0.000273165
0.000265389
0.000214584
0.000205324
0.000227121
0.00022966
0.000225705
0.000212438
0.000213599
0.000199908
0.000198539
0.000142261
0.000129663
0.000119609
0.000147309
0.000145337
0.000138922
0.000103455
9.95069e-05
8.91566e-05
8.07285e-05
6.76263e-05
9.22886e-05
9.03044e-05
8.21253e-05
6.02424e-05
5.70534e-05
4.86221e-05
5.64088e-05
5.42739e-05
4.40363e-05
2.10095e-05
1.64106e-05
1.48186e-05
1.25611e-05
6.53976e-06
5.15632e-06
2.89151e-06
1.5699e-06
9.76032e-07
1.85747e-07
1.19403e-06
2.86273e-06
4.3487e-06
7.06907e-06
8.95152e-06
1.09912e-05
1.11382e-05
2.24213e-05
2.56586e-05
2.8893e-05
2.86031e-05
3.5729e-05
3.82267e-05
4.30047e-05
4.79144e-05
5.95898e-05
6.29725e-05
7.0242e-05
6.92337e-05
7.11033e-05
7.33228e-05
7.90295e-05
7.98036e-05
8.06785e-05
8.65747e-05
9.38571e-05
0.000104049
0.000106711
0.000103884
0.000105539
0.000102674
0.000101702
0.000103873
0.00011539
0.000116015
0.000128155
0.000130381
0.000135916
0.000135744
0.00014058
0.000196084
0.000185229
0.000178982
0.00017192
0.000170303
0.000165826
0.000164284
0.000165046
0.000164412
0.000162653
0.000160407
0.000160629
0.000167919
0.000169477
0.000154987
0.000152368
0.000155531
0.00015501
0.000153521
0.00015115
0.000150723
0.000150169
0.000152808
0.000165326
0.000170669
0.000157995
0.000155475
0.000157108
0.00015488
0.000181545
0.000186129
9.81496e-05
9.8178e-05
9.8191e-05
9.81748e-05
9.81826e-05
9.8164e-05
9.80113e-05
9.80336e-05
9.80613e-05
9.81407e-05
0.000101983
0.000102082
0.000102748
0.00382279
0.00357407
0.000729082
0.000723258
0.00066867
0.000546715
0.0017723
0.00158997
0.00168083
0.00153786
0.00140396
0.00126193
0.000846651
0.000783143
0.000687253
0.000271236
0.000215832
9.30692e-05
6.79591e-05
1.05139e-05
5.43246e-06
9.30344e-06
3.73157e-06
1.68399e-06
3.50726e-06
1.55729e-05
2.07835e-05
1.80121e-05
2.3045e-05
4.83118e-05
4.98746e-05
0.000108031
0.000110723
0.000193741
0.000191065
0.000176007
0.00017179
0.000179295
0.000177567
0.00016514
0.000134608
0.000130013
0.000235608
0.000207687
0.000116572
9.58059e-05
2.38095e-08
0.00177385
0.0014168
0.000997462
0.000771763
0.000608178
0.000467018
0.00069436
0.000529844
0.000470104
0.000348754
0.000305588
0.000239573
0.000170747
9.97412e-05
6.76962e-05
0.00010723
2.78435e-05
1.31701e-05
5.31601e-05
3.14008e-05
1.21699e-05
4.57808e-06
2.77509e-05
1.34178e-05
4.60376e-06
3.29006e-07
1.46125e-07
2.22239e-07
1.68144e-05
1.98229e-05
6.65102e-07
1.22352e-07
5.84278e-11
2.11246e-05
0.00436415
0.00361804
0.00206356
0.00158679
0.00132703
0.000966973
0.000747605
0.0010919
0.000813231
0.000678387
0.000706898
0.000511688
0.000429849
0.000298631
0.000256083
2.73042e-05
1.07203e-05
2.28353e-06
2.94985e-06
3.77587e-06
9.94783e-06
9.80166e-05
5.99157e-05
5.55317e-05
4.38943e-07
3.72375e-06
2.96392e-06
3.00728e-05
4.13264e-05
3.26089e-05
2.43247e-05
3.11267e-05
1.18454e-07
2.63438e-06
6.27397e-05
3.65283e-05
3.75465e-06
1.62653e-07
6.29776e-07
2.66182e-05
3.56999e-05
2.55012e-05
7.32481e-05
4.18127e-05
7.26176e-06
1.33152e-05
4.68891e-06
5.32531e-07
9.25405e-07
1.50959e-07
2.03279e-06
7.22469e-06
1.19248e-06
9.50477e-07
2.85248e-07
0.000394416
0.00114707
0.000835595
0.000668035
1.6619e-05
0.000297793
0.00230214
0.00165555
0.00128542
0.000833247
0.000569822
0.000466571
0.000317957
0.000178503
0.000125476
0.000165036
0.000101041
8.03004e-05
8.54501e-05
5.30419e-05
1.35681e-05
6.56559e-06
3.85406e-06
3.73884e-07
1.12764e-06
3.49706e-06
2.86742e-07
1.26737e-06
1.13212e-05
3.73906e-06
6.12718e-06
2.99092e-06
1.28222e-06
4.33313e-06
3.95661e-06
1.15881e-06
4.15004e-06
7.21231e-07
1.0573e-06
1.16749e-06
3.20614e-06
1.11158e-05
3.10357e-06
1.04658e-05
2.04116e-05
1.44082e-05
0.0017649
0.00135118
0.000919977
0.00309149
0.00275686
0.00137269
0.00172961
0.000753692
0.000702817
0.000415014
6.35093e-05
2.57825e-06
5.94557e-05
3.02742e-05
0.000173957
7.22992e-05
8.69167e-05
8.69395e-05
6.47672e-05
7.72019e-05
4.82815e-05
3.72594e-05
4.41715e-05
3.18357e-05
2.34594e-05
3.25528e-05
4.46799e-05
3.27137e-05
3.90473e-05
2.61036e-05
1.85952e-05
2.11205e-05
2.93159e-05
9.20944e-06
1.46168e-05
1.28656e-05
6.8059e-07
2.8259e-07
4.7109e-07
2.1459e-06
6.96289e-07
1.42289e-05
6.4675e-06
1.7324e-05
1.10343e-05
2.73129e-05
4.10501e-05
6.16082e-05
3.98388e-05
5.43615e-05
9.85882e-05
9.18852e-05
9.83956e-05
4.846e-05
6.96712e-05
0.000111271
0.000238122
7.07038e-05
0.000236968
0.000221243
0.00020415
0.000277474
0.00028404
0.000384326
0.000786686
0.000627234
0.000539102
0.000381378
0.000362601
0.000306201
0.000227469
0.000173892
0.000138695
9.20935e-05
5.76213e-05
4.08941e-05
1.87268e-05
9.81517e-06
4.2744e-06
2.20395e-07
5.30641e-07
1.08788e-05
2.65092e-05
3.12211e-05
3.9844e-05
6.64489e-05
9.69239e-05
0.000131683
0.00017541
0.000174903
0.000290865
0.000313869
0.000365453
0.00036843
0.000391786
0.000473784
0.000578998
0.000606284
0.000694383
0.000638725
0.000661872
0.000719704
0.000674632
0.000748041
0.000884209
0.00099559
0.00110513
0.00109033
0.00111476
0.00118663
0.00126407
0.00130654
0.00137716
0.00133854
0.00116097
0.00115664
0.00122104
0.00118917
0.00141705
0.00140068
0.00130193
0.00130664
0.00131816
0.00148429
0.00141822
0.00133008
0.00134234
0.00126581
0.00136879
0.00126152
0.00101947
0.00103926
0.000979046
0.00110627
0.00101844
0.000908035
0.000868928
0.000991503
0.000930244
0.00080638
0.000750473
0.000701707
0.000786334
0.000703145
0.000655508
0.00067751
0.000622664
0.000716164
0.000644181
0.000572334
0.00058478
0.000542723
0.00045316
0.000449892
0.000401563
0.000501891
0.000454756
0.000412632
0.000303084
0.000290472
0.000252936
0.000285675
0.000231368
0.000188986
0.000160695
0.0001507
0.000136909
0.000100239
8.37261e-05
7.37915e-05
5.11096e-05
2.85118e-05
1.79441e-05
1.6469e-05
1.22456e-05
3.1664e-06
1.36116e-06
4.56599e-07
3.70394e-06
4.75025e-06
9.38703e-06
1.89886e-05
2.53346e-05
3.943e-05
4.52861e-05
5.68489e-05
6.83825e-05
7.85182e-05
8.33697e-05
9.18249e-05
9.50639e-05
0.000108046
0.000111781
0.000123188
0.000127923
0.000136799
0.000137669
0.000163962
0.000167492
0.000159335
0.000159993
0.000173891
0.000175339
0.000192049
0.000200267
0.000208789
0.000224565
0.000224479
0.00022925
0.000172661
0.000181476
0.000181712
0.000144408
4.05031e-05
5.99421e-05
0.00060833
0.000554073
0.00149735
0.000303723
0.000213322
0.000201432
0.000546448
0.000314433
0.000200483
0.000405692
0.000639029
0.000657032
5.30805e-05
6.89638e-05
0.000450363
0.000324359
0.000285612
0.000227532
0.0001567
0.000474233
0.000366613
0.000445604
0.000347586
0.000135925
0.000107389
0.000191063
0.000186145
0.000170469
5.08927e-05
3.2255e-05
1.26951e-09
1.56367e-06
1.82509e-06
5.3637e-06
3.75563e-06
1.06184e-05
2.51449e-05
1.13165e-05
1.64829e-05
5.01681e-06
4.37079e-06
2.06938e-06
4.0808e-06
5.57032e-06
2.84932e-06
4.94796e-06
6.8887e-06
1.67584e-05
1.53155e-05
3.49186e-05
3.38832e-05
1.05568e-05
9.53833e-06
9.7181e-05
9.57077e-05
8.5867e-05
4.65314e-06
9.56513e-06
2.11635e-06
5.8677e-06
5.09642e-06
2.08833e-06
2.67257e-08
1.22201e-08
3.57173e-06
7.31917e-07
8.6317e-05
4.71929e-05
9.77986e-05
5.40911e-05
8.20209e-06
1.18937e-05
7.83996e-06
6.83151e-07
9.98292e-07
7.80635e-07
1.69793e-05
8.08526e-06
1.2479e-05
1.26756e-05
8.54718e-05
7.40837e-05
6.84555e-05
0.000140933
0.000103443
7.65888e-05
7.0031e-05
6.25666e-05
3.45539e-05
2.45775e-05
1.06646e-05
6.50141e-06
2.21935e-07
6.3321e-06
1.43394e-05
1.49185e-05
2.73711e-05
1.87658e-05
1.20095e-05
2.40935e-05
1.54633e-08
1.4175e-06
2.75667e-05
9.96147e-05
0.000155909
0.000102068
0.000100545
0.000120824
3.48073e-05
4.82524e-05
7.56086e-05
9.33978e-05
7.85592e-05
5.33529e-05
6.60286e-05
5.89329e-05
6.37836e-05
4.28638e-05
5.68836e-05
5.27875e-05
9.37511e-05
9.64418e-05
0.000108105
6.16682e-05
7.49295e-05
9.73182e-05
0.000111801
7.4645e-05
8.55263e-05
0.000109716
0.000121539
5.93326e-05
6.76796e-05
0.000108643
0.000106793
0.000119008
0.000123997
9.42771e-05
9.87373e-05
8.84443e-05
9.17594e-05
5.44965e-05
5.72625e-05
4.8663e-05
7.08329e-05
7.14315e-05
5.22885e-05
4.08549e-05
3.97067e-05
3.6626e-05
4.13365e-05
3.84397e-05
2.12777e-05
1.90138e-05
1.56878e-05
1.08192e-05
9.52123e-06
8.14145e-06
7.15516e-06
6.74977e-06
3.89981e-06
5.72357e-07
6.39927e-07
9.58035e-07
0.000274922
0.0183968
0.0164456
0.0149462
0.0128513
0.0102907
0.0133813
0.00751624
0.00888295
0.00736674
0.000289104
0.000369595
0.000649817
0.00102898
0.000826955
0.000644311
0.00080035
0.000692953
0.000803571
0.000800533
0.000791644
0.000678219
0.000585145
0.000669207
0.000544996
0.000448002
0.000380493
0.000235304
0.0001716
0.00018906
4.09737e-05
2.17645e-05
1.39387e-05
2.45469e-05
1.69844e-08
0.000186658
0.000184412
0.000724481
0.000751787
0.000454997
0.000985157
0.00101954
0.00105168
0.000993802
0.000671811
0.000575063
0.000445725
0.000457592
0.000311472
0.000263757
0.000311573
0.000262633
0.000210265
0.00012903
9.60683e-05
9.1276e-05
8.53905e-05
0.000103368
3.23551e-05
3.71832e-05
2.33677e-05
2.36497e-05
1.72527e-06
2.35094e-06
6.41152e-07
3.85001e-07
1.07908e-06
8.04407e-07
1.54845e-06
6.62389e-06
3.66799e-05
3.93254e-05
2.02531e-05
1.75951e-05
5.64512e-05
3.37372e-05
2.18509e-05
3.4617e-05
3.81859e-05
2.65874e-05
3.34739e-05
6.94151e-05
9.48078e-05
0.000133874
9.72263e-05
4.375e-05
4.67916e-05
0.0001377
7.94605e-05
0.000196071
0.000168356
0.000279179
0.000268106
0.000180276
0.000108555
0.000149007
0.000177575
0.000231672
0.000297555
0.000396547
0.000462156
0.000401042
0.00044548
0.000566518
0.000654939
0.000374056
0.000640462
0.000469897
0.000822415
0.000534345
0.000668165
0.000763008
0.000489066
0.000695346
0.000608758
0.00086427
0.000780915
0.000854779
0.00069215
0.000844517
0.000694267
0.00078325
0.0010702
0.000723721
0.000873922
0.00068359
0.00111374
0.00072895
0.00100928
0.000618615
0.000687216
0.000884861
0.000726007
0.000715721
0.0004713
0.000481534
0.000468925
0.000587877
0.000649208
0.000828266
0.00101181
0.000940973
0.0005068
0.000453959
0.000546083
0.000949609
0.000528532
0.000804768
0.000363079
0.000349071
0.00081338
0.000369474
0.000359564
0.000360759
0.000417374
0.000413755
0.000359408
0.000372498
0.000369127
0.000320938
0.000165975
0.000375844
0.000197896
0.000197396
0.000160655
0.000168512
0.000414575
0.00021577
0.000375588
0.000204527
0.000378085
0.000378359
0.000350414
0.00035325
0.000299549
0.000160214
0.000373581
0.000222878
0.000221388
0.000358726
0.000219805
0.000310388
0.000308876
0.000257032
0.000201774
0.000262322
0.000254275
0.000222706
0.00022738
0.000206722
0.000211987
0.00020288
0.000137975
0.000142747
0.000214148
0.000217342
0.000207417
0.000201564
0.000210578
0.000207461
0.000233192
0.0002318
0.000229565
0.000231272
0.000233871
0.000219092
0.000246288
0.000254188
0.000240388
0.000212675
0.000199777
0.000195252
0.000189527
0.000150472
0.000145018
0.000173507
0.000163548
0.00019068
0.000191696
0.00018001
0.000137935
0.000135581
0.000130984
0.000142964
0.000143998
0.000138434
0.000133153
0.000117261
0.00010596
9.02473e-05
8.87141e-05
8.21088e-05
7.74458e-05
7.48222e-05
7.14922e-05
6.76007e-05
4.9475e-05
3.97939e-05
3.85481e-05
3.48296e-05
2.87301e-05
2.34591e-05
2.01531e-05
1.63993e-05
9.58756e-06
6.63925e-06
8.65929e-06
6.34194e-06
4.5681e-06
2.85638e-06
1.5094e-06
9.4732e-07
2.12929e-07
2.84342e-07
1.26933e-07
3.72586e-08
2.42702e-06
3.90833e-06
3.89408e-06
6.62023e-06
8.84102e-06
1.0181e-05
1.3257e-05
1.47265e-05
1.75729e-05
2.21196e-05
2.45387e-05
3.89564e-05
4.20967e-05
4.68852e-05
3.68312e-05
3.77329e-05
4.09323e-05
5.05466e-05
5.19212e-05
5.1335e-05
5.62194e-05
5.69866e-05
6.12307e-05
6.68072e-05
6.75189e-05
7.20905e-05
8.28898e-05
8.42385e-05
8.973e-05
9.13616e-05
9.3699e-05
0.000108229
0.00011056
9.57153e-05
9.5014e-05
9.67924e-05
0.00010249
0.000104374
0.000105824
0.000106199
9.7157e-05
9.63233e-05
9.86875e-05
7.07901e-05
7.09651e-05
7.30686e-05
7.06837e-05
7.24144e-05
7.34842e-05
7.09628e-05
7.04484e-05
7.29251e-05
7.19603e-05
7.25773e-05
7.78992e-05
7.64616e-05
7.56094e-05
7.48516e-05
7.67519e-05
6.68533e-05
6.57918e-05
6.68352e-05
7.03586e-05
6.9445e-05
7.22371e-05
6.56803e-05
6.47019e-05
6.53772e-05
6.26485e-05
6.42679e-05
6.67098e-05
6.65169e-05
6.02798e-05
6.08996e-05
6.54669e-05
6.54948e-05
7.13438e-05
7.5404e-05
5.87473e-05
6.21523e-05
5.35511e-05
5.4325e-05
5.84505e-05
5.85194e-05
5.91205e-05
0.000158579
0.000155937
0.000161741
0.000163718
0.000163431
0.000163539
0.000167557
0.000158026
0.00016381
0.000102117
0.000101935
9.30892e-05
9.29164e-05
9.19394e-05
0.00013092
0.00012943
3.51631e-06
2.13881e-08
0.000103114
0.000122755
0.00152772
0.00132477
0.00220262
0.00200287
0.00152686
0.00139927
0.00255201
0.00227479
0.000578866
0.000496244
0.000311214
0.000261093
0.000249779
0.000209757
0.000198281
7.04787e-05
5.70326e-05
0.000102411
6.66522e-05
1.33429e-05
1.72626e-05
1.45278e-05
1.81019e-05
1.99815e-05
1.48404e-05
0.000110059
0.000104111
5.77967e-05
5.53336e-05
1.81419e-07
7.4719e-07
5.22831e-07
9.88104e-05
8.89911e-05
7.27528e-05
5.87683e-05
7.38525e-06
1.29642e-05
1.7323e-05
2.90908e-05
2.89506e-05
2.01612e-06
1.54117e-05
9.39206e-06
1.81959e-05
9.84225e-05
0.000100647
0.00017838
0.000186435
0.000195253
8.093e-07
8.14592e-07
5.12168e-07
8.70365e-06
1.99227e-05
1.56876e-05
4.68759e-06
1.08247e-05
5.7264e-06
4.10024e-07
2.31194e-07
2.43185e-06
5.52419e-06
1.05066e-06
9.06247e-07
1.90073e-05
2.74982e-05
5.42432e-06
8.34353e-06
7.43503e-05
8.38439e-05
7.30403e-05
4.81793e-05
5.01824e-05
8.91364e-05
9.00257e-05
6.81513e-06
8.23564e-06
3.00946e-05
2.96372e-05
2.97903e-05
3.09279e-05
2.69856e-05
7.39576e-05
7.20588e-05
6.63689e-05
6.9663e-05
6.26735e-05
5.1218e-05
5.42476e-06
3.69088e-06
2.77484e-06
6.85753e-06
4.022e-06
2.93918e-06
8.8162e-07
4.04821e-06
4.22604e-09
2.02302e-06
5.38315e-08
1.38772e-06
1.36456e-06
6.02079e-06
1.63228e-05
3.01892e-05
5.32671e-05
3.44768e-05
6.56401e-05
6.16225e-05
0.000100873
0.000129327
0.000147177
0.000213085
0.000208265
0.000110966
0.000175452
0.000176971
0.000263141
0.000288442
0.000409563
0.00040373
0.000343046
0.000312549
0.00177611
7.76175e-05
0.00163774
0.0012342
0.000962724
0.000880591
0.00111608
0.000864545
0.000779517
0.000489469
0.00035661
0.000315902
0.000304164
0.000201784
0.000190341
0.000153741
9.27583e-05
8.87581e-05
7.96502e-05
4.28158e-05
1.4771e-05
4.48548e-06
1.47716e-05
2.6663e-06
4.33749e-06
3.28185e-07
8.13419e-07
4.77832e-06
1.9134e-08
8.62163e-08
8.6179e-08
4.68526e-06
2.39804e-06
9.46731e-08
2.38522e-05
3.67112e-05
5.63067e-05
4.13733e-05
4.80405e-06
1.45292e-05
1.08334e-05
2.66858e-05
4.36713e-05
2.87101e-05
3.37906e-05
4.20785e-05
5.81069e-05
6.27549e-05
1.95883e-05
3.31198e-05
2.60524e-05
1.1597e-05
1.0862e-05
7.77131e-06
0.0389422
0.0353133
0.0318062
0.0285406
0.0253247
0.0216288
0.018628
0.0153409
0.0125454
0.00994304
0.00769764
0.00592639
0.00516356
0.00430992
0.00394544
0.00262945
0.00259614
0.00154224
0.00133066
0.000660028
0.000539301
0.000508533
3.61133e-05
0.000142038
1.01437e-07
3.52782e-06
1.16459e-05
1.02767e-06
6.01247e-06
1.96896e-06
3.20278e-06
2.06907e-06
8.63451e-06
1.26039e-05
7.15777e-06
1.24403e-06
5.96648e-06
6.3641e-06
3.02433e-06
1.1294e-05
1.65171e-05
2.09588e-05
7.63174e-06
1.25621e-05
7.87186e-06
1.64497e-05
9.52821e-06
3.90209e-05
3.33843e-05
3.78999e-05
4.2642e-05
4.65558e-05
7.33387e-05
9.27401e-05
0.000121653
0.000122065
8.03171e-05
0.000142476
0.000245941
0.000229426
0.000207696
0.000289459
0.00028711
0.000325984
0.000272358
0.000356544
0.000390484
0.000408014
0.000378021
0.000437867
0.000360168
0.000423701
0.000345561
0.000357948
0.000397487
0.000330202
0.000447804
0.000394992
0.000462864
0.000370783
0.00206179
0.00183771
0.00157147
0.00127514
0.00101483
0.000731663
0.000626644
0.000501828
0.000365193
0.000370877
0.000273515
0.000191218
0.000111895
0.000108747
6.11375e-05
1.99818e-05
2.11534e-06
8.78614e-06
2.12297e-07
5.03619e-07
8.00764e-06
1.04743e-05
1.81559e-05
2.74487e-05
4.10972e-05
5.91544e-05
0.0001126
0.000132188
0.000169695
0.000163814
0.000183982
0.000235978
0.000225131
0.000245792
0.000291814
0.000331359
0.00035483
0.000423281
0.000435946
0.000460767
0.000541345
0.000575575
0.000601014
0.000696484
0.000705552
0.000796485
0.000886658
0.000917251
0.000944282
0.00104203
0.00116491
0.00129606
0.00121915
0.00135529
0.00138606
0.00129701
0.00137275
0.00128727
0.00119811
0.00122991
0.00112513
0.00113147
0.00107664
0.00104234
0.000974816
0.000979285
0.000915149
0.000975057
0.000845877
0.00079635
0.000683392
0.000608413
0.000769035
0.00074972
0.000631125
0.00059482
0.000576401
0.00055693
0.000474862
0.000577119
0.000547784
0.000367652
0.000451259
0.000346998
0.000308742
0.000242487
0.00019971
0.000210057
0.000182517
0.000153558
0.000120436
0.000105583
9.60154e-05
6.86443e-05
4.99483e-05
3.05073e-05
3.17606e-05
2.67452e-05
1.28782e-05
1.14591e-05
4.07477e-06
6.67977e-07
2.54251e-09
6.62205e-07
3.25762e-06
1.02415e-05
1.47898e-05
2.07517e-05
2.58508e-05
3.43794e-05
4.05622e-05
4.63171e-05
5.85126e-05
6.88351e-05
7.16084e-05
7.97543e-05
8.5057e-05
8.7186e-05
9.72653e-05
0.000112489
0.000109652
0.00012662
0.000128758
0.000132896
0.000143246
0.000153949
0.000155907
0.000160902
0.000160368
0.000165339
0.000173638
0.000175647
0.000176237
0.000176301
0.000185359
0.000197875
0.000201253
0.000218414
0.000219488
0.00022543
0.000206088
0.000205227
0.000209783
0.00020444
0.000116345
0.000107953
0.000931295
0.00110867
0.00216463
0.000657008
0.000350722
0.000242655
0.00175198
0.00173353
0.00158688
0.00179826
0.0018211
0.0014209
0.00142888
0.000406308
3.52835e-05
1.38033e-05
0.000461055
0.00034016
0.000535139
0.000402548
0.000363384
0.000275591
0.000117627
7.75302e-05
5.9002e-05
2.85435e-05
2.26914e-05
9.07902e-05
0.000116217
0.000147371
0.000129529
0.000265963
0.000276801
5.04254e-06
1.24947e-05
0.000104187
0.000124458
1.08022e-05
2.1898e-05
1.72018e-05
5.37248e-05
7.04755e-05
6.776e-05
0.000223004
0.000231087
0.000209798
0.000221263
0.000105933
0.000121163
0.000200851
0.000206732
0.000113148
8.88737e-05
5.50909e-05
5.80787e-05
7.32519e-05
3.7167e-05
8.76398e-05
5.78536e-05
0.000122784
8.37155e-05
7.16902e-05
4.75923e-05
3.73885e-05
9.5227e-06
2.46159e-07
1.83684e-07
1.08509e-06
7.63031e-07
4.24004e-07
2.25838e-07
1.53702e-06
1.35952e-06
1.85764e-06
6.96148e-06
5.9809e-06
4.61547e-06
6.39884e-13
1.66626e-06
2.48123e-06
4.76323e-06
2.4225e-05
1.43495e-05
6.49344e-05
0.000130136
0.00013992
0.000112049
0.000131068
0.000434211
0.00044501
0.000191226
0.000378841
0.000272389
0.000484266
0.000204329
0.00029014
0.000267335
0.000284109
0.000302479
0.000410395
0.000395526
0.000543683
0.000503235
0.000426751
0.000688431
0.000691377
0.000909169
0.000818346
0.000594304
0.000728127
0.000640436
0.000611704
0.00129047
0.00115413
0.0006452
0.000866266
0.000738107
0.00107143
0.00128031
0.00103004
0.0012678
0.00129519
0.00165652
0.00140866
0.00135122
0.00159769
0.00133073
0.00111081
0.0022002
0.00182617
0.00107749
0.00223025
0.00181482
0.000840435
0.00113732
0.000993992
0.0359828
0.0272703
0.0187586
0.0117915
0.00651664
0.00346917
0.00188273
0.00086152
0.000390057
0.000160336
2.89293e-05
6.64333e-06
5.48458e-06
3.54577e-05
8.60871e-06
1.06748e-06
3.42383e-06
3.1223e-07
8.24772e-06
9.00902e-06
4.4256e-06
3.91913e-06
6.79972e-07
6.02116e-06
8.1183e-07
3.05675e-09
0.00013888
0.000122122
0.000163356
8.72723e-05
5.6806e-05
4.63164e-05
1.40611e-05
1.50312e-05
1.10208e-05
5.29187e-06
8.09658e-06
1.05466e-06
1.66441e-06
2.02229e-08
8.21507e-09
1.13626e-06
7.05455e-08
4.27515e-06
6.91602e-06
1.68153e-06
0.0150716
0.0142125
0.0126083
0.0108276
0.0106197
0.00931506
0.00824882
0.00794866
0.00706358
0.00658598
0.00611074
0.00586137
0.00530316
0.00460912
0.00397331
0.00351143
0.00300385
0.00261362
0.00237066
0.00188975
0.00164767
0.00150159
0.00097205
0.000817768
0.000852352
0.00034282
0.000427669
0.000255963
0.00024783
2.07628e-05
6.73817e-06
2.39322e-05
5.63822e-05
4.47636e-05
0.000252905
0.000291304
0.000344135
0.000347877
0.000205225
0.000222402
0.00025985
0.000152452
0.000131189
0.000138248
0.000122347
0.000104282
0.000104256
9.14097e-05
8.46e-05
6.32276e-05
6.91378e-05
4.51195e-05
2.9652e-05
2.98469e-05
2.5187e-05
1.01193e-05
8.78252e-06
6.94117e-06
1.67822e-05
4.44349e-06
2.14492e-06
3.06452e-07
7.87034e-06
3.38157e-06
6.05281e-06
8.62512e-06
8.61487e-07
1.78592e-05
3.89087e-05
9.58715e-05
4.66381e-05
0.000107777
0.000127507
0.000129572
0.000129121
0.000157046
0.000124993
0.000118407
9.11153e-05
0.000142951
0.000213369
0.000312867
0.00014848
0.000324254
0.000362334
0.000305144
0.000337081
0.000210072
0.000329978
0.000282006
0.000340638
0.000279483
0.000288708
0.000487242
0.000349803
0.00041701
0.000407343
0.000306664
0.000337966
0.000246564
0.000353142
0.000404576
0.00061395
0.000304793
0.00045335
0.000438406
0.000630638
0.000462059
0.000792692
0.000540506
0.000763443
0.000576508
0.000530389
0.00035132
0.000378758
0.000843657
0.000686835
0.000852803
0.000549688
0.000718821
0.000882663
0.000408945
0.000519904
0.000436866
0.000556166
0.000456025
0.000582881
0.000669135
0.000610159
0.000831312
0.000503735
0.000693672
0.000534821
0.000673553
0.000768035
0.000520519
0.000643733
0.000717385
0.000559235
0.000757303
6.12403e-05
3.116e-05
0.000621189
5.46575e-06
5.52489e-08
4.65582e-06
1.9998e-05
3.8499e-05
0.000105011
0.000129087
0.000170506
0.000158539
0.000215879
0.000349607
0.000383756
0.000443923
0.000459344
0.000492632
0.000543398
0.000522187
0.000604667
0.000591773
0.00062235
0.000616877
0.000605293
0.000607908
0.000670796
0.000696967
0.000683894
0.000662112
0.000666076
0.000606588
0.000631576
0.000621698
0.000568631
0.000592814
0.000586731
0.000739374
0.000728813
0.000684864
0.000503212
0.000525377
0.000521627
0.000561473
0.000564288
0.000623375
0.000577826
0.000553089
0.00052599
0.000625662
0.000641603
0.000625831
0.000508932
0.000483259
0.000470231
0.000420434
0.000415226
0.000481439
0.000475421
0.000472444
0.000475589
0.000477576
0.000482471
0.00036612
0.000354911
0.000387085
0.000381182
0.000363432
0.000347762
0.000362212
0.000351842
0.000342634
0.000239523
0.000226198
0.000254465
0.000250557
0.000235418
0.00022159
0.000216932
0.000188331
0.00018172
0.000155811
0.000135844
0.000123938
0.00012147
9.29094e-05
8.07182e-05
7.76623e-05
6.76415e-05
6.02758e-05
4.72542e-05
4.22586e-05
2.86967e-05
2.36872e-05
1.74033e-05
1.39982e-05
1.13672e-05
7.30079e-06
1.61654e-06
4.95166e-07
1.03069e-07
1.2243e-07
1.41735e-06
2.47216e-06
4.20906e-06
6.19776e-06
9.70951e-06
1.15645e-05
1.48339e-05
2.10118e-05
2.33433e-05
2.5789e-05
2.4184e-05
4.09939e-05
3.69166e-05
3.93182e-05
4.78152e-05
4.98136e-05
5.61047e-05
5.12676e-05
5.16657e-05
5.40793e-05
6.50121e-05
6.59291e-05
7.05741e-05
7.77853e-05
7.56808e-05
8.02037e-05
8.13021e-05
7.76613e-05
7.94521e-05
8.48936e-05
8.62814e-05
9.7959e-05
9.79641e-05
9.88668e-05
0.00010057
9.51405e-05
9.35701e-05
9.57303e-05
0.000112928
0.000103606
0.00018607
0.000169583
0.000108879
0.00017041
0.000164487
0.000159842
0.000154298
0.000154745
0.000152781
0.000153419
0.000142442
0.000139121
0.000146958
0.000147591
0.000145702
0.000140078
0.000138915
0.000138304
0.000137125
0.000134383
0.000136482
0.00012293
0.000155738
0.000161228
8.53069e-05
8.53118e-05
8.5345e-05
8.5205e-05
8.51403e-05
8.51351e-05
8.51393e-05
8.51593e-05
8.77781e-05
8.67363e-05
8.9075e-05
8.88685e-05
8.96756e-05
0.000523174
0.000565118
0.00291519
0.00278101
0.00248316
0.000199676
0.000161249
0.000610949
0.000436699
0.000375548
0.000109548
8.08518e-05
7.64886e-05
7.67337e-05
4.51772e-07
2.14444e-06
0.000241436
0.00024859
0.000228464
0.000171435
0.000181762
0.000148691
0.000150089
0.000157295
0.000130975
0.000234304
0.000243368
0.000398484
0.000388095
0.000469433
0.000447992
0.000322261
0.000304143
0.000617276
0.000451262
0.000423411
0.000431111
0.000410287
0.000358944
0.000260124
0.000340609
0.000319296
0.000280301
0.000255996
0.000238494
0.000380788
0.000350455
0.000306923
0.000167351
0.00177664
0.00136963
0.00138764
0.00111734
0.00080451
0.000619897
0.000466705
0.000419759
0.000352464
0.000258821
0.000319625
0.000227891
0.000209106
0.00018236
0.000128387
0.000105982
7.38707e-05
8.62661e-05
5.28651e-05
4.51206e-05
6.30321e-05
3.61923e-05
3.66284e-05
3.12116e-07
9.14198e-07
9.41309e-07
2.96802e-06
8.39119e-06
6.09774e-06
3.78325e-06
1.20922e-07
7.24032e-07
4.58009e-07
8.18315e-05
9.71993e-05
7.81268e-05
3.99077e-05
2.73501e-05
4.45172e-05
3.80078e-05
3.04753e-05
1.21177e-05
0.00473938
0.0031481
0.00247683
0.00190749
0.00159933
0.0010242
0.000765103
0.000315373
0.00021697
0.000243548
0.000418485
0.000305129
0.000580839
0.00041794
0.000344908
5.45562e-05
3.02414e-05
2.67345e-05
0.000182143
0.000242731
0.000165697
2.0742e-05
7.98137e-06
6.75966e-06
1.94134e-05
3.01966e-05
3.78282e-05
6.52402e-05
7.47777e-05
9.19369e-05
9.34695e-05
9.3799e-06
3.13478e-06
3.70555e-06
1.86146e-07
3.57874e-07
5.15673e-07
1.30156e-05
4.04352e-06
4.95669e-06
2.98749e-07
1.38626e-08
1.40255e-06
8.88055e-07
1.20456e-05
0.000275449
0.000230033
1.03751e-05
4.57439e-06
0.000945546
0.000707879
0.00161535
0.00182066
0.00149935
0.00108627
0.000695164
0.000472547
0.000372408
0.000395762
0.000268662
0.000123783
7.43195e-05
6.55263e-05
5.30155e-05
3.16051e-05
5.2889e-05
3.32594e-05
3.87669e-06
4.10838e-07
1.10943e-06
1.43008e-06
3.13235e-07
3.34186e-07
3.0924e-07
3.82043e-07
4.2773e-07
7.10944e-06
1.65663e-06
2.78125e-06
1.75477e-05
1.08348e-05
2.34405e-07
2.34378e-07
6.1046e-06
5.05881e-06
1.22476e-06
4.97918e-07
1.87566e-06
2.47154e-06
1.06198e-05
9.6857e-07
0.000572853
0.000487178
0.000876174
0.00300559
0.00192852
0.00159816
0.00138507
0.000647224
0.000376053
5.52147e-05
3.0417e-05
8.29661e-05
1.16037e-05
0.000151457
0.000179198
0.000114902
0.000102754
4.8043e-05
6.50072e-05
5.63243e-05
6.21936e-05
4.22493e-05
3.1605e-05
3.82664e-05
4.95643e-05
3.97673e-05
2.80809e-05
3.98062e-05
1.88311e-05
3.26719e-05
3.26732e-05
8.38851e-06
1.68504e-05
1.4807e-05
1.04073e-06
7.49299e-08
3.22958e-08
5.19311e-06
3.75877e-06
9.66794e-06
1.47383e-06
5.16457e-05
2.23752e-05
3.16119e-05
3.57452e-05
6.37521e-05
7.7342e-05
5.3317e-05
9.2529e-05
3.52703e-05
6.39042e-05
9.29435e-05
0.000125051
0.000136765
8.23704e-05
0.000113264
0.00015059
0.000102269
0.000129815
0.000113333
0.000169755
0.000217928
0.000289345
0.000270687
0.000185072
0.000279128
0.000736117
0.000651365
0.000391621
0.000445324
0.000327158
0.000294566
0.000197573
0.000134645
0.000103369
6.59252e-05
2.0591e-05
4.35278e-06
9.99062e-06
9.86326e-07
3.93835e-08
7.22271e-07
6.934e-06
1.2939e-05
3.6996e-05
6.30768e-05
7.34842e-05
0.000111326
8.44596e-05
9.86895e-05
0.000137493
0.000198489
0.000274332
0.000270954
0.000327447
0.000387509
0.000410643
0.000554849
0.000663771
0.000620438
0.000640534
0.000741115
0.000777437
0.000842761
0.000851093
0.00091269
0.00102682
0.00105389
0.00114582
0.00118217
0.00126465
0.00124192
0.00126493
0.00131661
0.00142236
0.00109971
0.00112895
0.00111519
0.00133193
0.00131603
0.0013218
0.001072
0.00108422
0.00114719
0.00117251
0.0011774
0.00146923
0.00137132
0.00140165
0.00110848
0.00117692
0.0011186
0.00121531
0.00123173
0.00112635
0.0010612
0.00107708
0.000982801
0.00102301
0.000943627
0.000841365
0.000781664
0.000856883
0.000799312
0.000737614
0.000643802
0.000693097
0.000621391
0.000643456
0.000598063
0.000637042
0.000571595
0.000627242
0.000575368
0.000508332
0.000415297
0.000354246
0.000421015
0.000314011
0.000320342
0.00028828
0.000220986
0.000205719
0.000171202
0.000183753
0.000173003
0.000137292
8.96116e-05
7.76289e-05
5.44034e-05
5.24618e-05
2.57366e-05
1.65486e-05
1.11938e-05
3.76005e-06
1.63035e-06
5.59373e-08
8.51402e-07
2.18473e-06
5.71833e-06
9.92739e-06
1.67691e-05
2.53764e-05
3.04012e-05
3.84516e-05
4.18396e-05
4.49515e-05
5.09522e-05
6.23377e-05
7.12302e-05
7.80676e-05
8.10047e-05
8.6268e-05
9.2794e-05
9.9693e-05
0.00010557
0.000125246
0.000128645
0.000125003
0.000131942
0.000135516
0.000141475
0.00014249
0.000149808
0.000165166
0.000167072
0.00017417
0.000183137
0.000185539
0.000186771
0.000188952
0.000197917
0.00019904
0.000198562
0.000223589
0.000225335
0.00023461
0.000252323
0.000255195
0.000192283
0.000193695
0.000205366
0.000205724
0.000187044
0.000177668
0.000175688
0.000233214
5.95324e-07
0.00371322
3.87812e-05
0.000208559
0.000233142
0.000212132
0.00129604
0.000432455
0.000745486
0.000716786
0.000571357
0.000614444
2.50024e-06
1.33174e-05
1.05776e-05
0.000457227
0.000323129
0.000303142
0.00182766
0.00149626
0.00133845
0.00195147
0.0016915
0.00154761
0.00186419
0.0016156
0.00150367
0.00107021
0.000888184
0.000640339
0.000547448
0.000362219
0.00032884
0.000214612
0.00019135
4.09436e-05
1.994e-05
1.84757e-05
3.4295e-05
2.03379e-05
1.96716e-05
5.09051e-06
6.39048e-07
1.87878e-06
1.73755e-05
3.18462e-05
3.23394e-05
9.28261e-05
0.000109501
4.24997e-05
3.60193e-05
0.000110289
8.96498e-05
0.000235402
0.000227139
0.000190443
0.000120699
9.60896e-05
7.81525e-05
8.64365e-05
6.67802e-05
6.19059e-05
5.88203e-06
2.3111e-06
1.23448e-06
1.8709e-05
1.94188e-05
1.66136e-05
7.41254e-06
1.80886e-05
1.13401e-06
1.09663e-06
3.53455e-05
1.3584e-05
9.39543e-06
6.27927e-07
1.40203e-06
1.89835e-06
3.41842e-06
3.43753e-06
3.73761e-06
3.67262e-06
2.87769e-06
3.63963e-06
1.10907e-05
5.42022e-06
2.63273e-06
1.3657e-06
3.46857e-08
1.16617e-05
2.29724e-05
2.1623e-05
5.9269e-06
1.28305e-05
1.33439e-05
2.29855e-06
2.63692e-07
1.79622e-07
1.13665e-05
2.59242e-06
8.3354e-08
1.95391e-06
1.23513e-06
2.94269e-07
1.07681e-06
8.74652e-06
2.04586e-05
1.58703e-05
3.18361e-06
3.98646e-08
1.59289e-05
2.55482e-05
2.64496e-05
3.88357e-05
0.00012593
0.000151063
0.000135249
6.41865e-05
7.41829e-05
8.4862e-05
5.85869e-05
7.1716e-05
4.45664e-05
6.04559e-05
5.60893e-05
5.20012e-05
6.32965e-05
5.89647e-05
7.04482e-05
6.27511e-05
7.71189e-05
4.21696e-05
5.69184e-05
5.04203e-05
7.81519e-05
8.87703e-05
3.21026e-05
4.41406e-05
3.80171e-05
7.23765e-05
8.50373e-05
0.000108262
0.000114122
8.13527e-05
9.54294e-05
8.83661e-05
0.000164277
0.000165835
9.72344e-05
9.7285e-05
7.13166e-05
8.06021e-05
7.19817e-05
4.87632e-05
5.23944e-05
5.60615e-05
7.67079e-05
8.08637e-05
3.71773e-05
4.06438e-05
3.1929e-05
5.62323e-05
5.61143e-05
5.28757e-05
4.84371e-05
4.28237e-05
2.95189e-05
2.4262e-05
1.02756e-05
6.35156e-06
2.27983e-05
2.10912e-05
1.5216e-05
4.92082e-06
2.83814e-06
9.00163e-06
4.40068e-05
1.21853e-05
0.0196515
0.0169512
0.0160549
0.0130338
0.012335
0.0140364
0.0115842
0.00984804
0.000118004
0.000367934
0.000333375
0.00063102
0.000510682
0.000442396
0.000699646
0.000602066
0.000604067
0.000752681
0.000596593
0.000602804
0.000453523
0.000465802
0.000368241
0.000428727
0.000288433
0.000287593
0.000129848
3.09777e-05
1.86747e-05
3.01744e-05
2.03972e-05
2.55783e-05
0.000229158
0.000141391
0.000250934
0.000496702
0.000657498
0.000699416
0.00103492
0.000873447
0.000929118
0.000549198
0.00056497
0.000622864
0.000336523
0.000274807
0.000290949
0.000198818
0.00015654
0.000164871
0.000205029
0.000160991
0.000146583
0.000107877
0.000134822
9.61067e-05
6.4068e-05
9.83516e-05
9.52479e-05
3.77798e-05
4.38762e-05
3.85474e-05
1.75748e-05
1.3134e-05
2.47729e-05
2.09466e-06
3.84968e-06
1.14547e-05
7.09116e-06
5.89172e-06
4.12668e-06
2.10022e-05
1.83752e-05
4.02133e-05
8.4876e-06
3.99965e-05
4.95532e-05
2.69816e-05
3.92932e-05
1.72377e-05
5.25712e-05
0.000125523
0.000168261
0.000124899
4.31606e-05
0.000117771
0.000128604
7.2838e-05
0.000101733
0.000119643
0.000124661
0.000211087
0.00013043
0.000183148
9.35635e-05
0.000178688
0.000103856
0.000155357
0.000257674
0.000351148
0.000405631
0.000241363
0.000389062
0.000200376
0.000351964
0.000238611
0.000400034
0.000382185
0.000286179
0.000394826
0.000486112
0.000304886
0.000490712
0.000463382
0.000667659
0.000335993
0.000406861
0.000547803
0.00041875
0.000714521
0.0005679
0.000664719
0.000391589
0.000780678
0.000429927
0.000455211
0.00054352
0.000799575
0.000592136
0.000767534
0.000614507
0.000796526
0.000830848
0.00100903
0.00104292
0.000643228
0.000783932
0.000844765
0.000459625
0.000586892
0.000658115
0.000944557
0.000592008
0.000827095
0.000986383
0.000994234
0.000612058
0.000786383
0.00111884
0.000601321
0.00075601
0.000726614
0.000870645
0.000197587
0.000208946
0.000306763
0.000140485
0.000899703
0.000284495
0.000222619
0.00022473
0.000215351
0.000218462
0.000324306
0.000319628
0.000290006
0.000301507
0.000300402
0.000317943
0.00016077
0.000125691
0.00013646
0.000289072
0.000289372
0.000343834
0.000204473
0.000158445
0.000170607
0.000166095
0.000209561
0.000194807
0.000193084
0.00018007
0.00019091
0.000191845
0.000234267
0.000243503
0.000233822
0.000176943
0.000179688
0.00021524
0.000210417
0.000140268
0.00013998
0.000216146
0.000210688
0.000190162
0.000181983
0.000189575
0.000193127
0.000204932
0.000197335
0.00016191
0.000170003
0.000168053
0.000195976
0.000203845
0.000198455
0.000183565
0.000189757
0.000187205
0.000200887
0.000200577
0.000184573
0.0001768
0.000174548
0.000167659
0.000159718
0.000147568
0.000169991
0.000172484
0.000161303
0.000150858
0.000147933
0.000141941
0.000108463
9.80549e-05
9.79373e-05
9.26416e-05
8.91077e-05
0.000104183
9.44721e-05
7.70102e-05
7.67801e-05
5.97317e-05
5.29032e-05
4.74819e-05
4.09791e-05
2.61981e-05
2.37851e-05
1.90709e-05
1.06721e-05
7.36428e-06
1.17516e-05
8.15965e-06
7.85024e-06
6.02929e-06
3.51565e-06
2.73341e-07
3.43116e-07
1.05446e-08
1.24933e-06
2.67368e-06
4.42818e-06
5.78084e-06
8.70898e-06
1.09468e-05
1.26484e-05
1.5058e-05
2.20377e-05
2.5668e-05
2.71327e-05
2.87125e-05
3.01326e-05
3.18006e-05
3.63859e-05
4.65195e-05
3.81563e-05
5.59743e-05
6.08625e-05
6.65559e-05
6.971e-05
7.03672e-05
7.53069e-05
7.64052e-05
7.84563e-05
7.32768e-05
7.33383e-05
7.82157e-05
7.95933e-05
8.40717e-05
5.35506e-05
5.57152e-05
5.59036e-05
5.60831e-05
5.85025e-05
4.90911e-05
4.85711e-05
5.00586e-05
5.71461e-05
5.75002e-05
5.87591e-05
5.82838e-05
6.01036e-05
5.8257e-05
5.76911e-05
5.85775e-05
5.51294e-05
5.41112e-05
6.08476e-05
6.02834e-05
6.24799e-05
5.54943e-05
5.51435e-05
5.84501e-05
5.86982e-05
5.18483e-05
5.1836e-05
4.61372e-05
4.55011e-05
4.60119e-05
5.0802e-05
5.11482e-05
4.37698e-05
4.58743e-05
4.39273e-05
4.371e-05
4.5098e-05
4.90609e-05
4.90837e-05
5.01016e-05
5.00062e-05
5.36275e-05
5.31184e-05
5.41278e-05
2.50445e-05
2.62305e-05
2.64353e-05
0.000154634
0.000153959
0.000159548
0.000159515
0.000162398
0.0001704
0.000170363
0.000170827
0.000160916
0.000162677
0.000102398
0.000102346
0.0001486
9.92609e-05
9.90518e-05
9.87373e-05
