0.000676932
0.000533162
0.000531613
0.000469471
0.000408186
0.000389961
0.000345477
0.000344486
9.78405e-05
0.000110586
8.97674e-05
0.000109531
8.62294e-05
0.000100271
0.000115808
0.000124364
0.000145909
0.00018061
0.000207581
0.000243332
0.00036479
0.000545052
0.000812863
0.00114633
0.00166531
0.00227039
0.00298526
0.0046876
0.00608576
0.00334044
0.00264639
0.000835692
0.000399805
4.27857e-05
9.44165e-06
2.17179e-05
1.72253e-06
2.20148e-05
2.64338e-05
0.000146744
0.000480024
0.000754507
0.000650087
0.000637407
0.00111855
0.00134509
0.00124815
0.0012915
0.00167148
0.00303897
0.00365008
0.0044835
0.00456553
0.00358935
0.00465677
0.00450714
0.00576325
0.00401073
0.00536715
0.00642938
0.00530483
0.00608096
0.00719161
0.00688945
0.00530541
0.00892388
0.00733255
0.00531871
0.0131371
0.0117754
0.0116249
0.00724549
0.00906025
0.00992869
0.0112954
0.0140515
0.0148684
0.0196462
0.0231158
0.0144123
0.012195
0.0266323
0.0338966
0.00179976
0.00188609
0.00199814
0.0019907
0.00204699
0.00218873
0.0018162
0.00203391
0.00207145
0.00217391
0.00217616
0.0021074
0.00249481
0.00201165
0.00214031
0.00221542
0.00164564
0.00227541
0.000367246
0.000360102
0.00158486
0.000216566
0.000398886
0.000239141
0.000899757
0.00049714
0.000260724
0.00179483
0.00026307
0.00181372
0.00274626
0.00484989
0.00382866
0.00517851
0.00577369
0.00970627
0.00698506
0.00742129
0.0149019
0.00730195
0.0111618
0.00780443
0.0112626
0.0118
0.00885527
0.011928
0.0105653
0.0110852
0.0101622
0.0115834
0.0106093
0.00821424
0.00936806
0.00889427
0.00849296
0.00844836
0.0109959
0.00841592
0.00737846
0.00690065
0.00510063
0.00236458
0.00225621
0.000285996
1.89452e-05
1.22799e-05
2.711e-06
0.000655794
0.00144695
0.000974709
0.00188517
0.00260849
0.00226122
0.00645134
0.00131111
0.00296685
0.000380827
0.0015702
7.07591e-11
7.81551e-11
9.7586e-11
1.08116e-10
5.09726e-10
0.000480374
0.00128023
0.00326382
0.00543095
0.00803284
5.27087e-05
0.0100345
0.0189391
0.0136354
0.00635915
0.00583772
0.0126577
0.0137291
0.0138958
0.0111567
0.00769128
0.00576355
0.00121607
4.13243e-05
0.000693439
0.00278523
0.010432
0.0160932
0.0238588
0.0145642
0.0133794
0.0118113
4.09458e-07
4.48692e-07
3.56813e-07
3.16874e-07
3.02884e-07
4.92582e-07
8.68363e-07
1.3165e-06
1.15251e-06
1.11002e-06
1.38153e-06
1.78775e-06
1.57589e-06
2.27623e-06
2.46985e-06
2.68049e-06
3.27935e-06
2.77506e-06
3.10209e-06
3.34824e-06
3.34312e-06
3.23338e-06
3.54885e-06
3.5458e-06
3.23401e-06
3.62057e-06
3.09331e-06
3.04304e-06
3.59561e-06
4.10656e-06
3.52193e-06
4.4074e-06
4.84769e-06
5.45598e-06
6.78753e-06
1.92135e-05
1.56209e-05
1.3462e-05
1.30543e-05
1.17717e-05
1.08189e-05
9.9078e-06
9.66708e-06
8.88895e-06
9.32266e-06
8.63612e-06
3.43795e-06
3.40356e-06
3.56072e-06
3.67336e-06
3.90229e-06
3.76954e-06
4.60192e-06
4.84072e-06
5.77192e-06
7.64252e-06
1.00409e-05
1.5502e-05
2.72026e-05
4.41091e-05
7.57054e-05
0.000172839
5.57111e-05
0.000879032
0.00491648
0.0109214
0.0152916
0.0153274
0.0158775
0.0130578
0.0106086
0.00779372
0.00458984
0.00360897
0.00276144
0.000747276
0.000769809
0.00057741
0.000136296
0.00018944
0.000140697
8.03794e-05
3.26963e-05
1.65159e-05
7.72259e-05
1.6703e-05
9.90304e-05
0.000138697
0.000286893
0.000707449
0.000642961
0.000759486
0.00115429
0.00187685
0.00222275
0.00272368
0.00420695
0.0040853
0.00546476
0.00568068
0.0104055
0.0104152
0.0121133
0.0114018
0.020333
0.0183221
0.024251
0.0287902
0.0157977
0.0176243
0.0233223
0.0226853
0.0286936
0.0452897
0.044457
0.0324736
0.0366324
0.0298045
0.0283212
0.0244168
0.00271283
0.00273538
0.024132
0.00337516
0.0026069
0.00205866
0.00213179
0.00214129
0.0024036
0.00255659
0.00352254
0.0025047
0.00331263
0.00302904
0.00178668
0.000111979
5.56295e-06
0.000501363
5.77056e-07
0.000574588
0.00150822
0.00184956
0.00115271
0.0019113
0.00312337
0.00297117
0.00441925
0.0055037
0.00564216
0.00526151
0.00531296
0.00452859
0.00795108
0.00788087
0.00756646
0.00858337
0.00766326
0.00754753
0.00846844
0.00793736
0.00842058
0.00551989
0.00869404
0.0051088
0.00513969
0.00805364
0.00483378
0.00739227
0.00566276
0.0079006
0.00511724
0.00541929
0.00551673
0.00480568
0.00164133
0.00288153
0.00224165
0.00164491
0.00138982
0.000371944
3.16819e-05
2.35848e-07
5.61415e-06
1.27713e-05
0.000175413
0.000159858
8.81334e-05
0.00162044
2.72585e-05
0.000293556
0.000289055
0.0021556
3.56704e-11
3.76746e-11
4.076e-11
4.09589e-11
4.15734e-11
4.12346e-11
8.69529e-12
1.22145e-11
4.21417e-11
2.04611e-08
5.59508e-07
6.61366e-06
1.66894e-05
1.57252e-05
2.38003e-05
2.34048e-05
6.75547e-05
5.03912e-05
2.28504e-05
1.48344e-05
1.00243e-05
6.53194e-06
6.37604e-06
4.66085e-06
4.9504e-06
4.40221e-06
3.31289e-06
3.35946e-06
2.98608e-06
3.84552e-06
3.772e-06
4.29336e-06
3.78389e-06
3.7765e-06
3.46573e-06
3.85993e-06
3.88319e-06
4.31337e-06
4.62349e-06
3.70235e-06
3.64358e-06
3.76518e-06
3.45586e-06
3.0791e-06
3.46001e-06
9.15152e-06
7.04209e-06
1.02558e-05
8.66322e-06
8.70806e-06
8.27638e-06
6.28337e-06
7.53211e-06
9.1906e-06
1.02255e-05
1.04937e-05
9.46734e-06
8.29946e-06
7.54961e-06
8.79087e-06
7.24722e-06
6.11849e-06
7.1729e-06
7.08549e-06
6.58249e-06
5.96532e-06
6.19758e-06
6.32304e-06
6.79998e-06
6.77156e-06
6.65452e-06
6.49879e-06
6.76616e-06
6.26684e-06
6.34261e-06
6.20365e-06
6.4039e-06
6.79768e-06
2.23977e-05
1.58988e-05
1.28841e-05
1.14015e-05
9.61756e-06
9.22146e-06
1.01139e-05
8.37828e-06
2.16449e-06
2.22426e-06
2.41455e-06
2.59112e-06
3.00807e-06
3.74256e-06
4.24993e-06
8.17743e-06
9.7344e-06
1.4478e-05
2.40068e-05
4.39156e-05
7.06447e-05
0.000131287
0.000263504
0.000845698
0.00481941
0.010454
0.0171588
0.0170359
0.0186366
0.017598
0.0144665
0.0117571
0.00915965
0.00737353
0.00545251
0.00337856
0.002755
0.0023443
0.00084922
0.000940285
0.000512402
0.000422466
0.000262718
0.000185168
9.26817e-05
2.78731e-05
2.43983e-05
7.27915e-05
0.000250519
0.00024588
0.000477698
0.00119404
0.00114633
0.00232716
0.00229779
0.00272092
0.00307974
0.00369729
0.0042671
0.00537929
0.00617228
0.00617071
0.00798132
0.0114654
0.010136
0.00945125
0.0112345
0.0136512
0.0176387
0.0250922
0.02373
0.0177805
0.0180918
0.0142091
0.0117313
0.00953312
0.0171426
0.00202412
0.00925607
0.0106539
0.00178074
0.00175949
0.00192677
0.00201265
0.00209074
0.00219926
0.00198847
0.00237523
0.00205544
0.00214176
0.00183852
0.00213958
0.00204774
0.00237798
0.0021146
0.00206108
0.00224281
0.00239866
0.00244305
0.00217026
0.00208517
0.00158989
0.00211108
0.00107691
0.00041688
0.00101869
4.15569e-05
0.000574406
0.00044305
2.6175e-06
0.000308169
0.000551435
0.000187973
0.000397205
0.000640987
0.00142736
0.00330349
0.00153423
0.00171986
0.00299599
0.00400304
0.00542255
0.00793393
0.0072637
0.00204338
0.00530371
0.0084593
0.0083909
0.00919519
0.0119232
0.014561
0.00865885
0.0060966
0.00532442
0.00413923
0.00342186
0.00663057
0.00230797
0.00412982
0.0025766
0.00172305
0.00200823
0.00179667
0.0012878
0.00084087
0.0012101
0.000130961
0.000275924
0.000461066
0.000177605
0.00106796
0.000837416
2.16929e-05
1.14189e-06
0.00475828
7.28621e-12
7.29901e-12
7.30579e-12
7.31446e-12
7.32382e-12
7.33114e-12
7.33913e-12
5.03366e-10
9.92141e-08
2.08358e-06
4.59705e-05
8.40581e-05
6.58132e-05
4.42066e-05
4.11809e-05
3.13523e-05
1.88643e-05
1.4187e-05
1.17833e-05
1.89261e-05
2.57057e-05
1.85547e-05
2.0139e-05
1.65495e-05
1.42744e-05
1.46346e-05
1.09986e-05
9.23868e-06
1.08397e-05
8.56678e-06
7.70062e-06
7.69277e-06
7.01096e-06
6.89355e-06
5.78194e-06
5.98198e-06
5.67828e-06
1.17733e-05
1.28374e-05
1.08767e-05
1.10131e-05
9.47226e-06
9.855e-06
8.34466e-06
7.77767e-06
7.08843e-06
6.95655e-06
6.25895e-06
1.48017e-05
1.38233e-05
1.31917e-05
1.16774e-05
1.00566e-05
8.88025e-06
8.5938e-06
8.73973e-06
9.80146e-06
8.33571e-06
9.41072e-06
8.91836e-06
7.36093e-06
6.36213e-06
7.91843e-06
8.84333e-06
7.6506e-06
8.14598e-06
2.29339e-05
1.94929e-05
1.58194e-05
2.15127e-05
1.55291e-05
1.46696e-05
1.37706e-05
1.58237e-05
1.43891e-05
2.74826e-06
3.20528e-06
3.40599e-06
4.51528e-06
5.03923e-06
9.97563e-06
1.35714e-05
2.15493e-05
0.000197722
0.000232944
0.0026638
0.00686122
0.0132456
0.0178043
0.0181246
0.0189859
0.0167408
0.0127028
0.00818541
0.00608225
0.00461494
0.00263882
0.00268275
0.00278709
0.00176014
0.00150318
0.00108151
0.0011401
0.000469048
0.000211197
2.22219e-05
1.01577e-06
5.14073e-07
0.000179561
0.0003426
0.0010848
0.00237225
0.00330742
0.00285919
0.00461505
0.00509499
0.00501252
0.0069875
0.0132806
0.0263998
0.0140175
0.00724624
0.00638138
0.00513005
0.00438907
0.00370887
0.00340212
0.00393358
0.00308143
0.00297861
0.0027713
0.00288254
0.00292084
0.00292753
0.00273494
0.00263626
0.00261448
0.00276132
0.00277222
0.00268224
0.00254981
0.00252166
0.00237975
0.00245649
0.00235421
0.00250336
0.00247503
0.00243075
0.00263333
0.00194981
0.00122461
0.00180739
0.000619903
0.000289516
0.000317295
2.19547e-05
9.56068e-05
0.000304047
0.000779683
0.00219046
0.00132454
0.00260069
0.00392287
0.0038537
0.00427695
0.0053048
0.00347056
0.00252155
0.00240966
0.00151313
0.00441426
0.00244188
0.00188611
1.15967e-05
0.00116895
0.000145395
0.000215523
0.000444525
0.000497786
2.98918e-06
0.000309063
7.70828e-06
0.0027887
3.35075e-05
0.000123443
1.52386e-05
0.000592041
0.000417859
6.99615e-05
1.7481e-07
0.000205749
0.00166977
4.7543e-05
0.0212394
0.0339554
0.00496744
0.0358973
9.9227e-12
9.96031e-12
9.95579e-12
9.92702e-12
9.76101e-12
9.76052e-12
6.89186e-11
6.87894e-11
4.36109e-09
2.41033e-06
2.96933e-05
9.02706e-05
0.000395423
0.000406457
0.00053998
0.00032575
0.000202782
0.000105304
8.14842e-05
3.10766e-05
2.51356e-05
2.05737e-05
1.96042e-05
1.86438e-05
1.77605e-05
1.38978e-05
1.39836e-05
1.34767e-05
9.83882e-06
1.1256e-05
9.07512e-06
1.04496e-05
1.06672e-05
9.22401e-06
9.51524e-06
7.45956e-06
9.65709e-06
9.61973e-06
1.18876e-05
1.11345e-05
1.59657e-05
1.41233e-05
1.5382e-05
1.36882e-05
1.08455e-05
9.84012e-06
1.0863e-05
9.73724e-06
9.05095e-06
1.27163e-05
1.38524e-05
1.14242e-05
3.34833e-05
2.495e-05
2.07304e-05
1.82172e-05
1.79083e-05
1.4914e-05
1.34928e-05
1.42598e-05
1.33736e-05
1.38758e-05
1.43377e-05
1.21042e-05
1.33996e-05
1.32149e-05
1.37834e-05
1.30728e-05
1.3144e-05
1.27414e-05
1.29095e-05
1.41703e-05
1.42303e-05
1.33214e-05
1.32703e-05
1.59136e-05
4.44861e-06
4.76389e-06
6.06199e-06
6.54951e-06
8.03266e-06
1.1861e-05
1.5446e-05
2.13962e-05
3.53967e-05
6.48057e-05
0.000109416
0.000207052
0.000100966
0.00100802
0.00391383
0.010163
0.0123437
0.0115761
0.0144876
0.0154628
0.0151707
0.0142619
0.0123674
0.00708925
0.00508932
0.00331029
0.00324007
0.00180954
0.000777502
0.000516474
0.00047889
0.000490659
0.0002302
0.000234061
0.000101958
7.24716e-05
4.99474e-05
5.60956e-05
2.74318e-05
0.000100424
0.000140523
0.0011304
0.00130295
0.00129458
0.00244621
0.00237117
0.00396539
0.0039146
0.00543334
0.00615491
0.00578238
0.00516857
0.00668706
0.00797246
0.0078591
0.00823741
0.0125904
0.00557931
0.00494902
0.00434203
0.00427786
0.00410457
0.00436409
0.00411793
0.00427513
0.00457468
0.00453847
0.00381049
0.00386841
0.00422119
0.00406708
0.003986
0.00422725
0.00418425
0.00469686
0.00501856
0.00433381
0.00479475
0.00545143
0.00566662
0.00537656
0.00527253
0.00513914
0.00499505
0.00482014
0.00521573
0.00487104
0.00243921
0.000921073
0.00054158
2.73774e-05
2.0788e-07
6.90255e-10
3.75817e-05
0.000100073
0.000849066
0.000807978
0.0010432
0.00168568
0.0013273
0.00275293
0.00269364
0.00591851
0.00538752
0.00784604
0.00771168
0.00774424
0.0137897
0.0101223
0.0107488
0.00793531
0.0131068
0.00982284
0.00906788
0.0118767
0.0122716
0.0119519
0.0121443
0.0111921
0.0116552
0.00827461
0.0114881
0.00846251
0.00808971
0.00619383
0.00741951
0.00724356
0.00516791
0.00476856
0.0173902
0.00260702
2.55866e-11
2.64557e-11
2.68691e-11
2.79516e-11
2.94699e-11
3.12049e-11
2.09904e-11
6.37464e-10
2.47708e-07
9.67883e-06
4.05256e-05
7.21843e-05
7.15428e-05
7.03733e-05
7.04729e-05
6.446e-05
3.51171e-05
2.5981e-05
1.73451e-05
1.70392e-05
0.000389555
0.000243368
0.000207764
0.000148336
0.00010247
8.12649e-05
5.84886e-05
4.86035e-05
4.19004e-05
3.45265e-05
2.62094e-05
3.04867e-05
2.27221e-05
1.814e-05
1.63351e-05
1.39833e-05
1.67256e-05
1.73123e-05
1.37816e-05
1.52891e-05
1.63399e-05
1.32161e-05
1.12383e-05
1.7001e-05
1.72311e-05
1.56834e-05
1.76581e-05
1.70039e-05
1.76336e-05
1.91478e-05
1.41664e-05
1.58228e-05
1.48643e-05
9.11236e-06
7.59426e-06
9.85399e-06
8.06835e-06
8.65265e-06
8.88329e-06
8.99624e-06
8.82781e-06
9.31228e-06
9.44707e-06
9.47969e-06
9.241e-06
1.02586e-05
9.96761e-06
1.03654e-05
9.79476e-06
1.1363e-05
1.09402e-05
1.09522e-05
1.13439e-05
1.05853e-05
1.2475e-05
1.3509e-05
1.37388e-05
1.50518e-05
1.40805e-05
1.45281e-05
1.46362e-05
1.76021e-05
1.50281e-05
1.67279e-05
1.70796e-05
1.86312e-05
2.21632e-05
2.53755e-05
7.73552e-05
0.000139453
0.000242995
0.000555043
0.000286889
0.000723895
0.00432593
0.00940603
0.00872295
0.00881689
0.00734226
0.00560138
0.0027655
0.0031565
0.00221878
0.00145924
4.44679e-05
0.000141653
8.6875e-06
3.83986e-05
8.34929e-05
0.000127684
0.000233011
0.000294131
0.000654622
0.000777943
0.00094231
0.0012055
0.00212628
0.00257614
0.00288126
0.00360467
0.00360903
0.00748796
0.00815084
0.0105583
0.0119623
0.0127067
0.0138513
0.0136323
0.0193354
0.0201584
0.02276
0.0223952
0.0275781
0.0317245
0.0228976
0.0303955
0.0358595
0.031114
0.0438641
0.0366518
0.0298918
0.0350685
0.014479
0.00612144
0.00570385
0.00596802
0.00521994
0.00536165
0.00534446
0.0065003
0.00608116
0.00579535
0.00769643
0.00793941
0.00673207
0.00606366
0.00612618
0.00579227
0.00528759
0.00565113
0.0052724
0.00503941
0.00506399
0.00210438
0.000425237
0.000171736
0.000138879
2.33866e-05
7.82091e-05
0.000220958
0.000184235
7.32018e-05
8.11909e-05
0.000824041
0.000780369
0.00135986
0.000724322
0.00247029
0.00301965
0.00162783
0.00519801
0.00306938
0.00353107
0.00325762
0.00726687
0.00563449
0.0105492
0.010068
0.00698479
0.010184
0.0090061
0.00941001
0.00893006
0.00831357
0.00640983
0.00787663
0.00685704
0.0070442
0.00652451
0.00476548
0.00575714
0.0068194
0.00817423
0.00663818
0.00620015
0.00448082
0.00404781
0.00215098
0.0032553
0.000936928
0.0015226
0.00129044
4.01013e-05
0.000269287
0.000218337
0.000210203
0.000129117
0.00136048
0.00295302
5.15851e-11
5.8661e-11
6.37934e-11
7.40475e-11
8.25559e-11
7.96589e-11
1.8742e-11
1.892e-11
7.68095e-08
1.82687e-06
5.09014e-06
0.000148271
0.000133938
0.000167395
0.000141203
0.000107962
4.72115e-05
5.34909e-05
2.63831e-05
2.00309e-05
1.90028e-05
1.36628e-05
1.43274e-05
1.13615e-05
1.16061e-05
1.14606e-05
9.94787e-06
7.97977e-06
7.87621e-06
8.65502e-06
8.00029e-06
8.49292e-06
8.40136e-06
6.76353e-06
1.02197e-05
9.13418e-06
9.6064e-06
9.67029e-06
9.6675e-06
7.96073e-06
7.90618e-06
8.56903e-06
3.095e-05
2.28587e-05
2.09078e-05
1.66411e-05
2.91463e-05
2.36137e-05
3.25498e-05
2.78586e-05
1.74354e-05
1.86469e-05
3.80318e-06
6.74003e-06
4.12918e-06
3.80448e-06
5.61959e-06
6.15546e-06
5.33774e-06
5.82093e-06
7.84266e-06
6.93737e-06
8.94074e-06
8.56976e-06
1.34964e-05
1.38452e-05
1.46323e-05
1.582e-05
1.22635e-05
1.425e-05
1.49637e-05
1.21843e-05
1.27621e-05
1.88856e-05
0.000200207
0.000113396
6.60067e-05
4.11053e-05
2.9516e-05
2.67628e-05
1.97376e-05
1.95012e-05
1.80419e-05
3.39129e-06
3.54746e-06
3.58342e-06
3.90098e-06
4.35646e-06
4.90004e-06
5.79887e-06
7.4774e-06
1.01978e-05
1.35246e-05
2.29992e-05
3.95427e-05
3.85097e-05
6.57986e-05
0.000111587
0.000219968
0.000388933
0.000509402
0.00391331
0.00516901
0.00996542
0.0142428
0.0152315
0.0118122
0.00869243
0.00712813
0.00430665
0.00356403
0.00229915
0.00115827
0.000698927
0.000330996
0.00025327
8.0272e-05
0.000114242
1.60642e-05
8.49995e-08
6.12873e-05
8.36787e-05
0.00011031
0.000118036
0.000616988
0.000867938
0.00092167
0.00155304
0.0016615
0.00158337
0.00251946
0.00334073
0.00367312
0.00373145
0.00513859
0.00469394
0.00675366
0.00985345
0.0105047
0.00949359
0.00845596
0.0100453
0.0147198
0.0137142
0.0105777
0.0180409
0.0204458
0.0134572
0.0146997
0.0164681
0.0112644
0.0123568
0.0117158
0.0140884
0.00439921
0.00404084
0.0037782
0.00346936
0.00328886
0.00365719
0.00357821
0.00299615
0.0030654
0.0029499
0.00325668
0.00259502
0.00288892
0.0023902
0.00272805
0.00245328
0.00285324
0.00247066
0.00247318
0.00244985
0.00226
0.00255166
0.00244596
0.00250977
0.00234033
0.00242345
0.00219332
0.0022394
0.00249783
0.00219782
0.00249041
0.000920565
0.00127777
0.000692473
6.72054e-05
1.53217e-09
4.54689e-08
7.97673e-05
4.62699e-06
0.000161922
0.000614769
0.000377578
0.000523971
0.00106282
0.00106703
0.00102392
0.00417014
0.00502453
0.00469334
0.00596548
0.00530825
0.00656459
0.00679046
0.00559279
0.00739503
0.00372588
0.0093956
0.00717076
0.00643445
0.00584827
0.00466639
0.00474671
0.00280118
0.00374472
0.00255426
0.00279049
0.00129382
0.00118808
0.0013042
0.000809946
0.00150923
0.000532578
0.000989175
7.69432e-05
0.000557128
0.000388488
0.000499646
0.00019592
0.000160331
0.00684396
0.000396598
0.000206196
8.7985e-12
8.85843e-12
8.8647e-12
8.83298e-12
8.84364e-12
8.84631e-12
1.43071e-11
3.74795e-09
3.51137e-07
7.34685e-06
2.72843e-05
5.98362e-05
0.000116894
8.74674e-05
5.12346e-05
4.95466e-05
3.48809e-05
2.34616e-05
1.66246e-05
1.18732e-05
1.14601e-05
8.28551e-06
6.23659e-06
1.18511e-05
1.12793e-05
9.93635e-06
1.07465e-05
1.03709e-05
1.04267e-05
8.31408e-06
6.41119e-06
6.70679e-06
6.46217e-06
6.4845e-06
5.1791e-06
5.37658e-06
5.31543e-06
4.07122e-06
5.31537e-06
5.20501e-06
3.95779e-06
4.48501e-06
4.09021e-06
1.16673e-05
9.00416e-06
1.06951e-05
1.02827e-05
1.01141e-05
1.16749e-05
9.62505e-06
9.46114e-06
9.65421e-06
8.44282e-06
1.75789e-05
1.42936e-05
1.22139e-05
1.29554e-05
1.00458e-05
9.61925e-06
9.69608e-06
9.59426e-06
8.80434e-06
8.75358e-06
8.84655e-06
8.64055e-06
7.5787e-06
8.25627e-06
8.45173e-06
8.50146e-06
7.47622e-06
7.29157e-06
8.57263e-06
9.05434e-06
7.34559e-06
8.55855e-06
8.55058e-06
9.62222e-06
8.5357e-06
2.66542e-05
2.01027e-05
1.72221e-05
1.59801e-05
1.91372e-05
1.70122e-05
1.58273e-05
1.51656e-05
1.46947e-05
1.57552e-05
3.21502e-06
3.79523e-06
4.08087e-06
4.96976e-06
6.89785e-06
8.89572e-06
1.34601e-05
2.06738e-05
2.5029e-05
2.23436e-05
4.20736e-05
0.000132873
0.000169753
0.000107949
0.000460186
0.00623617
0.0106651
0.0169554
0.0162457
0.018112
0.0165124
0.015707
0.0121555
0.0110667
0.00980013
0.00623169
0.00209796
0.00265834
0.00271187
0.00211117
0.00143036
0.000790344
0.000153319
0.000108139
5.81818e-05
4.26126e-05
1.07496e-06
1.33695e-05
0.000126113
0.00010193
0.000502392
0.000694931
0.000624354
0.00119272
0.00159186
0.00256927
0.00274373
0.00283706
0.00356741
0.00419204
0.00432937
0.00575088
0.00625813
0.0123297
0.0101223
0.0100677
0.0100803
0.0100421
0.011837
0.00741895
0.00956363
0.00500869
0.00430761
0.00389751
0.00324105
0.00322162
0.00262873
0.00269954
0.00282495
0.00270237
0.00237069
0.00247575
0.00238525
0.00264231
0.00242101
0.00238285
0.00236231
0.00235444
0.00228526
0.00231881
0.00233409
0.00224904
0.00230276
0.00226817
0.00217887
0.00221965
0.00238086
0.00201742
0.00246155
0.00236957
0.00203938
0.00108051
0.000375718
0.000228821
2.5652e-05
0.000247814
0.000280686
0.000243299
0.000311552
0.00215605
0.00163195
0.00210298
0.00279012
0.00226387
0.00257239
0.00236392
0.00327388
0.00613205
0.00243208
0.0036341
0.00125924
0.00248142
0.00145958
0.00119922
0.000786099
4.24106e-05
0.000117531
0.000721856
7.74962e-05
0.000673822
0.000885374
0.000136826
0.00115155
0.000583777
0.00016692
0.00057347
8.24464e-05
2.18261e-05
0.00153653
0.000795058
1.99049e-05
0.000241385
0.00873732
0.0131903
0.00484728
0.00409643
0.00299221
0.00399764
0.00294135
1.04514e-11
1.04708e-11
1.04734e-11
1.0407e-11
1.02595e-11
1.02592e-11
1.02597e-11
4.48304e-11
7.06382e-10
1.00706e-06
3.11902e-05
0.0002807
0.000247384
0.00037163
0.00069393
0.000272331
0.000180915
9.02319e-05
4.94941e-05
3.55147e-05
2.34873e-05
2.19949e-05
1.5861e-05
1.77175e-05
1.69331e-05
1.23562e-05
9.90977e-06
9.03952e-06
7.53654e-06
7.68404e-06
7.34049e-06
5.91463e-06
6.22436e-06
7.62577e-06
7.25928e-06
8.19844e-06
8.05101e-06
7.88077e-06
8.54837e-06
7.4423e-06
7.46713e-06
7.50674e-06
7.29667e-06
8.58473e-06
6.85601e-06
8.13084e-06
1.0342e-05
1.16573e-05
1.11684e-05
1.16191e-05
1.0331e-05
8.77084e-06
8.61494e-06
8.66401e-06
7.81422e-06
7.97204e-06
8.2395e-06
8.83092e-06
9.0612e-06
2.1834e-05
1.76826e-05
1.59975e-05
1.53074e-05
1.22655e-05
1.23409e-05
1.14335e-05
1.03762e-05
1.27626e-05
1.07768e-05
1.16937e-05
1.13334e-05
9.8662e-06
1.00248e-05
1.0297e-05
1.11497e-05
9.52477e-06
1.04513e-05
1.03448e-05
1.10014e-05
1.2667e-05
1.2265e-05
1.2053e-05
1.23483e-05
1.26872e-05
3.60498e-06
3.41071e-06
4.58332e-06
5.68319e-06
7.32152e-06
1.11593e-05
1.32861e-05
2.30642e-05
3.6476e-05
5.49545e-05
9.73613e-05
0.000221016
0.000210686
0.00148714
0.00634578
0.00856541
0.0125566
0.0175916
0.0170324
0.0163617
0.0144864
0.0141562
0.012683
0.0100802
0.00895013
0.00369344
0.00384868
0.00258098
0.00151561
0.00205117
0.00078091
0.000833936
0.0011636
0.000283973
0.000815795
0.000405048
0.000241808
8.21773e-06
1.02009e-06
2.08575e-06
2.1636e-07
8.31308e-06
0.000145663
0.000159681
0.000846862
0.00116605
0.00266768
0.00361844
0.00367824
0.00405152
0.00551997
0.00608321
0.00568589
0.00827063
0.00888039
0.00891994
0.00932854
0.0124981
0.00467026
0.00424809
0.00538518
0.0042509
0.0043615
0.00397828
0.00404262
0.00485438
0.00474975
0.0042823
0.0036964
0.00382561
0.00390168
0.00410856
0.00408839
0.00417584
0.004362
0.00402525
0.00444341
0.00426539
0.00462624
0.00403706
0.00438446
0.00427268
0.00370841
0.00422339
0.00397492
0.00422839
0.00431538
0.00196993
0.00414381
0.00172557
0.000442866
2.68105e-05
0.000104389
2.33213e-05
0.000176727
0.000428667
0.000570465
0.00205222
0.00213701
0.00325978
0.00194797
0.00283062
0.00593214
0.00608602
0.00667444
0.00713268
0.0101701
0.00869963
0.0088162
0.00896456
0.0113829
0.0108587
0.00690689
0.0100179
0.00848247
0.00592278
0.00779749
0.00648644
0.00344182
0.00707983
0.00441443
0.00399163
0.00441245
0.0041919
0.00293519
0.00385301
0.00495784
0.00455864
0.00618789
0.00503864
0.0146996
0.00777486
0.00840425
0.00716906
3.18097e-11
3.41465e-11
3.49686e-11
3.55496e-11
3.7994e-11
3.74055e-11
2.30941e-11
4.90842e-11
4.99573e-11
4.4349e-09
4.427e-07
5.02776e-07
8.32301e-05
0.00210464
0.00214332
0.00232881
0.00159727
0.000828575
0.000370906
0.000218563
0.000133619
0.000137317
6.68907e-05
6.16217e-05
5.05033e-05
4.59649e-05
3.33961e-05
3.19051e-05
2.96011e-05
2.74262e-05
2.62876e-05
1.82012e-05
1.60529e-05
1.95347e-05
1.83103e-05
1.66487e-05
1.71428e-05
1.72882e-05
1.43816e-05
2.02684e-05
2.06969e-05
1.89216e-05
1.88442e-05
1.88926e-05
1.84995e-05
1.94261e-05
1.57581e-05
1.53307e-05
1.75707e-05
1.42066e-05
1.09156e-05
8.32979e-06
8.86959e-06
8.70593e-06
9.5466e-06
9.98218e-06
1.34169e-05
1.37328e-05
1.06805e-05
1.24065e-05
1.22349e-05
1.10915e-05
1.10823e-05
1.22021e-05
1.08518e-05
1.08102e-05
1.12224e-05
1.05431e-05
1.06845e-05
1.10715e-05
1.20591e-05
1.02351e-05
1.24069e-05
1.32739e-05
1.33703e-05
1.40971e-05
1.24783e-05
1.44432e-05
1.44616e-05
1.45699e-05
1.39635e-05
1.50425e-05
1.53324e-05
1.51971e-05
1.75487e-05
1.7524e-05
1.75154e-05
2.12842e-05
2.69832e-05
3.69293e-05
5.15872e-05
5.8914e-05
9.64879e-05
0.000172612
0.000602406
4.83606e-06
0.00210337
0.00609821
0.00704677
0.00857782
0.00838238
0.00644253
0.00398714
0.00244656
0.000810988
0.00113384
0.000604661
0.000234799
0.000165511
3.58595e-05
5.89453e-06
3.28142e-05
0.000123743
0.000126824
0.000200072
0.000471209
0.000506288
0.000896418
0.00122566
0.00175953
0.00197759
0.00196612
0.00252015
0.00596481
0.00819576
0.0081906
0.0113268
0.0117562
0.013629
0.0117444
0.0126479
0.0163808
0.021654
0.0184106
0.0284873
0.0291609
0.022032
0.028113
0.029671
0.0333612
0.0301492
0.044129
0.046591
0.0234748
0.0224953
0.00883678
0.00832335
0.0102599
0.0101326
0.00862181
0.00695394
0.00637201
0.00688048
0.00579781
0.00549891
0.00559423
0.00520033
0.00441527
0.00480606
0.00450587
0.00488036
0.00457822
0.00452314
0.0044074
0.00421481
0.0036867
0.00383841
0.00219775
0.00361703
0.00134201
0.000952305
0.000282381
0.000257176
0.000243422
0.000630502
1.07077e-07
0.00107204
8.21657e-05
0.00116442
0.00186932
0.000915165
0.000950409
0.001592
0.00290156
0.00405119
0.00449543
0.00430359
0.00399316
0.00539227
0.00531662
0.00796634
0.00675466
0.00903293
0.00669407
0.00608742
0.00668948
0.00659411
0.0106562
0.00583369
0.0113742
0.0110834
0.00621664
0.00636952
0.00589334
0.0049816
0.00447366
0.00340223
0.00366574
0.000988274
0.00497467
0.000744363
0.00311376
0.0010162
0.00106362
0.00316624
0.00337136
0.000475152
0.000545943
0.00308599
0.000215343
0.000473043
0.00386816
0.00175437
2.16263e-05
1.32183e-11
1.57288e-11
1.60431e-11
1.2628e-11
1.61997e-11
1.31315e-11
1.76521e-11
1.85571e-11
1.69692e-11
3.10595e-09
3.28244e-09
3.91216e-07
5.82755e-06
9.73909e-05
0.000300102
0.0004877
0.00051152
0.000284467
0.000196066
0.000112009
9.88697e-05
4.88187e-05
4.28714e-05
2.55945e-05
2.90601e-05
1.8464e-05
1.55001e-05
1.51123e-05
1.71837e-05
1.51592e-05
1.43794e-05
1.17288e-05
1.12055e-05
8.92885e-06
8.0458e-06
1.02221e-05
8.25175e-06
6.51652e-06
7.52739e-06
7.11025e-06
9.10476e-06
6.37378e-06
6.30102e-06
5.84788e-06
5.49522e-06
1.52672e-05
1.75108e-05
1.4117e-05
1.21767e-05
1.67977e-05
1.98748e-05
1.32463e-05
1.24206e-05
1.11688e-05
1.70403e-05
1.39013e-05
1.34205e-05
1.40359e-05
1.25697e-05
1.23375e-05
1.15401e-05
1.1407e-05
1.07314e-05
9.92228e-06
1.14956e-05
1.14012e-05
9.06589e-06
9.83004e-06
9.07375e-06
1.01039e-05
8.76323e-05
5.51573e-05
6.07793e-06
4.56622e-05
3.3007e-05
2.59392e-05
2.13523e-05
1.84624e-05
1.51906e-05
1.47091e-05
1.68659e-05
1.53317e-05
1.51517e-05
1.73957e-05
1.6461e-05
3.42792e-06
3.87804e-06
3.5657e-06
4.10267e-06
4.9565e-06
5.83364e-06
6.26041e-06
8.02452e-06
1.35035e-05
1.69569e-05
2.42388e-05
2.44165e-05
3.63532e-05
7.41876e-05
0.000142975
0.000268264
0.000221154
0.00185314
0.00586222
0.00818757
0.0115973
0.0143291
0.0149597
0.0128456
0.00978905
0.00858019
0.00521489
0.00250782
0.00265733
0.00133669
0.000966913
0.000476972
0.000331218
0.000137564
1.71908e-05
4.26616e-07
4.78016e-05
0.00019159
0.000149475
0.000358203
0.000677053
0.000808242
0.00122095
0.00165282
0.00202161
0.00308258
0.00373502
0.00350599
0.00483738
0.00542639
0.00598483
0.00752764
0.00869589
0.00997971
0.0149104
0.0133698
0.0142488
0.0185743
0.0120269
0.0169155
0.0109157
0.0118525
0.00914909
0.00822775
0.0149034
0.0158565
0.0113896
0.00953531
0.0182588
0.0163705
0.00359294
0.00336873
0.00339305
0.00316782
0.00327455
0.00317408
0.00300478
0.003045
0.00282138
0.00266746
0.0027724
0.00281467
0.00252806
0.00306412
0.00250263
0.00247499
0.00250997
0.00233823
0.00246379
0.00221721
0.00237076
0.00279914
0.00230427
0.00218419
0.00217605
0.00244912
0.002385
0.0025194
0.00210402
0.00234192
0.001982
0.000727853
0.000430992
0.000806571
0.000398801
0.000557207
0.000104134
1.44384e-05
0.000830401
0.000395699
0.000813281
0.00283511
0.000675507
0.00244743
0.00352661
0.00375485
0.00280637
0.00310246
0.00309139
0.00492068
0.00592865
0.00304775
0.00765044
0.00616403
0.0078717
0.00731702
0.00624029
0.00619459
0.00500145
0.00370426
0.00390626
0.00672173
0.00457975
0.00313724
0.00243054
0.00211042
0.00192051
0.00423775
0.00136376
0.00111789
0.0011592
0.000500026
0.00045593
0.000423929
0.000420744
0.000917511
0.000495332
0.000300199
0.00039702
0.000220795
0.000212156
0.00789717
1.01055e-11
9.9583e-12
9.96197e-12
1.01528e-11
1.00054e-11
1.00111e-11
9.63018e-12
1.23815e-11
2.06209e-09
2.56119e-07
1.78311e-06
1.16213e-05
3.60059e-05
7.04408e-05
6.63724e-05
3.07337e-05
2.93956e-05
2.24452e-05
1.65913e-05
1.0627e-05
1.02608e-05
7.9499e-06
7.01856e-06
1.56246e-05
1.14715e-05
8.97925e-06
9.90284e-06
9.34765e-06
9.11464e-06
8.45834e-06
7.23363e-06
6.38239e-06
6.42026e-06
6.14321e-06
5.03755e-06
6.88496e-06
6.16948e-06
6.86698e-06
9.0321e-06
8.36417e-06
7.0033e-06
5.15903e-06
6.47651e-06
1.67238e-05
1.24079e-05
1.13974e-05
1.26718e-05
1.22368e-05
1.17382e-05
8.59948e-06
1.00635e-05
6.47564e-06
7.55913e-06
6.7423e-06
6.08811e-06
6.07234e-06
6.39471e-06
6.64329e-06
4.41429e-06
6.09892e-06
5.21166e-06
6.40979e-06
5.29487e-06
5.9864e-06
5.04456e-06
5.12502e-06
5.89527e-06
5.02042e-06
5.86472e-06
5.62117e-06
5.73893e-06
5.89169e-06
6.12023e-06
6.29455e-06
6.49851e-06
5.54647e-06
6.00831e-06
5.96557e-06
6.56772e-06
5.36137e-06
5.81125e-06
5.83496e-06
7.90998e-06
8.69768e-06
7.8549e-06
0.000152645
5.49857e-06
5.92022e-06
5.97733e-06
6.99871e-06
9.52243e-06
1.1476e-05
1.17578e-05
1.35011e-05
2.6351e-05
2.96877e-05
5.43266e-05
9.99393e-05
0.000196742
0.000351514
0.00102342
0.00497282
0.010369
0.0114834
0.016767
0.0164696
0.0154307
0.0131434
0.00962385
0.00620313
0.00375036
0.00341612
0.00290857
0.00281385
0.00132738
0.00121089
0.000467489
0.00039798
0.000252206
7.26948e-05
8.43954e-05
1.22605e-05
6.92006e-05
5.01126e-05
0.000115753
0.00025277
0.000561319
0.000810517
0.00115859
0.00138189
0.00207524
0.00232249
0.00341498
0.00420942
0.0051013
0.00674314
0.00657456
0.00761917
0.00788792
0.010972
0.0113524
0.0164892
0.0140818
0.0437724
0.00808211
0.00685844
0.00832444
0.0149234
0.00979901
0.00922438
0.00544902
0.00498899
0.00432316
0.00393536
0.00334532
0.00343915
0.00343584
0.00304496
0.00270328
0.00258665
0.00287147
0.00267739
0.00252704
0.00242136
0.00216146
0.0025193
0.00284659
0.00219303
0.00212023
0.00235129
0.00232109
0.00218248
0.00180037
0.00228612
0.00229205
0.0021795
0.00133415
0.000932828
4.58194e-05
0.000246426
1.68168e-07
0.000757889
0.000111207
4.33079e-05
0.0010354
0.00196588
0.00108675
0.00410788
0.00349136
0.00261108
0.00577836
0.00428149
0.00423831
0.00207816
0.00185608
0.00373006
0.00152762
0.00113579
0.000913495
0.000788203
0.000585286
1.01266e-06
0.0016667
0.000190508
0.000101028
0.00204668
8.01371e-05
0.000927992
0.000417287
0.000212112
5.21375e-06
0.00130541
2.83337e-05
0.000489644
0.00656652
0.00927129
0.00588487
0.00595235
0.00337291
0.00293086
0.00336468
0.00188754
0.00606468
9.63346e-12
9.65321e-12
9.66505e-12
9.66018e-12
9.61029e-12
9.49701e-12
9.48936e-12
4.57472e-11
7.40851e-10
4.86759e-07
1.79935e-05
1.42525e-05
3.85532e-05
0.000211335
0.000220401
0.000223572
8.62761e-05
6.26699e-05
4.11848e-05
2.72098e-05
2.50783e-05
1.64129e-05
1.23793e-05
1.26337e-05
1.10473e-05
1.07402e-05
9.16497e-06
8.25643e-06
5.56735e-06
5.23133e-06
6.47642e-06
6.93318e-06
5.45295e-06
6.2831e-06
6.10414e-06
6.13166e-06
5.31462e-06
4.08225e-06
5.92684e-06
3.98066e-06
5.51337e-06
5.56626e-06
6.32462e-06
4.87921e-06
8.41605e-06
8.77567e-06
9.00844e-06
7.78388e-06
8.07031e-06
6.62645e-06
7.77889e-06
5.48018e-06
5.6046e-06
6.53019e-06
5.99998e-06
1.24483e-05
1.04261e-05
9.88111e-06
1.00292e-05
8.61129e-06
8.42069e-06
8.50751e-06
8.09975e-06
6.99999e-06
7.76587e-06
7.79209e-06
7.09877e-06
8.32144e-06
8.00008e-06
7.88689e-06
8.0895e-06
7.98255e-06
8.23406e-06
7.20565e-06
8.85449e-06
8.15399e-06
8.26185e-06
8.47376e-06
8.78351e-06
8.38492e-06
3.37403e-06
3.51414e-06
3.52211e-06
4.58379e-06
6.08586e-06
6.96622e-06
1.09826e-05
1.64681e-05
2.13847e-05
4.24211e-05
8.42049e-05
0.000132633
0.000264602
0.000176778
0.00139398
0.00596663
0.0120528
0.0187078
0.0204848
0.0168073
0.0132127
0.0139696
0.00806749
0.00566543
0.00372679
0.00297549
0.00205488
0.00116792
0.000912804
0.000846649
0.000644739
0.000853099
0.000859276
0.000213828
3.60337e-05
4.27149e-05
1.32857e-05
2.63976e-05
4.87347e-06
2.42837e-05
0.000561398
0.000610452
0.000842532
0.00177205
0.00260616
0.00323534
0.00367312
0.00359133
0.0059531
0.00668336
0.00983999
0.0103288
0.0131898
0.011961
0.0148718
0.00581247
0.0143243
0.00553394
0.00479811
0.00482313
0.00453293
0.00451263
0.00441148
0.00384158
0.00408496
0.00465511
0.0040915
0.00455184
0.00472255
0.00417563
0.00404183
0.00365951
0.00405055
0.00331841
0.0038543
0.00383254
0.00399184
0.00382447
0.00371135
0.00380292
0.00349821
0.00372163
0.00385798
0.00350008
0.00384155
0.00166526
0.000873187
9.93263e-06
0.000118436
6.89731e-05
0.000389543
0.00071152
0.000122501
0.000135958
0.00268962
0.00161232
0.00342689
0.00205599
0.00405839
0.00711563
0.00477814
0.0142724
0.00834757
0.0101498
0.00980988
0.00678194
0.0109372
0.0108192
0.00821
0.011152
0.0110192
0.00627419
0.0128016
0.00881328
0.0092092
0.00916954
0.00611413
0.00841651
0.00485391
0.0033733
0.0030894
0.00282081
0.00177461
0.0015909
0.00495127
0.00285318
0.00306077
0.00175566
0.00171561
0.00103396
0.000336119
1.7552e-11
1.76477e-11
1.78237e-11
1.79157e-11
1.81514e-11
1.85485e-11
1.8499e-11
1.78032e-11
9.49916e-10
2.58417e-07
8.98857e-06
0.00151058
0.00467475
0.00430495
0.00486764
0.00281222
0.00126833
0.000802137
0.000463238
0.000199327
0.000164321
9.05306e-05
7.57864e-05
4.65301e-05
4.04585e-05
2.61872e-05
2.32017e-05
1.88523e-05
1.77751e-05
1.95536e-05
1.54032e-05
1.56361e-05
1.23692e-05
1.30971e-05
1.06782e-05
1.06745e-05
9.33321e-06
9.42057e-06
9.46433e-06
1.06316e-05
1.10306e-05
9.13623e-06
1.02121e-05
1.12363e-05
1.01011e-05
9.60164e-06
9.74384e-06
9.52152e-06
8.92513e-06
8.85403e-06
1.16159e-05
8.91798e-06
8.84344e-06
1.08821e-05
1.10102e-05
6.12492e-06
6.37902e-06
6.82961e-06
6.34414e-06
6.12177e-06
6.36646e-06
6.05372e-06
6.45163e-06
6.26619e-06
6.27212e-06
6.65308e-06
6.64343e-06
6.97062e-06
6.80896e-06
7.85598e-06
7.42023e-06
6.64667e-06
7.26368e-06
7.66156e-06
7.81111e-06
8.04925e-06
8.83442e-06
8.23557e-06
8.23782e-06
9.52062e-06
9.93167e-06
1.14737e-05
1.27063e-05
1.1958e-05
1.98194e-05
2.18233e-05
5.2018e-05
8.99208e-05
0.000167189
0.000297803
0.000123342
7.26218e-08
0.00467258
0.00492302
0.0110156
0.0130035
0.0121214
0.010344
0.00731164
0.00582233
0.00302462
0.00205165
0.00218467
0.00100849
0.000423321
8.168e-05
8.31938e-05
0.000269821
2.64465e-05
1.85514e-05
9.67611e-05
4.83365e-05
0.000172399
0.00069443
0.000925545
0.0012029
0.00196403
0.00509733
0.00559039
0.0060999
0.00707531
0.00871238
0.0108991
0.0117705
0.0160183
0.0158833
0.0215266
0.0190048
0.0233989
0.0205084
0.0281098
0.0383065
0.028092
0.0262937
0.0278596
0.0243104
0.020289
0.00300919
0.00318019
0.00330424
0.00368427
0.00325804
0.00370487
0.00332877
0.0034434
0.00374898
0.00365002
0.00390334
0.00440471
0.00401676
0.00411075
0.00416846
0.00433404
0.00432223
0.0042193
0.00525262
0.00435321
0.0051323
0.00459885
0.0045865
0.00460342
0.00393141
0.00402731
0.000757536
0.0018215
0.00179544
0.000621554
0.00058779
0.00115276
0.000849853
3.84854e-06
0.000112096
9.33225e-05
2.86081e-05
0.00169603
0.00227627
0.000720453
0.00193013
0.00156357
0.00256106
0.00134991
0.00174903
0.00731835
0.00577131
0.0058671
0.00849091
0.0138217
0.00789617
0.0099002
0.00922929
0.00617128
0.00894499
0.00699186
0.00760134
0.00746535
0.00679674
0.00659051
0.00477051
0.00325441
0.00270285
0.00195289
0.000917768
3.20322e-05
7.01238e-06
0.000993175
0.00143474
0.00432461
0.00797496
0.0157136
0.0204344
0.0282239
0.0222943
0.0182591
0.0170879
0.01542
0.0184931
0.0168112
0.0180465
0.0106862
0.0149275
0.0188978
0.00418824
0.00409346
0.00439976
0.00463121
0.00569455
8.29063e-11
1.14637e-10
1.46234e-10
1.80999e-10
1.05789e-09
2.10077e-08
2.47291e-06
3.31297e-05
4.68266e-05
5.02474e-05
4.39295e-05
2.39365e-05
1.61432e-05
1.16611e-05
6.68886e-06
5.57515e-06
5.53223e-06
4.67268e-06
3.75277e-06
3.91456e-06
3.58603e-06
3.99146e-06
3.13482e-06
2.99764e-06
2.79119e-06
2.294e-06
1.78295e-06
2.35482e-06
1.93332e-06
1.84205e-06
1.91091e-06
1.89319e-06
1.97003e-06
1.465e-06
1.74556e-06
1.57525e-06
4.25089e-06
3.248e-06
3.45714e-06
4.05428e-06
2.95415e-06
2.77363e-06
3.42559e-06
2.85531e-06
3.34823e-06
3.02885e-06
2.93054e-06
2.91854e-06
2.67079e-06
2.74652e-06
2.6175e-06
2.80604e-06
2.75009e-06
2.5795e-06
2.62469e-06
2.54356e-06
2.51986e-06
2.43591e-06
1.96243e-06
2.26232e-06
2.32031e-06
2.5322e-06
2.6306e-06
2.10879e-06
2.18994e-06
2.467e-06
2.44931e-06
2.46571e-06
1.44707e-05
9.71061e-06
8.3827e-06
6.0041e-06
4.48561e-06
4.20589e-06
3.90771e-06
3.79354e-06
3.64481e-06
3.71732e-06
3.72126e-06
1.07707e-06
9.87839e-07
1.06553e-06
1.21708e-06
1.42198e-06
1.68471e-06
2.0262e-06
2.81725e-06
3.77328e-06
9.39422e-06
1.42373e-05
5.58415e-05
6.30077e-05
0.000137404
0.000651577
0.00501114
0.0119305
0.0172605
0.0195785
0.0253291
0.0267092
0.0245222
0.0187127
0.0165593
0.0176272
0.0107816
0.00845773
0.00759753
0.00375397
0.00362892
0.0030424
0.00257931
0.00229476
0.00140009
0.00162293
0.000760596
0.000599555
0.000662576
0.000240979
0.000151404
7.69704e-05
3.20283e-05
0.000114944
3.70407e-05
0.000250044
0.00252058
0.00242738
0.00402197
0.00534517
0.00723437
0.00924451
0.00947466
0.00413498
0.00413562
0.00399563
0.00611351
0.00759584
0.0104442
0.0122927
0.01549
0.00911449
0.00656983
0.00242204
0.00220707
0.00244112
0.00237247
0.00244599
0.00249404
0.00212936
0.00249535
0.00210004
0.00240171
0.00228066
0.002084
0.00222473
0.00224792
0.00226063
0.00217169
0.00220205
0.0022336
0.00233894
0.00198222
0.00231438
0.00211839
0.00247986
0.00206149
0.00206698
0.00211317
0.00205608
0.00105112
0.00167103
0.00014058
0.00116283
2.16398e-07
1.40273e-05
0.00026323
0.00117152
0.000911477
0.00541999
0.00596355
0.00546944
0.00851575
0.00686506
0.00929145
0.00983967
0.0154067
0.013818
0.00834829
0.0122799
0.0108318
0.00784888
0.0115512
0.00937246
0.00394587
0.00292392
0.00555378
0.00410141
0.00287848
0.00278915
0.00152564
0.00163119
0.000592735
0.00109106
0.00120704
0.000939728
0.000223816
0.000380752
0.000728165
0.000177599
0.000390272
0.000509205
0.000475828
0.00103232
0.00188016
8.61493e-12
8.73124e-12
8.63704e-12
8.76663e-12
8.74272e-12
8.64952e-12
8.3204e-12
2.55742e-10
1.76046e-06
1.67328e-06
2.41758e-05
4.85443e-05
0.000143157
9.56324e-05
3.42746e-05
2.44732e-05
1.40246e-05
1.30639e-05
1.76604e-05
1.74137e-05
1.05527e-05
9.9654e-06
1.15621e-05
9.10546e-06
1.02601e-05
9.71654e-06
8.24097e-06
6.60303e-06
7.76227e-06
7.01056e-06
6.04816e-06
5.19697e-06
5.47561e-06
5.01715e-06
5.2612e-06
9.85105e-06
8.04959e-06
7.94635e-06
8.08801e-06
8.96536e-06
6.43131e-06
6.36232e-06
6.36594e-06
6.12874e-06
5.71945e-06
5.68476e-06
4.96463e-06
5.84101e-06
4.98809e-06
4.68757e-06
4.22344e-06
4.31306e-06
5.35293e-06
4.36155e-06
4.35291e-06
4.07184e-06
4.31625e-06
4.08715e-06
4.50307e-06
4.15127e-06
4.46668e-06
4.43432e-06
4.49537e-06
5.0625e-06
4.81991e-06
4.44502e-06
5.5115e-06
6.18832e-06
4.76684e-06
4.83942e-06
4.83981e-06
6.16536e-06
6.24276e-06
7.33209e-06
9.53359e-06
1.33131e-05
1.7909e-05
2.75665e-05
5.40832e-05
9.36941e-05
5.64093e-05
0.000405271
0.00607122
0.0135483
0.018062
0.0189549
0.0180096
0.0145335
0.015493
0.0112661
0.00973961
0.00475997
0.00610387
0.0035153
0.00183549
0.000818264
0.000842459
0.000630947
0.000529799
0.000301457
0.000143457
8.44886e-05
8.84806e-06
9.68227e-08
0.000304888
0.000475225
0.000944142
0.00138931
0.00237587
0.00315519
0.00395257
0.00421245
0.0050058
0.00583979
0.00704155
0.0090685
0.0115931
0.0137478
0.01561
0.0670243
0.0157419
0.0091058
0.00677637
0.00574316
0.00471694
0.00423431
0.00379801
0.00336488
0.00323074
0.00283324
0.00262376
0.00244091
0.00220587
0.00225212
0.0021037
0.00220567
0.00232808
0.00206409
0.00258881
0.00201267
0.0020622
0.00221085
0.00222529
0.0018853
0.00198004
0.00210049
0.00204283
0.001693
0.00177744
0.0012611
0.000293029
7.04364e-05
7.32927e-05
0.00016552
0.000513826
0.000660679
0.00044597
0.00399085
0.00652485
0.00563686
0.00538654
0.00370773
0.00316066
0.00789969
0.00230389
0.00326771
0.00293292
0.0021251
0.00221006
0.00186845
0.000222687
0.00124063
0.000121273
0.000247223
0.00155277
5.89785e-06
0.00121908
0.000542445
0.000152344
0.000226182
0.00105574
1.75958e-06
0.00051958
4.50589e-05
0.00147806
0.000701428
0.00196391
1.61912e-05
0.015066
0.00962014
0.00624302
0.0175586
0.00852316
0.0068538
0.00881301
1.03298e-11
1.03715e-11
1.03724e-11
1.0374e-11
1.03657e-11
1.01766e-11
2.11472e-10
1.94748e-06
3.08425e-05
0.000108277
0.000243243
0.000214544
0.000283258
0.000108396
6.56631e-05
4.0998e-05
3.29868e-05
2.56758e-05
1.85618e-05
1.25728e-05
9.47034e-06
1.25355e-05
1.24076e-05
1.03358e-05
7.55258e-06
6.66598e-06
6.74112e-06
6.68727e-06
6.33844e-06
6.87871e-06
8.50594e-06
7.31117e-06
8.23188e-06
6.72983e-06
6.35602e-06
6.56383e-06
7.71023e-06
6.79442e-06
5.43564e-06
1.15278e-05
1.11102e-05
8.75658e-06
8.42249e-06
7.70075e-06
6.84222e-06
8.03274e-06
6.89798e-06
5.96094e-06
1.62281e-05
1.43115e-05
1.3821e-05
1.0989e-05
1.06479e-05
1.0806e-05
9.34113e-06
1.01112e-05
9.85882e-06
9.48102e-06
8.81423e-06
9.89507e-06
8.65648e-06
9.25193e-06
9.25587e-06
9.08613e-06
1.01973e-05
1.0369e-05
9.66746e-06
9.92322e-06
9.14431e-06
9.24073e-06
3.67048e-06
3.74105e-06
3.97453e-06
4.85022e-06
5.44728e-06
6.8903e-06
9.77599e-06
1.35872e-05
1.82705e-05
2.9844e-05
6.0426e-05
9.26066e-05
0.000107193
1.61132e-06
0.000225045
0.00277101
0.00803279
0.019057
0.0186426
0.0151733
0.0117466
0.00843055
0.0063978
0.00634612
0.00403207
0.00294472
0.00246013
0.00190011
0.00137774
0.000976647
0.000990461
0.000588726
0.00106827
0.000545784
0.000121335
8.31132e-05
6.93623e-05
4.55901e-05
3.29237e-05
1.05664e-05
1.0547e-06
7.91901e-05
7.568e-05
0.000605893
0.00172733
0.00283593
0.00288183
0.00324393
0.0047279
0.00520741
0.00667657
0.00877824
0.00856558
0.00913661
0.0102466
0.0118265
0.0144731
0.0142924
0.0100241
0.00647957
0.00603992
0.00542329
0.00593018
0.00493926
0.0051902
0.00502037
0.00558336
0.00408781
0.00473201
0.00437349
0.0044938
0.00425793
0.00413541
0.00375623
0.00402264
0.00405464
0.00387845
0.00366518
0.00404292
0.00388393
0.00373396
0.00370627
0.00411004
0.00408692
0.00374389
0.00335328
0.00370463
0.00337855
0.00326512
0.00344389
0.0015125
0.00128166
1.65872e-05
0.000497893
0.000607535
7.77319e-05
3.30409e-05
0.000281017
6.41171e-05
0.00200616
0.000615778
0.00149746
0.00450808
0.0050453
0.00651924
0.00592294
0.00843253
0.0100387
0.0094581
0.00903599
0.0084766
0.00936622
0.0130611
0.0106225
0.011784
0.0129015
0.0106674
0.00891907
0.0085741
0.0138654
0.010191
0.00728948
0.00511862
0.00754982
0.00612807
0.00573585
0.00599296
0.00980333
0.00193584
0.00367357
0.00160053
1.32215e-05
1.50986e-11
1.5218e-11
1.54568e-11
1.52157e-11
1.54029e-11
1.57041e-11
1.98143e-09
2.91449e-07
1.059e-05
0.00109369
0.00440426
0.00616778
0.00347671
0.00135893
0.00117731
0.000419536
0.00033792
0.000188817
8.38793e-05
7.00621e-05
3.70859e-05
3.00548e-05
1.79805e-05
1.91627e-05
1.47161e-05
1.41367e-05
1.24103e-05
1.31496e-05
1.0135e-05
1.09445e-05
1.00357e-05
9.82287e-06
6.96851e-06
7.2195e-06
8.0757e-06
6.89758e-06
7.13961e-06
8.00317e-06
7.20042e-06
6.64606e-06
7.30996e-06
6.80859e-06
6.95861e-06
6.38658e-06
6.57294e-06
6.88842e-06
6.5462e-06
6.8307e-06
6.98635e-06
7.76302e-06
8.00502e-06
7.89018e-06
7.51926e-06
9.4767e-06
6.14103e-06
6.0274e-06
6.5094e-06
6.94766e-06
7.48173e-06
9.73159e-06
8.60993e-06
6.58448e-06
6.96031e-06
7.01502e-06
6.42061e-06
1.51305e-05
1.34403e-05
1.33002e-05
1.36103e-05
1.24722e-05
1.27277e-05
1.13103e-05
1.64347e-05
1.88294e-05
1.70329e-05
1.67861e-05
1.60756e-05
1.45718e-05
1.44007e-05
1.44085e-05
1.43611e-05
6.18438e-06
6.66843e-06
6.97525e-06
8.47674e-06
1.34121e-05
2.00774e-05
3.08083e-05
3.20681e-05
0.000106374
0.000199918
0.000349533
0.000353877
0.000882617
0.00535814
0.0100093
0.0144086
0.0135333
0.0119575
0.00833143
0.00703134
0.00421662
0.00262222
0.0030378
0.00112332
0.000963579
0.000885241
0.000884834
0.000968249
0.000661563
0.000331768
0.000285297
0.000219631
0.000104922
4.2827e-06
9.63546e-07
8.41418e-06
0.000226167
0.000270726
0.000386779
0.00054712
0.00103394
0.00313526
0.0078695
0.00539885
0.00625532
0.00619041
0.0116618
0.0110801
0.0122184
0.0195814
0.0228685
0.0234724
0.0192579
0.017326
0.0254043
0.0295859
0.0470628
0.0313069
0.00332676
0.00364461
0.0036559
0.00375127
0.003922
0.0039309
0.00387516
0.00445234
0.00404487
0.00439805
0.00459394
0.00409897
0.00412137
0.00414406
0.00394304
0.00426247
0.00449235
0.00435787
0.00337924
0.0013455
0.00249809
0.00015608
0.000460291
7.34098e-06
3.9121e-06
2.22205e-05
9.21369e-05
0.000498546
0.000353222
0.000400869
0.00416412
0.00308691
0.00378607
0.00225721
0.00515847
0.00476447
0.00532618
0.00520225
0.011627
0.00558454
0.0142676
0.00759134
0.0089243
0.00877228
0.0117282
0.0098664
0.0102905
0.00876341
0.00829718
0.00849823
0.00647013
0.00728978
0.00755308
0.00587558
0.00530126
0.00821488
0.00479486
0.00438427
0.00691757
0.00363357
0.00322801
0.00382216
0.00200969
0.00103793
0.00112516
0.00072183
0.000810194
0.000224939
6.53245e-05
3.9242e-06
3.25045e-07
0.000304269
0.000693724
0.00107114
0.0033536
0.00795737
1.01686e-10
1.13735e-10
1.34042e-10
1.57441e-10
1.92803e-10
2.4487e-10
3.14783e-10
3.7347e-10
1.61807e-08
9.19269e-07
1.11332e-05
5.63265e-05
0.000489689
0.000660908
0.000580058
0.000176832
0.000164406
0.000123143
3.66834e-05
2.2214e-05
1.53408e-05
1.26402e-05
1.19365e-05
1.00653e-05
1.11034e-05
9.50369e-06
9.3732e-06
8.2368e-06
8.03029e-06
7.24038e-06
7.28717e-06
6.50021e-06
6.81025e-06
5.16818e-06
4.86632e-06
6.44517e-06
5.38819e-06
5.76003e-06
5.87517e-06
8.00725e-06
7.46277e-06
6.39606e-06
1.65952e-05
1.88418e-05
1.70736e-05
1.39525e-05
1.85434e-05
1.6888e-05
1.51603e-05
1.44295e-05
1.15478e-05
9.356e-06
9.48713e-06
9.05495e-06
8.25116e-06
7.88223e-06
8.22836e-06
9.31632e-06
9.91731e-06
9.67921e-06
8.64942e-06
1.04056e-05
9.54335e-06
1.11177e-05
1.11747e-05
8.85892e-06
9.05209e-06
9.09175e-06
1.00032e-05
9.80175e-06
8.57451e-06
1.09174e-05
8.03299e-05
5.00881e-05
3.58515e-05
3.01851e-05
2.28111e-05
1.99325e-05
1.77801e-05
1.64483e-05
1.69364e-05
1.68184e-05
1.73608e-05
1.51913e-05
3.5585e-06
3.71534e-06
3.88234e-06
4.19958e-06
5.06176e-06
5.62137e-06
7.02704e-06
9.6888e-06
1.67804e-05
2.38485e-05
4.45748e-05
5.77173e-05
0.000261312
0.000388046
0.00389032
0.00830957
0.0131097
0.0140616
0.0143848
0.0114119
0.010049
0.00520822
0.00364733
0.00176531
0.00130792
0.000953975
0.000621508
0.000476856
9.67521e-05
0.000171871
2.52086e-05
2.22959e-06
1.27342e-05
2.50964e-05
6.2279e-05
0.00045967
0.000221299
0.000870106
0.00102124
0.00202324
0.00162427
0.00174315
0.00257908
0.00259281
0.00416165
0.00482584
0.00387827
0.00286931
0.00322536
0.00243268
0.00396085
0.00331582
0.00250726
0.00251952
0.00200186
0.00195204
0.0024708
0.00167883
0.00225058
0.00235718
0.00156952
0.00147535
0.00156244
0.00112427
0.00144833
0.000899635
0.00114795
0.00138578
0.00170853
0.00100769
0.00112938
0.00108424
0.000817841
0.000943738
0.00129156
0.000685396
0.000836951
0.00081926
0.000929092
0.000437094
0.000579332
0.000794851
0.00081802
0.000335088
0.00062702
0.000959707
0.000802272
0.000283152
0.00030198
0.000527676
0.000177823
0.000334187
0.000345901
0.000192985
0.000232481
7.99415e-05
0.000527181
0.000328493
0.000139563
0.000330914
9.84189e-05
0.000106676
0.000206972
0.000108051
0.000378624
5.68667e-05
0.000183128
0.000197365
0.00032331
0.000243914
0.000283696
0.00017601
8.45509e-05
8.81636e-06
0.000127624
0.000125415
0.000122156
0.000120714
0.000119691
0.000119068
0.000133919
0.00013105
0.000130732
0.000125435
0.000123381
0.000114571
0.000157012
0.000141463
0.00013759
0.000147527
0.000145013
0.000160385
0.000148833
0.000141149
0.000149488
0.000136129
0.000133168
0.000140679
0.000137964
0.000138888
0.000116116
0.000114132
0.000115591
0.00013113
0.000114252
0.000113687
0.000121471
0.000123331
0.000121824
7.36179e-05
7.6081e-05
7.71541e-05
9.67865e-05
9.83787e-05
0.000102195
8.42171e-05
9.26638e-05
9.82466e-05
0.000121365
0.000148311
0.000156852
0.000155823
0.00016705
0.000195451
0.000216511
0.000224501
0.000222331
0.0002698
0.000287419
0.00034307
0.000374953
0.000573186
0.000629126
0.00064031
0.00071212
0.000828208
0.000926331
0.00100614
0.00115857
0.00168393
0.00238041
0.00277078
0.00322478
0.00396514
0.0044821
0.00523874
0.00780857
0.00921342
0.00815566
0.00888001
0.0060454
0.0021925
0.0012683
0.00219719
0.00127215
0.00053399
0.00282472
0.00424733
0.00290293
0.00137753
0.00275639
0.00298493
0.000632631
0.000318079
0.00104468
0.00217723
0.00115775
0.00115049
0.00064596
0.00244673
0.00295626
0.00205588
0.000633861
0.00201093
0.00152965
0.0013191
0.00100609
0.00415643
0.00288891
0.00328494
0.00205672
0.00537287
0.00425219
0.00444225
0.00216286
0.00582611
0.00722312
0.00538219
0.00592416
0.00464516
0.0104824
0.00811038
0.0150994
0.0114646
0.0114975
0.0128475
0.00972606
0.00536891
0.000662254
0.000682978
0.00056553
0.0073091
0.000618375
0.000624663
0.000654349
0.000655252
0.000669567
0.000787888
0.000688137
0.000720468
0.000624753
0.000625616
0.000639607
0.000617194
0.000617848
0.000644202
0.000779371
0.000670244
0.00066934
0.000684455
0.000690644
0.000716242
0.000731278
0.0007854
0.000825235
0.000760812
0.00083226
0.000826124
0.000842955
0.000830533
0.00092387
0.000914622
0.000935677
0.000920664
0.000924726
0.000905568
0.000944385
0.000976915
0.000966021
0.000984789
0.0010546
0.00104114
0.00104869
0.000983983
0.000954177
0.000944165
0.000966722
0.000981327
0.000987247
0.00103068
0.00110052
0.000505522
0.000426113
0.000231124
0.000983909
0.000973154
0.000997892
0.0010211
0.00103453
0.000336227
0.00102803
0.00101547
0.00104793
0.00107666
0.00102817
0.00105015
0.00110227
0.000658828
0.000954048
0.000942664
0.000608131
0.000641424
0.000388491
3.90532e-06
3.79129e-06
3.42405e-05
9.49683e-06
9.28275e-06
9.54236e-05
9.37356e-05
0.000235978
0.000141763
0.000139543
0.000361741
0.000927034
0.00121349
0.00171329
0.00335186
0.00328532
0.00398686
0.00311917
0.00345272
0.00309793
0.00303128
0.00447663
0.0061374
0.00597383
0.00600157
0.0051479
0.00500628
0.00517479
0.0101785
0.0110947
0.00516829
0.0054307
0.0115241
0.0110003
0.011607
0.0110016
0.0109104
0.00896254
0.00885382
0.0116656
0.0108228
0.0109999
0.00895806
0.00821631
0.00896874
0.00559972
0.00713327
0.00928735
0.00928597
0.00815145
0.00763512
0.00474534
0.00446457
0.00528409
0.0049023
0.0041937
0.00378777
0.00361979
0.0032107
0.00238173
0.00246485
0.00294955
0.00227508
0.0019426
0.00200322
0.000217807
0.000264301
0.00052696
0.000519732
0.000225653
1.6495e-05
3.47003e-05
5.02702e-05
2.48083e-05
1.07632e-07
0.000142297
5.36429e-05
5.71278e-06
5.06744e-05
1.10611e-05
0.000253095
0.000268245
0.000116873
5.27131e-05
0.000932887
0.000684446
2.22142e-05
0.000792562
0.000264225
0.000116398
2.09179e-05
3.65498e-05
5.2617e-06
5.56686e-05
0.000742393
0.000320402
0.000255149
0.000396464
4.41444e-06
0.00427003
6.87399e-12
6.87568e-12
6.87348e-12
6.87748e-12
6.87749e-12
6.88122e-12
6.89373e-12
6.88916e-12
6.9987e-12
6.98494e-12
7.40818e-12
1.58261e-11
1.65977e-11
1.6653e-11
3.39823e-09
7.98052e-07
7.99406e-07
7.90618e-07
8.0856e-07
1.32414e-05
1.30381e-05
2.23428e-05
2.19876e-05
2.85038e-05
2.78746e-05
1.84243e-05
1.80374e-05
1.08649e-05
1.07068e-05
1.07189e-05
6.81267e-06
6.81388e-06
4.34102e-06
4.30043e-06
2.96393e-06
2.95597e-06
2.9654e-06
2.76593e-06
2.81091e-06
2.81704e-06
3.55835e-06
2.67033e-06
2.69061e-06
2.1518e-06
2.17233e-06
1.88798e-06
1.91219e-06
2.18145e-06
2.24202e-06
2.58668e-06
2.94124e-06
3.00006e-06
3.01751e-06
3.25799e-06
3.35679e-06
2.99345e-06
3.02602e-06
3.05344e-06
2.60981e-06
2.41953e-06
2.44363e-06
2.47135e-06
2.05307e-06
1.99776e-06
2.0122e-06
2.42527e-06
2.40963e-06
2.34224e-06
2.36811e-06
3.01101e-06
2.99331e-06
2.58672e-06
2.64108e-06
2.34274e-06
2.31622e-06
2.81837e-06
2.64011e-06
3.33423e-06
3.35469e-06
3.36023e-06
3.3579e-06
3.08019e-06
3.07785e-06
3.10055e-06
2.75891e-06
2.59857e-06
2.61949e-06
2.67015e-06
2.64004e-06
2.64007e-06
2.64184e-06
2.17303e-06
2.19435e-06
2.93372e-06
2.93779e-06
2.48697e-06
2.53365e-06
2.9907e-06
3.10358e-06
3.2664e-06
3.38446e-06
3.06524e-06
3.17744e-06
3.73571e-06
3.97592e-06
3.7039e-06
3.23415e-06
3.42527e-06
3.52891e-06
3.68645e-06
3.46993e-06
3.67278e-06
4.11498e-06
4.05602e-06
3.39833e-06
3.96387e-06
3.91563e-06
4.61947e-06
3.75373e-06
4.38246e-06
4.29376e-06
4.63698e-06
5.45147e-06
5.38064e-06
5.21902e-06
5.45258e-06
4.97413e-06
5.40227e-06
5.77954e-06
7.21178e-05
4.0217e-05
2.22045e-05
1.41254e-05
1.0282e-05
8.66358e-06
7.09136e-06
6.28686e-06
5.38242e-06
5.22423e-06
5.16993e-06
4.94724e-06
4.82733e-06
4.79911e-06
4.72396e-06
4.82124e-06
4.90879e-06
4.8654e-06
4.91499e-06
5.24574e-06
5.24519e-06
4.93768e-06
4.90629e-06
4.94314e-06
4.57969e-06
4.11244e-06
4.24115e-06
4.69928e-06
4.80735e-06
4.80504e-06
4.93363e-06
5.18882e-06
5.15865e-06
4.84119e-06
1.56677e-06
1.61976e-06
1.46579e-06
1.56384e-06
1.98703e-06
2.03654e-06
2.11825e-06
2.05473e-06
2.24836e-06
2.28829e-06
2.63707e-06
2.66842e-06
3.0222e-06
2.94902e-06
3.66974e-06
4.51455e-06
4.83485e-06
4.6971e-06
6.10892e-06
6.35275e-06
9.56137e-06
9.07068e-06
1.32584e-05
1.42445e-05
2.33863e-05
2.57693e-05
1.9231e-05
3.55628e-05
3.84575e-05
6.55307e-05
7.30868e-05
7.68761e-05
0.00014618
0.000162838
0.000125062
0.000271085
7.23817e-05
0.000714438
0.000696533
0.000509738
0.00470486
0.00410802
0.00951018
0.00987416
0.0161625
0.0160869
0.0147895
0.0179413
0.0177484
0.0201226
0.0222715
0.020373
0.0226611
0.021508
0.0205535
0.0195757
0.0178985
0.0179966
0.0150943
0.0139764
0.0124804
0.00595504
0.00634746
0.005036
0.00681927
0.00558728
0.00413966
0.00478103
0.00350194
0.00239732
0.00276999
0.00178082
0.00161794
0.0017536
0.00130536
0.00161849
0.00160328
0.000714662
0.00075351
0.00037035
0.000930498
0.000643507
0.000366025
0.000356648
0.000348784
0.000412727
0.000526976
8.04795e-05
9.81742e-05
2.05386e-06
7.46224e-06
2.14832e-05
2.02814e-06
5.04989e-07
4.86817e-06
0.000187141
0.000132448
0.000256846
0.000195127
0.000265233
0.000312576
0.00047762
0.00095683
0.00120373
0.0009927
0.000964402
0.000877842
0.00122126
0.0019819
0.00203355
0.00193834
0.00210315
0.00250644
0.00215123
0.00239964
0.00300221
0.00340133
0.0030628
0.00324159
0.00270995
0.00281416
0.00357679
0.0045401
0.00304919
0.00214209
0.00179493
0.00417649
0.00231418
0.00315268
0.00239611
0.00294007
0.00318377
0.00248419
0.00582636
0.00433418
0.00684267
0.005206
0.00523051
0.0024841
0.00707777
0.00521745
0.0078939
0.00626118
0.00361612
0.00221724
0.00440299
0.00231333
0.00226569
0.00242591
0.00232357
0.00232176
0.00205133
0.00204906
0.00235953
0.00232756
0.00223437
0.00216982
0.00219678
0.00218633
0.00254583
0.00249533
0.00230428
0.00230564
0.00223697
0.00220932
0.00217892
0.00218328
0.00233971
0.00225445
0.0020522
0.00214497
0.00189041
0.00187971
0.00214938
0.00215805
0.00219986
0.00213198
0.00225234
0.0020907
0.00202967
0.00207247
0.00200645
0.00201296
0.00208766
0.00211931
0.00205923
0.00209402
0.00229802
0.00235393
0.00206947
0.00201398
0.00206534
0.00198955
0.00193922
0.00194253
0.00230059
0.00226625
0.00180642
0.00176697
0.00179162
0.00205749
0.00200599
0.00201183
0.0018806
0.00189208
0.0018914
0.00184989
0.00161982
0.000208702
7.64687e-05
0.000393092
0.000384358
0.000292216
0.000109722
0.000107103
1.2714e-05
1.00312e-05
0.000837773
0.00118883
0.00146261
0.000244577
0.000238798
0.000302478
0.00161481
0.00156891
0.00190919
0.00213838
0.00298295
0.00064893
0.000632268
0.000857954
0.00222681
0.00215398
0.00260123
0.00133307
0.00129205
0.00196933
0.00580929
0.00608793
0.00510527
0.00486889
0.0064911
0.00592693
0.00580402
0.00583571
0.00506597
0.00873257
0.009161
0.00906188
0.00831844
0.00799378
0.00689037
0.0062519
0.00432377
0.00756115
0.00665972
0.00587643
0.00370945
0.00413477
0.00364112
0.00334125
0.00315096
0.00472855
0.00403289
0.00384498
0.00221627
0.0019125
0.00140815
0.00161534
0.00127133
0.0011233
0.00126126
0.00151199
0.00234026
0.00208477
0.000814286
0.000855744
0.000177058
0.000188357
0.000194969
0.000449205
0.000466952
0.00105991
0.00109567
0.000559342
0.000517208
0.00060213
0.00538157
0.00313458
0.0016229
0.000894923
0.000410047
0.000196721
0.000115222
6.41221e-05
2.66426e-07
8.22873e-06
1.70732e-08
2.25524e-07
0.000195922
0.000267031
0.000201717
5.924e-05
1.35731e-05
1.16111e-05
2.44848e-05
2.18997e-07
0.000143923
0.000145784
0.000148701
0.000941453
0.00115352
3.82485e-05
9.06601e-06
6.70201e-07
0.000175551
0.00511302
0.00391516
1.06911e-11
1.07067e-11
1.07193e-11
1.07197e-11
1.07196e-11
1.07312e-11
1.06778e-11
1.06934e-11
1.07111e-11
1.07314e-11
1.2329e-11
1.23947e-11
1.26945e-11
3.12615e-09
3.19092e-09
5.97803e-07
6.16549e-07
1.0345e-05
1.02746e-05
4.96995e-05
4.94799e-05
0.000106356
0.000104195
8.1157e-05
7.92468e-05
3.49315e-05
3.70174e-05
3.71615e-05
1.85399e-05
1.82457e-05
1.38014e-05
1.3749e-05
1.03077e-05
1.04724e-05
1.10788e-05
1.11071e-05
9.39687e-06
9.57592e-06
8.66673e-06
8.75624e-06
8.81899e-06
8.927e-06
7.91209e-06
8.15952e-06
6.5862e-06
6.70098e-06
5.62912e-06
5.77625e-06
5.70232e-06
5.85231e-06
5.53225e-06
5.69206e-06
5.91158e-06
6.14741e-06
6.35647e-06
5.05501e-06
5.3742e-06
6.35923e-06
5.89868e-06
4.26018e-06
8.4209e-06
7.97771e-06
6.47805e-06
6.19725e-06
5.68746e-06
5.5497e-06
7.5768e-06
7.28392e-06
7.24272e-06
6.98779e-06
6.9137e-06
6.05808e-06
5.91755e-06
5.23129e-06
5.18907e-06
5.82297e-06
4.93509e-06
4.89399e-06
6.05857e-06
5.99055e-06
5.33377e-06
5.28304e-06
6.1319e-06
6.06795e-06
5.80736e-06
5.69257e-06
5.64674e-06
5.08612e-06
4.49375e-06
4.50851e-06
5.68404e-06
5.60088e-06
5.69886e-06
4.49118e-06
1.36933e-05
1.28398e-05
1.04806e-05
9.75646e-06
9.46942e-06
9.04721e-06
8.77914e-06
1.06802e-05
1.00658e-05
9.84926e-06
8.85019e-06
8.40402e-06
8.33898e-06
7.96551e-06
7.98277e-06
6.38088e-06
6.68756e-06
6.51315e-06
6.61453e-06
5.8828e-06
5.76671e-06
7.57445e-06
7.35184e-06
7.45676e-06
7.34016e-06
7.19166e-06
7.22084e-06
5.94336e-06
5.84023e-06
5.92225e-06
5.92296e-06
5.89454e-06
6.36956e-06
6.24109e-06
7.57351e-06
7.43895e-06
6.82621e-06
6.66808e-06
6.80882e-06
5.95403e-06
5.86359e-06
6.01818e-06
5.94871e-06
7.55553e-06
6.80147e-06
6.73207e-06
6.86154e-06
6.71408e-06
6.80972e-06
6.63935e-06
6.58808e-06
6.98247e-06
6.81657e-06
6.80292e-06
6.71906e-06
9.32945e-06
1.1832e-05
1.10721e-05
1.07347e-05
7.28614e-06
1.14621e-05
1.85198e-05
1.6688e-05
1.58905e-05
1.34652e-05
1.25582e-05
1.27508e-05
1.22042e-05
1.0748e-05
1.07209e-05
1.22089e-05
1.17291e-05
1.16675e-05
1.23574e-05
1.21574e-05
1.05613e-05
1.05497e-05
1.03184e-05
1.0101e-05
1.03663e-05
1.08321e-05
1.06057e-05
1.09592e-05
1.23068e-05
1.20369e-05
1.25007e-05
1.26435e-05
1.11771e-05
1.09958e-05
1.11028e-05
1.17652e-05
1.15719e-05
1.21934e-05
1.30463e-05
1.36699e-05
1.42219e-05
1.56864e-05
1.5137e-05
1.55347e-05
1.69395e-05
1.64058e-05
3.24757e-05
3.16974e-05
2.73169e-05
1.94689e-05
2.06765e-05
3.93218e-05
3.02408e-05
5.51456e-05
5.50834e-05
7.1907e-05
0.000126294
0.000173698
0.000126816
0.000244923
3.70169e-08
0.00303895
0.00298973
0.00228084
0.00409099
0.00403272
0.00948029
0.0118464
0.0116445
0.0130346
0.0153573
0.0147919
0.0130276
0.0149744
0.0141504
0.0158003
0.0166167
0.0158335
0.0144767
0.0133625
0.013245
0.0116889
0.00714635
0.00671665
0.0083896
0.00569814
0.00558324
0.00369771
0.00428755
0.00296672
0.0030321
0.00214273
0.00161452
0.00103249
0.00132906
0.000948367
0.000478297
0.000453633
0.000283294
0.000531184
0.000269476
6.54432e-05
2.52992e-05
8.14452e-05
4.89622e-05
0.000141241
0.000152794
0.000330672
0.000128878
0.000449711
0.00214924
0.00225505
0.00221532
0.00231712
0.00210977
0.0019814
0.00206886
0.00211448
0.00199385
0.00207654
0.0021239
0.00201729
0.00211017
0.00209203
0.00199589
0.00204583
0.0018638
0.00220079
0.00223488
0.00213637
0.00206167
0.00218067
0.00226572
0.0023375
0.0023979
0.00223652
0.0026031
0.00250619
0.00258528
0.00248508
0.00239896
0.00257688
0.00280256
0.00270352
0.00284465
0.00252804
0.00245206
0.00252126
0.00232899
0.00240189
0.00266923
0.00279455
0.00290233
0.00277594
0.00269621
0.00276626
0.00282516
0.00280803
0.00291065
0.00294934
0.00330454
0.00327418
0.00308383
0.00311797
0.00263166
0.00262773
0.00277399
0.00273216
0.00267857
0.00237433
0.00244723
0.00256425
0.00251351
0.00261925
0.00241262
0.00256761
0.00305587
0.00297209
0.00309042
0.00275305
0.00292247
0.00318083
0.00326072
0.00289007
0.00301529
0.00335025
0.00350715
0.00365375
0.00330481
0.00356776
0.00372175
0.00358905
0.00378266
0.00336222
0.00360717
0.00187471
0.00180975
0.000884754
2.47044e-05
2.52391e-05
5.95706e-05
0.000491703
7.73036e-05
8.38299e-06
0.00133619
0.00125619
0.00193191
0.000560209
0.00171852
0.00287695
0.00358352
0.00312412
0.00304709
0.00490517
0.00507205
0.00461771
0.00600076
0.00827113
0.00846504
0.0056923
0.00496518
0.0074198
0.00631087
0.00880293
0.00935356
0.0061288
0.00608975
0.00704103
0.00608454
0.00724167
0.00551189
0.00507245
0.00525315
0.0045829
0.00348213
0.00299285
0.00234974
0.00299335
0.00249002
0.00279812
0.00255935
0.00249848
0.00186769
0.00593862
0.00491746
0.00154799
0.00137062
0.00277328
0.00241298
0.00493246
0.00536532
0.00693226
0.0108064
0.0105595
0.0110233
0.00502132
0.00462681
0.0042812
0.000118917
0.0387397
0.033126
0.00809394
0.00754742
0.000160786
2.03245e-05
1.96623e-05
1.99972e-05
2.28762e-05
3.06949e-06
3.23971e-06
2.13842e-06
1.52516e-06
1.51729e-06
4.34561e-06
4.35785e-06
1.88673e-05
1.81665e-05
1.80067e-05
1.71132e-05
1.67574e-05
2.82388e-05
2.79393e-05
3.24436e-05
3.17954e-05
2.27614e-05
2.23826e-05
2.92341e-05
2.93015e-05
2.94239e-05
2.26106e-05
2.23002e-05
1.70049e-05
1.69767e-05
1.65684e-05
1.63565e-05
1.65714e-05
1.52393e-05
1.48226e-05
2.27313e-05
2.34212e-05
2.29181e-05
2.28677e-05
2.26279e-05
2.27992e-05
2.3321e-05
2.4098e-05
2.43535e-05
1.87679e-05
1.84275e-05
1.84138e-05
1.62702e-05
1.6312e-05
1.80073e-05
1.82732e-05
1.27047e-05
1.26799e-05
1.27037e-05
1.74095e-05
1.75212e-05
1.77905e-05
1.77426e-05
1.74799e-05
1.77488e-05
1.88891e-05
1.90653e-05
1.697e-05
1.73084e-05
1.20963e-05
1.24481e-05
1.12962e-05
1.1595e-05
1.34957e-05
1.33871e-05
1.37117e-05
1.52321e-05
1.55748e-05
1.55251e-05
1.64596e-05
1.60207e-05
1.61801e-05
1.63511e-05
2.0107e-05
2.03265e-05
2.07161e-05
2.1829e-05
2.18859e-05
2.154e-05
2.16062e-05
2.03386e-05
2.00392e-05
1.97761e-05
1.95454e-05
1.95367e-05
1.88594e-05
1.64818e-05
1.63722e-05
1.64402e-05
1.61519e-05
1.66857e-05
1.7237e-05
1.6931e-05
1.9554e-05
1.94522e-05
1.60743e-05
1.36116e-05
1.31863e-05
1.44943e-05
1.4565e-05
1.44092e-05
1.78757e-05
1.78605e-05
1.61587e-05
1.60167e-05
1.63124e-05
1.73255e-05
1.72919e-05
1.70628e-05
1.75833e-05
1.86394e-05
1.85345e-05
1.84888e-05
1.61507e-05
1.65741e-05
1.6749e-05
1.86701e-05
1.86551e-05
1.68639e-05
1.69023e-05
1.89279e-05
1.90313e-05
1.7171e-05
1.73064e-05
2.09611e-05
2.12557e-05
1.82916e-05
1.90106e-05
1.8046e-05
1.83498e-05
1.96141e-05
2.00436e-05
2.01958e-05
2.06863e-05
2.22732e-05
2.28755e-05
2.32427e-05
2.12453e-05
2.19067e-05
2.30621e-05
2.49104e-05
2.4667e-05
2.58657e-05
2.51738e-05
2.62926e-05
2.81666e-05
2.9443e-05
2.98357e-05
3.0308e-05
3.12159e-05
3.1431e-05
3.12348e-05
3.09829e-05
3.18936e-05
3.60214e-05
3.41449e-05
3.45443e-05
2.88073e-05
0.000259464
0.000212381
0.000194488
0.000168281
0.00014296
0.000209377
0.000110235
0.00013655
0.00012429
2.18071e-05
1.99945e-05
1.91902e-05
1.78601e-05
1.95528e-05
2.15145e-05
2.19769e-05
2.28669e-05
2.4819e-05
2.31051e-05
2.6949e-05
2.84453e-05
3.4369e-05
3.0758e-05
3.74197e-05
4.02603e-05
4.28369e-05
5.54838e-05
6.1223e-05
5.70628e-05
8.76395e-05
9.62951e-05
0.000153909
0.00016795
0.000126653
0.000263459
0.00027581
0.000555927
0.000608812
0.000440834
0.000352725
0.000409029
0.000624505
0.000280324
0.000546215
0.00117171
0.00310651
0.00277386
0.00577875
0.00635269
0.00552112
0.00601872
0.00671347
0.00596632
0.00532099
0.00430136
0.00420686
0.00308413
0.00137657
0.00122416
0.00106453
0.000862382
0.000185689
0.000198809
9.37753e-05
5.08749e-05
4.39316e-08
6.17381e-05
1.71306e-06
2.16461e-05
0.000192953
0.000238472
0.000270811
0.000121585
0.000425002
0.00033849
0.000346731
0.00051147
0.000657381
0.000703011
0.000960586
0.00106176
0.0013393
0.00152283
0.00173393
0.00135664
0.00170548
0.00211688
0.00239117
0.00228013
0.00267467
0.00425785
0.00489568
0.00279526
0.00271103
0.00327003
0.00384002
0.00434258
0.00476181
0.00431833
0.00473511
0.0044461
0.00469749
0.00418408
0.00460798
0.00591855
0.00667381
0.00604971
0.00697965
0.00729774
0.00641487
0.00693786
0.00759106
0.00733197
0.00977983
0.00956564
0.0108424
0.00817566
0.0108842
0.0103526
0.0108927
0.0114178
0.00981028
0.0116956
0.0098613
0.0127019
0.0122662
0.016635
0.0107094
0.0139324
0.0141973
0.0134371
0.0154873
0.0191315
0.0241339
0.0230924
0.0231027
0.0187102
0.0187831
0.0147634
0.0121578
0.0156269
0.0260199
0.0271713
0.0228612
0.0117149
0.0214566
0.0136152
0.0270019
0.026721
0.0118819
0.00230666
0.00233067
0.00230957
0.00208126
0.00207974
0.00226769
0.00220026
0.0021975
0.0023891
0.00342091
0.00212276
0.00306952
0.00304869
0.003368
0.00325952
0.00191067
0.00281271
0.00201256
0.00285558
0.00197552
0.00196281
0.00204912
0.00202624
0.00223435
0.00311646
0.00191193
0.00257434
0.00256528
0.00192156
0.0025407
0.00207825
0.00207253
0.00228329
0.00259338
0.00221972
0.00224655
0.00240482
0.00236185
0.00247345
0.00242188
0.00246493
0.00298528
0.00291471
0.0023407
0.00230523
0.00235023
0.00237131
0.00229973
0.00230339
0.0021436
0.00213588
0.00213395
0.00211243
0.00208506
0.0021504
0.0019993
0.00195104
0.00200356
0.00213499
0.00219713
0.00208784
0.0018145
0.000210144
0.000132001
0.000673857
0.000401295
0.00104481
0.00103283
0.000593383
1.37205e-05
1.23953e-05
3.1978e-05
4.76256e-09
1.38795e-09
8.72162e-06
1.20701e-05
0.000248626
0.000455542
0.00100616
0.000987672
0.00117154
0.00149144
0.00133726
0.00150301
0.00166621
0.00323308
0.00399874
0.00377252
0.00362164
0.00411696
0.00487781
0.00465271
0.00484163
0.00691053
0.00695996
0.00495314
0.00490442
0.00559706
0.00520934
0.00538015
0.00479876
0.00551185
0.00481319
0.00458293
0.00508991
0.00840866
0.00848122
0.00627102
0.00732284
0.0071024
0.00658316
0.00645672
0.00595473
0.00554783
0.00604854
0.00574294
0.00964804
0.00859466
0.00753624
0.0028861
0.00264013
0.00246298
0.0037484
0.0033668
0.00221319
0.00253876
0.00230177
0.00223465
0.00250182
0.00225806
0.00219657
0.00341774
0.00300447
0.00287237
0.00236041
0.00238046
0.00436004
0.00396582
0.000915397
0.000873452
0.000736403
0.00115828
0.0013434
0.00098174
0.00104343
0.00108267
0.00102877
0.000938641
0.0049448
0.00438526
0.00390716
0.00313807
0.00316305
0.00300734
0.00245954
0.00214472
0.0020858
0.00164703
0.00157651
0.0019246
0.00155382
0.00123988
0.00104045
0.00103764
0.000231696
0.000173717
0.000187047
0.000323842
0.000240425
0.000339713
5.04062e-05
2.32297e-05
3.03482e-05
5.82213e-07
5.44019e-06
2.73757e-05
8.42899e-06
6.96609e-05
8.78609e-05
1.90535e-08
6.86916e-06
6.6567e-06
2.17841e-05
0.000445769
0.000386155
0.00101812
0.00116743
0.000840373
0.00110511
0.000911564
1.11862e-10
1.05774e-10
1.2009e-10
1.25107e-10
1.24459e-10
1.24624e-10
1.35959e-10
1.10682e-10
1.25442e-10
2.39459e-11
2.3875e-11
2.04805e-11
2.03482e-11
1.96427e-11
3.25155e-11
3.09834e-11
1.87177e-08
1.94502e-08
3.19378e-06
3.28557e-06
6.25903e-05
6.1986e-05
0.00014505
0.000144809
0.000184503
0.000185995
0.00012738
0.000124543
5.87864e-05
5.88752e-05
4.48829e-05
4.55155e-05
4.59706e-05
4.68232e-05
4.69672e-05
3.37294e-05
3.50814e-05
2.52123e-05
2.49053e-05
1.88713e-05
1.94469e-05
1.96455e-05
2.05276e-05
2.14076e-05
2.19389e-05
1.62415e-05
1.70848e-05
1.43638e-05
1.51599e-05
1.38877e-05
1.39787e-05
1.40589e-05
1.69093e-05
1.79858e-05
1.94157e-05
2.09472e-05
1.0122e-05
1.03449e-05
1.0447e-05
1.05243e-05
1.06395e-05
9.41902e-06
9.61432e-06
1.05675e-05
1.06164e-05
8.93994e-06
9.31068e-06
7.96322e-06
8.18303e-06
8.38459e-06
8.20311e-06
8.13817e-06
8.19945e-06
6.99474e-06
6.95678e-06
7.06446e-06
7.71245e-06
7.85893e-06
1.00162e-05
9.96499e-06
9.76464e-06
1.00092e-05
1.25622e-05
1.26396e-05
1.26176e-05
9.65941e-06
9.83664e-06
1.19102e-05
1.23321e-05
9.10929e-06
9.31581e-06
9.43701e-06
1.02379e-05
1.07469e-05
9.51801e-06
9.96948e-06
1.36006e-05
1.42003e-05
1.2113e-05
1.28067e-05
1.26967e-05
1.3299e-05
1.3414e-05
1.06925e-05
1.12454e-05
1.19901e-05
1.18067e-05
1.2598e-05
1.29164e-05
1.66251e-05
1.7885e-05
1.80676e-05
1.73268e-05
1.86842e-05
1.89054e-05
2.22116e-05
2.46906e-05
2.28156e-05
2.57225e-05
2.33076e-05
2.60867e-05
2.61215e-05
2.82337e-05
3.1837e-05
3.44835e-05
3.95518e-05
3.70351e-05
4.33483e-05
4.33776e-05
5.04943e-05
5.52364e-05
5.91744e-05
6.99748e-05
7.08932e-05
5.78808e-05
6.86839e-05
7.02437e-05
8.41241e-05
9.01013e-05
0.000109967
0.000112353
0.000106228
0.000101574
1.45249e-05
7.07301e-05
1.70744e-05
1.38064e-05
1.31839e-05
1.32879e-05
1.76662e-05
1.68706e-05
1.67724e-05
1.41354e-05
1.36238e-05
1.34775e-05
1.34207e-05
1.29239e-05
1.30999e-05
1.29199e-05
1.25112e-05
1.26647e-05
1.22268e-05
1.1911e-05
1.08468e-05
1.08349e-05
1.16028e-05
1.13091e-05
1.1606e-05
1.06801e-05
1.07098e-05
1.27567e-05
1.24722e-05
1.25728e-05
1.23484e-05
1.21032e-05
1.24191e-05
1.30865e-05
1.16291e-05
1.16683e-05
1.15176e-05
1.19461e-05
1.41376e-05
1.39484e-05
1.42016e-05
1.25447e-05
1.24045e-05
1.30157e-05
1.24139e-05
1.26709e-05
1.22796e-05
1.27689e-05
1.45985e-05
1.45146e-05
1.48238e-05
1.55929e-05
1.60198e-05
1.45536e-05
0.00111568
0.000967184
0.000723354
0.000577553
0.000443589
0.000351818
0.000279585
0.000230921
0.000180118
0.000152763
0.000113979
0.000103349
1.98962e-05
2.40048e-05
2.46465e-05
3.98859e-05
3.73278e-05
6.08405e-05
6.62673e-05
0.000104524
0.000115446
0.000115245
0.000246395
0.000180333
9.69865e-05
0.000114575
0.000223522
0.000893782
0.00555726
0.00548578
0.00471743
0.00679777
0.0114922
0.0137691
0.0134845
0.0101885
0.0149932
0.0158229
0.0146898
0.015405
0.0137702
0.0118834
0.0119158
0.0110396
0.0104736
0.00891832
0.0084671
0.00583633
0.0059203
0.00496064
0.00469385
0.00375813
0.00261977
0.00183128
0.00120931
0.00116401
0.00175218
0.000619526
0.000203921
0.000203379
0.000247088
3.73207e-05
3.68848e-05
5.99728e-06
7.52474e-06
6.80467e-07
1.12686e-05
1.68215e-05
1.11532e-05
5.41393e-05
3.09738e-05
0.000199927
3.29706e-05
0.000108126
0.000205107
0.000280944
0.000414064
0.000374898
0.000594171
0.000413494
0.00579592
0.00510499
0.00497387
0.00483542
0.00474205
0.00492871
0.00446169
0.00440963
0.00435619
0.00377977
0.00370146
0.00400348
0.00404889
0.00342539
0.00343937
0.0038429
0.00394797
0.00310746
0.00322965
0.00305118
0.00318637
0.00296262
0.00281785
0.00278057
0.0027925
0.00273102
0.00308689
0.00294593
0.00303247
0.00279263
0.00268094
0.00284152
0.00261419
0.00251978
0.00263108
0.00272117
0.00262391
0.00279674
0.00272027
0.00262655
0.00281817
0.00280022
0.00270805
0.00291896
0.0028483
0.00295376
0.00304159
0.00300547
0.00291074
0.00307628
0.00326405
0.00344338
0.00388814
0.00349063
0.003375
0.00353428
0.00331377
0.00346461
0.0036422
0.00351316
0.00374658
0.00367873
0.00378944
0.00384458
0.00401443
0.00394703
0.00412071
0.00385875
0.00427972
0.00443243
0.00492227
0.00529505
0.00437258
0.00440366
0.00495336
0.00510565
0.00410917
0.00280571
0.000771792
0.00256993
0.00153881
0.000125227
0.000185006
0.000307674
0.000705225
0.00220257
0.00346588
0.00211378
0.00276012
0.00348337
0.00489191
0.00460117
0.00419992
0.00569365
0.0066242
0.00842995
0.00530496
0.0046918
0.00643701
0.00459002
0.00614132
0.00673137
0.00670926
0.00610568
0.00659446
0.00774354
0.00680499
0.00592681
0.00522253
0.00559305
0.00481316
0.00435285
0.00435566
0.0048896
0.00356765
0.00393207
0.0034239
0.00284591
0.0031958
0.00394879
0.00246993
0.00421201
0.00358741
0.00294693
0.00366606
0.00565007
0.00495962
0.00446055
0.00302482
0.00371859
0.00435593
0.00434495
0.00276587
0.00259092
0.00376966
0.00625673
0.00686923
0.0139532
0.0131783
0.0137557
0.00327781
0.00321364
0.00372837
0.00190828
0.0152139
0.0122898
0.00901423
0.00740799
0.00021836
4.46136e-06
4.18826e-05
4.02715e-05
1.59402e-06
1.57684e-06
1.59442e-06
6.5131e-07
6.55266e-07
1.57512e-06
1.57878e-06
4.54849e-06
1.84598e-05
1.82634e-05
4.76688e-05
4.61002e-05
5.94654e-05
5.77797e-05
5.73791e-05
5.65126e-05
4.37414e-05
4.35849e-05
4.25349e-05
4.12992e-05
2.66736e-05
2.13072e-05
2.10741e-05
2.07956e-05
2.1019e-05
1.68479e-05
1.72221e-05
3.23709e-05
3.23646e-05
2.4408e-05
2.4371e-05
3.33467e-05
3.31132e-05
3.36907e-05
2.97132e-05
2.96559e-05
2.9384e-05
2.01505e-05
2.06464e-05
2.02977e-05
2.06892e-05
2.45527e-05
2.4848e-05
2.07949e-05
2.12123e-05
2.41565e-05
2.43038e-05
2.57084e-05
2.57186e-05
2.50974e-05
2.56493e-05
2.29276e-05
2.29764e-05
2.013e-05
2.01332e-05
2.04413e-05
2.17882e-05
2.19207e-05
2.23325e-05
2.71102e-05
2.76146e-05
2.63124e-05
2.61834e-05
2.45592e-05
2.50605e-05
2.45819e-05
2.457e-05
2.48822e-05
2.64482e-05
2.64176e-05
2.61622e-05
2.25074e-05
2.27032e-05
2.30928e-05
2.32473e-05
2.39324e-05
2.34688e-05
2.4797e-05
3.12826e-05
3.17055e-05
2.66831e-05
2.71461e-05
4.0472e-05
4.12401e-05
3.14768e-05
3.46068e-05
3.49706e-05
3.78074e-05
3.09246e-05
3.22216e-05
3.24313e-05
3.27705e-05
3.33877e-05
3.49954e-05
3.478e-05
3.68591e-05
3.74054e-05
3.48369e-05
3.7891e-05
4.00515e-05
4.30362e-05
4.3146e-05
3.66126e-05
3.85689e-05
3.81949e-05
3.95427e-05
4.79168e-05
4.82263e-05
4.2345e-05
4.57492e-05
4.44715e-05
5.44876e-05
5.94353e-05
4.97849e-05
5.38182e-05
6.06654e-05
6.69083e-05
6.50299e-05
6.8324e-05
7.40464e-05
6.5456e-05
6.15612e-05
7.90207e-05
7.61947e-05
6.52935e-05
8.50612e-05
8.12283e-05
6.24061e-05
6.92991e-05
7.4147e-05
0.00221323
0.00119414
0.000639163
0.000344757
0.00021111
0.0001499
0.000126842
0.000102418
8.81065e-05
7.95283e-05
6.45812e-05
6.18261e-05
6.30329e-05
7.62865e-05
7.2474e-05
6.18791e-05
6.10044e-05
6.39134e-05
5.84213e-05
5.81955e-05
5.9161e-05
6.92833e-05
6.91841e-05
7.48604e-05
7.3692e-05
7.29218e-05
6.1687e-05
5.90276e-05
5.70052e-05
6.03672e-05
6.01444e-05
6.06144e-05
6.64624e-05
6.61746e-05
6.60281e-05
6.69057e-05
6.62068e-05
7.08037e-05
8.09918e-05
7.91013e-05
8.02653e-05
7.87063e-05
8.14786e-05
7.35266e-05
7.27425e-05
7.62592e-05
1.08017e-05
1.10017e-05
1.17117e-05
1.28301e-05
1.2942e-05
1.41094e-05
1.49341e-05
1.54577e-05
1.6322e-05
1.5444e-05
1.76474e-05
1.6093e-05
1.85356e-05
2.0623e-05
2.51471e-05
2.70568e-05
3.21634e-05
3.49468e-05
3.58928e-05
4.47839e-05
4.80174e-05
4.90697e-05
6.94698e-05
7.55861e-05
6.97048e-05
0.000114816
0.000100037
0.000123497
0.000121683
0.00020348
0.000227783
0.000202918
0.00037028
0.000354109
0.000547133
0.00061054
3.72626e-05
3.21502e-06
0.00123051
0.00117344
0.00140495
0.00504603
0.00460748
0.00544768
0.00633048
0.0066861
0.00674163
0.00640792
0.00654648
0.00643858
0.00523135
0.00501389
0.00418324
0.0035789
0.00246556
0.00145437
0.00130689
0.000951767
0.000878289
0.000444244
0.000225441
0.000245463
0.000656824
0.000254697
1.41524e-06
3.9397e-05
1.87518e-06
0.000130514
0.000424435
0.000778135
0.000480077
0.000830074
0.00106837
0.00113979
0.00110763
0.00128256
0.00103226
0.00137485
0.00144179
0.00139869
0.00142427
0.00187902
0.00160007
0.00212384
0.00224302
0.00260329
0.002145
0.00235591
0.00264551
0.00263104
0.0029833
0.00314407
0.0037783
0.00452243
0.00479259
0.00529904
0.00468429
0.00571101
0.00492843
0.00495317
0.00625677
0.00712439
0.00730821
0.005945
0.00589886
0.00721758
0.00702534
0.00845737
0.00802318
0.0098648
0.00824352
0.00952304
0.00623477
0.00670899
0.00679237
0.00874426
0.00754461
0.00668836
0.00654598
0.00736922
0.00646963
0.00492046
0.00433214
0.00530808
0.00463177
0.00524856
0.00454652
0.00510189
0.00674775
0.00659303
0.00655271
0.0061705
0.00669758
0.00565207
0.00625314
0.00778467
0.00653771
0.00697286
0.0089023
0.007889
0.00779488
0.00717821
0.00843025
0.00637677
0.00617008
0.00568658
0.00554688
0.00515853
0.00538978
0.00494756
0.00478763
0.00427511
0.00418384
0.00448752
0.0041903
0.00411628
0.00388665
0.0036669
0.0035984
0.00331138
0.00335011
0.00336873
0.00321093
0.0031992
0.00321177
0.00316909
0.00291169
0.00279924
0.00281291
0.00285578
0.00281531
0.00299284
0.00287522
0.00288164
0.00304988
0.00292888
0.00292316
0.00242525
0.00243061
0.00252852
0.00314988
0.00302506
0.00301187
0.00282816
0.00279199
0.00256823
0.00269413
0.00275709
0.00283396
0.00246993
0.00240201
0.00242654
0.00280144
0.00288064
0.00290993
0.00311503
0.00311287
0.00278508
0.00278542
0.002773
0.00273632
0.00270449
0.00266227
0.00100061
0.000635184
0.0011721
0.00087108
0.000501288
0.000244902
0.000414419
0.00024208
0.000133982
0.000735483
0.000860953
0.000160733
0.000153706
0.000265894
0.000397331
0.000380685
0.000896338
0.000820945
0.00152776
0.00204952
0.00223215
0.00175456
0.00330632
0.0036196
0.00289838
0.00314992
0.0030936
0.00387532
0.00361584
0.00484381
0.00441037
0.00474713
0.00415036
0.00379518
0.00393845
0.00612475
0.00582891
0.00491857
0.00515504
0.00520264
0.00453079
0.00394835
0.0037348
0.00372621
0.00318723
0.00284887
0.00343838
0.00284595
0.00202113
0.00116949
0.00375756
0.00172805
0.00157623
0.00208833
0.00173794
0.00176487
0.000648477
0.000575609
0.000495236
0.00105479
0.000904982
0.000892451
0.00122274
0.000748321
0.000648055
0.000619364
0.000171396
0.000295291
0.000397737
0.000488334
0.000880596
0.000705632
0.000234756
0.000355996
2.42812e-05
4.07506e-05
6.57427e-05
4.3084e-05
0.000342064
0.00603414
0.00506942
0.000945087
0.00174735
0.00106809
0.000766245
0.000365775
4.93029e-05
1.78641e-05
1.12103e-05
0.000255356
8.73138e-05
3.55565e-05
7.99135e-05
7.44442e-07
2.45289e-06
5.25728e-06
2.12774e-05
3.11305e-05
0.000173774
0.000237021
1.96343e-05
0.00459284
0.00336307
1.45959e-11
1.46068e-11
1.46391e-11
1.45622e-11
1.45305e-11
1.45321e-11
1.45421e-11
1.45514e-11
1.61807e-11
1.55435e-11
1.70549e-11
1.69089e-11
1.74555e-11
1.60216e-08
1.63203e-08
9.82293e-07
9.87841e-07
1.03154e-06
2.78498e-05
2.81278e-05
9.04009e-05
6.24467e-05
6.1813e-05
3.16688e-05
3.13272e-05
3.1504e-05
3.34916e-05
1.92732e-05
1.93452e-05
9.23214e-06
9.26068e-06
9.25266e-06
9.66878e-06
9.7176e-06
1.02485e-05
1.04346e-05
1.05084e-05
1.08321e-05
8.80182e-06
8.81769e-06
6.91862e-06
7.05903e-06
6.09087e-06
6.24819e-06
7.06212e-06
7.28851e-06
4.83872e-06
5.74273e-06
5.95112e-06
5.65637e-06
5.825e-06
5.97656e-06
6.64822e-06
5.99293e-06
6.20559e-06
6.34597e-06
6.31901e-06
6.49002e-06
5.16746e-06
5.39629e-06
5.53457e-06
6.71982e-06
9.51796e-06
8.0807e-06
9.42564e-06
9.10992e-06
8.01356e-06
7.73997e-06
7.44177e-06
7.47116e-06
7.27603e-06
7.08865e-06
8.56784e-06
8.28164e-06
8.35382e-06
8.19712e-06
8.0323e-06
7.49429e-06
7.43958e-06
8.40274e-06
8.19415e-06
8.12056e-06
8.33519e-06
8.13536e-06
8.28083e-06
6.71294e-06
6.57796e-06
6.55834e-06
5.90682e-06
5.81021e-06
5.88969e-06
7.13599e-06
6.98813e-06
7.30606e-06
7.13826e-06
4.99176e-06
4.92812e-06
5.05465e-06
5.58182e-06
5.63046e-06
5.15034e-06
5.17192e-06
5.25682e-06
5.94453e-06
1.92153e-05
1.49215e-05
1.38784e-05
1.28202e-05
1.24621e-05
1.11476e-05
1.05316e-05
7.92373e-06
7.63187e-06
8.38392e-06
1.10925e-05
1.07438e-05
1.13727e-05
1.08362e-05
1.06331e-05
9.11703e-06
8.87708e-06
8.89891e-06
9.55737e-06
1.12268e-05
1.08435e-05
8.30984e-06
8.10102e-06
8.09322e-06
8.67267e-06
8.2977e-06
8.22813e-06
7.36964e-06
7.28027e-06
7.94676e-06
8.02812e-06
8.30041e-06
8.20347e-06
8.36963e-06
8.18045e-06
8.2615e-06
8.10865e-06
8.8998e-06
8.69054e-06
8.84509e-06
8.57313e-06
8.51111e-06
8.33708e-06
8.4044e-06
9.65574e-06
1.19862e-05
1.18574e-05
1.00394e-05
1.00384e-05
1.53039e-05
1.46615e-05
2.01293e-05
2.15205e-05
2.03079e-05
1.87712e-05
1.58258e-05
1.48338e-05
1.4616e-05
1.66675e-05
1.60221e-05
1.31731e-05
1.27093e-05
1.29215e-05
1.29519e-05
1.28107e-05
1.46711e-05
1.46053e-05
1.20079e-05
1.17595e-05
1.20401e-05
1.23568e-05
1.2473e-05
1.22438e-05
1.29235e-05
1.2321e-05
1.27057e-05
1.52365e-05
1.49082e-05
1.52966e-05
1.68699e-05
1.70379e-05
1.43125e-05
1.47669e-05
1.72689e-05
1.79208e-05
1.54867e-05
1.71172e-05
1.84633e-05
1.86994e-05
2.05442e-05
1.84578e-05
2.75412e-05
2.8554e-05
3.42213e-05
2.09425e-05
3.23194e-05
3.63829e-05
3.93971e-05
6.4667e-05
8.53087e-05
0.000144656
0.00016163
0.00013335
0.000244414
5.40322e-05
4.2008e-05
0.00215372
0.00223754
0.00777905
0.00759427
0.0072938
0.00921542
0.0113252
0.013408
0.0130304
0.0119894
0.013181
0.0124862
0.0111788
0.0119651
0.011568
0.0107017
0.00906057
0.00917442
0.00815414
0.0067466
0.00537577
0.00465718
0.00310621
0.00311331
0.00221746
0.0031089
0.000797002
0.00131971
0.000950611
0.000766324
0.000338708
0.000283584
0.000429737
0.000108792
0.000359671
8.18563e-05
2.76235e-05
2.40554e-05
2.57251e-05
1.16437e-06
5.7865e-05
6.81819e-05
2.70165e-05
0.000106092
0.000203309
0.000260496
0.000492629
0.000585226
0.00078518
0.000651637
0.000962025
0.00302742
0.00284373
0.00333006
0.00256227
0.00260789
0.00244045
0.00253672
0.00265909
0.00249458
0.00253976
0.00286852
0.00286042
0.0024191
0.00248496
0.00238553
0.00227272
0.00235323
0.00224866
0.00245656
0.00252157
0.00243797
0.00257693
0.00219584
0.00211563
0.00225211
0.00244557
0.00263195
0.00242398
0.002498
0.00262847
0.00253863
0.00299915
0.0031564
0.00280085
0.00272167
0.00290561
0.00281079
0.00286853
0.00274387
0.00279456
0.00295711
0.002865
0.00297908
0.00295756
0.00302517
0.00283383
0.00275668
0.00278348
0.00290127
0.00364611
0.00351899
0.00351132
0.00296406
0.00295941
0.00291173
0.00345711
0.00338168
0.00318083
0.00308321
0.00303502
0.00245586
0.00258571
0.0025048
0.00305106
0.00286191
0.00295707
0.00271794
0.0026552
0.00283978
0.00295584
0.00288522
0.00308391
0.00294756
0.00311957
0.00338919
0.00355446
0.00326423
0.00341375
0.00359677
0.00394699
0.00368862
0.00396149
0.00381513
0.0022247
0.00269494
0.00111843
0.00189568
0.000845975
0.000138236
0.000153895
0.00075392
7.4356e-06
0.00114722
0.000668586
0.00105325
0.00283295
0.00262754
0.00348388
0.00184942
0.0017086
0.00283738
0.0056433
0.00509687
0.00624082
0.00426847
0.00745843
0.0070277
0.00613808
0.00726338
0.00610491
0.00736314
0.0058655
0.00473732
0.00458264
0.0040613
0.00440395
0.00477252
0.00360368
0.00359849
0.00241529
0.00186049
0.00162778
0.00208383
0.00236836
0.0019635
0.00151085
0.00123355
0.00146294
0.001384
0.00150759
0.00338746
0.00268215
0.00104443
0.00109932
0.00119765
0.00118306
0.00100994
0.00124706
0.002827
0.00240158
0.00248697
0.00287493
0.00268658
0.00188902
0.00191723
0.00293539
0.00263057
0.00164422
0.00750796
0.00683753
0.00837364
0.0152804
0.0169977
0.00551061
0.00546642
0.00743518
0.00697168
0.00131341
0.000214196
0.000247343
0.0156057
0.0354181
0.000254736
4.99486e-06
2.87922e-06
2.82855e-06
2.81977e-06
1.90138e-07
2.44955e-08
2.92985e-08
2.94418e-08
4.4756e-07
4.53019e-07
4.21955e-06
4.09219e-06
4.14033e-06
1.47179e-05
1.41416e-05
1.44148e-05
5.71325e-05
5.44466e-05
5.34219e-05
0.000101004
9.7476e-05
9.68885e-05
0.000151444
0.000145788
0.000147368
9.8315e-05
9.46873e-05
7.66844e-05
7.64548e-05
6.57935e-05
6.52511e-05
5.81285e-05
5.81678e-05
4.09943e-05
4.0005e-05
4.01031e-05
4.3706e-05
4.29923e-05
4.33162e-05
3.83688e-05
3.80338e-05
3.85023e-05
2.97978e-05
2.84534e-05
2.86874e-05
2.27963e-05
2.2621e-05
2.66171e-05
2.69985e-05
2.19769e-05
2.20953e-05
1.64838e-05
1.64612e-05
1.68967e-05
1.8328e-05
1.85274e-05
1.89703e-05
1.85815e-05
1.87806e-05
1.86989e-05
2.46234e-05
2.48779e-05
2.52972e-05
2.12002e-05
2.11493e-05
2.12745e-05
3.03388e-05
3.0979e-05
2.55396e-05
2.63927e-05
1.99227e-05
2.0445e-05
2.08947e-05
2.40342e-05
2.46351e-05
2.4952e-05
2.51141e-05
2.52355e-05
2.2488e-05
2.55411e-05
2.5483e-05
2.58623e-05
2.61995e-05
2.03545e-05
2.05241e-05
2.0904e-05
2.1921e-05
2.30621e-05
2.5529e-05
2.59209e-05
2.21157e-05
2.24878e-05
2.27708e-05
2.18548e-05
2.12747e-05
2.13431e-05
2.63088e-05
2.59843e-05
2.2913e-05
2.24106e-05
2.26563e-05
2.59179e-05
2.54844e-05
2.07088e-05
2.02769e-05
2.05969e-05
2.66671e-05
2.64593e-05
2.27816e-05
2.27385e-05
2.36391e-05
2.34968e-05
1.8252e-05
1.80038e-05
1.80805e-05
1.92352e-05
1.927e-05
1.95158e-05
2.04073e-05
2.05745e-05
2.18575e-05
2.16083e-05
2.15362e-05
2.159e-05
2.17475e-05
2.16548e-05
2.18296e-05
2.16321e-05
2.1719e-05
2.40892e-05
2.39321e-05
2.40805e-05
2.15937e-05
2.18192e-05
2.6249e-05
2.61719e-05
2.64394e-05
2.27631e-05
2.29427e-05
2.12397e-05
2.16731e-05
2.30869e-05
2.31797e-05
2.3141e-05
1.93222e-05
1.98865e-05
2.28352e-05
2.36059e-05
2.48573e-05
2.51872e-05
2.53675e-05
2.66041e-05
2.72906e-05
2.81582e-05
2.63897e-05
2.69392e-05
3.05513e-05
3.13481e-05
3.21533e-05
2.9079e-05
2.99242e-05
3.13387e-05
3.13285e-05
3.31306e-05
3.41559e-05
3.63655e-05
4.00137e-05
4.31193e-05
3.81108e-05
3.82096e-05
3.93069e-05
4.22298e-05
4.12643e-05
4.15118e-05
3.04119e-05
3.73854e-05
0.000325612
0.000298813
0.000294819
0.000251391
0.000255439
0.00030639
0.000260256
0.000219413
3.18985e-05
2.86693e-05
2.84929e-05
2.63249e-05
2.81659e-05
2.88656e-05
2.78216e-05
2.89009e-05
2.65305e-05
2.80963e-05
3.06578e-05
3.6078e-05
3.97308e-05
4.50012e-05
4.90011e-05
4.48483e-05
5.87991e-05
5.71045e-05
8.1911e-05
0.000116925
0.00012464
0.000115152
0.000204379
0.00021292
0.000377801
0.000319771
0.000409529
0.000571953
0.000694519
0.000774907
0.000802714
0.000139089
0.000406844
0.00054044
0.000488731
0.000179767
0.0034196
0.00455044
0.00419614
0.00591933
0.00651143
0.00592213
0.00466429
0.00440734
0.00491597
0.00402788
0.00377895
0.00295808
0.00254865
0.00290713
0.00234949
0.00106721
0.0011228
0.000776681
0.00044838
0.00024191
0.000304797
3.47966e-05
1.91217e-06
0.000155425
0.000154639
0.000169467
0.000259617
0.000448224
0.00051767
0.000704417
0.000414937
0.00118005
0.00105831
0.000885094
0.00111894
0.000737325
0.00155855
0.00200446
0.00217879
0.0024928
0.00222752
0.00275953
0.00311432
0.00297519
0.0034971
0.00275182
0.00335001
0.00395322
0.00477952
0.00427928
0.00524501
0.00422839
0.00420226
0.00515045
0.00631201
0.00570628
0.00611511
0.00681602
0.00687544
0.00549026
0.00576715
0.0072258
0.00743867
0.00738652
0.00958542
0.00838197
0.00932161
0.00858411
0.00867862
0.01029
0.00982725
0.0120638
0.0128672
0.0101598
0.0120219
0.011974
0.0144123
0.0114023
0.0159087
0.0129719
0.0165595
0.0161692
0.0127521
0.012106
0.0144563
0.0123173
0.0134579
0.011707
0.0192909
0.0159091
0.0154563
0.0145877
0.0119574
0.0120704
0.0184791
0.0147452
0.0151012
0.0101341
0.0171636
0.017786
0.0143076
0.0136334
0.0156015
0.0126641
0.00904978
0.0191692
0.0151769
0.0162551
0.0131438
0.00371309
0.00356896
0.00284415
0.00429459
0.0124203
0.00281621
0.00322267
0.00317998
0.00322848
0.00317732
0.00249157
0.00249735
0.0026325
0.00255215
0.00253856
0.0024317
0.00351532
0.00392491
0.0037412
0.00249144
0.00247336
0.00219958
0.00294997
0.00334603
0.00319558
0.00321322
0.00281975
0.00290856
0.00289976
0.00298751
0.00287393
0.00284433
0.00252526
0.00245219
0.0024931
0.0028841
0.00283971
0.00255575
0.00256836
0.00314807
0.00312687
0.00247281
0.00249144
0.00261775
0.00265953
0.00258501
0.00254192
0.00244344
0.00247611
0.00261438
0.00253052
0.00209224
0.00242065
0.00235384
0.00226938
0.00151786
0.00147392
0.00121898
0.00153502
0.0015248
0.000826037
0.000403848
0.000406338
0.000241939
5.3655e-05
4.75131e-06
0.000167095
0.000160863
3.84163e-05
1.31173e-06
9.05046e-06
1.54975e-05
0.000810505
0.00101559
0.00102444
0.000978411
0.000972606
0.000288562
0.000580424
0.00121923
0.00111072
0.00255217
0.00303347
0.0031308
0.00339162
0.00553359
0.00534396
0.00562926
0.00808255
0.00860006
0.00499243
0.00509755
0.00478077
0.00449975
0.00502974
0.0079506
0.00718249
0.00764808
0.0106856
0.0108646
0.0109131
0.010136
0.00995822
0.00954085
0.00836842
0.00804847
0.00949494
0.00910869
0.00699855
0.00620926
0.00512944
0.00463455
0.00453205
0.00612544
0.00289729
0.00652543
0.00643084
0.00614343
0.00561001
0.00422681
0.00443934
0.00349751
0.00327964
0.00167817
0.00154656
0.00593658
0.00523081
0.00472462
0.00531355
0.00519698
0.00434329
0.00385152
0.00357119
0.0017202
0.00152451
0.00143039
0.00209858
0.00195224
0.00192739
0.00156677
0.00162833
0.00125974
0.00105652
0.000962662
0.000535858
0.000412289
0.0008424
0.000672224
0.000731434
0.000203713
0.000151346
0.000250839
0.000196283
2.95694e-06
9.11373e-08
8.06207e-05
0.000132986
9.63029e-05
3.72059e-06
1.51576e-05
0.000264293
0.000246095
0.00040678
0.00056643
0.00039821
0.000179954
0.000308158
0.000218783
8.65608e-05
7.7778e-05
0.00014924
0.000281438
0.00406383
0.00423228
0.004793
9.32048e-11
9.1868e-11
1.04205e-10
1.04219e-10
1.11086e-10
1.31641e-10
1.3166e-10
1.33055e-10
1.08172e-10
1.12443e-10
2.22413e-11
2.22256e-11
8.20594e-11
2.00007e-11
1.99042e-11
1.96972e-11
